314766857880092672 6
314767025664831488 25
314779726000558080 39
314784037757648896 25
314784113250942976 39
314784767558164480 39
314794573853499393 40
314799787381772288 25
314808134038327296 48
314808649946132480 8
314811535610499072 18
314813238493736960 39
314813406249119745 39
314818242310987776 28
314819383136505856 13
314823204164227072 43
314825511010447360 6
314825544577470465 48
314828262478082048 10
314831005565456384 39
314837183762677761 10
314846398669524992 52
314847719866920961 18
314848911053434880 13
314848965579382785 15
314850546811035648 15
314853881320443905 43
314855890383687681 4
314856653738631168 51
314857400337326080 10
314858474074931201 13
314861011612073984 51
314863192645959680 13
314864140588048386 48
314865159791341569 30
314868481684283392 11
314869668651347968 15
314871258288386049 48
314880494175154176 10
314881882468794370 15
314883295940849664 13
314887179870539776 40
314893471347527680 38
314899465012121600 8
314900794593906688 51
314904967918006273 21
314905525747855360 10
314913100690231297 40
314915436888219648 11
314916867150073856 21
314925163479199744 48
314934491632238593 39
314937897407094785 48
314946025972441088 8
314952720090005506 39
314953428902227968 39
314955744174804992 35
314959758119550976 18
314962123707002880 39
314967400145645568 6
314968188653821952 39
314971091145723904 40
314977768439959552 40
314978527625748480 38
314980251505659906 38
314984114430304256 40
314986190602379264 15
314986610066329600 38
314989885784199169 40
314993736193040386 18
314996944802025472 39
315000170230210560 21
315002644886343680 11
315007841612214272 9
315012522472243201 25
315019665350991872 22
315020286128971777 21
315029131911888896 22
315033296830607361 22
315034416743325697 22
315035347866238976 22
315035662439022593 22
315035922469122048 22
315037319197515776 22
315037545681526784 22
315037721825533952 22
315037734433599488 22
315037973504729088 22
315038069956956160 22
315038141272698881 22
315038409703960576 22
315038409716535297 22
315038447473676288 22
315038678156201984 22
315039525372047360 22
315039735099846656 22
315039814816780288 22
315040490095517697 22
315040594936332288 22
315040850788876288 22
315041031164944384 22
315041089847427072 22
315041433813938176 21
315041563816386561 22
315041647702450176 22
315042234913406976 22
315042310427664384 22
315042385891557376 22
315042574643630081 22
315042624971083776 22
315042692096741376 22
315042763387322368 22
315042859881488384 22
315043124097462273 22
315043388330242048 22
315043505791717377 22
315043560317652992 22
315043799367839744 22
315044353045303296 22
315044403364388864 22
315044525015961601 22
315044625662484480 22
315044936057753600 22
315045028303077376 22
315045091226030080 22
315045410005725184 22
315045535830650880 22
315045762323083264 22
315046190142074881 22
315046236266831872 22
315046274032357376 22
315046362121117697 22
315046966071549953 35
315047226143547393 22
315047381324419072 22
315047872066379776 22
315047914009415680 22
315048505410465792 22
315048606052794368 22
315049180659867648 22
315049826620416000 22
315050032111964160 22
315050044686491649 22
315050090828013571 22
315050283791183872 22
315050598368149505 35
315050929705598976 22
315051227509579776 22
315051294601658368 22
315051302998659072 22
315051407856263168 22
315051684667723776 22
315051802133417984 22
315052024427339776 22
315052695503384576 22
315052854907920384 22
315053014262108160 22
315053018456403968 22
315053064610525184 22
315053135905312769 22
315053240754511873 22
315053299478978561 22
315053337215119360 22
315054188679811072 22
315054490673897472 22
315054671033151488 22
315054851396603904 7
315055358869659648 22
315055874802585600 22
315057623798009856 22
315057875460435968 22
315058185868288000 22
315058416538230784 22
315058789822902272 22
315059343487807490 22
315059347686313984 22
315060136207069184 22
315060161360302082 22
315060589196111872 22
315060870222839809 22
315061318996598784 22
315061650350813184 22
315062208168095744 22
315062220755177472 22
315062585663844352 22
315062967349682176 22
315063210636095488 22
315063462264975360 22
315063512613400576 22
315064045298388992 22
315064468914728961 22
315064586372009984 22
315064909329215489 22
315065140007546880 22
315066104689078272 22
315066301808783360 22
315066452824690688 22
315066817708163072 22
315066884825432064 22
315067006451859456 22
315067073577508865 39
315067493028868096 22
315067543331164160 22
315067753050558464 22
315068185084841985 22
315068856144130048 22
315068973597212672 22
315069258814087168 22
315069707604606977 22
315069825049321473 22
315069871178276865 15
315071070736621568 22
315071263703986176 22
315071880254062594 22
315072396166053888 22
315072425530388481 22
315072576512724993 22
315072803000942592 22
315073105007616003 6
315073138541088770 39
315073163719495680 40
315074170323079169 22
315074191319760897 22
315074593956184064 22
315074656891703296 22
315074665288724481 22
315074791084285952 22
315074841411723264 22
315076527534514176 22
315076795961597952 22
315076963763113984 22
315076976316645376 22
315077207011762177 22
315077668372631554 22
315077781635600384 22
315077819388542977 22
315077974581972995 22
315078012305547264 22
315078146531684352 22
315078389818064897 22
315078419178192897 22
315078691820535809 22
315079128028160000 51
315079140611084289 22
315079316734095360 22
315079383863930880 22
315079383872331777 22
315079555813634048 22
315079631344635905 22
315079723581591553 40
315080101089927168 22
315080163983511552 22
315080247894757376 22
315080700879581186 22
315080809944064000 22
315081028035305472 22
315081107718696960 22
315081162244632576 22
315081199989182464 22
315082013696737282 22
315082554757771264 22
315082886111981569 22
315082898699075585 22
315084018557280257 22
315084354097397760 22
315085583028477953 22
315086090547650561 35
315086585479720960 22
315086853910982656 22
315086908432736256 5
315087072006397952 47
315087147520651268 22
315087592121065472 22
315087810212282368 22
315088418403135488 22
315088636498554880 22
315089584407056385 22
315089768952246273 22
315089911583748096 22
315089970299797504 10
315090045780500480 22
315090301637238784 22
315090742051753986 22
315090804970487808 22
315090863657189378 22
315091014673125376 22
315091165659664384 22
315091404730814464 20
315091757060734977 22
315092000338751490 22
315092298134323200 22
315092335874686976 22
315092386185351169 15
315092524609986561 22
315092637860372480 22
315092675630084096 15
315093682254655488 22
315093736772235264 22
315093904552775680 22
315094923764445186 22
315094944740155392 22
315095179621195776 22
315095267697389568 22
315095347389153280 22
315095548724146176 22
315095603229097985 22
315095934566551553 22
315096232366313472 22
315096257544744960 22
315096874099015681 22
315097301918035969 22
315097541001768960 22
315097650053648384 22
315097733943947264 22
315098153357541376 22
315099113878331392 22
315099151622868993 22
315100326019600386 15
315100640579829760 22
315100753859575809 22
315101672382803968 22
315102322495733760 22
315102850994798592 22
315103010386751489 22
315103270416834561 22
315103794704838656 22
315103886996287489 22
315103945716551681 22
315104243516334080 22
315104465797672960 22
315104482562306049 22
315104755208826881 22
315104767774978048 22
315104960729731073 22
315105518559563777 22
315105677934747648 22
315106319671640064 22
315106990781259776 22
315107003334791168 22
315107234021511168 22
315107536049143810 22
315108890788380672 22
315109079527849985 22
315109264094031874 22
315109872255520768 22
315110241350066176 22
315110878871707648 22
315111772266827776 47
315111868765175809 15
315113454212096000 22
315113865245507584 22
315113953300738050 22
315114628583653376 22
315114674750386178 22
315114787963023360 22
315115526164725760 20
315115735900901377 41
315115773624471552 41
315116780274196480 22
315117061300948992 22
315117665284927490 20
315118042755522562 25
315118365737893888 22
315118625755394048 22
315118739026747392 41
315118915187527680 41
315118986473926656 22
315119259120439297 41
315119766614454273 41
315120286733332481 22
315120609665372160 22
315120840360488960 22
315121394021187585 41
315121578557992960 22
315121758896267264 22
315121872167649280 22
315122140582137858 22
315122258035216384 41
315122291581280259 22
315122820080357376 41
315122987865100288 22
315123239498178560 41
315123398881705985 22
315123428262817792 22
315123533091057665 22
315123566679031808 41
315123776360689665 41
315123788956176384 41
315124657172914176 41
315124871082418176 22
315124971733123074 22
315124992742420482 41
315125294711316480 41
315125403784212480 22
315125772870369281 22
315125793820905474 22
315125806412226560 22
315125986763083777 41
315126171320868865 22
315126687232847873 21
315126951444619268 41
315127215698358272 41
315127463166476288 41
315128536891527170 22
315128872444239872 41
315128943764193281 22
315129124106682368 22
315129279295942656 22
315129308677042176 41
315129862320963587 41
315129925227122689 41
315130072023568385 22
315130164294086656 22
315130231415508993 41
315130357240451072 41
315130499850973185 1
315131091247833088 9
315131137368408064 41
315131233854177281 22
315131389047615489 22
315132336968724480 41
315133033223176192 22
315133477798440961 22
315133725249765376 22
315133737866260481 22
315134782243745792 22
315135000334958592 41
315135822418554880 41
315135868555902976 22
315136023753523202 41
315136166364065793 22
315136183107739648 22
315136346706546688 41
315137156219822080 41
315137240072327168 11
315137382712238080 22
315137944723800064 41
315138288665112578 22
315138359968284672 41
315138473218670592 22
315138838135721985 22
315138880066179074 41
315138896835014657 41
315139085566083072 51
315139505025847297 22
315140138365747202 41
315140205445267458 22
315140423553269760 41
315141090451795968 35
315141132394823680 41
315141241476104192 5
315141577020424192 41
315141585379655680 22
315141740598272000 41
315142822728712192 20
315143166623899648 22
315143296672464897 41
315143518970597376 41
315143527338221568 20
315143929999806465 22
315143942607884289 22
315144768864788480 22
315144978567409665 22
315144986968588288 22
315145196671213568 41
315145305723125761 41
315145532219723776 22
315146186547949568 22
315146647925579776 22
315146698240454656 40
315146803123208192 22
315147109273858048 22
315147168023453697 22
315147243516751872 41
315147587449663489 41
315147830710915072 22
315148434694864896 41
315149466468487168 22
315149634244849664 22
315149818815184896 40
315149885932441601 22
315150028509429760 18
315151999836491778 22
315152075338178563 10
315152406709166082 22
315152448635424768 22
315152503161356290 41
315153207804428288 48
315154264790024192 41
315154671608147969 15
315155074282303488 22
315155183330025472 6
315155363697659904 41
315155401429630976 22
315155585983201280 40
315155783102898177 22
315155866993164288 22
315156324184895488 22
315157335016357888 22
315157435654483968 22
315157825724768256 41
315158131929907201 41
315159235031867392 22
315160099066896384 40
315161239900790784 4
315161848079081472 22
315162288472588288 22
315162330398871554 41
315162456227987456 22
315163035067092992 41
315163915870945280 22
315164280771182593 22
315164347875880961 22
315164796670595073 22
315167069970767872 22
315167397122297857 22
315167560700162048 22
315168126960533504 41
315168810619506688 48
315169464922562562 22
315169737577492480 41
315170207339528192 22
315170282828599297 41
315170295382171648 40
315170618347753472 22
315170995860291584 22
315171151045328896 41
315171436241244161 41
315172610650562561 41
315173214626140160 22
315173600506306561 41
315173910884798464 41
315175362118160385 41
315175458582982658 22
315176255513321473 22
315176498787147776 41
315176553321488385 15
315176750416031745 22
315177522205716480 22
315178960814223360 22
315181095719149568 41
315181531956117504 40
315181682917523456 22
315182593110851584 22
315182819582296065 22
315184002405376000 8
315184052703477760 10
315184698622087168 21
315185831100952576 22
315185990488694784 22
315186250543939584 22
315186837746491392 39
315186862903930880 22
315189576631201792 41
315190298051481604 22
315191371797508096 22
315191547937296385 22
315193250841513984 6
315194538463469568 41
315194626539659264 22
315195054396436480 6
315195243127517184 15
315195817742987264 39
315196719522512896 22
315196841140555776 22
315197168317263872 48
315197466087677952 22
315197487080173568 22
315197587722493952 10
315198946681176065 22
315200301445545984 22
315200582455537664 41
315200817344958464 22
315204361527652352 22
315205158474768384 8
315205749854834688 22
315207314309271552 41
315207733739655169 22
315208627159977987 22
315208648123101184 43
315209906422706176 22
315210120332206080 22
315212251021844480 51
315214444638638080 22
315214872445083648 22
315215036043894785 15
315217263210942464 22
315217540043378689 22
315217640698281984 28
315219817537871872 22
315220354417172480 22
315220589285609472 41
315220689953124352 22
315221478490656768 22
315221751141396480 22
315221839184011265 22
315223521104101376 22
315228722041061377 40
315231628718919681 22
315231926489325569 39
315232446587228163 41
315232727597195265 22
315233163838377984 2
315235030278492163 48
315235328082448384 22
315235672011190275 22
315235797844516864 15
315237337166643200 22
315237370729492481 22
315237790147305472 22
315237903372529665 41
315238431871606784 22
315239379771723776 22
315239945994387457 24
315241145582096385 22
315243364377313280 22
315243930620948480 22
315244584923979777 41
315244765283229697 41
315245029507620865 40
315247252509687808 38
315248573711261696 10
315248858902953984 41
315249051840942080 22
315249689400320002 22
315250054283792384 38
315250733752676355 22
315251488752562177 22
315252684116590592 41
315252931580551168 22
315253791412846593 39
315254105973067776 35
315255360074170368 22
315258472268701696 22
315260166763315201 22
315262863709184000 41
315263396348051456 13
315263878726553600 22
315264998605746176 41
315266344956354560 21
315266365936238592 22
315266919601168384 22
315270400860880896 15
315271491375755264 11
315273244599009281 22
315273957618089985 22
315274435756179457 22
315275018785398785 38
315275559846440962 10
315280349737390082 22
315280634937495553 41
315280915985223681 28
315281071145099265 22
315282224616464388 41
315283889750949889 41
315284359504605186 22
315291124925337601 22
315295856096071681 20
315296153895854082 41
315299463184916480 22
315303502316441601 48
315304391479525376 22
315304789934215168 22
315306211807481857 22
315307709203353600 2
315308434788610048 41
315313946104053761 22
315314927566995456 43
315318199149268992 22
315321974006087680 20
315322326336016384 22
315324217971318786 48
315334267511115776 22
315335160910454784 48
315335869764599808 5
315338348594098179 2
315342983279046656 22
315344644231798784 48
315344874910130176 22
315351950709374976 22
315352403690012672 22
315353246753488897 22
315356442808954880 22
315356493123821569 22
315359219450798080 22
315359508845166592 60
315363476669349889 15
315364525220171776 41
315369654858170368 22
315371252913160193 22
315374033711546368 22
315377565328093184 41
315381235335704576 22
315381344400195585 22
315382686560681984 22
315382820786814976 22
315386847297667072 43
315387677790842880 22
315392975213584385 41
315393226846662656 15
315393507865026560 15
315393927316402177 41
315394183152148480 22
315394640339685377 22
315396519396249601 22
315398562013929472 41
315400042615824384 41
315400046772371456 41
315400197775704064 41
315400516572168192 41
315401867112886275 41
315404325000208384 51
315404719239622656 22
315405482598748161 22
315407470707228673 41
315408536064638976 22
315409597219348480 22
315410612257705984 22
315414387114512386 5
315414517125349376 15
315414584259379200 15
315417109226205184 22
315417851622223872 22
315418904400912384 41
315418908570050560 15
315419168616878080 22
315423153193111552 22
315423593607614464 41
315425703338328064 22
315427045540757505 69
315427636912459776 40
315428781965836289 22
315429528539389952 22
315430380012445697 22
315430732317224960 22
315431671862263809 41
315433206939787265 22
315433693500043264 40
315434750443651072 41
315437464187719682 48
315439380963680256 43
315441524278173698 41
315444565123411968 22
315446158971510784 22
315448637817765888 41
315449069818499072 22
315449610879516672 21
315450621723541504 38
315450776896016384 39
315451720618622980 22
315451917759287296 25
315453654188584962 41
315455587762712577 41
315455642271879168 41
315456279810306048 41
315458242740363264 22
315458494423769088 41
315458553127260160 41
315458750255337472 41
315461732434837504 41
315462822937124866 22
315463070413635584 38
315463754076798976 13
315463791838105600 22
315466543272169472 45
315467617039163394 22
315468783055671296 22
315469156344541185 41
315469361865449473 25
315470829867630593 41
315471555473846273 30
315472176247615488 22
315472952202248194 41
315473023476056064 22
315476945162891264 56
315477049999503362 22
315479201690042368 41
315479298179989505 21
315479512085299200 22
315481475006992386 69
315486982111371266 4
315490996064514048 41
315491075789824000 6
315491931415277568 40
315492673794494465 38
315493248405741568 25
315493521052291074 40
315493596553957376 41
315494397653446656 22
315494548635795456 22
315495932768702464 43
315500710101938176 41
315503432201031680 41
315505839710539776 41
315507211264737282 41
315509484581695489 15
315513028756004864 41
315513540448493571 22
315514500969271297 22
315514689717153792 39
315518967903051777 51
315523120259796993 22
315525682966962177 22
315527130010247168 39
315527952077029376 22
315529768206491651 41
315530242196393984 10
315531978625646592 6
315537825485422592 41
315542586012090370 41
315543412298350592 41
315543731061272576 41
315543835906289665 41
315544716739497984 38
315547283640950784 22
315549343044235264 11
315551528259833856 41
315553667371630592 41
315553692524883968 41
315554103579250689 41
315556313981657090 41
315556808884363264 41
315557698097790976 41
315558134288642048 22
315559052870578176 40
315559459713855488 38
315561376502382592 41
315562060161372160 35
315564723565379584 8
315565340107079681 22
315566007026593792 41
315567642788380675 47
315571249873031168 22
315576459207000065 41
315576924766343168 13
315577050603868162 39
315577516175785984 53
315579693006999552 14
315580460589785088 13
315581060387835904 41
315582423507283968 22
315582805197332480 41
315583115592613890 38
315585107866050561 35
315585971905261568 35
315586739437719554 41
315587737686253569 35
315589058900418560 6
315589151166705665 35
315589595758743552 22
315590631768592384 22
315592175259906048 22
315593819431243776 41
315594335360016386 35
315603692827066368 35
315605949387776000 22
315610001085444097 38
315617026540437505 8
315618163163271168 35
315618960110395392 35
315619329179799553 35
315620054794371072 22
315621552165101571 18
315621552190259200 18
315621560570490880 40
315623305384189952 35
315623473173102593 35
315623846449410048 35
315625058632609792 22
315629311635890176 35
315635271750258688 53
315640099406766080 39
315651092660760577 41
315657023419215875 40
315657602228969472 15
315658638226235393 39
315660877971988480 15
315661863616667648 56
315664917082550272 35
315665269429256192 38
315666414461665281 35
315667257520967680 56
315669358842109953 11
315670428414799873 41
315671095300726784 43
315671246299869184 6
315674463339429890 41
315675805495730176 60
315679056102309888 13
315683065827561472 25
315683741110530048 30
315684261220982785 2
315699662688493568 4
315699964682567681 22
315703177540403200 38
315713608778653696 38
315716427355144192 22
315717018718457858 39
315718704853827584 39
315719266861187072 22
315719581438197761 22
315722307765157889 41
315727101842046979 11
315732042727976960 22
315732483134083072 22
315735083594158080 10
315735142339592194 10
315735792444125184 19
315735796646817792 10
315742230675607553 39
315742318768553984 22
315746890555736064 22
315748236948279297 19
315750950646185985 19
315751428801048576 22
315752724836798464 19
315752750002601984 19
315752938758864896 11
315757514723581953 19
315758756258533376 19
315762736636243968 5
315763244168003585 45
315763906851250176 20
315764255003652096 41
315767920787587072 19
315768558326005761 11
315770617754443776 35
315778691798028288 51
315781464232980480 19
315781837509255170 19
315783074824716290 41
315784937087328256 38
315787604656287744 19
315787868897431553 19
315791207601168384 19
315793103388815360 41
315793313141760000 24
315797503234670592 15
315799101247733760 22
315799445197434880 19
315805946356043778 19
315807179481432064 22
315807275971395585 19
315807405969649664 19
315807674400911362 19
315807842189836288 19
315808093869068288 41
315808223863111680 22
315812074234200066 19
315813022151102464 6
315816339845570560 40
315818579624882177 19
315818768364347392 41
315819565252755456 19
315819707892629505 19
315824892052393984 19
315825529578221568 19
315825558938345472 41
315827354087862273 19
315827517690875905 53
315828348146286592 22
315829614826123265 10
315830394954067970 39
315834861908807680 41
315835486834925569 19
315837416218951681 19
315838020202950656 43
315838171189489665 41
315843812549337089 19
315849281913364480 19
315851530068709377 41
315852394103705600 22
315853023240912896 22
315853224542343169 19
315855330091356160 19
315859931247042561 19
315860329693327361 19
315860472299671552 41
315861474742509568 19
315862422663598080 22
315869511049940992 38
315874229629378560 19
315875924149145601 19
315876125463175168 21
315876138033504257 41
315879124394725377 43
315879464129155072 19
315879489303359488 19
315879963238735872 38
315882207195582465 25
315884652470607872 38
315885591994707969 24
315889744359854080 19
315890604217352192 19
315892059632443393 19
315892453901230081 48
315892948824887296 19
315897495433646080 22
315898938278420481 24
315901207401086978 19
315902029476294656 19
315903988203679745 6
315904403469123584 53
315906676756717568 22
315907826000203777 19
315908006376271873 47
315908211905531905 35
315908731999248384 20
315909440824033280 41
315910682338021377 19
315912158737203200 41
315914935366471680 38
315915887469293568 11
315916516610691073 35
315917103821639680 11
315918836069195776 35
315919087719026688 19
315919909811019776 19
315921134543577089 15
315922174714183680 19
315923277824532481 19
315925144273035264 41
315926343864946688 35
315927044305342465 35
315927245627740161 35
315927367287709696 35
315928516501831680 35
315930907250946050 22
315931171525623808 35
315938188558471169 15
315939828543926272 41
315941657268862976 22
315949387350175744 15
315950066831601664 2
315951195132948480 43
315954294698409984 47
315955712373170177 39
315960804283396097 4
315961655693553664 22
315962414866784256 53
315962427449683968 9
315963794784403456 11
315964793041350658 25
315968777642725377 22
315969482277412865 60
315970430185910273 6
315971558453686272 15
315972175024750592 39
315973013877170176 15
315973060022915072 35
315977002647691266 41
315977032028794882 22
315977212400660480 15
315978206429732864 43
315980790108413953 35
315981939381252096 51
315982509806583808 47
315986544701882369 13
315990743191789569 13
316014919164235780 38
316016651407618049 39
316024519947059203 25
316030375195455488 10
316035668402909185 13
316055427781636096 35
316057856279449600 6
316059227808493569 22
316063266898071553 22
316066119037358080 43
316067016622608384 25
316069583557652480 35
316070963466883072 22
316071936553795584 51
316076822922141696 38
316076890005856256 35
316078282527346688 38
316082279678087168 40
316086121664761856 22
316090093699993600 53
316093545582825472 22
316097907667378179 51
316101820944625665 51
316102106169896960 51
316102282330664960 15
316114034791428096 40
316118052930478080 51
316120997302525952 41
316135790621118464 35
316145961820905472 41
316156749545607168 8
316158880277200896 41
316160268570877952 9
316163003252891648 41
316163775042551808 6
316165310145245185 15
316171261871022081 41
316171777774608384 35
316171857445388288 51
316179184915460097 38
316183337276416002 42
316186378146820096 38
316187732873469952 25
316190018785931264 25
316191772021772288 15
316192929628708865 39
316193659437596672 43
316197451096784898 2
316200764605333504 11
316202610090708992 35
316203520246296576 35
316203948077891584 35
316205760025612288 25
316207311892905985 28
316208452756189186 15
316211371995959297 40
316212303135649793 28
316212441514127362 43
316212923896823808 40
316218481332846593 41
316220482011668480 35
316223485129142272 48
316223652926464000 69
316225225773703168 43
316230208585871361 11
316233186571063296 52
316233727640489985 43
316239926817607683 15
316242812486184961 35
316243210953424896 35
316243596833591296 35
316245400384331776 35
316245652013187072 35
316245681390116864 35
316245685596979200 35
316246021132931072 35
316246683816173568 35
316246683845550080 35
316247610761547777 35
316247686259040257 15
316248562872770561 35
316248583844290560 51
316248625791500288 35
316249301070249984 11
316249779216728064 35
316250349667225600 41
316250794242478081 35
316251511485251584 35
316252283207835650 35
316252937536036864 39
316254678172196864 35
316255059862241280 35
316255231841275905 35
316255697375490048 35
316255961620819969 35
316256058094018560 35
316256548823384064 35
316257211552776192 11
316257509344153601 35
316257916158111744 35
316258188796235776 47
316258633421844480 35
316258780209897473 35
316258788577517568 35
316259111559897088 35
316259241574924288 35
316259782627577856 35
316260038501093376 39
316260252402216960 35
316260323717959680 35
316260801839263747 35
316262689305411584 35
316264065020338178 35
316265440743673856 38
316266778751807489 35
316267420463538178 35
316267726647726080 25
316267915378827264 35
316268875899609089 35
316269282742923267 35
316269303693463552 35
316269437940539393 35
316269446303989760 51
316269718967287808 35
316269840597909504 35
316270033506553858 35
316270960460316672 35
316271040139497472 35
316272424276598785 35
316272642359427072 35
316272910803279872 35
316273607070326784 39
316274907300392960 41
316274928280301570 35
316274945061683200 24
316275649700577280 35
316277465817427969 35
316277654577885185 35
316278149509963777 35
316279357469491202 35
316279395197259777 35
316282410918633472 35
316286072546013186 39
316288186454249473 35
316290161971453952 35
316292485615869953 35
316295354524004352 35
316298357649833984 6
316299196527431680 35
316299477533208576 35
316300823888027648 35
316301742461550592 35
316302606484004864 11
316302849766199296 38
316309367723016192 13
316309652935700480 35
316310051369402368 35
316310684709298177 10
316310948950450176 38
316311515185684481 35
316311922028982272 35
316317261390557185 51
316317286564761601 35
316318121201905664 35
316321875108192257 10
316322634281394176 35
316327898153877504 35
316328929952681984 35
316329852678586368 35
316330645393653761 35
316332008567627776 35
316334441234591745 35
316336106385854464 11
316337645712195585 35
316337784120033280 35
316339788993163264 38
316341449933328385 35
316344205603655680 40
316344838947737600 35
316350111166906368 9
316351222644867072 48
316353311441842177 21
316355022709481473 15
316358839505149952 48
316359170876125184 48
316359862915325952 48
316360026505760768 25
316364208243617792 39
316373855142817792 48
316375708991639552 6
316375973262147584 35
316382537318535170 47
316385083282034688 35
316390795903111169 11
316391504757264384 10
316391534121598976 35
316393056666546178 39
316393379594383361 35
316393937449394178 21
316397339029954560 20
316405417276239872 15
316406566523924480 35
316407468299255809 35
316408655249547264 15
316410538492051457 15
316414971904933888 39
316416020464140288 56
316417366818947073 35
316419094909952000 35
316421871530811392 60
316422395810426880 35
316426107786260480 35
316430172041650177 51
316430847337185280 15
316432881578811392 35
316435666592489472 35
316437554041860096 2
316442348101988352 51
316448803144224768 35
316449260323360768 53
316450208240267264 56
316452569625030656 43
316454784221712384 35
316455811834601473 51
316462728229310464 20
316468998709592064 35
316472605815230464 35
316475374047481856 35
316477806756376576 38
316478851142266880 15
316486090494205953 51
316486392509259776 35
316499948499763200 9
316501051597524992 21
316502028866158593 6
316508093846523904 35
316512510431870976 39
316515593249488896 6
316516155269472256 6
316516213998108674 6
316523931534229505 39
316524149642260480 43
316525626037252096 43
316525797982756865 38
316528977286160384 35
316529442845495296 35
316529937781768192 6
316531250569572354 21
316532651458711553 25
316536216633888770 38
316538074710540288 6
316538821284093953 35
316541241401700353 40
316541253976215552 40
316541941854662657 35
316543187575529472 51
316545590903308288 51
316545670590894080 39
316547297980858368 6
316550775054688256 48
316553530724999168 15
316553698501353473 22
316555632062910464 22
316557699867353089 9
316557741818789889 22
316558144450985985 39
316565434172338176 11
316566575010426880 22
316568932226052097 35
316576825897791489 15
316578306461929473 39
316579736732184576 35
316580076466618368 51
316580831441330176 35
316583415140982784 35
316584933462265856 39
316586586047393794 25
316586686710693889 51
316587303248220162 71
316594613920092161 35
316595616354557953 22
316599621914857472 40
316599747752382465 48
316600095883796480 6
316601308037644288 38
316608132161884160 53
316608421568847872 35
316610925559963648 22
316611089171374080 35
316611252745027584 39
316611273720750080 35
316612532016132097 6
316615694496194560 40
316616025833619456 25
316619066708217856 21
316619964310237185 14
316620664750628864 56
316624410251509760 35
316630571692478464 24
316638205313163264 10
316638306005835776 35
316643485967060993 6
316646749123002368 15
316650226217803776 35
316653359358697472 38
316655682977923073 35
316656064697356288 35
316657394258165760 15
316658933563539456 40
316659537547522048 15
316661638902210560 38
316663949972103168 35
316664998548103168 35
316673743655149570 10
316675144582049793 10
316675408806424577 10
316676344123633664 6
316682597864456193 38
316682669142441985 48
316686473401364481 38
316687685530042368 15
316689237435109378 15
316697839956791296 14
316702814409736192 8
316703372252176384 40
316707855950544896 48
316711261700255744 35
316715636388659201 1
316716655596167168 39
316718433972654082 39
316724968698310656 38
316728361894424576 24
316728542257889282 28
316732392607997953 25
316734552703918080 2
316734930182881281 2
316741670442004481 39
316741678801244161 39
316748100276465664 48
316748800737824768 35
316749446652239872 38
316749983514771457 39
316751392817680384 48
316756417606459392 35
316756870599675904 7
316757751386759168 15
316764978155765760 13
316769143124807682 15
316780509697040384 15
316816056415027200 51
316816735888093184 13
316825925582995456 22
316828098257641472 51
316828450562387968 51
316834674905329664 35
316835308270415872 35
316843323555983361 9
316848046346498048 15
316849539539685377 35
316852525863149568 51
316854610444824576 22
316862827069571072 15
316867604394422272 39
316871203132428289 48
316873161872379904 35
316875980427911169 15
316876274024996864 22
316881521082499072 15
316886097068171265 25
316894422799368193 39
316895421014351872 22
316900206706839553 48
316901502780325889 18
316903998374416384 39
316904791081095169 35
316914156974522368 30
316915209753202688 35
316915520110735361 35
316915658556317696 35
316917705368293376 22
316919827669348353 15
316921576719265794 9
316926358192287744 48
316928212095619072 6
316935409538048001 15
316936097370345472 1
316936223195291649 35
316939712868802560 40
316940178436550657 47
316940610475012096 40
316941394784690176 15
316943470977748992 38
316944003633397761 35
316944897049522176 38
316946805424271360 25
316947422012125184 38
316948399272386561 38
316951456936775680 11
316952580985090048 51
316953654739496960 56
316955898704711680 8
316960122356240384 10
316966875189874688 35
316967055540768772 25
316967596614369280 48
316971363095154689 15
316973984539361280 25
316977335763087360 25
316978338222706688 15
316983031657279488 38
316984256373071872 15
316984394806087681 48
316984638054727681 10
316987402130452481 11
316996415681355776 38
316996969321082880 15
316997652984233984 15
316997887869464578 15
316997896279048192 47
316998051438919680 15
317000681296916480 47
317002858123915264 10
317003663417679872 47
317008205878267905 38
317009736778280961 11
317009891971719168 48
317009959093141504 8
317013847212978176 15
317016233767739394 8
317016594469486592 60
317017307513757696 8
317017861128351744 17
317019018777202689 8
317022554579685377 15
317022864937209856 53
317026660807479297 15
317030175604871168 10
317032105014083584 15
317036785861550080 8
317037507260866560 10
317038350315962368 15
317038828483407872 6
317040158077747200 48
317041286337142784 2
317041470899122178 8
317041676403220480 20
317043077317541889 11
317044293648908289 8
317056171909459968 53
317057346335555584 15
317062287234068480 39
317064329830727682 38
317065114173988865 40
317065982411681793 35
317066154348797952 30
317067639165964288 11
317068595450482688 15
317070575149383681 25
317077512540786689 35
317079962022711296 9
317080041689346048 15
317086874239897600 9
317087482384642048 20
317091529900580864 48
317092389753872384 53
317094713364713472 38
317099377430757377 47
317103357833658369 42
317113680003227648 15
317115148034781186 15
317115273868111872 38
317115663917395968 38
317115852661075969 15
317117316489945088 48
317118239236845569 38
317122395796283392 40
317122404184903680 38
317125512134791171 9
317126422328131584 10
317126682349821952 43
317126954992144384 35
317127772898226176 53
317150422127218688 40
317151202259369984 9
317155333669810179 40
317159033016561664 14
317159150452895744 9
317161847398735872 9
317169120342843392 38
317169560715407360 8
317171561415180289 9
317175785087696897 40
317175982199029760 40
317178150662586368 40
317178813383581696 15
317179723534974977 15
317180818252517376 12
317181363507847169 40
317212195853324288 40
317213689021337601 40
317213877744050176 9
317213890331160576 9
317214871789899777 40
317217983992844288 40
317219745575342080 40
317221796606799872 40
317226435494428672 40
317226699739766784 40
317226724905586688 40
317227366642491392 40
317228415197519872 40
317243778958245888 39
317246089994571776 48
317247302140039170 38
317255392960864256 9
317256798052700160 15
317256877773840384 21
317257444004864000 40
317259348202106880 12
317261504065974273 9
317262175162990592 15
317265266348285953 9
317266902131032064 9
317269842354909185 15
317271851434905600 45
317275399782535168 51
317283272507936769 38
317284274942386177 9
317284606317568000 9
317288444105728000 15
317288624448225281 15
317292109889679361 21
317298074215120897 40
317301001835147266 15
317301375144972289 17
317301761016733696 9
317302604071837696 38
317305917551042561 47
317310443209244672 9
317317716136587264 9
317321453274013698 71
317321981752131585 21
317322229195083776 15
317324263445118976 9
317327044247707648 9
317327283360768000 9
317331309884239874 40
317331448287870978 21
317331771266048000 71
317334048768929793 9
317336800223965185 9
317337039286714368 15
317338402435502080 24
317339346149707776 9
317347550212550656 38
317347621507317761 9
317349584454180865 9
317351056642289664 9
317354730848395264 9
317357687832723456 9
317359436857487360 38
317362314179383297 9
317364310647123970 9
317367498322345985 15
317368467214970881 9
317369402523799552 15
317374054011125762 9
317377292047376387 8
317384195842387968 40
317389224808693762 47
317392764797067264 38
317399832232857600 15
317401484792844289 15
317403401577172993 10
317403971998330880 48
317406450823614464 51
317408501834076160 53
317420958921142272 39
317421797794529280 43
317430203162980352 13
317433185329876993 4
317433931928580097 35
317438558241705984 2
317441259360894977 15
317442161119490048 40
317443469763280896 38
317443608187904000 47
317445231370989568 35
317447097832054784 15
317454651786162176 48
317454895022215170 38
317456111387160577 20
317456740532776960 10
317467729609256961 48
317478269878431744 15
317493746889547776 21
317498465456369664 40
317505599963275264 24
317507957170515968 40
317509009957609472 40
317514961662390273 25
317522402378674176 40
317528987419152385 40
317529260048908288 51
317532154131271680 39
317532682584215553 13
317540014244380673 53
317540182033309696 8
317541750703022080 8
317553666687135745 15
317558460776599552 51
317579650429751298 15
317580669616271360 38
317593386746007553 35
317601544692432896 15
317606758187143168 40
317611673936596994 39
317620255470002179 47
317627536794333184 40
317636130919047170 39
317637166907944961 12
317640690119106560 40
317642959258517504 40
317643449966936065 8
317645794595446784 56
317653478572978177 40
317663221907591169 11
317663645561679872 25
317666296370167808 21
317668863280037889 8
317680200462786561 51
317683362963787778 40
317687754391683072 51
317687926391705600 51
317692829512134658 40
317693752254808066 40
317693970354405377 51
317698252747186177 40
317698630226153473 40
317706834280579072 21
317707954168152065 8
317709854200442880 48
317711766815653888 56
317712270098579457 8
317714337923997697 8
317717303292743680 38
317720683910144001 8
317723330503405568 40
317728460141363201 43
317734256669511681 51
317738534867976192 38
317740518761185281 8
317748001412096002 20
317748445983174656 51
317751184888827905 48
317751377801654272 21
317754771010367488 38
317755819557019648 8
317763239284981760 8
317772064125763584 40
317773674709131265 8
317780943454760960 15
317785901122088960 40
317790259016511488 15
317790623895789569 9
317792633000980481 21
317792851100590080 60
317793182421221376 21
317799863968464897 40
317804137964249091 9
317806264472195072 40
317811557671251970 48
317815114470412288 40
317819413615214592 5
317820353143508992 38
317825117868679168 38
317825398866075650 38
317827286319628291 38
317831140901789697 40
317843388235911168 35
317843946107723777 30
317844122243313665 21
317846160691822593 59
317851181256962049 9
317852976448430080 40
317855690129555456 48
317866872152391680 38
317870445728776192 40
317871313932935168 11
317871838229299200 4
317876506489679872 40
317890398028701696 10
317890737767342080 51
317904419574398976 38
317905170371575808 51
317907561124880384 51
317911524716978177 15
317957926306340864 48
317961764098695168 21
317971545207230466 15
317977572413693953 15
317977761169948672 15
317983331205664768 21
317990348288827392 21
317993846338383872 9
317996270646071296 15
317998879473811456 15
317999047250149377 15
318002205565280258 39
318002339803971584 15
318005863006740482 38
318019519664758785 21
318021105094897665 48
318035260900265985 9
318043821466320897 48
318058094674460672 17
318058618958274561 17
318058849640792064 17
318060393174016000 17
318063639527579649 17
318064142848241665 17
318065220780167168 17
318067213095563266 17
318067716399448064 17
318070824370323456 15
318090856395591680 43
318100830433718272 38
318107138658557952 38
318114105410060289 48
318122682749177856 15
318126981940121600 48
318131067175456768 17
318131440468520961 17
318132694557007873 17
318133772518322176 17
318147869565652992 35
318171076645502976 25
318177602995122176 15
318186075484983297 17
318208196235911168 38
318209567769100289 17
318209760719671298 17
318209773310967808 17
318210196910505985 43
318263242298363905 53
318263699460747265 30
318285992178089984 21
318309216043532288 17
318312848302407680 53
318339758956896258 17
318367445586939904 38
318380116566749184 11
318425159210004480 6
318443081445826561 2
318463763571433472 25
622571762501451776 30
622573490537897984 30
622574534932074496 30
622575646443745280 30
622576397207379968 30
622582671881973761 30
622613730690400258 30
622623436309827584 4
622623738308227072 4
622623981602865153 4
622624686245982208 4
622627043436396544 4
622628142340046849 0
622633221658841088 4
622635436251348992 4
622639362086322176 4
622640888829743104 4
622642428147675136 4
622650627986976768 4
622699089004752896 0
622722090563706881 30
622749244471013376 0
622760980120862720 73
622762330707873792 4
622773651134283776 4
622796262643871744 56
622797378320363520 4
622797441234960384 56
622802763785875458 19
622831159223943168 30
622838813828579328 4
622843385628504065 6
622864633993555968 19
622872439559692288 19
622876256397340672 71
622876352845320192 71
622876784888029184 71
622878131234451456 14
622880870123339776 0
622889481029484544 0
622892479948423168 0
622894207993298944 71
622903800379109377 0
622909362026233856 0
622917691926540288 71
622918920844906496 19
622919088612864001 11
622920166570131456 30
622920292374024192 71
622920518866309120 18
622921642944000000 41
622921676498563072 56
622922276279750656 25
622922376968278016 24
622922548909469696 56
622923081586053124 6
622923161311539200 19
622923765286985728 19
622924612532350976 19
622925359122673664 56
622926231537741824 19
622926835496529920 56
622927825373278208 28
622929322714607616 19
622929821853728768 19
622930706860085248 38
622931017213440000 4
622931495380856832 38
622932690753318912 0
622933005305298944 4
622933227603382272 56
622933558974382080 25
622933634484342784 6
622933886113218561 19
622933957424848896 19
622934318143381504 38
622935186372603906 6
622936780204036097 19
622937325438398466 24
622937606473433088 19
622937648433381376 38
622937736517824513 19
622937853933162496 19
622938571155111936 0
622938629879394304 19
622938839582011392 19
622939674248544256 19
622940211144568833 15
622940647343943681 10
622940664137912320 36
622941775615803393 30
622942186649329664 8
622942392174272512 19
622943025535168514 25
622943314942275584 43
622943394617135104 19
622944027961331712 19
622944304760094720 56
622945219126927360 56
622945781184622593 25
622947744089423872 24
622947878340702211 12
622948129994899456 25
622948603942694912 2
622949014980268032 19
622949686068932608 3
622951330240266240 73
622951481251987457 24
622951665784778752 12
622952336852254721 2
622952844388343809 25
622953175721594880 25
622953209288597504 25
622953553234132992 6
622953670645157888 39
622953926506082305 12
622954358544543744 25
622955092510134272 25
622955109312499713 25
622955600045957120 6
622955700700884992 49
622955826517528576 25
622956514416787456 60
622956518590189568 22
622956594100350976 56
622956870899236864 25
622957286168895489 19
622957500049002496 6
622957974017994752 25
622958028552187904 2
622958498305982464 0
622958569596436481 3
622961149097717764 22
622961644038176768 25
622961950209671168 22
622962986207080448 0
622964772980391936 69
622965020456914944 56
622965167236616192 18
622965444069081088 14
622968380077637632 24
622968543668240384 43
622968594012442625 10
622969067947868160 2
622969093117775872 43
622970808571277312 56
622971722942279680 56
622971735512485892 56
622971743926222848 19
622971748124893184 11
622972452751040512 19
622973828487057408 14
622975137109794817 56
622976865146265600 3
622977381075144704 7
622977716590018560 30
622978479949086720 19
622978752599822336 12
622978924545335296 14
622979562100666368 19
622979838924582912 11
622980640049352704 17
622981663455186944 49
622982271625203712 19
622983462794993664 14
622984163252142081 25
622985299912736768 49
622986293966938112 19
622987409655992320 56
622989427103633412 49
622991352276615168 6
622991918532833281 49
622992606398693376 14
622992866449747968 0
622993227159891968 4
622994594465226753 6
622995567547949062 56
622996624533508096 56
622998193186426880 56
622998251927699456 49
622999589889703937 19
623000252606488576 24
623001166943789056 49
623001439590289408 30
623001519273676801 49
623002265880821760 6
