624085298083803136 3
624085872674217984 24
624086313080369152 6
624086338246180865 45
624086380197617664 24
624086757705805825 24
624086766069288960 24
624086967387557889 10
624088062113501184 38
624090121520984064 75
624090192811421696 19
624090285111259136 19
624092503885639680 75
624093372098211840 75
624093627963146240 19
624093766383591424 19
624094827538284545 15
624094949173252096 19
624095918053142528 15
624096438126051328 71
624097297958174720 41
624097713215270912 75
624098187184205824 19
624098757580173313 38
624101383222898688 23
624101391624089604 15
624102033356902400 22
624102184360095744 75
624103685916893184 22
624106596730314752 30
624109411133485056 29
624111856416755713 19
624115425765240832 24
624118147856007168 41
624120177899212800 22
624121230669557760 65
624122111473418241 19
624122941945606144 41
624128126121971712 19
624128189024075776 74
624129355053010944 19
624129602487734272 41
624130281998565376 65
624133729712107520 1
624135277418692608 22
624136451819761664 19
624138645436563456 43
624139547182546944 42
624140419597643777 22
624140453177356288 22
624142835554500608 65
624144131577774080 28
624144198703255553 4
624145389868859392 24
624147134682501121 68
624148858575032321 19
624149424768458753 39
624150720816660480 45
624153984014622720 41
624154575382183936 22
624156282455363585 43
624157083571744768 41
624158413199642624 24
624159860205203456 24
624160111875895296 15
624162204816932864 75
624163807053643776 72
624163853174206464 4
624164092287168513 22
624164562024181760 19
624164780119425024 29
624164943731027968 47
624166311069757440 42
624168416581128192 41
624169603598385152 48
624171235157475328 74
624171717502627840 9
624172862539235328 71
624173793683107840 42
624176859710889985 19
624176981366714368 19
624178365487009792 47
624178424190402561 19
624180424877563904 43
624182010320269312 65
624182710794194944 41
624182828222148608 65
624183256024420352 3
624184703084425216 15
624185881692221441 15
624187261593251840 4
624188305987477504 72
624189862065733636 68
624189920798621698 4
624190008874766337 68
624190440871309312 22
624190549927432192 37
624190667388944386 81
624190805805109248 19
624191254595698688 47
624191808231317504 41
624192248628903936 19
624192760317239296 5
624192764524113920 43
624194823948349440 43
624195696338599936 5
624197277595357184 37
624198896621867009 19
624199156647755776 10
624199303439855616 19
624199961962524672 74
624200591082917888 9
624201052485619717 41
624202562439266304 41
624203254474350592 39
624203573232963584 4
624204542142320640 41
624208962938736640 41
624209529153040384 22
624210359646195712 75
624212242892861440 19
624213069158305792 28
624213375342526465 22
624215086635155456 65
624215812233109504 52
624216219072098304 19
624216286172557313 41
624217007605575680 41
624217431242727424 22
624217708062572546 19
624218152650600448 41
624218156828127232 41
624218307839827968 19
624218525947707392 68
624218559514845184 24
624221264819974146 19
624221696829034496 41
624221944288641028 41
624221998827356161 10
624222103697518592 68
624223299069833216 14
624224066606641157 43
624224452516184064 40
624224691578884097 10
624225882761248768 41
624226390246711298 41
624227061364883456 15
624227589842960384 4
624230181935263744 23
624230848829739009 39
624231729612619776 41
624232136468357120 41
624232820135841792 41
624233008862752768 41
624234267170594816 15
624234946647957504 65
624235563218964481 19
624235823261560833 15
624236003591651328 41
624236641142468608 19
624236662114123776 24
624236804737118208 65
624237018634166272 4
624237308020174848 24
624237408683429888 9
624237547112128514 9
624238054618738688 41
624238193030737920 24
624239572948381696 30
624239707161923584 19
624242047591972864 41
624243838551498753 1
624244778092363778 4
624244807465062400 43
624245038143242240 1
624246694889197569 9
624246791341379584 48
624247370189021184 22
624248360048967680 19
624248733304258560 5
624249077262352384 38
624249618302304256 4
624249752524226561 19
624249890965581824 43
624250092275527680 41
624250335553548288 41
624250394252845056 74
624252319471828992 3
624254148163211264 41
624254391420219392 22
624254966048403456 24
624255247091920896 22
624256601835315200 24
624257193253040131 22
624257503606341632 38
624257725908647937 19
624259051313057793 10
624259542038237184 19
624260603201368064 41
624260812924829697 19
624260833871163393 15
624261018429071360 38
624261114927443968 19
624261366564556800 41
624263753111085057 24
624264667481939968 19
624264680060620800 5
624265850279739392 4
624266076772270080 37
624266437474000896 23
624266844313157632 41
624267830003761153 7
624268027123638272 7
624268408817905665 76
624268584957689858 41
624268664645255168 10
624269302204600320 10
624269818103996416 4
624269901994270721 4
624270476601331712 76
624270757619761153 15
624271906850607104 10
624272015910924288 76
624272032663007232 37
624273743976771584 36
624274964494065665 41
624276814194704385 5
624277392983506948 43
624277497845272576 41
624277858551230465 10
624278496123187200 76
624279636961325056 19
624279716657283074 24
624279846651346944 42
624279859267772417 10
624280232539852802 3
624280245114404866 15
624280882673750016 41
624280886876471298 19
624281847367901185 19
624282036099006464 10
624284099683971073 41
624284363954458624 42
624285374752407552 10
624286075209547776 65
624287983630483456 75
624288751183917056 15
624289283856289792 41
624289543907373056 4
624289913010319360 71
624290449864441857 10
624291456522539009 24
624291909478010880 19
624294098913087488 15
624294174402215937 10
624294228932337664 47
624294258292445185 24
624294329616625664 41
624295088785629184 15
624295424325763074 65
624296879753428992 4
624297596983619584 4
624297819260719106 41
624297915733934082 41
624298809133264897 10
624299484416229376 19
624300004476325888 41
624301774501838848 10
624302286198583297 15
624302718199332864 4
624303062153330688 19
624303695484878848 22
624307025778839552 42
624307231262007300 19
624308875462754304 48
624310960006639616 19
624311303935365120 19
624311408788779008 40
624311492708450304 42
624312545457782784 1
624313984095645697 48
624314755868553216 24
624315842189115392 36
624317184353775616 41
624317373089103873 36
624317792540430336 15
624318874662481920 19
624319457674919936 15
624319835170717696 22
624321202517966848 72
624321714193723393 10
624322028787535872 41
624323605845794816 41
624324050429456384 22
624324243359055873 15
624324532770226180 19
624324729910919168 41
624327024220319745 15
624327502358384644 41
624327787562692609 41
624327879845777408 22
624327917590310913 22
624327959529132032 4
624330694202757121 43
624331734423744512 71
624334167120191488 9
624334355834474496 15
624335018555371520 5
624335064680173568 72
624335068891234304 1
624335094057046016 41
624335857399558144 5
624336734013272064 30
624337098917683200 15
624341880411545601 15
624343734323277824 4
624346137634304000 23
624346989094957056 65
624347114903089152 10
624348012488339456 41
624350134810218496 24
624350713645244421 19
624354333329461248 65
624357210626367488 24
624357927852208128 24
624358217255157760 41
624359047706333184 48
624359148361089024 48
624360243103830016 19
624360859637166080 19
624361107109580800 10
624361744668864512 65
624363535611486209 24
624363703408922624 41
624364429002543104 19
624364491904524288 24
624364907157262336 41
624365183981391872 41
624365985093566464 19
624366161266917377 10
624366727481024512 72
624368405190017025 75
624368782681735168 19
624368971429511168 44
624369462188244993 74
624369600583585792 41
624369772541558785 19
624371118900576260 19
624372599502598144 53
624372695992373248 30
624372704364228608 19
624373031519916032 72
624373035735347200 48
624373895538212864 71
624374596008046592 72
624375069943332865 41
624375099299250176 0
624375313208750080 19
624375321610092544 24
624375392904867840 41
624375506142646272 41
624375640381263876 19
624375950776643584 24
624376210798342144 19
624376340813348864 65
624376496023543808 24
624376772830695424 75
624377611720896512 19
624377737520648192 15
624377813030846464 72
624377964034195460 75
624377964042522624 41
624378077276147712 72
624378698008031232 19
624378706405007360 19
624378752567390209 19
624379813692862464 72
624380413478219776 15
624380912629874688 24
624381776648011778 41
624382389016379393 48
624382670034735104 74
624382720349749248 24
624382913321304064 41
624383022360608769 24
624383307564908544 24
624383349499400193 24
624383391446663168 22
624383420827856896 19
624383861225492481 24
624385006245277696 19
624385052386832384 19
624385396319887361 72
624385480201781248 19
624387443156979713 41
624388323952488448 24
624388579825983488 19
624389590640672768 24
624389771008323584 11
624395244541317122 24
624395605285163008 74
624395949184561152 74
624399136876572675 19
624399476590014464 19
624399845722337280 19
624400076375461889 24
624400453879656448 43
624400579691810816 38
624404467841146881 19
624404975360344064 19
624405117954072576 19
624406871164633088 42
624407286400692225 43
624407399630147584 5
624407487723249664 24
624407743571431424 41
624408595006902272 29
624409488431443968 41
624409790400303105 15
624412181157801985 41
624412411857014784 45
624412877403910144 75
624412919342567424 19
624414165055221760 23
624416136373882880 45
624416211871342592 43
624416983623331840 42
624417621165760512 22
624417784756338689 65
624417939937058816 24
624418787190833152 24
624418954946088960 43
624419743479529473 4
624419911268462592 15
624420695578136576 28
624421257610571776 72
624422004213485572 65
624422071334907904 24
624424239786029056 37
624425749714370561 72
624429126162759680 19
624429205854425088 41
624431055538405376 41
624431596603478016 43
624431751763464192 43
624432762603241472 45
624433714714443776 15
624433790212022273 24
624433861523570688 9
624434964612972544 24
624436847863824384 45
624438026446311424 43
624439016323186688 75
624439234397536256 22
624439968421642240 41
624440085853790208 40
624441147012743168 45
624444213057466368 48
624445144209694720 22
624446444439638017 19
624447572690604033 43
624448210237460480 41
624448478681407488 43
624448675788517376 11
624450173159272449 47
624450735187619840 45
624451880253562880 41
624455390877499392 19
624455663498846208 41
624458461108015105 75
624458817640665088 68
624459631327182848 19
624459744581828608 24
624463636883312640 45
624466304460812288 1
624466606450577409 3
624467155879235584 38
624467462088691712 39
624468300961951744 19
624468846221463552 45
624469206915018752 28
624469374682968064 15
624471966754340865 19
624474135238803456 48
624475263498342400 41
624477138331172864 65
624478144985198592 6
624479789156446210 22
624480900646998017 3
624482033109200896 19
624482041493635072 41
624482486072930304 4
624483656296452096 5
624486315493494784 22
624488177768660993 6
624490643998539776 19
624493852645269504 22
624499405903777792 5
624501570160447488 41
624501993789345792 74
624502610335170560 68
624503239501856768 41
624503902214426624 41
624504183220142080 29
624504854296145921 65
624505378605240320 41
624505793807818752 41
624505793841352704 15
624505827378884609 41
624507962292199424 43
624508637558538240 41
624510139110944768 65
624512311764647936 5
624513129662119936 38
624513955944374272 44
624514958378668032 74
624520478103744512 65
624523388925558784 74
624524018075369472 0
624525033101217792 11
624525951632822272 15
624526022944423936 24
624527058958467072 43
624532855465623552 68
624533002261889024 41
624533132297965568 19
624535166539542529 22
624536571618967553 4
624538207393349632 74
624538723309457408 45
624540182910496768 74
624540694632382464 22
624540744943030272 65
624540849821474819 45
624541835466158080 45
624543676786577408 45
624547170620952576 39
624547426469195776 45
624547946600730624 22
624548219222159360 45
624548714154205184 1
624548831561162756 45
624548974167355392 45
624549414573600768 5
624549624305463296 1
624549871748562944 45
624550177941135360 5
624551117494464516 74
624551201359724544 29
624551251682938880 45
624551771806015488 65
624551813732241409 22
624552791021875200 45
624554124806205440 65
624554665867227136 45
624555089496141824 45
624555261466808320 30
624556159035408384 19
624556704298971136 41
624556922394390528 41
624557534775390208 24
624557555730087936 19
624558226831360001 19
624559401232261120 43
624559757752463361 22
624559787087413248 22
624559820658618368 22
624559866804326400 22
624561074738741248 22
624561884268744704 45
624562190436036608 41
624562517575081984 19
624562668607672320 43
624562924439367683 19
624563218023845888 19
624564467938897920 39
624564967052865536 24
624565755590262784 45
624566288283648000 45
624566405694930946 1
624568205063921664 75
624568209266622465 65
624569022957359104 5
624569790498238464 43
624570310608732161 65
624570721633738754 41
624570910381621248 41
624571690551480320 15
624574295184908288 41
624574710425198592 39
624574764963594240 22
624575016609427456 72
624575406708928512 19
624575465416593409 37
624578753725898752 19
624580901238734848 45
624581626836598785 71
624581928834985984 19
624581983365165057 45
624582058866667520 41
624582142731911169 45
624583359075852289 19
624583875004641280 0
624584734815858688 30
624584923551297536 36
624585309456629760 24
624585334609686528 42
624585506588884992 24
624585770796494849 19
624586966173110272 41
624586966185676800 41
624587662452637697 65
624588014765887488 71
624588467771588608 14
624588799121625088 45
624589273040195584 45
624589486966632448 22
624590233544314880 11
624590657160478720 3
624591110183235584 29
624591873521291264 41
624592100030607360 22
624593270249631744 24
624593303778934784 75
624594838906744833 24
624595212208189442 5
624595530941730816 48
624595765835345921 41
624597523265536000 41
624598534088568832 24
624599624620179456 41
624600329238130688 19
624601235220357120 45
624604938765635584 19
624604947183595520 3
624606184507490304 72
624606624888418304 15
624607056914321408 4
624607979648606208 68
624607988024631296 19
624608524916518913 5
624608592029585408 24
624608847861186560 43
624609787410382848 41
624610043237806081 15
624611091822219265 10
624611871979499521 24
624612522067230720 22
624613239297474560 22
624613738432180224 45
624613809726951424 43
624617098057158657 45
624617991443906560 42
624618020804018176 10
624618507376857089 19
624619463678136321 65
624619971184738305 68
624621858587971585 43
624622500337446914 41
624622873609572352 22
624624081598418944 22
624624337446961153 68
624625079842816000 22
624625503463313408 44
624625692202807296 10
624625721563066368 42
624625746745540608 24
624625864148267008 19
624627126646493184 10
624627126667505664 10
624628238128709632 24
624628829538009088 41
624630385616420864 22
624630549194235904 4
624631128037699584 22
624631199336656896 41
624631534855823361 21
624632050772013056 4
624632180799463424 19
624633212585832448 24
624634051434053632 19
624635209070174208 3
624635347486535680 41
624635469117067264 36
624636542854627328 19
624636622542209024 41
624637029393936384 19
624637620816056320 4
624638254156001280 24
624638388369522688 24
624638551934656512 65
624639143344115712 38
624642595231133696 36
624643203417796608 41
624644050663153664 22
624644713358970880 5
624645342517006337 19
624645472536408064 3
624645669672878080 37
624646441403678720 10
624646516909719553 41
624647188023390208 5
624648320481275905 3
624648710534860800 41
624648974771879936 1
624649775913144320 36
624651650729410560 24
624653840168697856 19
624654171522764801 43
624655115258040322 36
624655194920333314 1
624655329159200768 19
624655387875241985 40
624655962507464704 38
624656981698191360 72
624657065575849984 41
624657451472846848 28
624658617506136064 11
624659124987412480 22
624659410221203460 19
624659703822462976 4
624659850597896194 10
624660718844035072 65
624660727207362560 19
624661540898127872 41
624662245570555908 76
624662841153441792 1
624663088630001664 19
624663608727859200 44
624663961032462337 41
624664141379313664 5
624665332548960256 41
624665416447569921 43
624667333257232384 41
624667786246246400 44
624668067235262464 10
624668558002421761 11
624669065508990976 41
624669417805189120 41
624670252471705600 41
624670386702172161 10
624670504163545088 45
624671586256330752 19
624671745677619200 5
624671758260436992 47
624672039241150464 10
624672953607847936 19
624673096222515201 30
624674601973489665 2
624675168217112576 24
624675692479913984 4
624676065793937408 65
624676938213363712 41
624677659612708865 9
624678548838744064 11
624679136024522752 4
624679232493322240 5
624679983269556224 24
624680536926257152 68
624681296078319616 75
624682306930917377 4
624685456848982016 41
624686115329409024 24
624686140528967680 43
624686174062247936 75
624686241179566080 22
624688560604475392 24
624689172972867585 41
624693296007262208 30
624693384087646209 65
624696815003107328 38
624698173987143680 15
624699541313339392 42
624701328078544896 45
624701516818083840 24
624702049503047680 48
624702095636201472 41
624702129182130176 65
624702175336230913 65
624702544413986818 19
624703299397283840 5
624703483976019968 65
624705744684736512 45
624706411574988800 68
624706570975182848 24
624706906523856896 75
624707208513609728 71
624708533917995008 65
624709414700777472 1
624709448246915073 24
624709620213264384 65
624710324885811200 43
624711750928044032 41
624712728201052160 4
624712728205230080 4
624712728205242368 4
624712887592992769 24
624712891791491072 30
624713403475464192 65
624714338822041600 4
624714695312830464 24
624715039279304704 24
624715651626614784 24
624715852944965632 5
624715890718834688 1
624716549207814144 24
624717841053417473 5
624718134675685376 15
624721062274695168 4
624723121690554368 22
624724048644194304 4
624724958808137728 19
624728775595458560 15
624729899685646336 24
624730344269287424 22
624730512037298176 39
624730759501336577 38
624730805642760193 19
624731560621813764 19
624731774548078593 41
624731996837814272 19
624732177201254400 24
624732584057028608 24
624733309659058176 41
624734228186435584 39
624734588904931328 24
624734802835456000 4
624734807021498368 24
624734832187318272 19
624735255803596800 41
624736295978405888 24
624736476371103744 38
624736610551083008 7
624736878999154688 40
624738871293685761 3
624738942596816896 19
624739081012928512 65
624739240413270016 41
624741668911230976 41
624741698258759680 36
624741928945364992 24
624742981736644608 41
624743275317055490 19
624743707338764288 4
624745070483259392 41
624745770919571456 19
624745942885904385 19
624747016648691712 65
624748149119168512 41
624748648203575296 19
624748664980770819 68
624749533231120384 1
624749583562752000 41
624749705189306368 4
624750061692432384 43
624750489528311808 43
624750858622902272 43
624751454209843200 24
624751504524750848 40
624752662152613888 24
624752750270750720 41
624752863483437056 15
624753240970694656 43
624753295496740864 43
624754184714326016 24
624754281179037697 41
624755585611862016 41
624757846341746688 21
624758613895049216 45
624760123827875840 24
624761734432034816 45
624762262914531328 68
624763584153845760 43
624764519458447361 24
624764909532790784 43
624765022787534848 41
624765345752989697 19
624765526091431937 24
624765584824238080 65
624765622589722624 41
624765723215327233 65
624766088119611392 41
624767115757645824 19
624767514220756992 41
624767568717328384 24
624768130762452993 24
624768558594048000 3
624769456145829888 24
624769732978176004 24
624769854617223168 24
624770194381017088 15
624770722846486528 9
624770739611267073 24
624771343603617793 44
624771431679655936 19
624771465242669056 24
624771557529796609 43
624773805668352000 41
624774455772991488 24
624775001053343744 3
624775823137079297 24
624776267708153856 19
624776460646117377 24
624776942990954496 19
624778222270414848 38
624778352298184704 41
624778486490771456 22
624779207923625984 41
624779358926823424 43
624779669275979777 24
624779702838931456 19
624781011486941184 48
624781200218017792 24
624781607044554752 19
624781988755472385 4
624782496241074177 41
624782978581987328 24
624784018807128064 19
624785776216125440 4
624787273561829376 37
624789458781470720 37
624789576234745856 1
624790327031918593 43
624793242077384706 76
624793288218783744 24
624794928166535168 43
624794961716707328 72
624795582482223104 41
624796513605062656 19
624797381821775873 41
624798778525003776 43
624799378318843904 39
624799890044948480 15
624800670181257218 39
624802826066264064 19
624803241277132801 24
624803648116256768 76
624803799119433729 41
624804621198864385 19
624805896275668993 41
624808198969671681 2
624809612420730880 37
624811361453895681 41
624811466324058112 19
624811902519087104 37
624815983593693184 41
624816126174740480 22
624816524662980608 19
624817304786767872 24
624818479191990272 3
624819120937304065 48
624819733301436416 9
624821394250039296 43
624821574571462656 19
624822186960785408 19
624824435099439104 41
624825278167060480 24
624829979977719808 19
624831355722010624 68
624832785941839872 40
624832794355613696 40
624832836298756100 5
624833935189639168 71
624837055776817153 15
624839140312489984 22
624839215822557184 15
624839333288112128 22
624840121817399296 0
624841036150538240 41
624841195538239488 41
624841782749085696 68
624842839697047552 5
624843691144785920 24
624844236396044288 41
624845582796877824 9
624848049051795456 68
624849185687347200 5
624851035358498816 76
624851882637287424 24
624852578879188992 4
624852968962064385 65
624853237372301312 65
624853451311349765 4
624854118205493248 65
624855682660085760 68
624855766558736384 65
624855829452300288 65
624858044074192896 65
624858782250725376 19
624859000367120384 1
624859197495201792 15
624859981825728512 19
624861487597756416 5
624861709883326464 65
624863828006830080 4
624866583681171456 66
624867145692766209 24
624869108648161280 39
624871272888016896 37
624871482594754560 43
624874678650191872 22
624874938730741760 15
624876025021886464 24
624876528355008512 71
624878428358078464 15
624878919091650561 0
624879292401459200 5
624881486014083072 4
624881511196663808 50
624881762859024384 65
624882064840638464 19
624882337487130624 19
624882983376261122 15
624884153620807680 42
624884963104567296 1
624886707935031296 65
624892152124981253 5
624892152145911808 35
624892407990063104 65
624892487694336002 11
624894266070933504 0
624895046219898880 41
624897600546705408 65
624900045834461184 76
624900599457402881 19
624901790643916800 15
624901966808793088 37
624904219141767168 24
624904487593975809 24
624906324707573760 10
624907016763482113 5
624907054516297728 41
624908925163433984 41
624910355429498881 5
624910732908302336 37
624910867113594880 24
624911865349435392 15
624913023010902016 45
624913908000669696 65
624914025449521152 41
624914025453727745 41
624914763651371008 5
624914847516340224 19
624915283732492288 5
624915778660270080 22
624916411987554304 41
624916885952458752 5
624917640910209024 19
624920304305831937 65
624920971200339968 43
624921168349237248 65
624922334365921280 43
624924314073219072 22
624925069031153664 0
624925186492661760 10
624926050498314240 19
624926834849812480 22
624927212320477184 41
624928097310109696 22
624929519187685376 19
624929670182494208 5
624930458715820032 19
624931847026438144 22
624933541525200896 19
624933629618192385 24
624933675759566848 22
624933763839950849 22
624934288119697409 19
624935424755171328 47
624935508641214465 5
624935827408224256 72
624935953241649152 77
624936452363788289 75
624936855050522624 72
624937249294168064 77
624937253496819713 47
624938700514799617 65
624940143355375616 10
624940365653487616 65
624941716244721664 5
624942626383470592 4
624942878045765633 65
624942878050029568 65
624943901447692288 24
624943905646190593 76
624943968556482561 24
624944291543171072 21
624944455129370624 21
624945071691988992 14
624946262865940480 15
624947273672228864 65
624947525347377154 24
624948808796012544 68
624949836421464064 4
624950197114773505 47
624950314542575616 5
624951010797207552 19
624951887423340544 65
624953670011088896 43
624954412398739462 22
624954424956481537 42
624954781480681472 72
624954869548453888 47
624955213493968896 5
624955314148913152 0
624956119467839488 5
624956127843713024 22
624956660554035201 47
624957298054692864 0
624957335803269120 48
624957914650923010 5
624958002710364161 5
624958610896859136 47
624958682170851329 10
624958766077730816 5
624959143581880320 41
624960108271902720 68
624960959690502145 19
624961169422336001 47
624961244915744768 1
624961723066380288 19
624962419329224704 37
624962582890151936 15
624962956191625216 5
624963908273508352 65
624963958642847744 5
624964780692901890 47
624965288212049920 43
624965548263129088 48
624967108531589120 72
624967150495621120 4
624967318280531968 24
624967486035914753 5
624968127747592192 45
624968916289220608 43
624970342365270016 14
624970501757247488 40
624972309489696768 24
624972649236721664 4
624973353858658304 68
624973521643397120 24
624973634897997824 77
624974821890347008 43
624975086114721792 65
624975258089619456 23
624975610415329280 19
624975753000689664 19
624976067598508032 24
624976713496203264 47
624978076670099456 41
624978361866170368 65
624979112629669888 19
624979435624599556 24
624979569834127360 19
624980651972825088 24
624980853295190016 24
624981104919842816 5
624981411112570880 41
624981809571311616 19
624982023472586752 53
624982585517551617 72
624984842065711104 65
624985769002827776 2
624985819338678272 72
624986008086556673 75
624986347833421824 5
624987035665858560 41
624987174094548992 72
624987333473910784 22
624987958421102592 19
624988243642163202 19
624988621133615104 76
624989652928307200 1
624990248540487680 41
624990684710223872 41
624992203065069568 41
624992727369916417 9
624993138382389248 42
624993272616878080 43
624993792706285568 43
624995298453155840 24
624995411724517377 19
624996162483847168 65
624996506416844800 19
624996883895857153 5
624997181716590592 45
624997252994482176 43
624998494533582848 5
624999031400464384 43
624999215962284032 65
624999484385296384 24
625000948184690688 43
625001661224886273 19
625001745119358976 10
625001791256719360 65
625002110011084801 45
625002617538760705 24
625003125032808448 10
625004425266892800 38
625005524166127616 65
625007310952374272 68
625007633926193152 41
625008099472965632 24
625008401454661633 19
625008883824619524 19
625008887989559297 24
625010666391273472 24
625011689797226496 19
625012713207562245 45
625012893554061313 36
625012910327095296 41
625013413668851712 9
625014424483561472 19
625014504171008000 48
625015779235237888 39
625016030906068992 24
625016093829144576 7
625017775744942080 19
625018736219557888 65
625019453475004416 72
625019893851754496 19
625021588350439424 19
625022024579051520 38
625022070691340288 24
625022204925870080 65
625022204942659585 3
625022511122530304 41
625022586607521792 75
625022888588881920 45
625025245783695362 15
625026873194643456 24
625027015771471872 24
625028295072063492 24
625029196838891520 41
625029586913357824 75
625029674968686592 22
625029830187319298 65
625030866180268032 65
625031218476617729 68
625031226869608450 41
625031805666639872 41
625032288015794177 75
625032799720972288 10
625033999317106688 24
625034292888899585 65
625034842351214592 41
625035345680273409 65
625035890952278017 43
625036503308107776 19
625036658497454080 24
625037711255146496 65
625037732218277888 39
625038789203918848 4
625038998910705664 19
625039091185414145 19
625041326740877312 38
625042215946072065 41
625043679745605632 41
625046678668640256 65
625047584651014144 9
625047777584611329 15
625047781783285760 22
625047987325128704 75
625048813607096320 15
625049774102724608 15
625050696828588032 68
625051783165947904 24
625052479403659264 9
625053037237633024 48
625054429754974208 45
625054752733294592 41
625056157833428992 1
625060243077263360 68
625061983721816064 24
625062394730053632 10
625062940018872320 5
625064617740476416 65
625065594983837696 65
625065687267024896 41
625066152822185984 24
625067746695360514 19
625068329703608320 65
625069831247630336 3
625070468765253636 24
625071760615063553 19
625071961971032064 65
625072331040362496 24
625072834365231104 65
625072926635765760 41
625074738591858689 22
625075631966003200 15
625078085629706240 41
625079171971035136 38
625080547686117376 19
625080614807429120 41
625082330290335744 5
625083076872310785 45
625083802470227968 19
625086335813033984 19
625087250196336641 5
625091176056627200 65
625092342094123008 72
625094447617814528 65
625094456023224320 65
625095009654734848 24
625095122900758528 24
625095177410093056 24
625095877888184320 24
625095965960196096 24
625096565749755904 4
625096800639135744 19
625096955803234305 41
625097261991743488 3
625098323154710529 65
625098356709281792 24
625098478331527168 15
625098637736079360 19
625098809702416384 37
625098935539888128 42
625099443021418496 41
625099644352233473 24
625099732428423168 24
625100231559000064 24
625100634195279872 41
625101116578131969 24
625101426935644161 1
625102924314746881 24
625103155001458688 15
625103356332244992 41
625103951894069248 15
625104211961872384 19
625104832701972481 24
625105075980140544 24
625105600263815168 41
625105839356047362 41
625107311539978240 41
625108045555589120 41
625108720842752000 65
625108838270824448 13
625110415341699073 75
625110696360067074 3
625110889272717312 65
625111455512297476 19
625112176924102656 41
625112265008635904 41
625112315369771008 3
625112428594925568 22
625112999037046784 41
625113242273218560 24
625113552655896580 43
625114827753549826 24
625115528189730818 24
625115595290353664 19
625115666593415168 3
625116014737510401 24
625116304140312576 65
625117482752282624 39
625117654718636032 68
625118069925371905 24
625118363547774976 19
625118871041785856 75
625119567321407489 42
625120372606767104 24
625120544594137088 68
625120712362082304 9
625121240840318976 24
625121681229619200 65
625122222278090752 24
625122352335077376 43
625123484772003841 22
625123610630340608 23
625124344629342208 65
625124344633556992 65
625125418375340032 5
625126487910391808 43
625128190793678848 24
625128526329610240 43
625128861882261504 41
625129503593996288 24
625130308925542401 65
625130837407698944 24
625131038717554689 24
625131814689107968 41
625132884202909696 24
625133840504332288 3
625134020867788801 24
625134905890967553 43
625136835249876992 65
625136864626896897 24
625137191770042369 3
625137967703683072 65
625138068371017729 24
625138391340974082 65
625138928195080192 19
625138991126306816 65
625140400429273088 24
625141004396589056 19
625143839733346304 24
625144473069187072 24
625145697818574848 41
625146243094679552 41
625146578613829632 24
625147719481470976 41
625148071811256320 45
625148310886584321 23
625148612838735873 36
625151565637095425 65
625151624374161408 41
625152857503698945 24
625155948693299200 39
625156246497157120 68
625158100371271680 24
625160465962790912 41
625160679868084226 71
625162516981641216 45
625163020294049792 24
625163825604485120 22
625165171988652032 14
625167550150610944 41
625167684359995392 65
625168607115386880 65
625168992966053889 65
625169907336876032 65
625170075117486080 65
625171681544417280 19
625172927235801088 4
625174525261385728 39
625176207190061056 65
625176236524834816 41
625177708729774081 65
625178748917272576 72
625178778298417152 65
625179097069563904 19
625179138987429888 68
625179378088067072 76
625180263086059522 76
625181257136242688 13
625181634598273024 41
625183945676619776 45
625184113457242112 40
625188257400107008 65
625190329398923264 76
625190622991781888 1
625191780653273088 3
625192757888446464 41
625192875345768448 72
625194280454356992 5
625194662102331392 45
625195941365157888 41
625196687963746305 41
625196872513138688 65
625198701229666304 41
625199938557706240 65
625202488694603776 65
625202757134323712 65
625203063301668864 43
625203193320898560 5
625207182129102848 48
625210080363999232 65
625212173334224896 41
625214178219962368 47
625214811564044288 24
625215927248793600 44
625216325690851328 22
625217370068398080 41
625217730782842880 15
625218200565886976 19
625218359949422592 22
625221535020613632 24
625223577667645440 22
625223980325208064 22
625227386079023104 22
625227797129117696 45
625228015207849984 19
625229751670566912 65
625229768439377920 65
625230473074053120 65
625231328733208576 41
625231425210421248 19
625232150812454912 39
625232956102156289 65
625235116189741057 65
625236038945009664 2
625236076676804608 65
625238748444274688 41
625239172077481984 7
625239406950096896 41
625239528576565249 65
625240740751249408 19
625241818691686400 65
625244758869417984 5
625244825999138817 65
625245664855748608 19
625247778797682688 24
625248496006905856 65
625249829782818816 37
625251180353032192 48
625251633371308032 43
625251637548810240 19
625252988123262976 41
625253139113865216 65
625254430938660864 65
625255378851205120 65
625255890585677824 22
625260403656818688 65
625261976520949760 43
625263083817046016 24
625265285814185984 28
625267345221484544 68
625270033783103488 41
625270058936201216 22
625271522723237888 0
625271707272613888 19
625272143484485632 41
625275012417724416 41
625277491226087425 68
625278573360885760 15
625279760369885184 28
625279991048183808 22
625280460801843201 39
625283447158747136 41
625285292661055488 65
625285829506822148 25
625288782321950720 5
625288849405689856 41
625288887167008768 43
625290745235283968 19
625290782967267328 37
625290858481319936 2
625290900407775232 10
625293580588986368 68
625293949704491008 10
625293953894518785 75
625294830499987456 43
625295375746727936 65
625296160102617088 47
625296436897402880 4
625297057650208768 19
625297921681059840 4
625298966071128064 4
625300304045703168 19
625301767878787073 43
625303760164655104 22
625303953098567680 19
625304678704783360 75
625307375658905600 65
625308009011519488 41
625309061781663744 65
625309212738981888 3
625309372130922496 22
625310143903854592 3
625311108572823552 3
625313390299234304 24
625313398658568192 24
625313398691987456 24
625313402882277376 24
625313407042985984 24
625313407051427840 24
625313411245690880 24
625313411262476288 24
625313415435825153 24
625313415440039937 24
625313415460978689 24
625313423857975296 24
625313428018757632 24
625313428035473409 24
625313436411502592 24
625313440610021376 24
625313444791775232 24
625313444800122880 24
625313444804304896 24
625313444825333760 24
625313444829491200 24
625313444829503488 24
625313448994279424 24
625313449019613189 24
625313453197127681 24
625313453197144064 24
625313453205536768 24
625313457395625984 24
625313457395630080 24
625313465792602112 24
625313469965991936 24
625313469974323201 24
625313469974335488 24
625313474168659968 24
625313474181083136 24
625313474185428992 24
625313482565681152 24
625313490954264577 24
625313495131754496 24
625313499347058688 24
625313507714691072 24
625313507714711552 24
625313507735662592 24
625313511925784577 24
625313520293384192 24
625313541298487297 24
625313549666025476 24
625313562265808896 24
625313566447542272 24
625313574815145984 24
625313579017736192 24
625313579026264064 24
625313583216377856 24
625313587402182656 24
625313587402285056 24
625313587406442496 24
625313587414761472 24
625313599993462784 24
625313600010260480 24
625313600014565376 24
625313612584910848 24
625313616791760896 24
625313616795971588 24
625313641936478208 24
625313646143389697 24
625313696458383361 24
625313755208007680 24
625313771976847360 24
625313801341022209 24
625313855833538560 24
625313906173583360 24
625313952315088896 24
625313981666869248 24
625313985881989120 24
625314032002596864 24
625314040412303360 24
625314069743054848 24
625314086545260544 24
625314145274101760 24
625314157823397888 24
625314166220423170 24
625314237548744704 24
625314354959908864 24
625314388510019584 24
625314682119815168 24
625314698901061633 24
625314749224513536 24
625314757625675776 30
625314761803051008 24
625314770200199168 24
625314782799724544 24
625314799572815872 24
625314803771408384 24
625314887632171008 24
625314933782220800 24
625314937968181248 24
625314950551052288 24
625314967349272576 24
625314967357624320 24
625315038635520004 47
625315055412903936 24
625315055442137088 24
625315084789805057 24
625315088996638720 24
625315114145685505 24
625315139328344064 24
625315223180832768 24
625315227375136768 24
625315294488080384 24
625315302885081088 24
625315332236967936 24
625315445487337472 24
625315617441218560 43
625316162738503680 24
625316242400768001 24
625316250789396480 24
625316301146300416 3
625316418586845185 24
625316460508934144 24
625316552804593664 24
625316565374775296 41
625316770887249921 24
625316838008881152 24
625316988986990593 75
625317043533799424 24
625317152564752384 24
625317169333673984 24
625317395842887680 24
625317421016985600 24
625317559429148672 24
625317584599150592 24
625317748181213184 24
625317802711351296 24
625317945317662721 24
625318092118327296 24
625318108882821120 24
625318423464120321 19
625318457001791488 24
625318733813313536 24
625318993868386304 24
625319132293132288 24
625319262316441600 3
625319568492392448 24
625319597835702272 24
625319920834756609 38
625320394753470464 24
625320482854670336 24
625320491260186624 24
625320516426039296 41
625320608683978752 24
625320671581720576 24
625320990361260033 38
625321233647824896 24
625321250408300545 24
625321271388049408 24
625321938274156544 24
625322387056128000 24
625322529662472192 24
625322634528620544 24
625322789709418496 24
625323330774675456 24
625323372709302272 75
625323574073643009 24
625323972532408322 24
625323976693272576 24
625324769425141760 24
625324878485409792 24
625325251770085376 24
625325390194540544 65
625325486642565120 24
625325515998666752 24
625325901903982592 24
625326107420684289 24
625326510057082881 24
625326623303315458 65
625326807873531904 24
625326933677613056 24
625327185344262144 65
625327223084597248 24
625327424440528897 24
625327478966460416 24
625327520884391936 24
625327550269538304 24
625327671883509760 24
625328099710926848 24
625328108112117761 24
625328758199693312 24
625328938567360512 24
625329102128607232 24
625329118922543108 24
625329144084107266 24
625329412507086848 41
625329508980273152 24
625330029086547968 39
625330050079064064 24
625330104579682304 24
625330599524483072 24
625331086046965760 24
625331270587916288 41
625331362862637056 24
625331505464782848 3
625331652269445120 24
625331790689861632 24
625332210112024576 24
625332486957101057 43
625332562433589249 24
625332616955301888 24
625333032208199680 24
625333111899852800 24
625333204170338305 37
625333250311987200 24
625333497775935488 24
625333690734764032 24
625334303103303680 24
625334378588209152 24
625334521198612483 37
625334785427148802 65
625334789609013248 2
625334818994139136 42
625335188101447680 24
625335209060229121 24
625335246817329152 24
625335318087081986 7
625335414556131328 24
625335418767167488 15
625335687210889216 24
625335733323108353 24
625336068888489985 24
625336165370040320 77
625336521881743360 24
625336677041614848 24
625336857430216704 24
625336886773587968 24
625336890980483073 24
625336924513902592 43
625337339754098688 24
625337369122619394 24
625337406867308544 37
625338434480017408 24
625338719701053440 24
625338887469178880 24
625339600505020421 24
625339613071179776 24
625339793409507329 24
625340170909425664 24
625340246402723840 24
625341957695520768 24
625342331001028608 24
625342477801795584 38
625342528133447680 19
625342930778075136 24
625342972729651200 24
625343056611512321 19
625343119513358337 24
625343161452396545 19
625343438297272320 24
625343505393709061 24
625343811586236417 24
625344214218379264 19
625344679786078208 24
625345048910168064 52
625345459926773761 24
625345476716408832 41
625345560581681153 0
625345665435049984 24
625345669633413120 24
625345854199726080 24
625346776934051840 24
625346936321777665 15
625346999227957248 74
625347435435552768 24
625347716466503680 24
625348085573636096 24
625348223981359104 24
625348941194903552 24
625349117376598016 41
625349276751765504 43
625349431957655552 65
625349520004673536 24
625349671016267776 45
625349683599306752 24
625349700368093188 24
625349985589026816 45
625350245648433152 52
625350631503495168 65
625350988040400896 24
625351382288109569 19
625351432624054273 42
625351436797263872 19
625352154052608000 24
625352330217521152 24
625352401503936513 24
625352510551785476 75
625353672373878784 65
625353760445825024 24
625353894676328448 24
625354431543025664 24
625354486085734402 19
625354548987699200 24
625354867763232768 24
625354926462349312 65
625355001972531200 24
625355413014319104 24
625355442374340608 24
625355572385153024 24
625355643721924608 68
625355740157448193 24
625356184766189568 41
625357430482821120 77
625358692976824320 24
625361029179047936 24
625361842903379968 24
625361876420050944 24
625362132289363968 19
625362639816945665 24
625362677548871680 43
625362899834413056 24
625363487057809408 24
625363587700146176 24
625363705136414720 24
625363772253671424 41
625364032304848896 24
625364997019799553 9
625365013780373504 5
625365118625415168 24
625365579994689536 24
625365991061479425 24
625368096572751872 22
625368167901200385 24
625368180483993600 24
625368616695894016 24
625368864168148992 19
625369229068517376 43
625370109863923712 68
625370185373908996 68
625371426867007488 10
625371795961413632 24
625371984722010112 43
625372567734390784 10
625372974581985280 24
625373712758538241 24
625373867964395520 43
625373943441002496 24
625374358685376513 24
625374618753347584 41
625375071717031936 22
625375243696254976 24
625376057374412800 24
625378238425092097 24
625378372621697024 24
625378515253243909 24
625378817226485760 24
625379844826755073 43
625380046157426689 41
625380578859225088 24
625381040194846720 24
625381468034838528 24
625382348838690816 24
625382952831184897 10
625383259015245824 24
625384542438731776 24
625386404709732352 24
625386476012879872 65
625386786424918016 41
625386895481028610 24
625387059021283328 24
625387486861242370 39
625387537180327936 75
625387616880300032 24
625387633640873984 24
625388128577134592 41
625388426368524297 24
625388476725362692 41
625388501895352320 41
625388715783753728 41
625389147809820672 24
625389277841522688 24
625389609195827200 19
625389852431921152 19
625389961508859904 41
625390745831108608 41
625391333025316864 41
625392041858498560 24
625392138340147200 15
625392444545335297 24
625393161767124992 41
625393312728420352 24
625393895749193728 68
625394948507103233 41
625395309217193984 24
625395875456528384 72
625396257138307072 24
625396684965568512 10
625396819170701312 24
625397288953868288 19
625399004403236866 24
625399126038085634 24
625399214114127873 41
625399230912425984 36
625399398680281088 24
625399407081619456 22
625400153676103680 24
625400426272133120 19
625400656984195072 24
625400791210266624 24
625400942196883456 41
625401223190040577 24
625402179503796225 42
625403332937523200 3
625403366512951296 22
625403655911555072 24
625404092119183360 41
625404415076380674 24
625404482168328193 15
625404792567898116 19
625404960323301376 24
625406126364979200 24
625406344443658240 24
625407183312789504 48
625407581767516164 10
625407753754800128 75
625408068294209536 41
625408454170165248 24
625408793925525504 24
625409314010742784 24
625409859266215936 24
625410442278506496 24
625412531058835456 24
625412891760574464 71
625413306984079365 24
625413428623110144 24
625414217177374724 24
625414770825523200 24
625416368825827329 41
625416456902041600 24
625416528201027584 24
625416935048478720 41
625417056708460544 24
625417593579397121 24
625417778128928768 24
625418067523153921 41
625418709243445248 71
625418830890676225 41
625418864453681152 19
625418948322832384 23
625419107731701765 24
625420458289049600 24
625420475070607360 24
