298913684791640064 81
298913798037860352 32
298914439791521792 32
298916314641211392 81
298916906025488384 84
298918432773111809 32
298918483096391681 90
298918495670919169 32
298918600524300288 87
298918676021796864 87
298920106296221696 87
298920701853847554 2
298921624617488384 84
298921632989343744 15
298921708490997761 32
298922379583827968 32
298923017147400192 32
298923067466448897 32
298923281371762688 15
298923742753587201 32
298923977643016192 32
298924535456096257 32
298924539675566080 50
298927429534228480 32
298929124033036288 87
298929480548888578 15
298930910793981953 2
298930982097141760 101
298931888091963393 32
298932315902586881 32
298933167346311168 32
298933523853754368 101
298933825852026881 15
298935277081198592 87
298935495180840960 87
298935717487325184 4
298937126756691969 32
298938557010165761 101
298938607358586881 32
298939114877755392 15
298942856180142080 87
298942856180142081 32
298943493726941184 32
298945414705606656 81
298945536352976897 15
298947134395408384 15
298949529309417474 32
298949600641941504 32
298949814538883073 32
298950754067156992 45
298952142394372096 29
298954042380537856 84
298955506205208576 32
298955715912036352 32
298957347492093953 87
298957758567424000 32
298958324773289984 2
298959276901277696 87
298961936090005505 81
298962661683642368 32
298964012257910786 15
298964058412032002 15
298964486193307648 4
298967598387826689 2
298968881832275968 32
298971532644995073 32
298971901726973953 32
298972040139005952 32
298972400882708481 86
298975118762336256 15
298975311712903168 90
298975500456570880 90
298977396265189376 86
298978541335367680 15
298979585700270081 86
298980969828982784 15
298980969837391872 86
298980986597814274 2
298981317956218880 81
298981527688212480 112
298982379115147264 15
298982479778422785 32
298982978879635457 15
298985222836453376 32
298987181572235264 101
298990142755053569 32
298992239919628288 32
298992596418715648 90
298992940360011777 30
298993926050824192 30
298994609701392384 15
298994999784243200 2
298996069302407168 81
298996073509302272 81
298999210848694273 81
298999856796680193 36
298999923871989760 36
299000309752135680 81
299000968262082560 32
299003346445037568 81
299003887514431488 36
299007771423170560 32
299008782254616576 87
299010699034771457 32
299011378516201472 15
299012519362715649 87
299014071280357376 45
299015291827003392 36
299015350526304257 81
299015509926617090 81
299015577014517760 81
299016877261336576 81
299016894059540481 15
299017837752770560 1
299019179921653761 32
299020882821664768 32
299027203658760192 85
299032178086535168 4
299032392012800000 84
299033218252959744 15
299036007465095168 28
299037139939762177 32
299038297559293954 81
299039727825346560 4
299039790748295169 4
299039807512907776 4
299041741103845376 16
299042328281247745 87
299042512851570688 1
299044857484288000 32
299045771809009664 36
299046405144731648 50
299046530978029568 86
299049022398795777 90
299049265672630272 86
299051434119413760 4
299051610292768768 15
299052897965064192 13
299054588261171200 32
299056345682964481 2
299056404399005696 88
299056521831137281 32
299056588927418368 81
299059940201492481 32
299060758061408256 32
299062372893609984 81
299064390320287744 8
299065854140743680 32
299067749970362368 32
299068307800223744 32
299070593733623808 27
299079309497356288 32
299080454529765376 36
299082677515075584 81
299084371988725760 32
299085303136808960 32
299087140241948673 32
299087626777022464 32
299088474022219777 36
299089820385431553 86
299090558620688384 113
299091103855046657 32
299091703632101376 32
299093238764171264 33
299093742080626688 32
299093939196141569 2
299094392201957377 81
299096879420018688 32
299097022034767873 32
299097122693853184 32
299098682958159873 28
299099123389448192 36
299099622486462464 4
299101337973571584 113
299104596939374593 87
299107717501562880 36
299110640918872064 86
299113207858085889 15
299114067673620480 87
299115523109691393 3
299116114506551297 32
299119163769774082 36
299122015871311873 29
299126885487611904 32
299128076657364995 32
299130136056442880 32
299130631001079808 32
299130819736371200 30
299130953954099200 87
299134183547224064 4
299134569452556288 87
299134586192027648 17
299134611391401984 32
299135127290785793 32
299138424009527296 84
299141246776119297 15
299141498442768385 32
299141620077588480 101
299146573546405888 32
299147303355285504 32
299147638882832384 32
299147735335063552 32
299150650409902080 32
299151883501723649 7
299153116631269376 29
299156438528450560 4
299156526613032962 0
299157013160685568 2
299157025726812161 38
299158674100854786 15
299158833484402688 2
299160347623948289 81
299162285384011777 86
299162314739953665 86
299162692252479489 50
299163040354553857 112
299163216515309568 81
299164223152480256 112
299166118977880064 86
299166148363157504 32
299166366454398977 15
299166722957639680 36
299166760706379776 4
299167960294096896 86
299170132951977984 4
299170141323792385 4
299170258772717569 4
299171114410729472 2
299172259468288001 32
299172880208510976 84
299174151091007489 81
299176625734565888 101
299177246462193664 15
299177552675749888 4
299179226190471168 29
299181289804800000 86
299181923144704002 87
299182208332214273 45
299183118483603456 86
299186373280284673 29
299187279266713602 15
299188260712886273 86
299188545938137089 86
299188944371863552 45
299190915728289794 81
299192719258054656 87
299193008665026560 4
299193050629029888 81
299194417946963968 86
299195588178767872 88
299197450428768256 45
299199916696297474 81
299200713605664768 45
299201451803176962 4
299202911412555776 90
299203980989456384 86
299204022915702784 90
299205205726216192 85
299209400030220289 4
299210251469725696 32
299211811738243072 4
299211828498673664 88
299212428309299200 86
299212663169372161 86
299212877095632897 86
299213380403744769 86
299213833392779264 86
299214168941273088 87
299215578231607297 87
299215641137795072 4
299215964078223361 101
299216089919922177 32
299217167872827393 32
299218098999934977 101
299218551980568577 29
299218849797136385 7
299219411796111360 50
299219806081650691 112
299220091294347264 17
299220812727214081 81
299221592838393856 36
299222519787970562 32
299223337677250560 101
299225292235489280 88
299226076574527488 50
299228458914037760 90
299228760908120064 81
299230010835881984 15
299230618988969985 113
299231759856459777 81
299231982154571777 15
299231998915010561 86
299232212816101376 81
299232506413211648 15
299233387254804480 112
299233521472532481 86
299234221921284096 81
299234695860875264 86
299235144651374592 85
299235224334774272 2
299235287274491904 90
299236121920016385 101
299236436484448256 0
299237015310987264 2
299238298776379393 101
299241322865381377 15
299241780052901888 32
299243805868175360 81
299245831733780481 29
299245861098106880 22
299248084062457856 30
299248277029793792 22
299248432214851585 38
299248788705517568 86
299248885199687680 81
299249799545372673 22
299250193809956867 81
299250323850158080 81
299250802000789504 17
299252123206553600 87
299253985464971264 22
299254237135781888 19
299254555894480896 22
299254723641495552 101
299254878830747649 22
299256539800301569 22
299256980189626370 2
299257168933298176 88
299257454154358785 2
299258066539540480 112
299258817315741696 84
299259454820610049 4
299260411126091778 22
299261216449245184 29
299262839628128257 32
299263288418635776 15
299264135672250369 29
299265381405700096 29
299266157339365376 45
299266417361051648 27
299268883636969472 22
299269340799307777 101
299269835739770880 22
299273933553823744 22
299275556753653760 81
299275883913560065 84
299276139761897472 22
299276668240015363 87
299277104447647745 32
299277465170366465 4
299277758796816384 113
299278274691997696 22
299279600058507264 50
299279612662403072 50
299281059701473281 87
299281957295112192 87
299282007605784577 81
299282380907225089 87
299283312021733378 9
299283790180790273 15
299287246295683073 81
299287325979054080 22
299287871242776577 2
299290433945747458 17
299290782072971265 22
299293500011343872 8
299294213026226176 29
299295307764748288 81
299296834462023680 32
299297446834622464 81
299298528969240577 86
299298633831034880 8
299299992777146368 29
299300215079448576 28
299300663861575680 8
299300949095235585 112
299300986848165888 63
299301297201483776 27
299301452394950657 28
299301972505403394 8
299304157712629761 8
299306858865373184 101
299307035034525696 27
299309098627891201 27
299310432408182784 7
299310948320178178 81
299312466645643265 27
299315671098093568 50
299316199571980288 101
299316199580368896 101
299316472184971264 36
299316602225188864 8
299316975501451265 27
299317373981306880 90
299318552584921088 27
299320070910394368 50
299320603591180288 29
299320972706734080 101
299322126119346177 50
299325120873390080 84
299325913580044288 38
299326131667099648 28
299326718869647360 2
299327192842776576 29
299327201231380481 28
299327402562183168 112
299327763280707584 27
299330518909083648 27
299331429081427968 81
299331949196091392 27
299332267942232066 101
299332737725259776 27
299334390289424384 27
299334599996227584 15
299334801306025984 27
299334901960933376 16
299335313023709184 15
299337464705855488 27
299338001547423744 27
299338983027126272 29
299339238875484160 29
299341302485635072 22
299343068283428864 27
299343252828594177 101
299343638704582657 90
299343705800855552 2
299343831650934784 27
299345517740183552 2
299346444719108096 32
299347845578895361 85
299349535900192769 32
299350714520580098 33
299351066837929984 32
299353432408596480 81
299353440793001986 81
299354288067592192 27
299354564891660289 81
299355055625211905 81
299355097543110656 32
299355290481074176 81
299355575693754369 28
299356926280597504 27
299357521859182592 28
299358142603616257 45
299358289404256256 81
299359107301908480 15
299359916794195968 29
299360642421366784 81
299363838489399296 27
299364178198663168 27
299369911849992192 27
299370297721774081 27
299371442762563585 84
299371874750693376 81
299372059304284161 2
299372562612359169 28
299373556674994177 27
299374416498921472 81
299374424921088001 15
299375452492013568 2
299376983438131201 17
299377272824147968 16
299378782781972482 15
299379051225829376 27
299382037570281473 27
299383694311976962 27
299384197628456961 27
299386345116286977 2
299389411148324864 87
299389897683369985 27
299395845223227392 87
299396763750629376 27
299398458262028288 27
299401700471623680 87
299406234510032896 15
299408742678675458 27
299409891926343680 27
299410776937078786 27
299412270113492993 27
299412655964307456 27
299415768137871360 27
299416103698964480 27
299416799966019585 27
299416829330341888 27
299417487823470592 81
299417953399619585 27
299419043897679872 27
299419735949455360 27
299426560082063360 27
299427411534176256 15
299428745335435264 86
299428774708142081 15
299429131198808065 27
299434940314054656 27
299436131487977472 27
299437775680311297 27
299439025591308288 16
299445526737334272 15
299449842667761664 4
299451193267208192 27
299455601480695808 3
299457019130290176 27
299458378088996864 27
299459313427161088 27
299462530458349568 4
299463826489896960 27
299464195605405696 16
299464438845693952 87
299465793639432195 27
299470684160139264 45
299470805794975744 112
299471690805690368 27
299472584209203201 29
299474350019588096 22
299475889316564992 8
299480419160711168 28
299482797326860288 84
299484584121335808 22
299487725634080768 22
299488145077047296 32
299489487250145280 90
299490204463534080 85
299490519032135680 4
299493350208315392 84
299494071632805889 84
299495761933135872 4
299497796141203456 4
299500266603024388 90
299500514062766080 87
299500572791435265 32
299500740559388672 17
299512396534382592 28
299515617772441601 2
299515949101510658 88
299519476498567168 17
299521200391081984 29
299521233920352259 86
299521917617057792 87
299521921798787072 16
299525189165789184 28
299526992695545856 28
299528196460797952 86
299528532034453504 81
299530138448715777 81
299532000728068096 29
299532504015179777 29
299534504698200064 81
299538086629609473 45
299539214922571777 29
299539349123526656 28
299539403657863168 4
299540745826750465 85
299540984927227904 28
299541253341728771 29
299542423569321984 16
299550447268683776 11
299551189643714560 22
299554167595352064 29
299554171789647872 29
299554486383427584 8
299557376229523456 29
299558064133140481 113
299558550659792896 88
299558789739319296 28
299559993496186881 87
299560207405707264 29
299562564604555265 16
299562719810572288 17
299562883354861568 8
299563701248339969 87
299563759997968387 28
299564623986835456 29
299564733063888896 22
299564938593177601 28
299566725366697984 29
299566733730136064 22
299568268862189568 90
299568390492798977 16
299569707487477760 16
299570386994094080 87
299572354110091264 84
299574614844137472 81
299574803600404480 19
299575512429387777 86
299576749740675072 28
299578574258720768 29
299579664794529792 45
299580608483586048 29
299583636804628480 101
299583955563323394 17
299584349811126272 17
299585239020355584 90
299589705933156352 87
299590163141636096 81
299591555621199872 90
299591983436021760 45
299592109294501888 29
299592251879866368 3
299592960734003200 3
299594508436402178 86
299598866293071872 90
299600560796086272 29
299601227682041856 28
299604595712335872 11
299604855767592960 28
299607414288826368 29
299608643215712256 32
299609561759899648 29
299609788260696064 87
299611931541663744 90
299615094063632385 29
299617015050694657 29
299619422589554688 29
299620651533221888 45
299621393904066560 32
299621876244832257 29
299622278889619456 29
299624111829831683 29
299625382678769664 29
299626066367090689 29
299626594861998080 29
299628331270291456 2
299628641686536192 63
299628817817931776 29
299629950305198080 84
299630797521039360 22
299631342809919489 29
299632001311457281 101
299637026075054080 86
299639219687653376 14
299639471341719552 29
299639475565391872 29
299639731396964352 29
299640616386695168 85
299641123897503744 29
299641421705641987 8
299642315113373696 84
299644487729299456 29
299646052225675265 8
299648333939617793 2
299648455566053376 29
299648619143892993 29
299649709675524097 87
299650225553960961 81
299651852943892481 2
299653102833893376 17
299653341938589696 29
299653539054112768 17
299657087418499072 29
299658467344523264 87
299659415286583296 88
299660371566923777 2
299660396728573952 2
299663093674426370 2
299663647335133187 17
299663924150812672 17
299665757061652480 29
299667543851925504 2
299667954885349376 29
299669003465547776 29
299670232371441666 29
299673373905137664 45
299674166624411649 17
299675248792571906 22
299675840176865280 16
299678218334662656 29
299682068701523968 45
299682555240792064 33
299682605589225472 90
299683821912195072 29
299684178449035264 16
299684199399559169 29
299684694327439360 29
299686523073355776 29
299686581764255744 29
299688074957430784 2
299688532119781376 30
299689022853365760 50
299693288481517568 2
299693573677383684 29
299693951164755969 29
299694047663116288 29
299694865544011776 29
299695104606756865 29
299695696016191488 29
299697176576139264 29
299697885451280385 29
299700028723847168 29
299700490093096960 28
299702486594363392 29
299702494974599170 29
299703631639371777 29
299704147547144192 29
299704650838446080 29
299707817558941696 16
299708509598142466 29
299708580909678593 29
299710258639683585 17
299710652874911744 90
299710678070083585 29
299712594875387904 85
299713647633108992 29
299714318700797952 29
299715472130199554 87
299716835308363776 16
299717682557751296 84
299719007957815298 29
299721075741302784 29
299722619228397570 29
299725819499134978 29
299726188614647808 17
299726809367453696 28
299729040724615168 29
299729149759741952 29
299731431465287680 29
299732559737282562 112
299732803006910466 63
299732865942429697 101
299735852274298881 90
299738305933750273 90
299739312591863808 90
299744198930882560 29
299744630931599360 16
299750708503277569 29
299754139452309505 29
299755041219301376 29
299760346992877568 29
299762897146482689 86
299764235137851393 84
299768853066551296 29
299773408076496896 84
299779737281236992 29
299784707518898176 4
299786729190219776 113
299797571470254080 86
299798175424847872 32
299798720675991552 7
299799475667468288 88
299805058273513472 15
299808745062539264 90
299809030275203072 1
299811093872791552 85
299813312676376576 86
299816752009850881 4
299824339509997568 85
299828261167452161 3
299832086364299264 4
299832203809013760 85
299832614871785472 85
299834443571552256 84
299835089519529984 17
299835802555412480 86
299839434818457600 113
299843008361295873 101
299843989836795904 29
299850360951021569 28
299852902716022785 85
299855775801683968 85
299858606965268480 29
299859022205575169 8
299859655537094657 29
299860062384562177 29
299863975695355905 45
299864931967311873 29
299865242358403072 29
299865963778691072 29
299866454499655680 29
299868664902062080 29
299871265378951168 28
299871777088212992 17
299872603370311680 29
299873886802157568 113
299874054599495681 84
299876055269920768 45
299880308277399552 87
299882334130409472 29
299883860873854976 101
299885542798155778 29
299886780113645568 45
299887199518863361 30
299889149870215168 29
299889720320720896 29
299890030711824385 29
299890236224307200 17
299890441741017088 29
299891628703879168 29
299891683246632960 29
299892123669508096 29
299892970918907904 87
299893000279052288 84
299893189005950976 29
299894359220969473 29
299894434697469953 29
299894535377522688 29
299894640239341570 29
299895953031323648 29
299897249100619777 84
299897706271363073 6
299897848886067202 90
299898561921970177 29
299899061039947776 87
299900101227339777 90
299900910736404480 2
299902072529223682 29
299902424875950080 29
299904094204723200 29
299904341656088577 87
299904635253161984 17
299904681411477504 17
299906271027539968 86
299906824705028096 29
299908494025437184 17
299908544331931649 29
299909068636700673 17
299910385648168960 29
299913065812619264 29
299914802237681666 17
299914827411910656 17
299915469148786690 29
299916723254091776 3
299916765188734978 17
299916928754003968 87
299917352387092480 33
299917423673499648 3
299917775995031552 17
299917939589672961 84
299918270935482368 85
299919466299523072 29
299920812671115264 27
299921366352789504 17
299924159742476289 29
299925543846047745 14
299926043005960192 0
299926500172513280 17
299926797963907072 29
299926999286304771 17
299928442114301952 17
299928823808524291 17
299928911909892097 29
299931067748589568 29
299931424285413376 29
299932833558962177 29
299934129594720257 45
299934666461437952 17
299934754566987776 29
299936868483624960 14
299939485720907776 29
299939976475447296 112
299940056142073858 29
299940391719956480 29
299941238956765184 10
299941939413921792 50
299944690864754688 29
299945122873876480 17
299945756197015553 85
299945848475897856 17
299946376970788865 17
299947048071991296 29
299947970793717760 88
299948130210807808 29
299948855808651265 17
299950105690259456 85
299950160220397568 16
299951003300667392 29
299951431090323456 29
299951737299664898 29
299953763161100289 29
299954388108210177 85
299954895614787585 84
299955872862457859 85
299956963381506048 29
299957043090034688 45
299957563183755264 29
299957584138481664 29
299957680632647680 85
299957684831154177 17
299958498521919488 85
299958506881183744 29
299958636908802049 16
299958934733746177 29
299960037827309568 113
299961698780082176 17
299962571191103488 29
299962810258051072 28
299963271618895872 17
299963808506605570 81
299966593528627201 88
299969542111780865 87
299972536828043264 90
299972868186460161 29
299975103754682368 29
299976122991534081 29
299977070891646976 15
299977729405763584 29
299977859412418562 29
299977934935060480 1
299980371813101568 29
299980384375033856 17
299980506030817280 29
299980543758585856 17
299980556349865984 17
299981034517303297 90
299981240046587904 29
299981516853899264 113
299981869179604992 29
299982544470933505 29
299982825480912897 29
299983685292269569 29
299983974720233472 29
299984897458724865 86
299985677586677760 17
299985803449344001 17
299985807610093568 29
299986155754110977 90
299986159956811776 29
299986495488536577 29
299987946738688000 85
299987997070348288 113
299988668158988288 2
299988726845693952 87
299989171462881280 17
299990505255735296 29
299991264399609856 29
299991696438083584 29
299992292012462080 17
299992392679952384 29
299993193800413184 29
299993328026525697 81
299993378341388288 29
299993470607687680 28
299994833785864192 29
299995915899510784 29
300000462541819906 87
300001477534048256 29
300001687270211584 29
300001796292759553 45
300002014396567552 29
300002479985270784 29
300002484187967489 29
300003310474252288 17
300003339834363904 29
300004212216041472 28
300004409365131264 17
300004430349217793 29
300004669424562176 17
300004723916951552 29
300004736537604099 29
300006787531280384 33
300006955290853376 29
300007429255593985 45
300007823536947200 86
300009358660628481 90
300010944082350080 29
300011816501788672 17
300012684743700480 29
300013083185786880 17
300014081442717696 17
300014404395732992 15
300015394243112960 1
300015473926492160 29
300016941932879872 87
300017667568439296 29
300018061828825088 45
300018313478688768 29
300019697611579392 29
300020272239624194 16
300022155452760064 29
300022344196452354 29
300022407127764992 45
300023103365476352 90
300023459910676481 29
300024235840114688 90
300024705581215746 90
300025011782184960 17
300025603191631872 90
300028325303304193 29
300028845392814080 87
300030049137078273 17
300030804120186880 101
300031122874699777 29
300031181586587649 17
300033970815524865 86
300034507678040064 17
300034994238271489 29
300035015184629761 29
300035845652631552 17
300038416781959169 17
300039532483579904 29
300039809278291969 17
300042011300478977 29
300044460753043456 15
300049007407939584 17
300049699463917570 17
300051922449231872 29
300055470801047552 29
300059430224019456 29
300060910813327360 29
300062232040062977 29
300064157242376192 88
300064861868675072 29
300065436475727872 29
300069995709333505 29
300071606313701376 90
300072583582318592 29
300074265481445376 50
300075460870672385 90
300077457359376385 29
300077843226980352 16
300078547886809089 17
300078635971395584 87
300081504871133184 38
300082289218555908 29
300082893173166080 29
300083916579147776 29
300084730303488000 17
300084935799238656 17
300085036458319873 29
300085149712928768 2
300086424798101504 84
300086588354994176 29
300088735855411200 29
300088920375427072 29
300090203840864257 101
300091793490468867 30
300099393577684992 88
300100177891557376 29
300100207247499265 17
300100282753368064 29
300102090519367680 45
300105752129961984 17
300110617514233856 17
300118867714392065 84
300120381858148353 17
300120679662116864 101
300122931999154176 50
300122961363496961 90
300124349682311168 29
300129579970998272 15
300134428586430464 81
300136383123701760 28
300141542121816064 38
300145518326206465 29
300151851721035776 2
300161465074216960 86
300170411524620288 30
300172181508354048 17
300174710690435072 2
300180846936211456 101
300189923435216896 32
300193719263563776 112
300194092560834560 30
300195904512724992 17
300208122520289280 17
300208458072997889 45
300215953269084160 30
300220487324278784 101
300221854667399169 17
300223654028001280 17
300225075880267777 17
300226124468854785 29
300226413880033281 22
300227403739971584 17
300230469772009472 17
300234617938653184 29
300235725213954048 17
300239068082630656 29
300240011809402880 29
300240263459270656 29
300242520003186688 29
300243153359867906 29
300243602133622784 17
300243711193923586 17
300243837031432192 17
300243975405715456 90
300250325611335680 17
300251382571757569 17
300253785907929088 86
300255560090136576 17
300257548194443264 17
300260631024648194 17
300261268542070785 101
300262048674234369 29
300262170321637377 17
300262468121403392 29
300263587979616256 45
300263759954468865 87
300264783385616385 17
300265005683720192 17
300266196828299264 17
300266662404423680 17
300267702604414976 17
300269124473462784 29
300269996897095680 29
300270068208660481 17
300272987410673664 17
300273000014557187 85
300274220557037568 29
300274514149920768 90
300275101369262081 29
300275386577743876 17
300275785028206592 17
300276477071601664 17
300277932528640001 17
300279467618742273 14
300280717538127872 29
300282261046169600 17
300282793697611777 17
300282823070343170 17
300282974048485377 29
300282995015831552 29
300287269024169984 17
300287529062641664 29
300288183369887745 17
300289672356167682 84
300292134408441856 17
300292646126116864 17
300292943913308160 17
300296869773471744 29
300298321027809280 17
300298652382015488 29
300301181555703808 29
300302330757267456 90
300302913769730050 29
300303551312302080 4
300305329709785088 81
300306856444833792 29
300308236345700352 17
300308362195775488 17
300309037482921986 101
300310631314227200 50
300312388702461953 17
300312405492252672 1
300312418079363072 17
300312782983794689 17
300315182104727552 45
300317153461157888 17
300318696965017601 15
300320513098670080 88
300320857010622466 17
300323205812461568 45
300323407147442177 17
300326921995182080 29
300329438544015360 85
300331107885408257 16
300331393119055872 30
300331955151589376 17
300332701741899779 29
300333901300260865 86
300337248367419392 17
300338636665282560 2
300341845320429568 17
300342256370585600 17
300343363654283265 90
300344668061855745 17
300347268551278593 17
300348493279686657 17
300349772554960897 90
300350611419963392 84
300352243004239872 32
300353161535832064 88
300357854957821953 17
300363152363773952 29
300367166316871681 29
300368936321572864 29
300369452233547776 90
300369938772811776 87
300370270093451264 81
300373067727765505 29
300380885910421505 33
300390130122891264 29
300392600588922880 29
300392659296608256 84
300393414271332352 17
300394920026464256 85
300394982936825857 88
300395930866311168 90
300396903940624384 90
300397151400374272 29
300402167813120001 113
300402687890051072 33
300408836718735360 87
300409444926377984 17
300417984499970050 28
300424997384646656 28
300425123205378048 17
300428625465995264 101
300436485574885376 90
300441669743017984 112
300445314597412864 85
300446782620577792 29
300448711987822593 38
300455699677339649 84
300481482076610560 29
300486947258896384 86
300491527443058688 16
300498179609214976 85
300512524116299776 101
300516345131458561 112
300519012700418048 88
300524394005012480 30
300527095124226049 88
300536465224519680 90
300548393820889088 88
300550709059919872 45
300551380152770560 15
300552114151776256 84
300559101874823168 86
300560171434930176 84
300562268574339072 88
300562381803753472 29
300563916944179202 81
300575988142727168 87
300577863004983296 84
300581839201001472 85
300589548323352576 84
300595701384093696 87
300598054359277568 16
300598771581059072 38
300602110259630080 33
300607135056797697 90
300612155621904384 0
300612214354767872 87
300624386224955392 22
300624684007960576 22
300624751129419778 17
300625782936576000 22
300626454021029888 22
300626659529338885 22
300627594875895809 22
300627984921014273 22
300628488262676482 22
300628966375563265 90
300630069481717761 28
300630077878714369 28
300631675929522176 86
300632418300346368 22
300633743717199875 29
300635056504975361 22
300636138656387073 28
300636734239145984 101
300637413708034052 22
300638168695324675 88
300638814601371649 81
300638877524303872 22
300639498285510656 81
300640026771984385 22
300640282611945474 22
300640320373276672 22
300640328745111552 22
300640593003020288 22
300641100526403584 22
300641478013759489 28
300641628996124673 22
300642581086359552 22
300644057506533377 22
300646582473330688 29
300647006085455872 17
300647534584541185 22
300649375892381699 22
300649631711363072 90
300649791115894786 22
300649984049684481 22
300650252485152770 2
300650395108253696 22
300650789377015809 17
300653087847231489 22
300653113021440000 81
300653431759192064 45
300654119646031873 88
300657340863086592 22
300659022758035456 2
300661979775909888 22
300662520824344576 9
300662915072151554 38
300667004547919872 85
300669898596691969 81
300672268370063360 22
300673904186380289 90
300674080313573376 81
300674206159470592 0
300674646540443649 0
300675393134948354 22
300678543048839170 22
300678589194579969 22
300681000936144896 86
300682829656883201 22
300684192780541953 101
300686147342966784 87
300686516454293504 22
300686977810968576 22
300687086883835905 22
300688131265552384 22
300692593988235266 22
300694326214815745 22
300695811019395075 22
300696209461501953 22
300700819035136001 22
300701087466389504 22
300701666263592960 22
300701674635411459 22
300702408638623744 22
300702731629367298 22
300702966510391297 22
300703700509401089 81
300705617314738176 28
300705717969616896 17
300705847984672770 19
300708901446352896 81
300710625301114880 28
300711829074747393 22
300711833264852992 22
300712965739524098 15
300714073014812672 22
300714572157947905 22
300715696214642688 28
300715733971787776 28
300716333748871169 22
300719152329535488 7
300722348359815168 30
300727729677025284 28
300728526573817856 81
300731890422386688 17
300733702370107393 22
300733916254457856 7
300734713205764097 22
300736873242951681 81
300738152522461184 113
300741432476594177 85
300742908871589888 22
300744607547944961 81
300746302042542080 22
300749779128954881 88
300750131446284288 90
300754036326539264 17
300761288303333376 30
300762085204295680 22
300771778249244674 84
300776048050708480 113
300776144532295680 85
300776165499604992 113
300776173892423680 113
300776220021379073 17
300776240988692480 113
300776257749123072 113
300776261977001985 113
300776266158706688 113
300776350040612865 113
300776408769257472 113
300776551350419456 113
300777138582327297 29
300777339883753473 16
300782029132423168 87
300783220314750978 15
300784226939326465 81
300785862726262787 90
300786085003423744 30
300786588328284160 22
300786932257013760 45
300788324799508480 112
300790212219531264 90
300790287716978688 90
300790799409500160 17
300791726342295552 90
300792728818696194 15
300792791733260289 15
300792863007055872 15
300795237004099586 15
300798672113897473 84
300799418720997377 85
300801205481906176 50
300805240419127297 22
300822466400501760 17
300823108145799170 22
300823787635613696 84
300825360466063361 90
300826115440783360 7
300827872879316992 17
300827960968110080 17
300830783722106880 22
300837037408415744 28
300837880471887872 45
300838903903047681 84
300844704596119552 22
300851176440750080 45
300853063881719808 22
300854791914016768 16
300855165194473472 84
300858017354743808 22
300864757563551744 17
300864975679918080 45
300870499582476289 81
300871984357732352 85
300872273768898560 81
300873066513326080 84
300873406230982657 17
300877172720160768 22
300878871413280769 101
300880901448024065 4
300882931512119296 28
300884353368612864 22
300885926224211969 101
300886911902416896 45
300901134770520064 22
300904691569655808 15
300916427228069889 28
300917110870274049 84
300920000741535744 7
300924488671961088 84
300926019605520384 84
300933498020171776 81
300934458519977985 85
300935163184033792 22
300935238677299200 84
300937142878748672 84
300938833179058177 84
300940150182137857 84
300943119770324992 84
300943950225747968 90
300946479395262464 84
300950178796535808 84
300952678568185857 84
300955971126181888 2
300956885459283970 84
300957191635079168 22
300957317497749504 29
300957783044526080 85
300958106014339072 81
300959548871692288 81
300963042726916097 28
300967597736869888 87
300969480975171584 84
300969854264045569 81
300970747642404864 84
300971372602089472 84
300971678773686272 84
300972073055031296 84
300976397357289473 28
300976426725806080 45
300978892993343488 22
300983141810728960 50
300985515807752193 84
300986413359448064 81
300992658682286080 4
300994198000259072 4
300996362252738560 81
301000543961227264 45
301001206686420993 84
301001340912549889 84
301004054606270465 113
301005791069085696 84
301013282100228096 86
301013546312028162 84
301013563118612480 90
301014066422493184 113
301015068840173568 81
301016100651548674 2
301018281706389504 45
301018415898972161 84
301018478838706176 29
301021117030748160 88
301021209301241858 22
301021624558301185 84
301021674889957376 88
301024170475675649 33
301024531223564288 22
301026397688823808 85
301028931027484672 90
301029165916909568 16
301033934815363072 22
301036023578779649 15
301036845666533376 81
301037772616122369 22
301037961380786179 84
301038192050724864 28
301038535975260160 22
301039546794119168 22
301039773303312384 84
301040729592049664 28
301043049063124993 22
301044017943150592 81
301044185702744064 81
301048417759678464 28
301049164358365185 2
301049969639579648 84
301052666614804480 22
301053065048510464 113
301054612763443200 22
301055107695529984 88
301055829115813888 113
301057678803877889 81
301057808797954048 30
301058677027258369 88
301058886750851072 30
301062724543213568 86
301065815741054976 28
301066637837205504 84
301070567900073985 22
301071159288545281 22
301071884907327488 28
301074544070889473 45
301076267959218177 81
301082026734387200 22
301082345488936960 85
301082404192395267 81
301083201122729984 28
301084300055552001 84
301085398950625280 84
301087630320357377 90
301088611762307072 32
301088762769854465 2
301088884400455681 2
301089496773033985 22
301090557944541184 29
301092407628423168 9
301092743185305600 85
301092797711273985 81
301093024195309571 2
301094907421016064 85
301096274793484288 2
301097801482375168 15
301099349193138176 15
301101190513565696 81
301109608464936960 22
301112548655263744 32
301116050899103744 84
301116587774210048 45
301120597537218561 22
301122124272242688 85
301123105751973888 22
301125546811731969 10
301126733808164864 15
301129254580670465 85
301129531404742656 33
301129544000221184 33
301143087399464960 81
301143259357540353 50
301145100682133504 84
301145968873713665 2
301146442830065665 84
301150070903013376 84
301150679106457600 84
301153304740773889 90
301155632571117569 45
301157952021217280 28
301160774800396288 85
301161445851287552 85
301163970847453184 2
301164658704932864 22
301167359840878592 22
301168202912759810 113
301169477964398592 81
301175626822475777 36
301175966548504580 81
301176318857474049 36
301176771859062785 3
301178013352091649 84
301179129049513984 13
301180546745237505 36
301181150725013506 3
301182924911439872 9
301184250319888384 84
301184627769499648 36
301185735065739264 36
301187471541141504 36
301188373316521984 101
301188713038376960 36
301188721447952384 22
301189241533239296 36
301189270864007168 90
301190025855504384 113
301190730498572289 36
301195813982437376 36
301198657724751872 36
301199790207799296 28
301202608750751744 85
301205385392574466 16
301206769500315648 36
301207306408976384 36
301207457399717888 36
301208661139783680 15
301209214787919872 28
301210477298606081 36
301211592979267584 36
301212196929691650 36
301212880638988288 81
301214126347272192 36
301214562529710080 36
301216047330103298 101
301216588386934784 36
301217645334765568 36
301217678918578177 36
301218039611936768 84
301221483143905280 28
301224062649237505 112
301227007038087168 84
301230333116956672 36
301230849024724992 36
301231411040505856 36
301231738221383681 36
301232023408885760 36
301233021686800384 36
301234032480514048 38
301234703590125568 84
301235303383957505 36
301236653937270785 36
301236893029388288 36
301238142923571200 16
301239317307736065 15
301240089068044288 36
301240932106399744 36
301242777600135168 88
301244937670885376 113
301245537477328896 36
301246695109435392 36
301249920525029377 36
301250683896737793 36
301250864247619584 84
301252248346955777 36
301252458074734592 27
301253401805717504 7
301254928519794688 113
301256966955741185 87
301257977766232064 36
301258015531741185 36
301259177362337792 84
301259663872241666 36
301260171399806976 36
301260326597435392 36
301261912040153091 36
301262562132099073 17
301263593943494656 36
301264470548815872 36
301267289116901376 84
301267977016332289 36
301268195090776065 36
301270124474818561 36
301270682325635073 36
301271374381600768 84
301271890285195264 84
301273563791495168 36
301276596277485568 85
301277351281577984 36
301278236283924481 84
301278383050985472 84
301279070929432577 90
301279356142104577 85
301280517976887297 85
301281851748794368 45
301282061472395265 85
301284028613550080 36
301284401906585600 85
301285358178537473 85
301285769228713985 36
301285895049457666 36
301286276743716865 36
301286486463090688 45
301286851363356672 36
301286926852448256 85
301287522460389376 27
301288290001240065 85
301289430881292290 85
301290059993346048 36
301290529767968768 36
301291028881739776 36
301291238592761856 85
301292136190603264 36
301292236845481984 85
301292412997890048 85
301292501090856963 85
301292765344591872 85
301292777935863808 85
301293692260593664 85
301293704864477184 36
301293721620713472 36
301293990051995648 85
301294006833410048 85
301294405288075266 85
301294459830824960 85
301295617441927168 85
301296217265164288 85
301296728936701952 36
301298113073778689 85
301298377327525888 36
301300159898345472 36
301301028110864384 36
301301292352040960 85
301301749514379264 85
301302965891907584 85
301303024586985473 85
301303095915339776 84
301304337433493504 85
301304526173007872 85
301304706502905856 85
301305000099971072 85
301305130127605760 85
301305453114175491 85
301305708949950464 85
301305855746383873 85
301306325537796097 85
301306371662548992 22
301306430378614784 84
301306887549382656 36
301307097281347584 85
301307344724316160 85
301307814490550272 84
301308460438548480 22
301308833723187200 85
301310331064565760 85
301310343655849984 85
301310389784825856 84
301310448509276162 45
301310515618119680 36
301310637244551168 85
301310725354319872 36
301311446766202881 85
301311564185747457 36
301311589389303809 85
301312461766791168 85
301312482776055808 4
301313598456750080 85
301314089190318080 85
301314139526144001 85
301314919666708480 85
301315569754443776 28
301315628487303169 9
301316169531543553 85
301316211478769664 85
301316219879948291 85
301316819661225984 85
301317490758262784 85
301317553660256257 84
301319004889427968 85
301319063634862080 85
301319285928779776 85
301319390777987072 85
301319441118019584 17
301319558550155265 85
301320095425236993 36
301320170914328576 28
301320657466187776 85
301321852826030080 16
301321869620043776 36
301322209346072576 85
301322452598927360 85
301322742043643905 85
301322742043664384 90
301322888823312385 36
301323123721113603 85
301323161465671681 85
301323627041804288 85
301324650447773696 85
301325044678811648 85
301325317316939776 81
301325724172832769 17
301326055531241472 84
301327494164914176 85
301327544488177664 85
301328404324679680 85
301328643395825664 36
301329209647845376 85
301329591308521473 85
301329712943357952 85
301329842970955777 85
301330090439102464 85
301330149155164160 85
301331080294854656 85
301331143234576384 85
301331260645707777 36
301331914969718784 36
301331990479773696 36
301332388917690369 85
301332544123715585 85
301333135524786176 36
301334452502659072 85
301334691590586368 85
301335165546946560 85
301335496901132289 85
301336004395155457 85
301336520311308288 85
301336918786985984 85
301337086542348288 85
301337405296893953 85
301338210620022784 86
301338701341028353 101
301338982376169472 85
301339007529385985 81
301339083022688256 85
301339091411296256 85
301339510866866177 85
301339632472301568 85
301340106437046272 87
301340198720110592 85
301340672672284672 85
301340999815397376 84
301341062763536386 85
301341180166283264 85
301341637358010368 85
301342656578064386 36
301342685938192384 36
301342954382053376 88
301343084392890368 85
301343604503351296 36
301344032305594369 85
301344078468100096 33
301344225264549889 85
301344254595305474 36
301344489505710080 85
301344887947800576 85
301345059918467072 30
301345236070846465 85
301345298981195776 85
301345303167123456 85
301345806487801856 22
301346032984412161 85
301346284651044864 85
301346636968370176 85
301346800563011584 85
301347538731151360 85
301347693945561088 85
301347765248724992 85
301347891077857280 85
301348461494800384 85
301348654445391872 85
301348717330591744 85
301349258416758784 85
301349417817079808 22
301349568791076864 85
301350063714738176 22
301350147596636160 6
301350751576399873 85
301351129059557376 36
301351523349327872 22
301351561081286656 85
301351829529300994 85
301352009859231744 85
301352991330549760 85
301353079444492288 85
301353104589340672 85
301353398199001089 22
301353477899165696 85
301353549172973568 85
301353725354729472 85
301353767310344193 85
301353989583282176 45
301354115433373697 85
301354287399829504 15
301354564211335168 36
301354815877947392 85
301355990262108160 113
301356829122912256 85
301357839966949376 22
301358250987757570 85
301358590751551488 85
301358796280852481 85
301358829818490880 85
301359005991858176 85
301359219876192257 9
301359333147566080 85
301359500919701504 85
301359547052875777 85
301360784355762177 85
301360947941998593 85
301361057010683904 85
301361090552528896 85
301361291858149376 85
301361358992179200 85
301361488998854656 22
301361572872347648 36
301361681945198592 85
301361694519750657 90
301361929413337090 85
301362072032251905 85
301362101379813376 84
301362235597549568 85
301363070272417792 85
301363279962439680 85
301363456131612674 36
301363531629068288 85
301364047528472576 36
301364097872695297 36
301364265632280576 22
301364274041847808 85
301365272248479747 85
301365498749276160 113
301365574259331072 85
301365930754203650 85
301366111147028480 85
301366438281752576 85
301366664765796353 85
301367008694525952 85
301367168090656768 85
301367264576425984 85
301367780463214593 36
301368069866008576 85
301368212468154369 22
301368552202575873 85
301368665473970177 84
301368711598710785 22
301369042940338176 85
301369219092713472 36
301369273631272961 36
301369357504761856 85
301369378497241088 22
301369521116176384 85
301369718214901761 85
301369936343859201 85
301370506752430080 22
301371358187769856 85
301371454656757761 85
301371517604872192 85
301371567915532289 85
301371827958206464 85
301372276769714176 36
301372314510041089 85
301372360626405376 85
301373069463789568 85
301373472146333696 85
301373644079247360 86
301373778330525696 85
301373887361474560 85
301373992206487553 85
301374084493758464 85
301374105477869570 85
301374784955117568 85
301374944313487361 85
301375527325945856 85
301375795773988864 85
301375812551200768 85
301375867093921792 85
301375921603100672 85
301376382976536577 85
301376877904420865 85
301376945009078272 85
301376999543435264 85
301377326686547968 2
301377339261063169 36
301377502843109377 85
301377519624544256 85
301377553170587648 85
301377985209057280 85
301378144600997888 85
301378740196360193 85
301379029569769472 85
301379197367099392 85
301379314795028480 85
301379314816004096 84
301379323175260160 85
301379730018553856 85
301380128494194689 85
301381458088570880 90
301381692986380289 85
301382632476930048 85
301383005799329793 85
301384482177568768 85
301384746401923072 22
301384830288031744 85
301384859685892097 85
301384981287141376 85
301384989705113601 85
301385170047602689 84
301385170051805184 36
301385279116296192 85
301385774010617856 36
301385803391696896 85
301385828557533184 36
301386398966108160 36
301386684182953984 85
301387032331177984 85
301387229463453696 22
301389142057697280 85
301389632782872576 85
301389880234225664 85
301390249328799744 22
301390408733298688 85
301390626828734464 85
301390681363079170 85
301390685569949698 85
301390790406569984 85
301390886883950592 85
301391222419910657 87
301391486652657664 85
301391784477589505 85
301392082239639552 15
301392094856089601 85
301393181168259073 85
301393294393487361 85
301393327973093377 85
301393520894300160 85
301394150039908352 85
301394447856455682 85
301394980512096256 85
301395190227275776 36
301395676762349568 85
301395790033723392 85
301395840365375490 85
301395890697023488 33
301395903279927297 85
301396092023611392 36
301396188484235265 85
301396305916350465 22
