626361202931834880 198
626362285053841409 108
626363069405368320 18
626363522365063168 41
626363748870172672 41
626364738734288896 18
626367418894430208 41
626367439836680193 108
626368391960489984 0
626368467449425920 159
626368538777882624 108
626370304579743744 159
626370740778962944 11
626371093104689152 159
626371856459780096 108
626372858894286848 0
626373114759393280 108
626373391579156480 108
626375962670665728 41
626376184989794304 41
626377074161373184 4
626377246144462848 41
626377724286910464 41
626377917212311552 18
626378181449224192 41
626378504435826689 18
626378647050579968 189
626379787867713536 62
626380987434340352 18
626381507528159233 108
626382082164457472 188
626382270891331584 18
626382942017753089 18
626383084615675904 188
626383592130744320 18
626383629883703296 108
626383780853362688 108
626383994758791168 18
626384695211614209 23
626385504729067522 173
626386930792579073 108
626387576715354112 56
626387807381159936 60
626388038097223680 95
626388449101086722 111
626388688180805632 108
626388855965491200 98
626389233461276673 159
626389271222558720 41
626389388654612480 188
626389409634480128 188
626389946480242688 95
626390244292587520 41
626390579807711232 95
626390663727181824 108
626391213151789056 159
626391225743077376 108
626391473223827456 41
626392278504968192 41
626392530171654144 18
626393050286153728 14
626393947867348992 41
626394350512173056 18
626394413422370816 173
626394681836965888 41
626395248089038852 41
626395382306594816 41
626395613010206720 65
626395696879382528 14
626396154058530816 132
626396367972384768 108
626396477011574784 132
626396669970505728 11
626397039073562624 41
626397663995559936 23
626397852768403456 41
626398184093253632 173
626398481897226240 108
626399303976812544 18
626399404644241408 41
626399643715264512 18
626400251881127936 108
626400679704158208 6
626401199789592576 60
626401380161462272 18
626401522755219456 13
626401891849613312 108
626402273544024064 41
626403963844304896 108
626404119021010944 41
626404123240452096 41
626404202923823105 41
626404601391120389 18
626405486401859584 41
626405570287943681 16
626406333638660097 108
626406962779983873 41
626406966982782976 108
626407008929976320 108
626407650658377729 159
626407688373710849 18
626408053290700801 108
626408527246962689 132
626408854419566592 3
626409382893391872 18
626409445795471360 14
626409605195792384 95
626409739396648960 173
626410611828600832 18
626410884441575424 173
626411471660912640 56
626411505219727360 108
626411576501927936 108
626412125955694592 41
626412482483978240 172
626412696372535297 56
626412763502497793 41
626413153572777984 41
626413350713454592 6
626413510105260033 38
626413854034161664 41
626413858199064576 23
626413967271981057 18
626414013392384000 14
626414080522256384 11
626414407678062592 41
626414441215729664 172
626415049389817856 172
626415103936565248 18
626415229770047488 41
626415288473513985 41
626415535924858880 173
626416030861017088 1
626416555140583424 108
626416639022493696 172
626416727115497472 41
626416802608713728 108
626417037485699072 41
626417071069380608 18
626417561790320640 108
626418073487167489 18
626418379692376068 108
626418413238259713 41
626418635540701184 108
626418962679623680 172
626419721835941888 159
626420065802399744 108
626420350985895936 41
626420678137376768 159
626420707493326848 159
626421152097898496 41
626421592516509697 108
626422804670361601 132
626423337351294976 41
626423421207904256 159
626423576414023680 159
626423693866995713 18
626423744190267393 18
626424541112336384 41
626425304488112128 171
626425778423492608 18
626426084599439360 172
626426378221715460 41
626426793432645632 108
626426868925755392 172
626427590354563074 41
626427867203813376 14
626428701861916672 108
626428940949651456 188
626429377140629504 108
626429750412587008 41
626430283093540864 17
626430304094281728 18
626430736099373056 41
626431361037922304 11
626431784666791936 41
626431872730595328 18
626431948227874816 41
626431973397893120 160
626432464135811076 108
626432480921415680 41
626432782928117760 108
626433097488330752 41
626433189741883392 4
626433625962053632 41
626433802147991552 18
626434104125468672 108
626434515163054080 159
626434565507280897 41
626434921989578752 41
626435341453410304 18
626436209645092864 108
626436637497683974 108
626437635733614592 18
626437652494057472 188
626438038391013376 159
626438139050086400 41
626438537488015360 18
626439078578405376 41
626439493814480896 65
626439607064768513 18
626439900653490176 65
626440500447432704 16
626441817446293504 14
626442027174129667 189
626442094278803457 41
626442299799678976 159
626442526287917056 92
626442983454437376 18
626443629364662272 11
626444103358803968 172
626444220769955840 18
626444581488467968 65
626444774439043072 99
626445814605283329 18
626447098075029504 172
626448121481043968 16
626448125683609600 11
626448213738848256 14
626448360552050689 132
626448461236301824 41
626448905828339712 172
626448935192760320 41
626449212000075776 14
626449681774735360 41
626449694328291328 14
626449937623089153 41
626450076047667200 79
626451644683829248 18
626453062383706112 159
626453397927911424 14
626453414684307457 108
626453666371756033 95
626454354220961792 132
626454429735088128 171
626454542977118208 14
626457088898793472 41
626457676109578240 159
626458250741858304 159
626459471271849985 108
626460700186144768 172
626460737930723329 60
626461052507521024 41
626461555824136193 12
626461937526829056 56
626462738613579776 95
626463594260131840 41
626463741069004801 108
626464118556463108 18
626464231794216960 41
626464651220512768 38
626464739325952000 13
626464852542750720 16
626465955678420992 18
626467465615278080 18
626467469792669696 13
626469034301612032 172
626469055243882497 14
626471152391577600 4
626471475378298880 18
626471546664554496 18
626471748003864576 159
626471987066634240 14
626473098565578753 41
626474277160755205 41
626475136980381696 13
626475287996444673 18
626476936340967424 132
626477653579665408 108
626478567925354496 41
626478823798894592 41
626479310342258688 172
626479968843755520 118
626480526690488320 18
626481139025334272 18
626481214522793984 41
626481558484942848 12
626482309257134080 41
626483399784595456 198
626483571730055168 18
626484255397425152 41
626484582582472704 159
626484733564710912 18
626484892927262721 189
626484901353783298 18
626485350123311105 160
626486050584702976 18
626486809745186816 95
626486834915352581 108
626486893631311872 18
626488617477783557 14
626488655238926336 150
626489607329181697 108
626489875768999937 41
626490874034319361 38
626491188598714368 14
626491549308694528 14
626492052637810688 189
626492333626933249 95
626492799223906305 95
626493642274902016 18
626493646465015809 18
626494036543565824 6
626495089309696001 8
626495521302179840 11
626498172119085056 108
626499317147271168 108
626500755793571844 108
626501376550547456 198
626501439469305856 41
626501611431555072 18
626502135711199236 79
626502248982515712 17
626502509033615361 108
626504220280287232 18
626504224478638080 11
626504383862304769 95
626505524713029632 60
626506753652453376 108
626506778822488064 41
626507072415354880 189
626507277944664064 95
626507860961312768 159
626508192323796993 18
626508628527333377 41
626508892768477185 65
626509182175346688 172
626510398510858240 187
626510654355177472 18
626510926984798208 108
626511799408590848 108
626513019946827776 118
626513632302637056 187
626513707800117248 187
626514823493238784 18
626514865423785984 188
626515083544367104 172
626516253771984896 41
626516660619325440 132
626516966782730240 108
626517239429070848 18
626518178928046080 6
626521291097423872 18
626521832187920385 187
626522733942304770 108
626523933530046465 172
626524256508116992 108
626524516538294272 41
626524667524837376 41
626525883864449024 132
626529826518757376 41
626531734914506752 41
626532703802888192 108
626533127456980992 108
626533320399024129 18
626534058571497472 159
626534301857767424 38
626535174243663872 79
626536810047377408 118
626538370311675904 35
626538458404655105 173
626540723328970752 95
626542174537015296 41
626542237472698368 172
