306428048864051200 1
306428589937684480 104
306428732518842368 217
306429709816827904 14
306433610494386176 109
306433698578964480 4
306433786642587648 109
306434533262254080 109
306435883807145984 167
306437322466021376 109
306437800608288769 217
306438060659318785 217
306440996672110592 9
306441990701195264 109
306442162692820993 269
306443022537719808 197
306443970425274368 7
306444570223341568 1
306445966918160384 155
306446457647550464 56
306448932299489281 135
306448982635327489 56
306454087107493889 109
306454204522823681 109
306454913360220161 167
306455307645771776 155
306455961961377793 109
306456213619617792 104
306458566607372288 135
306458939917225984 109
306459132851023872 197
306459195748806657 155
306459304813273088 135
306460244316405761 155
306460886044905472 217
306461020266844161 197
306461653606731776 1
306462794482589696 135
306463864000753664 135
306463905960579072 197
306464103105441792 3
306464279253630976 135
306466292532117506 57
306466384802635777 4
306467164951568384 135
306467647262961664 145
306469543117717504 135
306469744419143680 135
306469887042273280 135
306469949952622592 135
306469996102574080 135
306471208231239680 4
306471367606423552 269
306473812885635072 135
306473921941762049 52
306474693727232000 135
306474878247243776 1
306475029258960897 1
306475377373622272 1
306475423536123904 1
306475612271431680 66
306476069425410048 145
306476950250205185 1
306477050900930560 197
306477478740889601 135
306477847827058688 135
306478808310087680 197
306479101907193856 152
306480112755417088 135
306481975034789888 269
306482402845421568 135
306483078128353280 4
306484059603877889 1
306486559379701760 135
306489013081079808 135
306489919050760194 135
306491860996743170 143
306492053913731073 143
306492225917947905 12
306497691075112960 4
306498349572431874 56
306498873881415682 109
306500014740480001 109
306500836807286784 104
306501231059288064 109
306504674603827200 145
306506541039763457 19
306506683654488064 135
306507086303469568 109
306507090531319808 109
306508269122371584 109
306509447692443649 155
306511150609223680 56
306515609124995072 52
306518306083450881 155
306518742270099456 135
306520273224613890 10
306521674088579074 14
306522592641167361 4
306522672341344257 1
306523028861353984 109
306523368587411458 135
306524299722895361 82
306525096670015491 135
306525188944711682 135
306526405271896064 143
306526463983747072 145
306526585652146176 135
306526841475325952 5
306527147693047810 135
306527437074882560 135
306527722312695809 135
306527726473474049 143
306529865589485569 135
306530356335616001 145
306531245502894081 135
306531476193820673 155
306531836891394049 11
306533439115493378 4
306534026326462464 13
306534802260127744 143
306535452393996288 5
306535750177009664 109
306536832341000192 155
306536907830091776 143
306536953938055169 197
306537025249607681 135
306538690417676289 143
306539202089205761 13
306540099699630080 7
306540137419010048 135
306540661702807552 11
306541236360200194 52
306542607889215489 135
306543077621895168 13
306543824212209666 109
306544101061443585 135
306544205914861568 135
306545195749613568 135
306545556455555073 135
306546013664063488 135
306546374344851457 143
306548253418213378 135
306548517646770176 135
306550430249414656 145
306550816129564673 66
306551327826259968 143
306555027198193666 109
306556663001923584 56
306557329875271680 7
306557396996718592 109
306558433002389505 56
306563667477008384 12
306563860406624257 135
306565869478240258 241
306566196650708993 145
306567488487972865 104
306568172155322368 1
306571384996380672 135
306573058540437504 109
306573515711201280 56
306574962750283777 104
306575692546576385 152
306577017963425792 1
306577076650135552 7
306577508676022272 104
306578041356824577 143
306578834084474880 152
306579442266939392 1
306579475829760000 241
306579647796240384 197
306579819741720577 1
306580130111823872 104
306580163695611904 135
306580742509568000 135
306580893491937280 135
306580927054741504 135
306581505835143168 135
306581912686821377 135
306583116485644288 9
306584374743281665 241
306584890667843585 62
306585859552071680 241
306586258015141888 152
306589714088075265 86
306590666199293952 1
306591341482217472 1
306591446339833856 1
306593040196329474 135
306593770001022976 143
306594046825086976 2
306595816812986369 167
306597393879691264 1
306597515527065600 12
306597922340995073 13
306601676280844290 155
306605459517874179 145
306605727940767745 135
306606013182783488 109
306608148083527681 241
306608911442640896 66
306609746088165379 241
306609934865416192 1
306610463322537984 167
306611922940329985 152
306612392714964993 109
306613768459280384 4
306614624097275904 135
306615144169996288 109
306618168250626049 109
306621729231499266 66
306621905375469570 241
306623088194383872 241
306623897695043584 241
306632936420155392 241
306634467324329984 152
306635452985786368 2
306636170215960578 109
306636535107837952 1
306638078620102657 2
306639643087093761 109
306639710229508096 7
306640486163152897 104
306648581174071296 109
306649919131885568 109
306650871234707457 145
306652515418656768 14
306653769511342081 155
306654302192148482 217
306655476588892161 217
306657666028158976 104
306658865607491584 1
306659419234652161 135
306668004991721472 135
306671410749796352 135
306682370470342657 152
306687592387182592 14
306688947164172288 1
306689072976494593 10
306690750685532160 217
306691425989451777 104
306701051904540672 155
306703065157873664 143
306706277994745856 109
306707188167110656 155
306707636945031168 2
306709109154123777 3
306711424401559552 109
306711441187160065 152
306712133272477696 3
306717627810713600 19
306719162925998080 269
306720605741412353 155
306720890983432192 135
306721067127431168 2
306723864707203073 135
306724133159460864 152
306726054154862594 241
306732932792471552 104
306733700375248896 135
306736695099936768 152
306737060000169984 241
306743326302949376 17
306743645074247680 109
306745171809280001 5
306746266510061568 155
306747877114380288 152
306751157051727872 12
306752406950121472 241
306753715602341888 7
306754357330837504 7
306755758228402176 155
306755909198176256 9
306755921772675072 155
306756102127747072 155
306757486252290050 155
306758551613886467 143
306760875258286080 217
306760912994459648 14
306761202414022656 241
306763832242622467 152
306765279302664193 152
306769012203851776 155
306769192550551552 152
306770127901298688 217
306771742708359168 152
306773932118265858 241
306775458840735745 14
306775559516594176 155
306776742306123776 197
306777597969305600 155
306777736381333504 241
306778680091361280 241
306780777218199553 17
306781486080741376 1
306781561569820672 152
306782085841039360 143
306782245224583169 104
306784447271952384 241
306784581456101376 104
306784904425906176 155
306785718146052096 14
306787450376839168 145
306787521688379393 11
306788066926944256 241
306790864544468992 241
306792412251037697 152
306792420614475776 152
306794245132533760 135
306794412921479169 155
306796388417671170 152
306797848073224192 104
306801606152814593 22
306802226909831168 155
306802721816735745 152
306803623621455873 1
306807306216148994 9
306807406883651584 3
306807696261271552 197
306807964696715264 66
306811433419673600 143
306811701829963781 152
306811857023401987 104
306815690625650690 109
306817095725895680 152
306818228183773184 14
306818702119165952 241
306819964629835777 152
306820157551038465 152
306820576973037568 143
306821029957885953 109
306822334382235649 152
306822577685426176 109
306825282986336257 10
306827300471705600 241
306828692984840192 143
306830815302656001 167
306830999831056384 4
306831691891212290 56
306833587699851264 152
306833600282759168 152
306834409800216576 155
306836255302361089 135
306840281842601985 241
306841695327223809 269
306842496418324482 155
306842769060675584 155
306842831945863168 145
306843796656758784 104
306843922477510657 155
306844710994079744 109
306848687227805697 17
306850750800228354 17
306851036021284865 56
306851656765689856 135
306854462784430082 155
306856434098925568 16
306857717530759168 82
306858313159696384 241
306858447348064256 7
306863610548875265 9
306869037978247169 3
306870833140338689 269
306871978168553472 17
306872150156001280 143
306874071138836480 7
306878319968808961 152
306879632769179649 104
306880979157540864 167
306881029493370880 13
306881696404492289 13
306881939665719297 13
306882199720968192 13
306882237444526080 17
306883961324466176 143
306885425140736000 109
306886809261072384 152
306887815873060864 155
306888726020243457 13
306890961601040384 57
306894551946235905 167
306894866514853888 104
306895634068279296 143
306895852172095488 7
306899484418392066 135
306901187310010368 56
306902877618712576 167
306904693735583745 13
306906014966493184 15
306906761556791296 104
306907927577513984 109
306908493787561984 13
306908837716303872 155
306908862903099392 135
306915917705666560 135
306916764942491648 66
306919411569291264 17
306919617098547200 167
306919856148729857 135
306920535655342080 143
306922733470621696 143
306923983373209601 135
306924692206399488 143
306925199713005568 135
306926072136601600 13
306926709670813696 135
306928978793463808 7
306932866875539456 143
306933231792578560 135
306934234222841857 143
306935073092014082 217
306936650162917377 104
306939959481364480 237
306941008053141505 217
306942140519436288 104
306942304088911873 217
306944149582663680 7
306945420460978176 12
306948142555865088 56
306948394205728768 3
306950596202737664 17
306951254712668160 104
306952936624361472 19
306954022965878784 217
306955402896105473 237
306955566473961473 217
306956464050798593 13
306960826126979072 14
306961019056578561 104
306961111335448576 66
306962738708635648 10
306968128406036480 3
306971936846663680 66
306971941019983872 5
306972620526612481 217
306973237080911873 13
306973832663662594 155
306974067548901379 22
306976609271955456 155
306978379268231169 5
306981579547373569 5
306981604708995072 143
306982108017086464 5
306983085281538048 17
306983903191785472 7
306984846901796866 5
306992535081979904 104
306993000645525504 217
306993625563271168 143
306993772393295873 104
307002928542150656 104
307003188601577472 104
307009861714067456 11
307011606573883392 217
307022130057469952 155
307023388382224384 152
307029906305478657 144
307032037020270592 14
307033710555963393 14
307035124023828480 17
307037560901861379 1
307045525897760769 152
307046494802935809 19
307049443377688577 104
307055546094215168 0
307065247510962176 143
307067785090039808 14
307068657488515072 155
307071719317831681 51
307073900364308482 12
307076064612589568 4
307077549392003072 217
307079575249235968 143
307080191824515072 56
307083811513044992 9
307084558099173376 167
307086684590309377 237
307091323494752256 10
307093299011932162 13
307097002582372353 155
307098734829912064 4
307100471280144384 1
307106796273819649 167
307107895189848064 155
307107903574265857 109
307110692790620160 13
307110759891103745 109
307112181797888002 143
307114635444776961 1
307117311398137857 143
307117462422421504 109
307117642777505792 109
307118011846914048 14
307127277081206784 56
307129005134446593 155
307131370721902592 22
307134805873672192 104
307135019749634049 1
307136391299612672 17
307142502383763456 17
307144196920336384 143
307146717671866371 17
307150274458443776 155
307151847309860866 143
307152036045144065 56
307158759506055168 5
307158784701235203 5
307161016062599169 1
307161129304592385 11
307161242550816768 5
307161242554998785 5
307163360657559554 143
307163893334159360 152
307164086288912385 13
307165332001411074 13
307166250562355201 167
307166443487760384 152
307169949930119169 16
307175335416442880 146
307178082693963777 155
307181526209138688 143
307182008549924866 5
307183841481728000 152
307184680321548288 145
307188442616451072 9
307191902934032384 135
307192657879396352 155
307194050396688385 104
307194264327168000 7
307194935382261760 146
307196063662624769 143
307196747338350592 86
307196797682585600 86
307197904983048192 86
307198236324675585 13
307199213568151552 86
307200916480720896 86
307202619363975171 56
307203445646053376 143
307203667956748288 13
307204733276401664 86
307205085618900992 86
307209330241978368 9
307210991177957376 86
307211171545628672 217
307211972670287872 56
307212664730423296 56
307212849271406592 9
307215089025560577 167
307216364098162689 11
307216854819160064 9
307217152635719681 217
307217240720302080 217
307217840501555200 217
307219291739127808 167
307220046684491777 9
307221112054489088 143
307224488477597696 155
307226463965433856 56
307228020081569792 19
307233262957371393 143
307233762075361280 143
307236236714721280 11
307237360800759809 9
307238530994814976 143
307239013335576579 13
307240145789276163 13
307240598769901568 143
307240816907272192 143
307242335220162560 1
307242393936203776 5
307242700116221953 5
307244822446608384 17
307245954896130049 66
307250212135641088 7
307252263150288896 13
307253500465774593 11
307253689217843200 104
307255371125358592 13
307258848207593472 241
307261188641792000 155
307261444490133504 152
307261754851864576 11
307262639841619968 155
307266276319961088 1
307267480076836864 269
307272672641945600 11
307273763140030464 104
307275516384264192 135
307275566711730178 135
307275600245178368 135
307278204920537089 17
307278641111384064 11
307282487283961856 155
307284072760242177 19
307287809876705280 143
307288199942774786 7
307288355144613890 17
307288929734914049 303
307289462436683778 241
307289672156073984 143
307290011886317568 16
307290016055435264 167
307290154467467265 56
307292868215701505 19
307299377754558464 104
307303609803100160 9
307304280895930368 19
307305258185539584 104
307305748923314176 167
307310102577307648 17
307315446124802048 32
307320982622838784 13
307325436969492480 17
307326439399776256 143
307327664157511680 4
307332118504144896 11
307335725613973504 17
307335901766381568 11
307336224711000065 104
307340209295593473 152
307341958353920000 155
307343942234554368 146
307345074692440064 155
307349038309732352 11
307352926454693888 4
307355988284035073 5
307356453830803457 14
307356843905282049 13
307360182604820481 11
307361814180679680 143
307364469183483906 11
307369338757865473 104
307378020971327488 17
307379371528822784 13
307379732234764288 7
307380759835062272 11
307381804225163264 11
307382307550007296 146
307385931420274688 86
307386229199089664 86
307386392785342464 86
307388573810819072 11
307396861784883200 13
307397608350035968 86
307397646123954176 86
307397692240297984 11
307402142384267264 11
307402884801249280 86
307403522348036096 86
307403534922551296 86
307403539116863488 86
307403929157783552 56
307405611086258177 7
307407506920067073 11
307408635200413696 194
307409448899588096 11
307410191257841664 11
307413009846915073 167
307415710970306561 146
307416122024677376 104
307416801489342464 11
307420106609278978 104
307421599789887488 86
307424758105001984 11
307431003394281472 11
307431250866601984 217
307432563683778561 17
307433402544570368 152
307435323552567296 86
307444202877370368 86
307445154996961280 155
307446019006803969 11
307446551675031553 86
307448715973627904 146
307450615968186368 86
307450649514213376 269
307451429663158273 56
307454147576348672 16
307455359746969600 86
307456261518147585 143
307458291565486080 86
307459025568669696 86
307459268817326080 86
307459713409355776 86
307461353378025473 86
307461647004471296 86
307461957353611265 86
307462120944066560 86
307462808801513472 11
307464444605255680 86
307465186980282368 155
307465811923173376 86
307465828713000960 13
307466998923812864 11
307467506434572289 86
307469041541468160 11
307472413770276864 86
307472690581733376 152
307475395937198080 9
307475555295559680 146
307478914941476864 86
307479455989895169 86
307479607022612480 86
307479900607107072 197
307480206774521859 86
307480689123680256 86
307481142125268992 146
307481150518079488 86
307481830003728384 155
307482706588090368 197
307484015210942465 86
307484619199107074 15
307485877473513472 86
307486527624200192 197
307486879941554176 86
307488347935358976 11
307488465363300352 13
307488599576809472 86
307488834491392001 86
307489383928438784 197
307489904005369857 197
307490721923989505 11
307491908907855873 11
307492995215790082 12
307493204918407170 1
307493443997925376 17
307494886838530048 11
307495490826678272 9
307495641846788096 4
307496547812270080 11
307497109853200386 155
307497546044035072 146
307497638310326272 11
307497910965243904 11
307498288440016897 146
307498389086535681 11
307498925953273857 86
307499441873645570 167
307499680936386560 86
307501107003916288 86
307501656474542080 86
307501765530632192 86
307502029746630656 86
307502096842883072 86
307504093344186368 86
307504563097837568 86
307505599095111682 146
307506161123483648 86
307506551231492096 12
307506593140969472 86
307506693816852481 86
307507339756457984 146
307507549471657984 146
307507721438109696 86
307509260751892480 86
307509596292018176 86
307509969580855297 13
307510535803502592 9
307510921696264193 11
307511496299147264 86
307512431620534272 86
307512972685758465 17
307513232732606464 143
307513329222553600 11
307513723453575169 86
307513899614363649 11
307514012894130178 152
307514210026397696 146
307514499420782592 194
307514730115919872 146
307515594138324992 13
307516781134757888 146
307516814655643648 14
307516953076051970 86
307519343858688000 11
307519746507698176 86
307520199488315393 104
307521873007226880 3
307523122926596096 86
307523135496941570 143
307523861124112384 9
307524586730311680 86
307525303952097280 16
307525966635339777 13
307527120081526787 86
307529737331425280 86
307530643296903168 86
307530790101741568 86
307533013087031296 1
307533386363330560 11
307534795657846785 146
307535051527188480 86
307535986840182784 86
307536062354440193 86
307537433870872576 8
307539078033833986 86
307539791065526272 86
307539799441567744 104
307539908522827777 11
307540059509370880 11
307540575404572672 11
307542198608596993 9
307544274776510464 52
307544882950594560 15
307544937484926977 86
307547953172717570 86
307548049654300672 86
307549156946358273 11
307549358293917696 13
307551811961778176 11
307553875542552576 86
307554114617892864 11
307554278195724288 13
307557230985740289 86
307557365186699264 11
307557482627215360 146
307557520413687809 11
307558518637080576 12
307558921286057984 86
307559709806845952 14
307559764341161984 17
307560531903004672 32
307561484018393088 145
307561714679959552 7
307562306101981184 11
307562712953679874 9
307562822013964289 4
307563027505504256 86
307563811831951360 145
307565820911947778 86
307567737738260480 145
307568475902193664 11
307568555598168064 145
307568815674372096 104
307570443039145984 145
307570598236811264 146
307571369976135683 145
307571617440100352 86
307571948811059200 146
307572900888715264 152
307573156766433280 146
307575501373992961 11
307575685935951872 86
307576268923236352 146
307576554161045504 145
307577489461485568 86
307577774695120897 155
307577934087069697 11
307578894586892288 86
307578995220824065 86
307581469876944897 11
307582073865121792 13
307582275158155264 13
307582514237681665 145
307582556180733952 11
307583395037327360 4
307583952888147969 143
307584821138452481 86
307585630601371648 11
307587392213221376 11
307587807482875906 86
307588801511956480 146
307591670399107072 104
307592068874772480 11
307592580563099649 143
307592869999427584 9
307592941277433856 11
307594191192616960 86
307595403346464769 146
307595491422662656 11
307596464505380864 167
307596636455063552 155
307597542437289984 11
307597580177653760 11
307598603608788993 13
307599513781141505 86
307600201642811392 11
307601006924029953 86
307601933890383873 14
307603519337271297 11
307603859054919680 56
307605280923987968 145
307605616497655809 86
307606107231227905 86
307606417571971073 194
307606899916939264 11
307607118050115585 86
307608611230724096 7
307610095980797952 86
307610326663327745 11
307610414743707648 11
307610469299023873 11
307610678989041664 104
307611165545095168 13
307611874365669377 11
307611937288638464 143
307612037977092096 143
307612314801160193 13
307613061387280385 11
307613187208007680 11
307614705541853184 86
307615133360857088 146
307615334687469568 86
307615615693225984 135
307615707976327168 11
307615959626158080 11
307616026743427072 13
307617154998607873 11
307617444409798656 7
307617448608272384 7
307617616372060161 143
307618048381186048 9
307618950164905984 86
307619726102777856 13
307621722599854080 143
307622246900441089 11
307622288830918657 7
307623685546708992 17
307624226607755266 143
307624713134419968 86
307625598161915906 86
307625635906469888 152
307625816232194048 86
307626743190138880 104
307627141628059648 86
307627787588620288 241
307627900797071360 86
307628135715840000 7
307628148269404161 11
307629117166202881 155
307629251375538178 146
307629373014548481 7
307629901517832192 143
307630274794119168 66
307630518067929088 11
307630648095539200 86
307632187409321984 17
307633915437412352 86
307634058056331265 11
307634095784095746 11
307634242605686785 11
307637153465266176 7
307639158309023744 86
307641955926552578 145
307642039816814592 86
307642882876125184 86
307643235189264384 146
307643428118863872 146
307643830797225984 146
307644459926044673 146
307644564787851265 146
307644682215759873 143
307644967420055552 146
307645290406629376 146
307645823087439874 11
307647555305619456 145
307649769910726657 146
307650470380453888 146
307651569254559747 86
307651577651544064 17
307652986941894656 56
307653163127824384 86
307653297345540096 86
307654769521090561 9
307654941512695810 7
307655067308277760 86
307655289627365376 86
307655558058627072 86
307655801345024001 11
307656073949618176 11
307656350790463488 9
307656531153924096 109
307656816349835265 104
307658565374582784 86
307659093844324352 167
307663321694351360 9
307664747795447809 4
307664756146331648 86
307665343382441985 11
307665787953491968 145
307665926361346048 86
307666459063119873 143
307667260154191872 167
307668702994767872 86
307670162633523201 146
307671055999320064 86
307671173439823872 217
307672213648191488 86
307673048285331456 146
307673513865641984 143
307674004590821376 167
307674419856293888 11
307676806419451904 86
307677511049949184 86
307678920315113472 17
307681092972969984 152
307682250617659393 56
307684104500023296 86
307685325013135361 86
307686524596658177 155
307687065674469376 167
307687136990228481 17
307687170506903553 86
307689389310484481 86
307690291090046976 11
307690341413289985 146
307690865705508866 13
307695965991735296 11
307696913912836096 146
307697681445318657 9
307702462939291648 104
307702764933373952 146
307703834485080064 146
307704484606398464 7
307705407340687360 146
307706535621058571 143
307708272075481088 1
307708364354355200 1
307708624405417984 86
307709161272127489 146
307710574727397378 9
307713481401065474 194
307715016520503296 145
307715725345304577 86
307717025587920896 86
307717163995762688 86
307719420543905792 86
307730552214147073 135
307732653573038080 11
307732926186004480 86
307737355375243264 51
307741629350035456 86
307744905130819584 86
307745853043511297 135
307746981302923264 86
307749686608011264 86
307749921505820672 86
307750001180803072 86
307750483559333890 86
307750873629618176 86
307751112700723200 86
307751666353061888 86
307753482482499584 86
307753633448083456 86
307754967245135872 86
307759673283579904 146
307762332459753473 145
307762458288852992 152
307763372634550273 86
307763951469486081 155
307769110434029569 104
307773212496908288 17
307774391079555073 13
307775934587625472 104
307778258219438080 9
307783794709110784 86
307789633176092672 86
307793173181235202 86
307796155331395584 86
307797002576621568 104
307798084686065664 146
307800001503961088 86
307803809919430656 146
307804992717324288 86
307814236984315904 146
307816967442661377 146
307819165270560768 14
307829068013920256 86
307829290341396480 86
307829374189699072 109
307830326300901377 5
307832171819839488 145
307833786635259904 146
307833992131006464 86
307834461893062656 146
307836462592847872 145
307837800571613185 7
307838064812769280 86
307839365059575808 86
307844251402764290 145
307849196487188481 5
307851746619817984 86
307851826328383488 146
307852476449697792 86
307854980436606977 13
307861120889266176 145
307864430182543360 152
307866107929296896 104
307869165568540672 7
307871577305919488 5
307875956167680000 56
307879433245712384 143
307880519532679170 7
307882406977875969 86
307883124203872258 9
307883182949285888 86
307883543625871362 11
307884181172658176 86
307884273472516097 155
307885523366711296 241
307885934400122882 146
307886680982036480 145
307887175930884096 32
307889847677374464 32
307891055657893888 86
307891319869693954 32
307891454108397568 32
307892704010977281 146
307892779516833792 32
307893136036872192 104
307893597380956161 32
307894083920207872 32
307894599823802369 32
307895711314374656 32
307898622173908992 32
307899473605062656 143
307901533020889088 32
307902648680599552 32
307904263512809475 32
307904481612406785 11
307904506761449472 86
307905203032715264 32
307905307886108672 32
307905895092854784 32
307906410992263169 32
307906914300334081 145
307906998186426369 32
307907660894855168 32
307908990472429569 86
307909107912941569 32
307909498016780288 9
307910664012328960 32
307912287203753984 86
307912480133361664 32
307913235124854784 32
307913558103048192 32
307914334019936256 32
307915902693818368 32
307917005787365376 86
307917173559554048 32
307919128101007361 86
307919186825474048 32
307920097002000385 86
307920252208046082 32
307920440951726081 32
307920642265739265 32
307920902325153792 86
307921640522670081 32
307921946690072576 17
307921976071176193 9
307922286424498176 32
307923267879063553 32
307923335008907266 32
307923427266805761 32
307923477623631874 86
307923779605106690 32
307923829915783168 32
307923997696344064 143
307924043842064384 86
307924534558867457 7
307924538778337280 32
307925071450746882 86
307925805449764864 32
307926866600284160 32
307926870802972672 32
307926937903439872 86
307927541891600384 86
307927952945991680 66
307928485614219264 7
307928594670292992 32
307929026687799296 32
307929349624049664 32
307929370620731393 86
307930712789643264 32
307931622941020161 86
307931828482875392 7
307932059161206784 104
307932503749050369 86
307933124510244865 86
307933518758047744 32
307933787201892352 217
307933858505035776 32
307934638674964480 269
307934697361657857 32
307934982595309568 32
307936073126907907 32
307937528521060352 32
307938434520055810 32
307939260789563392 32
307940070269284352 86
307940296791035904 152
307940959474294786 32
307940980462612480 32
307943413150535680 167
307943614468739073 32
307948110741663744 32
307949562008576001 86
307949792695316480 32
307949801067139074 86
307955723436965888 86
307958030304161792 32
307958068036108288 32
307958277738745860 144
307959770931949569 86
307960995647717377 143
307961566098235392 32
307962979561914369 86
307963747144724481 32
307963877159759873 1
307964120404205568 32
307965877834354689 155
307966527930507265 86
307967828189921280 2
307969988252295168 32
307970197950713857 32
307972152508964864 86
307973129798553600 145
307973146567401473 143
307973972845277185 86
307975692514103296 32
307975990288728064 19
307975990297104385 32
307978020327653377 32
307978037125844992 32
307978058088984577 86
307978657874444288 86
307978829857689600 86
307978834018443264 86
307979815510765568 32
307981103136915456 86
307981342237405185 194
307982269153439744 86
307982361453289473 32
307982378209521664 32
307983808492351488 32
307984911581720576 86
307985607836180482 86
307985918197919747 32
307986081792528385 32
307986220221349889 3
307988506117029888 86
307988535464562688 86
307989181395767296 86
307989835711393794 32
307992096428675072 32
307992973054967808 32
307993048514691072 86
307993539281813504 86
307995317662515200 32
307996294914404352 32
307997586789371905 32
307997863592472577 32
307997934908219392 86
307997976855449600 86
307998366913142784 32
307999415493345280 145
308000262751141888 145
308001185489629185 32
308002481516990466 32
308003332964896768 32
308004159225991168 86
308005119755173889 86
308005757272608768 32
308006583546310656 86
308007149785718784 86
308007804097142785 145
308008030597951488 32
308008319988137984 32
308009662186397696 86
308010505216356353 1
308011415409684480 86
308011750945595392 15
308012698837323778 145
308012698837323779 145
308018008838787072 143
308018784780840960 7
308019858510061568 86
308020642861682689 12
308020965806338049 7
308021016171536385 86
308022555451719680 145
308025575358988289 32
308028209402896386 32
308031300588154882 32
308034249175465984 146
308035629105696768 86
308037596251054082 86
308038405739130880 86
308039194280857600 86
308040188314132480 86
308040586785615872 14
308040754528399360 152
308042822358020096 86
308044630073692161 32
308044957233606656 32
308044974027599873 32
308047847109062657 86
308048291722055681 32
308048946037669888 143
308049805865791488 32
308051114492841984 86
308052662191001601 32
308054771909148672 32
308054872555667456 32
308059435987791872 32
308059545043873792 56
308059922522853377 86
308061294056046592 17
308062904681385984 86
308063252800237568 86
308063747715518465 104
308064666255519744 145
308065748385951744 86
308066360762716160 32
308067270918287361 1
308067719742386176 17
308068206256459777 32
308071658193833984 14
308072987783987200 32
308073973441241088 86
308079337956065280 32
308079358931779585 32
308080214540447744 194
308080487207927808 86
308081560949780480 32
308083507090046976 7
308088229867970560 32
308089370722856961 32
308089391677583360 32
308089702060290048 32
308089781756243968 104
308090234757840897 32
308090599653928960 86
308091576909967360 86
308092424192937985 32
308094932378345472 86
308097172124086273 17
308097880974041088 86
308097956475723776 86
308100082975264769 86
308100183651131392 86
308101093819314176 86
308101630656655360 86
308102024950607872 86
308102444364218368 1
308104667353710592 32
308106202485768192 17
308106500277149696 86
308107745968656384 32
308110107361828864 86
308111218860777472 32
308111835419246592 86
308117275448340482 86
308120781878075392 145
308122262467395585 32
308122400862654464 5
308129547973443587 135
308130130985889792 32
308132194554097664 86
308132362338828288 32
308135025726078976 17
308137353577377792 86
308142231523581952 32
308143972155551744 86
308151786143899648 1
308152079766147072 32
308153686201364480 32
308162859131625472 104
308167879713492994 86
308172808024911873 32
308175244911337473 143
308175945334939648 32
308176918447001603 86
308180932395937793 86
308182064837050369 145
308185877455200256 86
308188150788935681 13
308189144834789376 303
308189845279346688 86
308192760316440577 145
308193125229285376 9
308193460761026561 86
308193523667173377 86
308195813778141184 14
308197944484585472 241
308202990223904768 86
308207008350363648 32
308208627372658688 135
308210024067526656 86
308211655672729602 32
308211672441577474 155
308213689893412865 86
308214629434281985 86
308215032083275776 104
308216273593044992 86
308219012481945600 145
308221172531728384 11
308223018021302275 32
308223512940773377 1
308224985137303554 32
308227162010439680 86
308227845665210369 143
308229162676654083 32
308230869775155200 56
308235382842089473 167
308235970032058370 32
308238952173805568 86
308239648449257472 86
308239791055581184 241
308241619772141569 7
308242215359094786 104
308242546696540160 145
308244610289913859 9
308244627062943745 145
308245574975647745 86
308246044762845188 1
308246388678983681 104
308248607474200576 143
308250150978088963 104
308250226471346176 66
308253594518425600 32
308260594790830080 86
308260699644235777 143
308260708041240576 10
308261161009299456 14
308261559489163265 32
308264159940837376 7
308264386450038784 86
308265611186798592 167
308267968385675264 146
308269717389451264 14
308273823625666561 86
308275354555011072 146
308275400683950081 86
308276688335278081 143
308277388805025792 5
308278005371908096 56
308278626128891904 32
308279779541532672 10
308281801183481856 104
308283374064246784 32
308287991988776960 32
308291762651271169 56
308293612351942657 32
308294337953923073 32
308294669320728577 32
308298012172632064 86
308298863628922880 32
308299677302943744 86
308301413765750785 32
308301451522895873 7
308303842271977473 32
308308334371536896 7
308310888702685185 17
308312616734978048 14
308315045236965376 13
308315791856648192 86
308318371345227776 86
308320871150403584 269
308321307328667648 32
308322628559568897 86
308324222378328064 10
308325782663610369 104
308326273418153984 143
308326650905497603 143
308330874544480256 14
308332464194084864 6
308333579899908096 32
308333630231568384 11
308333890244837378 6
308333932200464385 6
308334565532000256 217
308334787855253504 6
308335802847469569 6
308335878374297600 143
308336079696707584 6
308336490709123073 6
308336562020691969 86
308336734012317696 6
308336868221673472 6
308336931136233473 6
308336985662185472 6
308337010807021568 6
308337249894944768 6
308337262465257472 6
308337459601739780 6
308337530925883393 6
308337849701392384 6
308340122980589568 10
308341523899088897 6
308341809103372288 6
308342249513689088 6
308342509535383552 6
308342664724619265 6
308343235183529984 6
308344728330571776 6
308345063887499265 6
308345160335519744 6
308345588175482880 32
308346259276722176 6
308346284425768961 6
308346829693657088 6
308346829706248192 6
308346875830996992 6
308347400123199488 6
308347404296540161 32
308347605631528960 6
308348427710889985 6
308348666773643265 6
308348926849867776 6
308349157540786176 6
308349203648741376 6
308349224624455681 6
308349434360639489 6
308349463704006656 6
308349597917532161 6
308349602116018177 6
308349811827032064 6
308350151569833984 6
308350323548889090 6
308350562611654656 6
308350759731347457 86
308350948475011072 6
308351351161765889 6
308351590207741953 7
308351711867715584 6
308351820919627776 6
308351850288144385 6
308352366170746880 269
308352454238556161 104
308352471036735488 6
308353016300445696 6
308353054032396289 6
308353343430991872 6
308353372782723074 6
308353557361479680 6
308353561559977985 6
308353788023037953 6
308353855131897857 6
308354052289359873 6
308354090042277888 6
308354337476861952 6
308354425574019074 6
308355272806637568 6
308356157804785664 6
308356518535901185 6
308356921184894976 167
308358389199687681 6
308358770889732096 6
308360821875036160 6
308361157427724288 6
308361161622028290 6
308362055017168896 6
308362424124317699 6
308362768061460481 6
308363225215422464 6
308363640472485888 6
308363640472498176 145
308363917288144896 143
308363934048595969 143
308364726801399808 6
308365305581801473 6
308365712458653696 6
308365792125259776 135
308366018609303553 6
308366312214781952 6
308366329021349889 32
308366693921595392 13
308366735835271168 6
308366844899766272 143
308366857495248896 6
308366932984344576 145
308367968964845568 152
308367981560356866 32
308368929464655872 6
308369562833932288 6
308369810260115456 6
308370082919231488 6
308371030806777857 6
308372201034379264 6
308372628853374977 6
308373908120297473 6
308374528864698368 6
308375254491873280 32
308375300608229378 6
308375451624144896 6
308376240132345856 6
308376311464865792 6
308376881873424384 6
308376881877614592 6
308377175462125568 6
308377485849026560 6
308377741705764864 6
308378324730798080 6
308379956298252289 6
308379977257189376 6
308380421849239552 6
308381805969555456 6
308381843730857985 6
308383135568101376 6
308383412413157376 6
308384406463184897 104
308384423252992001 6
308384565838348288 6
308384901382672384 6
308385119503273986 6
308385660572684288 6
308386558132776960 6
308386721702223872 6
308387053064826880 6
308387690578071552 6
308388139368599552 6
308389716460457984 6
308389842281193473 6
308390987326164992 6
308391511588995073 86
308392065274880001 217
308392455340961793 6
308393084473987073 6
308393340305547264 6
308393625526603776 6
308393671676538880 6
308393852048400384 6
308394363715719168 146
308395533930729474 152
308395718480130048 6
308396569932210176 14
308396867752980480 32
308398230884986880 6
308401364009099267 6
308403264033026048 6
308404987921309696 6
308405277303128064 32
308405281518411776 6
308406275555872768 14
308407064068239360 6
308407529648570368 6
308408938930511872 6
308409035420467200 6
308409488392744960 6
308409677123813376 6
308409752629686273 152
308410247574335488 143
308410708935180288 6
308412210483441664 6
308412445368664065 6
308413225525997568 6
308414903255977984 56
308415704372236288 86
308415830201360385 6
308415922446667777 14
308416325099872256 32
308416408977547265 6
308417340121415682 6
308417872798027776 6
308418061562703873 6
308418095091970048 6
308419642806894592 6
308420796219531266 6
308420863328407553 6
308421605745377281 6
308421727367606273 6
308422746583486464 17
308423656751636480 6
308423946171187200 143
308423958745710592 86
308425133134065664 14
308425141539459074 6
308425569371058177 6
308425770664071168 6
308425791648169985 6
308427477775163392 6
308427993678770176 6
308428165649424384 6
308428262084857857 56
308428836729651200 6
308429746889428993 6
308430376039239680 6
308432909398859777 7
308434813608677378 6
308436243866349568 6
308436566827737088 6
308439075025739778 7
308439548969504768 6
308441537073782784 6
308441998430449664 6
308442984104464384 6
308444041060679680 6
308444322108407808 6
308446276645687296 6
308446427615469568 6
308446595391844353 6
308446641520783360 6
308446993863286784 6
308447174230953984 6
308448294089150464 6
308452249330405377 17
308455478919319553 6
308455852212375553 145
308456003245072384 167
308456112271814656 17
308456594608386049 6
308456787575721984 17
308458188452290560 6
308458599485681664 32
308461246125047808 6
308461288034553856 6
308461573247205376 6
308463439716683776 6
308464136000532481 6
308464324710653952 6
308465138414006272 6
308465683673530368 146
308466702889398272 143
308467067793850368 6
308467252351606784 32
308468300919238656 6
308468581924999170 32
308468674229059584 6
308469164958429184 6
308469274018717696 6
308469282373779456 6
308469349507813376 32
308469521474273280 86
308469873774841856 6
308470653936361472 6
308471257911922688 32
308478119776489472 6
308478799262121984 6
308479097078685696 13
308479801725952000 6
308480313431031808 6
308480456008019969 6
308480909018030082 6
308481181639385088 6
308481508782522368 135
308483169739493376 6
308485115875561472 152
308485203981127680 6
308485908607430656 6
308486017655136256 1
308486202196111360 6
308487129145675776 6
308487892529975296 32
308488555225817088 86
308488693625282561 86
308489259852115968 104
308489637352046592 1
308490648175132672 17
308490782380290048 6
308491004711948288 86
308491013079564288 86
308491407360917504 6
308491419922874369 6
308492925682188290 143
308494544700334080 6
308494645346848769 6
308494834107305984 6
308495219979083776 6
308495794581950464 6
308497480687955968 32
308502731969146881 143
308505143706533889 197
308505311445143552 6
308505382777679872 32
308505382786043904 32
308507672842477570 104
308507995824865280 10
308508151018295296 10
308508159406923776 10
308508687885021186 32
308508847243407361 143
308508939555856384 109
308509312815362048 32
308510097162764288 86
308511590334996480 6
308511615517609984 6
308513473569116160 6
308514358584025088 6
308514543120830464 10
308514664780800001 155
308515495219458048 32
308516145336565761 14
308516384424488960 6
308517663687180288 8
308520985580142592 143
308521606320365568 6
308522046718099458 6
308522826892193792 145
308524571697496066 6
308525968392323072 145
308533321011433472 6
308533945996308480 6
308534084378980352 6
308534298313641984 6
308534323454300161 6
308535049094066176 143
308535141372936192 6
308535304925626368 6
308536076694343680 32
308536231875211264 152
308537880215707648 32
308538886865440771 6
308539704737923072 6
308540375830786049 10
308542724640997376 6
308543722906320896 6
308543903273979905 143
308544356246237185 6
308544486278041603 6
308544591127277568 6
308544796639768576 6
308544922456297472 6
308545987838881792 269
308547137053016064 104
308548105937244161 145
308548588277997568 10
308548697363468289 10
308549410361593856 10
308549712359866368 6
308549930472046593 32
308550467359756288 6
308550567993675776 10
308552505787301888 32
308552824537624577 66
308553583694082048 2
308553613075165185 6
308553738895912961 2
308554359648698368 66
308554686804406272 145
308554858762473472 6
308555290779979776 32
308555638907207680 6
308555915739672576 6
308556339351785476 6
308556372906225664 32
308557530538323968 155
308558197428477952 10
308558402970324992 66
308559199883907073 6
308559430553837568 56
308559493464223744 6
308561225736925184 6
308561548673155072 6
308561745822236673 6
308562777637781505 6
308563025089150977 7
308563863954141184 145
308564182704463872 6
308564275000123392 6
308564686046109697 6
308564845425471488 6
308564862181703680 6
308565894001467393 17
308567089361338369 22
308569513677426688 86
308571766035464193 86
308571992502714368 6
308572084768997376 109
308572462277341185 6
308574911755071488 6
308575457014595585 6
308575834497757184 6
308576161640886273 7
308577076015939584 6
308577642251186176 6
308578363658891264 6
308578413982126080 6
308578627900026880 6
308578799866478592 104
308578904703119362 5
308579135406628865 6
308579563208859649 6
308579722600792064 6
308579806482677762 143
308580985077891072 6
308582822199832576 56
308582939636137984 6
308585846305615872 6
308586618044940288 6
308586672587698177 86
308587733717250048 32
308587977020407808 6
308588060898103296 143
308588291584835585 32
308588652294979585 6
308589843447943169 6
308590061572743168 6
308590384513155072 6
308591143698968576 6
308591718331191297 104
308592607519469568 6
308593186329206785 6
308593953886842880 9
308594805338939392 104
308594901807943681 86
308595052794486784 32
308595283460235265 143
308595640013840384 104
308595728069062656 6
308596717941567488 167
308596831175192577 17
308597770695106561 9
308597825237823489 56
308598831853998081 6
308599104483766273 32
308599242920980480 56
308600811578081281 86
308600970944856065 6
308601373589651457 6
308601700745371651 6
308601906299805697 6
308602745156423680 6
308602887758548993 269
308602900349849600 56
308603156206600192 32
308603969884782592 6
308604062138523649 1
308604833907236864 6
308605282689355776 6
308605320463273984 6
308605412733747201 143
308605911826583552 6
308606780076879872 6
308607803487043584 6
308608906584797184 32
308609380541165568 6
308609464427225089 145
308610311685033984 145
308611653841334273 32
308611934872293376 6
308612555612516352 145
308612660491063296 6
308613469966565376 6
308613570659221504 6
308613730034384897 6
308615898493747200 3
308616594718867457 6
308616808645152768 6
308617320358621184 6
308618247303995393 6
308618540913684480 167
308618658345807872 6
308619182608621568 86
308619182642167808 86
308620029874802688 6
308621153960882177 32
308621632103120896 32
308621816656715776 10
308622143808229377 32
308622428995739650 6
308622462575325184 6
308623360168968192 32
308623477571727360 32
308623959950237696 6
308623976710680576 32
308624031224045568 32
308625469878706176 32
308625981575413760 6
308626103206027265 6
308626199704371201 6
308626476507488256 6
308626694602911747 6
308627676086812673 32
308627801920122880 32
308627856433496064 32
308628175229972481 32
308628842120114177 6
308630326882734080 6
308630897329045504 6
308631379665633280 6
308631467720855554 197
308631681651314689 6
308632507912450048 104
308632784761679872 6
308632818299322369 6
308633011228921857 6
308634693161594880 104
308634768659079168 6
308635410391777280 241
308635536199938050 6
308635536233467904 167
308635771110313984 6
308636362482020353 32
308637905985892352 6
308638187008434177 104
308638254108913664 6
308639285907701761 9
308641248867135488 197
308641840251412480 13
308641924154290176 6
308642628797358081 6
308642792371019777 6
308643702539177984 6
308643887080173568 145
308644000322170880 13
308644470080028672 104
308645766111559680 6
308645808058806272 6
