303540765458575361 17
303540773872349185 17
303545089823760384 40
303545094001287168 27
303546247447461888 7
303550978601406464 25
303551423214395393 40
303554631831793665 18
303557135848062977 25
303558201192894467 6
303559056839303172 29
303562064172040194 36
303563548951461888 40
303563947380965378 40
303564308124688386 25
303564551373332480 25
303565121794494465 40
303565176307859456 40
303565469909123072 40
303565608358907904 40
303566258467647489 17
303566266856243200 26
303567453814943744 34
303569077044117504 25
303574068253302784 40
303574714163544064 8
303574865158492161 30
303576865833103360 39
303576920384208896 40
303582742061404160 25
303583010509443072 39
303583778054492161 25
303584767926992896 20
303588735713419264 27
303590795150241794 38
303593240395911170 2
303593404007337984 30
303596939776258048 39
303597501833965568 3
303599271826059264 34
303600664313999360 2
303602857955950592 25
303603705188581376 34
303605911421865984 34
303607299723898880 34
303607371031257088 25
303607421341937664 34
303607488454995968 34
303608193093869569 34
303609417864204288 34
303610592256729088 5
303610852278423552 34
303611384971816960 34
303614941741584384 41
303616678170857472 1
303617504478117890 25
303618133606932481 34
303622000742633472 36
303623728808480768 34
303624458613174272 17
303625008087986176 2
303625150660751360 24
303626144731770880 12
303627537223933952 31
303630708113547264 43
303632541041188864 2
303633497329909760 29
303634466218311680 29
303638564044931072 34
303639721710608385 38
303639935603326976 27
303640279515287553 20
303640799621545984 25
303641210684321793 40
303646155764551680 34
303646713581826049 8
303647598609326081 25
303648890438180865 34
303652510114123776 40
303654095556849666 20
303659313283612672 29
303660177318617089 2
303662433849970689 6
303666384884338689 40
303668716921577473 30
303671950729953280 40
303672693125967872 34
303677189415645184 28
303678472876875777 15
303681572467515393 40
303681849287397379 30
303683745091817472 15
303685762560446464 30
303689667465850882 20
303691995300384769 13
303692402143682560 40
303693522018643968 34
303693568181149696 40
303699373068533761 40
303701298254069762 25
303703147937947649 3
303704888611856385 15
303711150699323393 8
303712455136276481 30
303712912294428673 15
303715416310693888 5
303717727347023872 2
303718725616558080 34
303723968463003648 8
303724589257740288 34
303724660539916289 34
303725654606749697 25
303726459917307904 40
303726719934816256 8
303732109644808192 8
303733841888178176 29
303736593326436352 29
303740640825593857 40
303741475517243392 31
303744268915331072 40
303744591855767552 36
303746668069797888 8
303747280438165505 33
303747360129957889 8
303748769403502592 33
303748882666487808 33
303749339820466176 34
303750082220658688 25
303750275141865472 8
303750342250733569 30
303751160140017664 40
303752271643176960 8
303752271647342593 8
303752913380048896 14
303753433452793856 8
303762652549746688 2
303772370731163648 33
303777416483049472 15
303779639459983360 33
303781187187535872 8
303781694694117376 12
303787709317648384 8
303788564959875072 25
303793908503179266 8
303794151764393986 3
303794315359039489 37
303798404805439489 8
303802880119435264 8
303803303731535872 40
303804209717977088 38
303807409976127489 40
303807854555570177 38
303809339347578880 25
303809582617219072 14
303810647982997504 8
303810899624488960 38
303811021250908162 8
303811507811131392 33
303811633631883264 8
303813307146567680 29
303813978226835457 8
303814716462071808 29
303814729019842560 40
303814951305347072 8
303815014257684482 8
303817660863504384 29
303818440974667776 33
303821188256395264 1
303821452510109697 13
303825537766404096 25
303826083004948480 19
303828490539642880 34
303828696047968257 8
303829597840089088 39
303830524789669888 8
303831007117836288 8
303833162977538048 34
303838640746942464 40
303840846950838273 30
303843132842328064 34
303843418054983680 8
303843573244252161 40
303844647015419904 34
303844764451749889 0
303844898648494080 8
303846177902833664 30
303846366646530049 25
303846471516700673 8
303847524278603776 8
303847817888268288 20
303852175757553664 8
303853102728085504 34
303854537180069888 29
303854876914487296 15
303857053766660096 29
303857418633355265 12
303859469664804864 20
303860677628542977 38
303862166623252480 25
303862833479827456 8
303863353577701376 8
303863403917758465 8
303864112771891200 16
303865450725519360 25
303865547211292672 16
303865832415576066 40
303865844990107648 18
303865844998471680 39
303867266871721984 8
303867577250217984 8
303868357386596352 24
303869020111781890 8
303869909291651073 18
303870416815009793 33
303870425191026688 33
303871658316406784 38
303872098726735872 18
303872337802047488 8
303872513946030081 40
303872824328740864 20
303872895636103169 31
303873038221467649 8
303873067619340288 33
303873411522887680 15
303874174886244352 8
303874288153399296 18
303874871136505856 18
303874921472348160 38
303875219272122369 8
303875491914448897 18
303876364338081794 8
303876607590936576 29
303876842467770368 18
303879631667347456 8
303880235668086785 8
303880273425219584 29
303881074537287680 2
303882156642545664 18
303882412520267777 8
303883343647363073 18
303883662410256384 18
303883809210900480 40
303884190905147393 18
303885189120147457 8
303889333117657088 8
303890163564699648 8
303890394259812352 8
303890754995122177 18
303890788553719808 18
303890826281496576 33
303891019219488769 8
303891765793013760 24
303893149938483200 31
303893154120220672 25
303894018167816194 8
303895620387758080 6
303895830098763776 8
303895897211809792 8
303896698294501376 8
303897889481056256 25
303898183111696386 40
303898661258133504 5
303900389294624768 18
303900619998126080 18
303901018457001986 25
303902276739821569 30
303903874773827584 8
303903979602067456 8
303906366194597888 30
303907108557053952 40
303909599990386688 13
303911143511035906 30
303911852331646976 34
303911923639017472 40
303912020112207872 18
303912628290482176 0
303915618795655168 8
303916482822279168 14
303916503802212354 25
303917904720715777 15
303919368516018176 18
303921176273641472 18
303922791084867584 18
303924774982258688 29
303924875658158080 40
303927115391328256 30
303928218522636288 36
303928499541004288 25
303929309037465601 8
303930038821220352 27
303930043044864000 8
303930890277515264 8
303930928013668352 11
303931024491032576 18
303932140180082689 8
303932580561031168 8
303933759168860161 8
303934778401505282 18
303937257222594560 33
303937404040011776 4
303937525645463552 8
303937655668879361 8
303939773825970176 29
303941757723353089 33
303941900333887488 33
303942034560000002 33
303942156186431488 10
303942290399956992 33
303943481578098688 33
303945964593496064 33
303946455356420097 8
303946883154460672 30
303947151577333762 13
303947503919828995 30
303947680088985603 8
303950226018938881 8
303951324909805568 25
303951584986034176 33
303951928897978368 8
303952407061217280 25
303952851644841984 32
303953405284581376 8
303953724060098560 18
303953841517383680 33
303954105737564161 8
303954432914243585 40
303955296945049601 0
303955573752352768 2
303955867370393600 8
303956928525135873 8
303959692542087170 8
303961374487375872 25
303963391918211072 33
303963639419912194 8
303964939616391170 15
303965254189187073 5
303965501653123073 38
303965950447861760 40
303966009197469696 8
303966457979600896 33
303966567044091907 20
303968899051974656 33
303970509664706560 8
303971138835447808 43
303974490080149505 33
303976658514354177 8
303980148179496961 2
303981251298217987 15
303983210038194178 18
303985353306566656 34
303987949601685505 8
303990449398497280 8
303990533259399169 38
303990822666375168 43
303992131322802176 33
303992693363712000 27
303992957583888386 25
303995641942667264 25
303997634228654080 37
303999353905876993 33
303999534256758785 33
303999689454411776 15
304003707572453377 8
304004848452513793 33
304007125934411776 8
304007201457070080 3
304007335645442049 8
304007541166338049 25
304008405197127680 8
304012255576604672 8
304014256268005377 8
304014797320622080 33
304016491823628288 15
304016491832037376 8
304016630252462080 24
304017330684432384 18
304017431368708098 8
304020627419955200 8
304022535811514368 14
304023492112826368 33
304024578424975362 25
304024968512040960 18
304025564098990080 9
304029460624195585 3
304029766791622656 6
304030429487439872 18
304032648270053377 3
304032799281790976 15
304033365517025280 39
304033927536988161 8
304034770587906048 38
304038776164999169 25
304039120089513985 25
304040470667984897 8
304041456321040384 14
304042345496715264 38
304042806895337472 20
304043255677452289 38
304043633164832768 25
304044186804576257 38
304044631421751296 38
304044912414965760 11
304045587718881280 14
304045801607409664 34
304046992798150657 33
304049073193881600 29
304051363262914560 24
304053825323540480 27
304053900804247552 19
304054781608083458 18
304055394010005504 14
304058585854398464 25
304063195398684673 8
304065883934953472 14
304067410665799681 18
304068618621165569 8
304069000311230464 8
304070459954192384 8
304074306130944001 33
304076357145600000 25
304078248747360256 29
304079448339275778 18
304080102650679297 8
304081121858187264 28
304085542637813760 38
304085848842989568 8
304086977089765376 18
304088713561001985 28
304090059915808768 25
304090282197123072 8
304090559050575872 14
304092341629771776 8
304098188464369664 14
304100713464750081 12
304102013669621760 25
304102156280156160 14
304102156288532481 14
304102479241543680 14
304102898676142080 14
304102949020385280 14
304102990942441473 14
304103414571364353 40
304104488334143488 14
304104605783035905 33
304105306202468352 14
304105394307989504 38
304107910873628672 14
304108183490809857 14
304108275765493760 14
304108821054357504 10
304112923058532353 14
304114336543166464 14
304117704586059776 14
304119998878715904 40
304121181655670786 14
304121341022449664 11
304123081662808064 14
304124562268893184 14
304124600021835776 25
304124667122302976 14
304125317222645761 14
304126370005532673 8
304127477301784578 29
304128966300680194 14
304131281522925568 14
304139095544840192 33
304140647433138176 33
304142727795310592 33
304142740357279745 33
304143252083331072 14
304143612785082369 33
304144950759677952 12
304145261167513600 14
304146074845736960 38
304146427179851776 8
304146838221643777 33
304147911959269376 14
304150055261196288 14
304150864724127744 8
304151070245011457 14
304153452634849280 38
304154308281237504 18
304154622845661184 33
304154815771078656 25
304156938097274880 33
304156967469985792 33
304157282009231360 14
304157525291433984 14
304158997496356864 33
304159714726518784 19
304159786029703168 10
304160062870548481 14
304160645853614081 14
304160872367022080 33
304162466177380352 10
304162571043368961 38
304163107901673472 29
304164454290038784 33
304164731126693888 14
304165649645723648 33
304166383669878784 33
304166643716726785 25
304166677262766080 33
304167130264379393 15
304167503561650176 14
304167847494569984 33
304168300450025472 14
304168438857875456 33
304169558749609985 14
304169793651625984 14
304170439553466368 14
304170632483074049 10
304170963858235392 33
304172771573895168 14
304173144883728384 33
304173585277280256 14
304174004716044288 29
304175229465423872 33
304175632110219265 33
304176470979379201 14
304176789746511872 33
304176819094032385 30
304178597474729984 14
304180359090798592 8
304180824650174464 25
304181730636607488 14
304182007439708160 33
304183269950373888 33
304183328645459968 33
304183538364846080 33
304183760675549184 18
304184343696396288 9
304185622933958656 14
304187426493063168 29
304187682333016064 33
304187799773515778 14
304189448155955200 33
304190840639733760 25
304191813718249472 14
304191817933524992 14
304192468038074368 27
304193269145939968 12
304194200298192897 14
304194334511747072 14
304194766525059073 8
304194787496570881 14
304195961880719360 33
304197316670271488 24
304199149551767552 14
304200357549051904 19
304200902775029760 33
304200919585808384 28
304201502573076482 38
304202463072882688 25
304203436163989504 24
304203478094450689 14
304205701075591168 33
304206611243737088 33
304206661583794176 33
304207307498205185 28
304208049894195202 25
304208532243369984 16
304217365451771905 0
304217755496886272 25
304218871185956865 19
304220825744207872 8
304222415372840960 20
304225053585846273 14
304225888273301505 30
304226077021184000 8
304226513216208896 33
304229885440843776 34
304235832972296192 1
304236030091993089 8
304236101374181377 14
304236822815449088 33
304239838520045569 25
304240018862530562 29
304241440735776769 29
304241679819481089 33
304243856646496256 14
304244288651403265 38
304248986292867074 14
304251037290729473 25
304251037324304384 25
304252173972295680 1
304252853428559873 8
304254459855396865 14
304254669553803264 23
304254908629135362 25
304257475572539392 38
304258138247401472 8
304258465432485889 30
304259576918859776 33
304260810023243776 3
304262605189558273 30
304262802317651969 33
304266468160323585 14
304267344765665280 13
304273506173087744 38
304275968237912064 29
304276496749572098 18
304278652592476160 8
304286617584144386 8
304290669302804480 8
304293219414450177 14
304293861130391552 8
304294087652155392 24
304295039734013952 27
304296662929657856 30
304297195610451968 30
304297594094493696 30
304300391691059200 0
304306200781156352 20
304310290256891904 3
304310457991311360 14
304310483178106880 0
304311967957524481 33
304312387387944960 15
304312995549413377 14
304314669110280192 5
304317663834959875 36
304318821467049985 8
304320536908017665 11
304320671134134272 5
304320943780659200 16
304321052824190977 28
304322407601164288 37
304323674264178689 29
304323732967661570 36
304324815110696962 34
304327566582493186 29
304330871694032896 14
304331316302848000 33
304332687802527744 41
304334579441995776 25
304334965322170368 33
304335435071623168 40
304337452569616384 41
304338681471320064 41
304341529403744256 41
304341567165038594 41
304344641585700864 2
304345262342676482 23
304348030570729473 41
304349108532043779 41
304350501045149697 38
304350832382586880 38
304351046308859904 1
304351172129595392 13
304352489149456384 41
304353873248804864 38
304355492254343168 41
304356800889774081 5
304357287399657472 41
304358801551798272 36
304358973526646785 8
304359871086723072 36
304359908852248577 41
304360764490260480 36
304360814809346048 36
304362786128027648 2
304362861663240192 36
304363817947774978 40
304364447072403458 41
304365223031214080 41
304366141583785984 33
304368423289384961 34
304368570077413376 8
304369778041176064 36
304370419769675776 34
304371036353347585 36
304371464159776768 41
304371724227588096 34
304373443854475266 27
304373443879636993 27
304373926207832064 41
304374383399538689 33
304377864650899457 14
304378858717712384 6
304379286524137472 5
304381962494300160 36
304383053009125376 25
304384810456055808 41
304389709365407744 33
304389910700388352 19
304390900547743744 1
304391387112153089 15
304392746062462977 8
304392934810349570 9
304393937253175296 29
304395296190898176 29
304395589808971776 9
304396906795249664 9
304397288481103872 9
304397452071550976 36
304397716300111872 22
304401189183832064 9
304401768010358784 9
304402619470864384 10
304404028731846657 8
304404859208220673 27
304407027646611456 2
304408164336553984 0
304409649095008257 22
304410399879610368 22
304410542473367553 27
304412417335640064 29
304412845150437377 2
304413319106809856 18
304414220886343680 13
304414271230590976 14
304417622458511362 18
304417819611762688 29
304417945457680384 20
304418276807680001 36
304420801761914880 14
304422659838599168 8
304422735344443392 26
304422743733043200 14
304423268016852992 30
304425952367222785 9
304427982393593856 16
304430704513654784 14
304431346258952193 36
304432394805575680 30
304432860381724673 41
304432868761939968 41
304432877179895809 35
304435330839371776 37
304444315034320898 14
304446865158578176 19
304446898717196288 9
304450707141046272 25
304451957056217088 25
304456755344179202 5
304458328203993088 9
304458395287683072 36
304458621796888576 25
304460500828295168 33
304462136623632384 33
304462371487903744 27
304466578387398656 29
304467736032055296 12
304470781075800064 25
304473113121419264 2
304476275630825472 25
304476422444027904 29
304482143441129472 0
304484064453357568 25
304487491195514880 25
304500720034537472 20
304503416980385792 29
304506181030912000 33
304510228534280192 25
304510232720207872 12
304511239336361985 14
304513227423899648 16
304513764303183872 29
304514653495623680 0
304516830368780288 18
304516922643472384 18
304516960358653952 18
304516981330169856 18
304516998119960576 18
304517186851069952 18
304520131265048576 18
304520471016255488 12
304524757586542592 27
304524883398885376 18
304527366443655169 10
304529736229593088 2
304532173116026880 33
304540154872332288 41
304542239449837569 25
304542688252928001 40
304544265294462976 36
304544504348819456 18
304544579879845888 13
304545339036274688 18
304546375041961984 11
304546601538560000 8
304548677714837504 15
304549994722123777 18
304552490320412673 27
304554193195253763 18
304554230973333504 36
304554772042760192 38
304556206473760770 14
304559008277229569 25
304559725511573504 9
304565253608464384 33
304565975003570176 18
304566293795848193 36
304567958934523904 18
304570592953253888 29
304571737989849089 25
304573528961871872 29
304581376500449281 14
304582517342732288 25
304582748042055680 18
304583586911223809 36
304584627094441984 3
304585549816164353 25
304585721778413568 29
304585755362213888 25
304585851806023680 29
304590884966649856 18
304595045716226048 15
304596144628068352 29
304596517942079488 40
304596656341516288 14
304598237585747969 18
304598891888775168 2
304599474922213376 25
304599604933033984 36
304600024371830786 36
304602268324491264 30
304602410909851649 36
304603287544557568 14
304605154001428480 13
304606445830299649 25
304607100150108160 17
304610396898197506 27
304614675071508480 6
304616713503260673 25
304619045536268289 29
304619343315075072 33
304620417069494272 30
304622124138639360 25
304624103850139648 27
304624749798105088 19
304628147175964672 23
304628495294803969 8
304628876968095744 29
304630659564072960 15
304636330267275264 8
304640038015213568 33
304643242463490048 30
304644811141566465 30
304646698578370561 8
304647872970907648 36
304647935906414594 34
304647982043758592 25
304648900600545281 16
304650498638741504 1
304652629332619265 30
304652730012667904 5
304653782745247744 25
304653875019931649 24
304654755840524288 29
304656009950023681 14
304659944207159296 25
304661097640775680 29
304663253483667456 12
304666810282811392 24
304667586237444096 30
304667703648595968 29
304667921760808961 30
304667959517933568 30
304669976952979456 34
304670039901085696 30
304673143677661185 5
304674221609598977 19
304674800423534592 13
304678457869209600 30
304678856315502592 3
304680668263219200 9
304681192551239680 34
304684317282553856 6
304687974749204481 34
304691200152178689 25
304691527295307776 30
304694077440552963 36
304697017647640576 29
304697625830125568 13
304698439533469698 30
304699534251028480 36
304699903341383680 30
304700389880655872 36
304700528275898370 29
304705808908812288 25
304707738271899650 24
304707809591840768 30
304708002550788096 11
304710108078829568 24
304710309388632064 25
304711093719293952 30
304712003879051264 11
304712142320439296 26
304712939213049856 24
304713509663567872 13
304715158025015297 18
304716953166159873 36
304717301310189570 9
304719096447127553 24
304719503323967488 36
304719826276974592 26
304719838868287489 26
304719838876692480 26
304720270873206784 15
304720337990475777 24
304721906660159490 26
304721961160937472 26
304722208641667072 26
304723164930387970 25
304723685036666880 26
304723869573472256 36
304723919917686784 24
304724670714875904 8
304727107592912896 14
304728340705730561 26
304730345608196096 2
304730458854400000 30
304730626626555907 1
304730781815828480 8
304731037647372288 36
304733856219660288 26
304734036587339777 30
304734099510292480 40
304735307465629696 24
304735357772124161 24
304737345880616960 24
304738046325186560 14
304739120079577089 24
304739799569403906 30
304740500001390592 24
304740722312085505 29
304742114791661568 36
304742412587249664 29
304742420975857664 29
304742953681842176 11
304744195174850560 30
304744790791176193 26
304749085720735744 40
304749266105159680 26
304749857497829376 15
304752436982198273 16
304752567001436160 36
304752638321389569 3
304754005668679682 30
304756488692449280 3
304757025559175168 29
304757281420091393 27
304757814088310784 29
304760179675779073 30
304760234184962048 22
304761345696489472 17
304766378873851904 2
304766777320161281 29
304767016408068096 29
304768190783840256 26
304769931415781376 20
304770292121739264 26
304771328131604481 26
304772527710957568 22
304772653548466177 30
304772921954562050 26
304773513351405568 12
304773911839637504 24
304781318946975745 27
304782531117580289 9
304793604067557379 26
304794006750105600 29
304795910968315906 5
304798536577454080 5
304800705024241666 32
304801736835600384 29
304804249219510272 36
304804261789851649 40
304805801124560896 34
304806514135269377 26
304807931810029568 25
304809689223401472 6
304811534712979458 36
304811769631739905 39
304813095002439680 41
304813740954636288 26
304814005178998784 36
304814768533946368 8
304814961467727872 40
304818920907497472 13
304826109957128193 26
304828949500936192 34
304829897384288256 16
304839217157120000 1
304854257922887681 30
304858913579343872 38
304880723955941377 36
304881021751541760 36
304887040573583361 26
304887074128027648 14
304890777715232768 14
304892094726668288 29
304894158320041984 29
304899296367616001 8
304901464814415872 40
304901611598258177 20
304901901030395904 18
304902391734620160 30
304906128859492354 33
304907055796465664 29
304908708377399296 24
304910348320903168 36
304910553850183680 38
304920917979574273 40
304922142720528384 25
304922260152676352 18
304922520203718656 38
304924936131203072 3
304925431063261185 6
304926752260640769 27
304931995136442369 25
304934817924001793 29
304939947536809984 6
304940098519179264 30
304945555325452288 30
304945639228329984 8
304946855572283392 37
304949648961970177 29
304950441706401792 30
304951913894522880 5
304954766021238785 33
304954958946635777 24
304954996699566080 36
304955206435741697 26
304955801993375744 33
304958813537193984 29
304959186800881665 29
304960159875211264 0
304960516403638274 26
304961288180727810 26
304961338491408385 8
304961493672267777 27
304964048028590080 26
304965616668901376 26
304967873221246977 36
304969387352412160 27
304969961972064258 38
304971388031217664 41
304971870384570369 25
304972453392834560 25
304975255183716352 19
304976102449872897 38
304979428524556288 36
304979915080613889 40
304980791681761281 3
304980976239513602 27
304981026562789376 29
304981949284483072 2
304985204064407554 24
304985355059347456 24
304987146039726080 12
304988605661716480 40
304988983149088769 25
304989696201740288 26
304989838774513664 24
304990321132044288 27
304991227101724672 36
304992581874483200 8
304992762221166592 24
304993814978891778 26
304994393813819392 9
304995064898285568 25
304998571311247361 13
304999846400622592 2
305001889022500864 29
305002136469663744 23
305002916647931904 8
305006641185705984 16
305008205627543554 8
305010025976455168 25
305011095528153088 16
305011858874707969 26
305013519844249602 13
305014845219164160 36
305014878802935808 5
305015407268466688 3
305015927362162688 20
305017416348479488 24
305019110838910976 16
305022562738532352 24
305023980430061568 8
305025855262961664 24
305028531233103873 29
305029164581404673 2
305029282021908480 0
305031987348000768 26
305034675917828097 6
305035300839755777 10
305035367965413378 36
305035900629434368 26
305039973323788288 2
305040375943413760 29
305043517485506560 30
305044004016361472 33
305045660766437376 35
305046705156530176 20
305048038936825856 37
305048152212402176 24
305049301447503872 8
305050899464740865 16
305051834815492096 24
305055370596986880 38
305056675021332480 30
305057039917412355 11
305057232851197952 26
305057669071392768 25
305057966858592256 38
305058143023558657 6
305058486973235200 20
305059304849956866 24
305059632009846784 3
305060386976190464 30
305061393634304001 13
305062077297483776 15
305062198923915266 7
305064971354640385 6
305066351280660480 0
305066988835844096 3
305067219522551809 8
305069006270902272 37
305072760160391168 26
305073850687836162 36
305077520708030464 26
305077768159391745 16
305083120108048385 36
305086219681935360 5
305086353912258561 37
305089113768480768 25
305090078470975489 27
305091596792258563 25
305096051130499072 32
305099427549429760 26
305101482762567680 36
305103261176852480 36
305103428944818176 36
305106314630139905 2
305106394296762369 38
305107413500043264 29
305108931846500352 25
305108965426094080 27
305110722810089474 36
305113029681491968 6
305120151622283264 8
305123985211932673 38
305127185486839808 29
305134416437587968 36
305136006091390976 25
305137398591934466 27
305137654440271873 24
305144747020935168 29
305146043073445889 26
305151248208900096 26
305153785758629888 13
305157640328204288 5
305158152024891392 30
305160731517673473 0
305164229562994688 30
305166465143828480 25
305168906195181568 36
305169115927154688 20
305173301855154176 3
305173566092095488 8
305179240960245761 26
305186337747775488 32
305190896939446272 3
305191777768443905 20
305194097205989376 14
305196378915753984 25
305202179629785088 27
305202846507335681 38
305204247421677569 19
305205765751320576 34
305207875490443264 20
305224161951895552 10
305239756378361856 16
305249499780104192 16
305270823592288256 26
305271691808997377 2
305294437515407361 6
305298921230585857 40
305300238275604480 29
305303077802635264 36
305316906401935360 37
305317132902739968 8
305319271989403648 38
305321625006514176 13
305322933629362176 33
305325072741171202 36
305333205467291648 16
305333364884373505 41
305339002012196864 25
305343116636999680 29
305344915968241664 1
305345146675949568 29
305352042103312385 5
305354462220922882 40
305360967603191809 24
305363182162161664 11
305363953930862592 41
305365451280629760 24
305383159653101568 16
305384682168672256 41
305388746453417984 27
305389136544690176 12
305391133020803075 27
305391669900099586 39
305401065145257984 16
305402784793116672 18
305409009136066560 40
305409285964304384 23
305413069243289601 0
305420375704104960 30
305423622078607360 36
305428017746944001 29
305429745770831872 18
305437094195630082 27
305440583877525505 40
305444417437827072 11
305444522333200385 39
305453586186379264 40
305453745569943553 36
305455821758791680 24
305457050689880068 36
305460318052691968 37
305461123354865664 40
305464839520780289 15
305470107558236162 24
305472036942258176 40
305472221504233472 6
305474113147924480 26
305481528643829760 29
305487291651063808 25
305487807550455808 27
305487845265657856 24
305489879498883073 36
305497756431171586 3
305497844515749888 26
305502235918471169 37
305506216329764864 1
305506535101059072 2
305513208242917376 25
305529385686020096 24
305536352416567297 36
305548192940974081 29
305555700728356866 24
305558498345889792 26
305559005844078592 36
305568979911581696 36
305569659372072961 25
305576043090157568 18
305580577149571072 2
305581395034636288 40
305590547005972480 20
305594787451527168 41
305595567587860481 41
305598335824314368 4
305601603208105984 38
305606120448356352 34
305607315820777472 41
305608414724251649 1
305610251846156288 6
305612047025057792 20
305641109336502272 29
305641247752728576 29
305644540281368576 20
305649707684864000 27
305653474165669889 20
305654501740777472 27
305663410450878464 41
305666505834651648 40
305681492103798785 6
305681508872626176 6
305685136945577984 8
305685136958169091 8
305685367619723264 8
305688819565473793 27
305690535002251264 2
305691122213203968 2
305692816707829760 19
305697841488224256 40
305699502440972288 9
305700286759071744 37
305701251453181952 36
305701654127325184 0
305704774676905984 40
305705198289047556 27
305705756131463168 30
305705877770477569 30
305706729214185473 36
305708708942475265 0
305715386270232576 29
305718192242843650 30
305718334849163264 29
305721119904763906 39
305722080400400384 30
305725792325885952 0
305725851054514176 30
305726165627310080 24
305728824841211904 16
305732100563283968 15
305732809400659970 20
305735657358241792 30
305735799952007169 6
305742569575432192 28
305745417478492160 4
305746671592153090 25
305748982649458688 30
305749645357875200 3
305750513566240769 4
305754477170929665 30
305762068886347776 15
305770772071325697 36
305774219759853568 29
305777046750109697 3
305778124656873474 37
305778355377143808 29
305784034435420161 20
305784927843147776 36
305787696087961600 15
305788820148862976 17
305790502043803649 3
305790569169448961 2
305798181822808064 35
305808222986584065 20
305808285922115585 26
305808621441277952 41
305811263882158080 37
305812916429529088 20
305813449101959169 36
305814032097632256 6
305814468301037568 27
305815202312646656 3
305815449801732096 3
305815479128305664 12
305816825516683264 3
305816888418648065 30
305816934555983872 36
305819711202017280 3
305819967029395456 6
305821762220859392 3
305822009680601088 3
305823586747297792 30
305826275283578880 29
305828091425599488 4
305831425867907072 27
305831530763276288 3
305832738722807808 26
305833262977282048 36
305833883759419392 29
305834282214100992 4
305834705834610689 3
305835909583077376 29
305840854667493376 4
305841534174101504 3
305842784059928576 3
305843169927503872 5
305844159808421888 3
305844306596466689 3
305844914770542594 33
305845950772023296 8
305846596694843392 41
305848052088987648 11
305848165372928001 3
305850090520735744 4
305850233143836672 23
305850233143840770 23
305850233148018691 23
305850233164800001 23
305850593853972480 27
305851613086633984 27
305852695187701760 3
305852711969116160 3
305853110448955392 3
305854276465463297 26
305855501198032896 37
305855622820290560 1
305855627039752192 29
305857686409474050 3
305863650713927680 3
305863873028820993 15
305864149827719168 27
305865886303125505 3
305866553180696576 40
305866922300436481 29
305869338211151873 26
305870441308893185 3
305871074657202176 3
305871477301968897 3
305871808664567809 34
305871846383960064 3
305872253227249665 3
305876611134259200 34
305878469219323904 34
305878519550984192 3
305880356639367170 3
305883208749314048 3
305883259080953857 3
305883288457867264 3
305883292660543489 3
305883317805383682 3
305883422654615553 3
305883498181443584 3
305883615600975874 3
305884412539703296 30
305884508991942656 3
305893178609893377 3
305895464501387264 3
305896181735755777 3
305896202732445697 37
305896349512105984 3
305896353702240256 3
305896391480336385 3
305896647311900672 3
305897024816041985 29
305897284858679297 3
305897628779048960 41
305897859486736384 3
305898354393624577 3
305898421498290177 3
305898471855112192 3
305898551517515776 3
305898694136455169 3
305898752835739648 3
305898790622208000 3
305898803200929794 3
305898903834869760 3
305898929034235905 3
305898987737718785 3
305899054838202371 3
305899193237655553 3
305899327467966464 19
305899973382385665 3
305901101654368257 37
305901416227155968 3
305903186244423681 3
305903391740141569 3
305903777624518657 3
305903890883297280 3
305903890895888384 3
305903911863197696 3
305903936995483648 3
305903949616144385 3
305904004125294592 3
305904012530696193 3
305904016708235264 3
305904029270151169 3
305904041865654273 3
305904046055780352 3
305904050258452480 3
305904054444376064 3
305904054469545985 3
305904092209901569 3
305904134148734977 3
305904134161313792 3
305904150904987648 3
305904150921744384 3
305904155120254978 3
305904163487895552 3
305904163517263873 3
305904176075010048 3
305904180277698561 3
305904188662091777 3
305904192864792576 3
305904209633624064 3
305904213832105984 3
305904247411720192 3
305904268358082561 3
305904280940969984 3
305904289342189568 3
305904293511299072 3
305904301908303872 3
305904306115198977 3
305904310309511168 3
305904327082516483 3
305904335458549760 3
305904356446838784 3
305904360620175360 3
305904369038155776 3
305904373224058880 3
305904373228257280 3
305904394208178177 3
305904398406676480 3
305904419348828160 3
305904419365588992 3
305904423559888896 3
305904427750002689 3
305904448729935872 3
305904503247486977 3
305904520007921664 3
305904520028905472 3
305904549363863552 3
305904557773438976 3
305904557777629185 3
305904578732359681 3
305904578753335297 3
305904582922485760 3
305904637482000384 3
305904645849624577 3
305904708785143809 3
305904721347096576 3
305904729744084992 3
305904759079047168 3
305904767476051969 3
305904801051459584 3
305904830386413568 3
305904855560638466 3
305904880739028993 3
305904884924952576 3
305904998166962176 3
305905014952558592 3
305905035936690176 3
305905094631751681 3
305905103016189952 3
305905161740623872 3
305905165960085504 3
305905174336139265 3
305905245635092480 3
305905472144285696 3
305905530856173568 3
305905535033675776 3
305905568592318464 3
305905589588987904 3
305905694408859648 3
305905702801649664 3
305905803460751360 3
305905807680233473 3
305905807684415488 3
305905837019385856 3
305905891545321473 3
305905904149209088 3
305905958658379776 3
305905962869469184 3
305906025796616192 3
305906084495912961 3
305906118033539073 3
305906218701037568 3
305906302620676096 3
305906407474094080 3
305906621383593984 3
305907074334855168 3
305907464434491392 3
305907472802144256 3
305907833541632000 3
305907846120357889 3
305907921592664064 3
305907942555807744 3
305908034830483456 3
305908080984596481 3
305908366214057986 3
305908403929235456 3
305908781433360384 3
305908844331155456 3
305909267960041472 3
305909297332764672 3
305909439951687681 3
305909632885473280 3
305909968404631553 3
305910236877828096 3
305910383670075392 3
305910387851788290 3
305910769529278465 3
305910958289743872 3
305911025398599680 3
305911130231042048 3
305911323169001473 13
305911335756124160 3
305911365124636673 3
305911721653063681 3
305912002650456064 3
305912271111069696 3
305912996725682176 3
305913307099971585 3
305913340641832960 3
305913365803450368 3
305914762506686466 3
305915626520707072 44
305915911766941697 3
305916792574971904 3
305916805128544257 3
305917706912280577 3
305917878878760960 3
305918352822509568 3
305918558364377089 3
305918814229516288 3
305919195877625858 3
305919959245144065 3
305921704088186880 3
305922052223803392 3
305922488410439681 3
305923981574295552 3
305924635889897473 3
305925327975223296 3
305925512516206592 3
305926183621623808 3
305926221357801472 3
305926615634939904 3
305927060222799873 8
305927232189251584 3
305927580308086784 3
305928087810486272 25
305928117158031361 3
305928679207346176 3
305928922493767681 8
305929631335333888 3
305929635521236992 3
305930981876047872 3
305931640385961985 3
305931652985679873 3
305933016138670080 3
305933406204751872 3
305933666234802176 3
305934358290788352 38
305934685450665984 3
305934853231226881 3
305937889890545664 39
305938695196909568 3
305940041585287169 3
305941165658742784 3
305941610233999363 3
305942029672779776 3
305942029676990464 3
305942029681176576 3
305943166358548480 3
305943321518407680 3
305944751784476672 3
305946123309289472 3
305948853834772481 3
305948950286962688 3
305953639510470656 3
305954503532888064 3
305954541277429760 3
305957397606825984 3
305958311956725760 44
305958991442370560 3
305959289237942273 3
305959998066929664 27
305961566745010178 3
305962514670297089 8
305963282215346176 3
305964527911051264 3
305964880232595456 3
305965073187348480 3
305965194813771776 3
305966172099194880 3
305972790715117568 3
305973151400083456 37
305975160501071872 3
305975470862766081 3
305976968254459904 3
305979082145951744 3
305979124118323200 10
305979782603104256 3
305979925238796288 3
305980491436277761 3
305981108007362561 27
305981976236675072 3
305983834304946177 3
305983918216212480 3
305984312443015168 3
305985151320612864 20
305988519363477504 3
305990511645302784 3
305992768180867073 3
305992956916166656 37
305993204367519744 30
305993552519888896 30
305994148090114049 3
305996517888638977 3
306006210908389376 37
306006663914213376 3
306007595062280192 3
306009771897655296 3
306010921141166081 3
306011227321143297 3
306012015837720576 3
306012145869545472 29
306013899076034560 3
306014771482882048 29
306015228674572289 3
306015652282507264 29
306017585881812992 3
306018370220859392 26
306018953216548864 23
306020224094834688 3
306020404437344256 4
306020995842576384 3
306021146820751361 3
306023520813596672 23
306024355496869888 23
306025227878543360 3
306025462780555264 3
306027098546524160 3
306028591727120385 3
306030659502215168 8
306035512349712384 3
306039723426721792 3
306043015946973184 3
306043221463683073 3
306044387476004864 4
306045398286475265 32
306045616428048384 39
306045889020047363 3
306046132302274560 3
306046560138055680 3
306047474500513792 32
306048380470165504 16
306048435000336384 32
306048585965924352 27
306050288865918977 3
306050657943691264 3
306051165467070464 30
306052788658520064 3
306054214713483264 0
306054269252030464 20
306054655128006657 2
306056341225611264 40
306057175925669888 3
306059348541595648 3
306059596026507264 25
306059621209100288 3
306059793146208258 3
306059801555787776 3
306059814147072001 3
306060191617658880 3
306060237742419969 38
306062104211898369 6
306062313948078081 43
306062519435411456 3
306063584813793280 3
306064910218051585 3
306065308668542977 29
306066466300645378 39
306067598754324481 18
306068177576673280 3
306068966089035776 3
306069431681970177 8
306072745148563456 18
306074649362567169 3
306076687811104768 18
306077266608263169 8
306077908366155776 30
306078382309920768 25
306079141495713792 18
306080961794297858 20
306082043937296384 3
306082979262906369 8
306083016999043072 38
306083327381741569 30
306083604201631744 3
306084707341316097 9
306085399363723266 3
306085537805111297 18
306085575537065984 29
306086150165131265 18
306087232312320003 18
306088498966966272 18
306089040040562689 18
306089346220580864 41
306089505595719680 18
306090529026879488 18
306090604532748288 18
306090755523481602 18
306091204309827584 29
306092554867331072 22
306093460836982785 18
306093804761526272 3
306094224187719680 18
306094610072088576 41
306096069689872386 3
306096405246787585 18
306096593969487872 3
306097965506912256 29
306100784091774976 3
306102428267335680 41
306102826722021377 3
306103363601313792 3
306104932237463553 30
306105364263337984 3
306106794512637952 3
306107968938725379 18
306107985694965760 43
306108195439538176 3
306108287680667648 3
306110607139143680 3
306110779126595584 20
306111823508299776 8
306112490394238976 18
306113920639332352 13
306117229957754881 18
306117963956768768 41
306118525989302272 29
306118697955782656 38
306118798644219904 18
306119578763808770 6
306120161759461376 3
306120660906823680 18
306120912552464384 16
306122049221427200 3
306122640588951552 18
306123110359388161 25
306125157179748352 18
306125807322034177 12
306127644402020352 12
306127812178374656 18
306127849935491072 6
306129687044825088 17
306130492338626560 27
306131226341826561 41
306131297640787969 18
306131356390408195 3
306132019073675265 12
306132480426115072 12
306132530782941184 12
306132547539197952 12
306133097022361601 36
306134007173746688 12
306136490180747264 18
306136653758603264 29
306137941439303680 41
306139245863632896 12
306139526856839168 41
306139677851787264 3
306139686269771776 3
306140361535942656 27
306140877452111872 38
306141292675624960 18
306141624042389504 27
306141645005529088 18
306141858898272257 3
306142005694697472 12
306142416736501760 30
306142777467625473 3
306144832663998464 41
306145319199047680 12
306146443272548352 40
306146472645246977 41
306146682339483649 13
306147873551171584 29
306148171329990657 27
306148959846559745 3
306149526115348481 16
306150172012969985 12
306150180393197568 12
306154009817931776 8
306155221971767298 12
306155754648383488 44
306156119552843776 33
306158267011313664 8
306158321562447872 22
306158363509661696 18
306158736769155073 3
306159210750676992 3
306160309645737984 3
306160477417897984 18
306161177875083264 3
306163518275735553 39
306163887374495744 13
306164822725234688 18
306165212791320577 41
306165489607012352 2
306165523153039361 41
306165728707481600 3
306166542389895168 3
306169205768720384 20
306170065605242880 12
306170350801154048 3
306171118367150080 38
306171521032925184 18
306171638456655873 29
306172112425603073 39
306172728975687680 12
306172733178400768 12
306173286813941760 16
306174238929321984 8
306174238941908993 8
306174243148800000 8
306174331216613377 3
306174704522235905 18
306176990405341185 2
306177112048558081 44
306180190671876096 12
306180232610709505 12
306180584911298560 3
306182048723369984 25
306182048748539904 25
306183638385565698 3
306187874624217088 3
306188646376157184 34
306189644633079808 12
306189673976442880 3
306189963400183808 18
306193490805661696 36
306194195431960576 30
306197940949635073 3
306199677378904064 8
306204748305031169 15
306206275010707456 3
306206371488100352 41
306206656696569856 3
306208602857811968 41
306211853472768000 32
306212163826106369 41
306214390988935168 41
306222154645643264 25
306223069016518656 15
306226353156534272 3
306226973926117376 3
306227200414318594 3
306229725376962560 41
306230723642273792 10
306234989224288256 37
306238197887803392 41
306238453740359680 41
306240563458482178 25
306242106970755072 8
306243172332339200 12
306243222651412480 12
306243671437750272 20
306247467308032000 18
306248939491975168 27
306250961150689280 12
306252324278530048 29
306255629394276352 30
306256380174692353 3
306256745104297984 3
306258284409663488 20
306263418208399361 26
306263455957147648 18
306263921550045184 16
306266882724462592 3
306267197305671680 15
306267855815602178 3
306268988256710656 12
306272339518173184 12
306277544641056768 20
306278622560403456 27
306282544238837761 25
306282976268931073 12
306290186285891584 43
306290542772367361 36
306294275723894785 18
306297425658781698 29
306300772704985089 12
306305268986302464 3
306309870141988865 29
306310268613431296 36
306310696415670272 0
306312944550023168 12
306318455865503744 3
306320838246924289 34
306322226574159872 30
306327989531074562 3
306333068854194178 29
306334360695611394 3
306337237971369984 18
306338756301053952 12
306342736703922178 38
306345043571138560 40
306348675846782976 15
306348789109760000 18
306348931678351360 20
306350118678962177 3
306351699919003648 20
306356804395339778 20
306361938252812288 18
306368632353607680 16
306369131479957504 3
306371085996265472 18
306374307221762048 20
306374974128680961 20
306375322239127554 8
306375926231465984 9
306379483018039296 25
306380233773293568 30
306382733591052288 18
306384654586486784 40
306388542702120963 3
306389054428180480 25
306391264805396480 25
306397166199513088 33
306398235759620097 29
306399909270151168 41
306401989661712385 30
306404254585872385 18
306406267822415873 18
306409673601458176 40
306411955319615488 36
306413599461625856 36
306413876298280960 40
306419492467113984 3
306419660264456192 3
306419790283677696 30
306420641731592193 24
306420864021311488 29
306421275050524672 40
306421434442469377 20
306422822752907264 25
306423372215099393 1
