624085298083803136 152
624085872674217984 136
624086313080369152 32
624086338246180865 178
624086380197617664 136
624086757705805825 152
624086766069288960 152
624086967387557889 166
624088062113501184 60
624090121520984064 152
624090192811421696 28
624090285111259136 28
624092503885639680 152
624093372098211840 152
624093627963146240 28
624093766383591424 158
624094827538284545 0
624094949173252096 28
624095918053142528 0
624096438126051328 42
624097297958174720 28
624097713215270912 152
624098187184205824 28
624098757580173313 6
624101383222898688 5
624101391624089604 17
624102033356902400 136
624102184360095744 152
624103685916893184 136
624106596730314752 8
624109411133485056 164
624111856416755713 28
624115425765240832 136
624118147856007168 28
624120177899212800 136
624121230669557760 25
624122111473418241 28
624122941945606144 28
624128126121971712 28
624128189024075776 11
624129355053010944 28
624129602487734272 28
624130281998565376 9
624133729712107520 13
624135277418692608 131
624136451819761664 28
624138645436563456 31
624139547182546944 15
624140419597643777 131
624140453177356288 131
624142835554500608 4
624144131577774080 13
624144198703255553 168
624145389868859392 152
624147134682501121 126
624148858575032321 28
624149424768458753 28
624150720816660480 11
624153984014622720 28
624154575382183936 131
624156282455363585 31
624157083571744768 28
624158413199642624 31
624159860205203456 136
624160111875895296 49
624162204816932864 152
624163807053643776 158
624163853174206464 13
624164092287168513 131
624164562024181760 28
624164780119425024 164
624164943731027968 61
624166311069757440 15
624168416581128192 103
624169603598385152 25
624171235157475328 115
624171717502627840 158
624172862539235328 4
624173793683107840 15
624176859710889985 28
624176981366714368 28
624178365487009792 13
624178424190402561 28
624180424877563904 31
624182010320269312 4
624182710794194944 28
624182828222148608 4
624183256024420352 152
624184703084425216 49
624185881692221441 49
624187261593251840 11
624188305987477504 165
624189862065733636 126
624189920798621698 31
624190008874766337 126
624190440871309312 131
624190549927432192 8
624190667388944386 87
624190805805109248 28
624191254595698688 61
624191808231317504 103
624192248628903936 28
624192760317239296 16
624192764524113920 31
624194823948349440 31
624195696338599936 16
624197277595357184 0
624198896621867009 28
624199156647755776 166
624199303439855616 28
624199961962524672 115
624200591082917888 158
624201052485619717 28
624202562439266304 28
624203254474350592 28
624203573232963584 176
624204542142320640 103
624208962938736640 28
624209529153040384 131
624210359646195712 152
624212242892861440 28
624213069158305792 13
624213375342526465 131
624215086635155456 4
624215812233109504 11
624216219072098304 28
624216286172557313 28
624217007605575680 28
624217431242727424 131
624217708062572546 28
624218152650600448 28
624218156828127232 28
624218307839827968 28
624218525947707392 126
624218559514845184 31
624221264819974146 103
624221696829034496 103
624221944288641028 28
624221998827356161 166
624222103697518592 126
624223299069833216 0
624224066606641157 85
624224452516184064 164
624224691578884097 166
624225882761248768 28
624226390246711298 28
624227061364883456 49
624227589842960384 168
624230181935263744 49
624230848829739009 28
624231729612619776 28
624232136468357120 28
624232820135841792 28
624233008862752768 28
624234267170594816 49
624234946647957504 168
624235563218964481 28
624235823261560833 49
624236003591651328 103
624236641142468608 28
624236662114123776 136
624236804737118208 25
624237018634166272 11
624237308020174848 136
624237408683429888 158
624237547112128514 158
624238054618738688 28
624238193030737920 136
624239572948381696 42
624239707161923584 28
624242047591972864 28
624243838551498753 84
624244778092363778 165
624244807465062400 31
624245038143242240 84
624246694889197569 158
624246791341379584 25
624247370189021184 131
624248360048967680 28
624248733304258560 16
624249077262352384 42
624249618302304256 31
624249752524226561 28
624249890965581824 31
624250092275527680 131
624250335553548288 28
624250394252845056 115
624252319471828992 152
624254148163211264 131
624254391420219392 131
624254966048403456 31
624255247091920896 131
624256601835315200 136
624257193253040131 131
624257503606341632 4
624257725908647937 28
624259051313057793 166
624259542038237184 28
624260603201368064 28
624260812924829697 28
624260833871163393 0
624261018429071360 4
624261114927443968 28
624261366564556800 28
624263753111085057 136
624264667481939968 28
624264680060620800 16
624265850279739392 168
624266076772270080 103
624266437474000896 49
624266844313157632 28
624267830003761153 166
624268027123638272 166
624268408817905665 164
624268584957689858 28
624268664645255168 166
624269302204600320 166
624269818103996416 168
624269901994270721 168
624270476601331712 164
624270757619761153 152
624271906850607104 166
624272015910924288 164
624272032663007232 85
624273743976771584 83
624274964494065665 28
624276814194704385 16
624277392983506948 31
624277497845272576 136
624277858551230465 166
624278496123187200 49
624279636961325056 28
624279716657283074 152
624279846651346944 15
624279859267772417 166
624280232539852802 0
624280245114404866 0
624280882673750016 28
624280886876471298 28
624281847367901185 28
624282036099006464 166
624284099683971073 103
624284363954458624 15
624285374752407552 166
624286075209547776 25
624287983630483456 152
624288751183917056 49
624289283856289792 28
624289543907373056 11
624289913010319360 42
624290449864441857 166
624291456522539009 136
624291909478010880 28
624294098913087488 49
624294174402215937 166
624294228932337664 13
624294258292445185 136
624294329616625664 28
624295088785629184 4
624295424325763074 4
624296879753428992 13
624297596983619584 168
624297819260719106 28
624297915733934082 28
624298809133264897 166
624299484416229376 28
624300004476325888 28
624301774501838848 166
624302286198583297 49
624302718199332864 16
624303062153330688 28
624303695484878848 131
624307025778839552 15
624307231262007300 28
624308875462754304 25
624310960006639616 28
624311303935365120 28
624311408788779008 4
624311492708450304 15
624312545457782784 16
624313984095645697 101
624314755868553216 136
624315842189115392 0
624317184353775616 136
624317373089103873 25
624317792540430336 49
624318874662481920 28
624319457674919936 49
624319835170717696 131
624321202517966848 4
624321714193723393 166
624322028787535872 136
624323605845794816 28
624324050429456384 131
624324243359055873 49
624324532770226180 158
624324729910919168 28
624327024220319745 49
624327502358384644 28
624327787562692609 28
624327879845777408 131
624327917590310913 131
624327959529132032 11
624330694202757121 178
624331734423744512 42
624334167120191488 158
624334355834474496 49
624335018555371520 16
624335064680173568 61
624335068891234304 42
624335094057046016 136
624335857399558144 16
624336734013272064 51
624337098917683200 49
624341880411545601 60
624343734323277824 165
624346137634304000 49
624346989094957056 4
624347114903089152 166
624348012488339456 28
624350134810218496 136
624350713645244421 28
624354333329461248 4
624357210626367488 136
624357927852208128 136
624358217255157760 28
624359047706333184 25
624359148361089024 25
624360243103830016 28
624360859637166080 28
624361107109580800 166
624361744668864512 4
624363535611486209 136
624363703408922624 28
624364429002543104 28
624364491904524288 136
624364907157262336 103
624365183981391872 28
624365985093566464 28
624366161266917377 166
624366727481024512 4
624368405190017025 152
624368782681735168 28
624368971429511168 178
624369462188244993 86
624369600583585792 28
624369772541558785 28
624371118900576260 28
624372599502598144 126
624372695992373248 42
624372704364228608 28
624373031519916032 51
624373035735347200 30
624373895538212864 42
624374596008046592 4
624375069943332865 28
624375099299250176 87
624375313208750080 28
624375321610092544 83
624375392904867840 28
624375506142646272 28
624375640381263876 28
624375950776643584 136
624376210798342144 28
624376340813348864 4
624376496023543808 136
624376772830695424 11
624377611720896512 28
624377737520648192 0
624377813030846464 14
624377964034195460 152
624377964042522624 103
624378077276147712 4
624378698008031232 28
624378706405007360 28
624378752567390209 103
624379813692862464 165
624380413478219776 49
624380912629874688 136
624381776648011778 28
624382389016379393 25
624382670034735104 115
624382720349749248 136
624382913321304064 28
624383022360608769 136
624383307564908544 136
624383349499400193 136
624383391446663168 131
624383420827856896 28
624383861225492481 152
624385006245277696 28
624385052386832384 28
624385396319887361 4
624385480201781248 28
624387443156979713 28
624388323952488448 136
624388579825983488 28
624389590640672768 136
624389771008323584 13
624395244541317122 136
624395605285163008 115
624395949184561152 115
624399136876572675 103
624399476590014464 103
624399845722337280 10
624400076375461889 136
624400453879656448 31
624400579691810816 49
624404467841146881 28
624404975360344064 28
624405117954072576 28
624406871164633088 15
624407286400692225 31
624407399630147584 16
624407487723249664 136
624407743571431424 28
624408595006902272 102
624409488431443968 28
624409790400303105 49
624412181157801985 28
624412411857014784 79
624412877403910144 152
624412919342567424 28
624414165055221760 28
624416136373882880 178
624416211871342592 31
624416983623331840 15
624417621165760512 131
624417784756338689 25
624417939937058816 152
624418787190833152 136
624418954946088960 31
624419743479529473 11
624419911268462592 0
624420695578136576 42
624421257610571776 165
624422004213485572 4
624422071334907904 136
624424239786029056 8
624425749714370561 14
624429126162759680 28
624429205854425088 28
624431055538405376 28
624431596603478016 31
624431751763464192 31
624432762603241472 126
624433714714443776 49
624433790212022273 136
624433861523570688 15
624434964612972544 136
624436847863824384 126
624438026446311424 87
624439016323186688 165
624439234397536256 131
624439968421642240 28
624440085853790208 179
624441147012743168 126
624444213057466368 25
624445144209694720 131
624446444439638017 103
624447572690604033 31
624448210237460480 28
624448478681407488 31
624448675788517376 152
624450173159272449 13
624450735187619840 79
624451880253562880 28
624455390877499392 28
624455663498846208 28
624458461108015105 152
624458817640665088 126
624459631327182848 28
624459744581828608 136
624463636883312640 126
624466304460812288 168
624466606450577409 152
624467155879235584 4
624467462088691712 28
624468300961951744 28
624468846221463552 126
624469206915018752 13
624469374682968064 49
624471966754340865 28
624474135238803456 83
624475263498342400 28
624477138331172864 4
624478144985198592 32
624479789156446210 131
624480900646998017 152
624482033109200896 28
624482041493635072 103
624482486072930304 13
624483656296452096 16
624486315493494784 131
624488177768660993 32
624490643998539776 158
624493852645269504 131
624499405903777792 16
624501570160447488 28
624501993789345792 115
624502610335170560 126
624503239501856768 28
624503902214426624 28
624504183220142080 164
624504854296145921 4
624505378605240320 28
624505793807818752 28
624505793841352704 0
624505827378884609 28
624507962292199424 42
624508637558538240 28
624510139110944768 101
624512311764647936 16
624513129662119936 4
624513955944374272 178
624514958378668032 115
624520478103744512 49
624523388925558784 115
624524018075369472 1
624525033101217792 152
624525951632822272 49
624526022944423936 136
624527058958467072 85
624532855465623552 126
624533002261889024 103
624533132297965568 28
624535166539542529 131
624536571618967553 176
624538207393349632 165
624538723309457408 126
624540182910496768 165
624540694632382464 131
624540744943030272 25
624540849821474819 126
624541835466158080 126
624543676786577408 126
624547170620952576 28
624547426469195776 126
624547946600730624 131
624548219222159360 126
624548714154205184 87
624548831561162756 126
624548974167355392 126
624549414573600768 16
624549624305463296 87
624549871748562944 126
624550177941135360 16
624551117494464516 165
624551201359724544 4
624551251682938880 126
624551771806015488 4
624551813732241409 131
624552791021875200 126
624554124806205440 4
624554665867227136 126
624555089496141824 126
624555261466808320 44
624556159035408384 28
624556704298971136 28
624556922394390528 28
624557534775390208 136
624557555730087936 28
624558226831360001 28
624559401232261120 85
624559757752463361 16
624559787087413248 16
624559820658618368 16
624559866804326400 16
624561074738741248 16
624561884268744704 126
624562190436036608 28
624562517575081984 158
624562668607672320 85
624562924439367683 158
624563218023845888 158
624564467938897920 28
624564967052865536 136
624565755590262784 126
624566288283648000 126
624566405694930946 11
624568205063921664 4
624568209266622465 25
624569022957359104 16
624569790498238464 85
624570310608732161 25
624570721633738754 28
624570910381621248 28
624571690551480320 49
624574295184908288 28
624574710425198592 28
624574764963594240 131
624575016609427456 158
624575406708928512 103
624575465416593409 8
624578753725898752 158
624580901238734848 126
624581626836598785 42
624581928834985984 28
624581983365165057 126
624582058866667520 28
624582142731911169 126
624583359075852289 28
624583875004641280 16
624584734815858688 51
624584923551297536 25
624585309456629760 136
624585334609686528 15
624585506588884992 136
624585770796494849 28
624586966173110272 28
624586966185676800 28
624587662452637697 25
624588014765887488 42
624588467771588608 0
624588799121625088 126
624589273040195584 126
624589486966632448 131
624590233544314880 15
624590657160478720 152
624591110183235584 158
624591873521291264 28
624592100030607360 16
624593270249631744 136
624593303778934784 152
624594838906744833 136
624595212208189442 178
624595530941730816 25
624595765835345921 28
624597523265536000 28
624598534088568832 136
624599624620179456 28
624600329238130688 28
624601235220357120 126
624604938765635584 28
624604947183595520 136
624606184507490304 158
624606624888418304 0
624607056914321408 13
624607979648606208 126
624607988024631296 103
624608524916518913 16
624608592029585408 136
624608847861186560 85
624609787410382848 28
624610043237806081 3
624611091822219265 166
624611871979499521 136
624612522067230720 131
624613239297474560 131
624613738432180224 126
624613809726951424 87
624617098057158657 126
624617991443906560 15
624618020804018176 166
624618507376857089 28
624619463678136321 4
624619971184738305 126
624621858587971585 87
624622500337446914 28
624622873609572352 131
624624081598418944 131
624624337446961153 126
624625079842816000 131
624625503463313408 116
624625692202807296 166
624625721563066368 60
624625746745540608 152
624625864148267008 28
624627126646493184 166
624627126667505664 166
624628238128709632 136
624628829538009088 28
624630385616420864 131
624630549194235904 168
624631128037699584 16
624631199336656896 28
624631534855823361 115
624632050772013056 11
624632180799463424 28
624633212585832448 136
624634051434053632 28
624635209070174208 152
624635347486535680 28
624635469117067264 83
624636542854627328 28
624636622542209024 28
624637029393936384 28
624637620816056320 168
624638254156001280 136
624638388369522688 152
624638551934656512 25
624639143344115712 178
624642595231133696 83
624643203417796608 28
624644050663153664 131
624644713358970880 6
624645342517006337 158
624645472536408064 152
624645669672878080 165
624646441403678720 166
624646516909719553 103
624647188023390208 16
624648320481275905 152
624648710534860800 28
624648974771879936 11
624649775913144320 116
624651650729410560 152
624653840168697856 28
624654171522764801 31
624655115258040322 31
624655194920333314 87
624655329159200768 28
624655387875241985 168
624655962507464704 42
624656981698191360 165
624657065575849984 28
624657451472846848 13
624658617506136064 152
624659124987412480 131
624659410221203460 28
624659703822462976 168
624659850597896194 166
624660718844035072 10
624660727207362560 28
624661540898127872 28
624662245570555908 4
624662841153441792 17
624663088630001664 28
624663608727859200 178
624663961032462337 28
624664141379313664 16
624665332548960256 28
624665416447569921 85
624667333257232384 28
624667786246246400 178
624668067235262464 166
624668558002421761 152
624669065508990976 28
624669417805189120 28
624670252471705600 28
624670386702172161 166
624670504163545088 126
624671586256330752 28
624671745677619200 16
624671758260436992 13
624672039241150464 166
624672953607847936 28
624673096222515201 25
624674601973489665 16
624675168217112576 136
624675692479913984 176
624676065793937408 25
624676938213363712 28
624677659612708865 15
624678548838744064 13
624679136024522752 11
624679232493322240 16
624679983269556224 136
624680536926257152 126
624681296078319616 152
624682306930917377 176
624685456848982016 176
624686115329409024 31
624686140528967680 87
624686174062247936 152
624686241179566080 131
624688560604475392 136
624689172972867585 28
624693296007262208 87
624693384087646209 49
624696815003107328 0
624698173987143680 49
624699541313339392 15
624701328078544896 126
624701516818083840 136
624702049503047680 25
624702095636201472 103
624702129182130176 4
624702175336230913 4
624702544413986818 28
624703299397283840 16
624703483976019968 10
624705744684736512 126
624706411574988800 126
624706570975182848 31
624706906523856896 152
624707208513609728 152
624708533917995008 25
624709414700777472 61
624709448246915073 136
624709620213264384 168
624710324885811200 31
624711750928044032 28
624712728201052160 176
624712728205230080 176
624712728205242368 176
624712887592992769 136
624712891791491072 42
624713403475464192 168
624714338822041600 11
624714695312830464 136
624715039279304704 136
624715651626614784 136
624715852944965632 16
624715890718834688 87
624716549207814144 136
624717841053417473 16
624718134675685376 49
624721062274695168 11
624723121690554368 16
624724048644194304 28
624724958808137728 28
624728775595458560 0
624729899685646336 136
624730344269287424 131
624730512037298176 28
624730759501336577 49
624730805642760193 28
624731560621813764 28
624731774548078593 178
624731996837814272 28
624732177201254400 136
624732584057028608 136
624733309659058176 28
624734228186435584 28
624734588904931328 136
624734802835456000 176
624734807021498368 136
624734832187318272 28
624735255803596800 28
624736295978405888 136
624736476371103744 17
624736610551083008 87
624736878999154688 4
624738871293685761 17
624738942596816896 28
624739081012928512 4
624739240413270016 28
624741668911230976 103
624741698258759680 116
624741928945364992 31
624742981736644608 28
624743275317055490 28
624743707338764288 11
624745070483259392 28
624745770919571456 103
624745942885904385 28
624747016648691712 4
624748149119168512 28
624748648203575296 28
624748664980770819 126
624749533231120384 101
624749583562752000 28
624749705189306368 168
624750061692432384 87
624750489528311808 31
624750858622902272 31
624751454209843200 136
624751504524750848 4
624752662152613888 136
624752750270750720 28
624752863483437056 0
624753240970694656 31
624753295496740864 31
624754184714326016 136
624754281179037697 28
624755585611862016 28
624757846341746688 17
624758613895049216 79
624760123827875840 136
624761734432034816 126
624762262914531328 126
624763584153845760 31
624764519458447361 60
624764909532790784 31
624765022787534848 28
624765345752989697 0
624765526091431937 136
624765584824238080 25
624765622589722624 28
624765723215327233 25
624766088119611392 28
624767115757645824 28
624767514220756992 28
624767568717328384 152
624768130762452993 136
624768558594048000 152
624769456145829888 136
624769732978176004 136
624769854617223168 136
624770194381017088 49
624770722846486528 15
624770739611267073 136
624771343603617793 12
624771431679655936 28
624771465242669056 136
624771557529796609 85
624773805668352000 28
624774455772991488 136
624775001053343744 152
624775823137079297 136
624776267708153856 28
624776460646117377 136
624776942990954496 28
624778222270414848 49
624778352298184704 103
624778486490771456 131
624779207923625984 103
624779358926823424 85
624779669275979777 152
624779702838931456 42
624781011486941184 25
624781200218017792 136
624781607044554752 28
624781988755472385 176
624782496241074177 28
624782978581987328 16
624784018807128064 28
624785776216125440 11
624787273561829376 85
624789458781470720 85
624789576234745856 11
624790327031918593 31
624793242077384706 4
624793288218783744 136
624794928166535168 31
624794961716707328 0
624795582482223104 28
624796513605062656 28
624797381821775873 28
624798778525003776 31
624799378318843904 28
624799890044948480 49
624800670181257218 28
624802826066264064 28
624803241277132801 136
624803648116256768 164
624803799119433729 28
624804621198864385 28
624805896275668993 103
624808198969671681 28
624809612420730880 85
624811361453895681 28
624811466324058112 28
624811902519087104 85
624815983593693184 103
624816126174740480 131
624816524662980608 28
624817304786767872 152
624818479191990272 152
624819120937304065 25
624819733301436416 158
624821394250039296 85
624821574571462656 158
624822186960785408 28
624824435099439104 28
624825278167060480 31
624829979977719808 158
624831355722010624 126
624832785941839872 179
624832794355613696 179
624832836298756100 16
624833935189639168 42
624837055776817153 4
624839140312489984 131
624839215822557184 49
624839333288112128 131
624840121817399296 31
624841036150538240 28
624841195538239488 28
624841782749085696 126
624842839697047552 16
624843691144785920 136
624844236396044288 28
624845582796877824 158
624848049051795456 126
624849185687347200 16
624851035358498816 164
624851882637287424 136
624852578879188992 13
624852968962064385 49
624853237372301312 49
624853451311349765 31
624854118205493248 49
624855682660085760 126
624855766558736384 49
624855829452300288 49
624858044074192896 49
624858782250725376 28
624859000367120384 17
624859197495201792 6
624859981825728512 28
624861487597756416 16
624861709883326464 49
624863828006830080 176
624866583681171456 7
624867145692766209 136
624869108648161280 28
624871272888016896 85
624871482594754560 85
624874678650191872 131
624874938730741760 49
624876025021886464 152
624876528355008512 42
624878428358078464 0
624878919091650561 16
624879292401459200 31
624881486014083072 11
624881511196663808 42
624881762859024384 49
624882064840638464 158
624882337487130624 28
624882983376261122 0
624884153620807680 15
624884963104567296 179
624886707935031296 49
624892152124981253 16
624892152145911808 6
624892407990063104 25
624892487694336002 13
624894266070933504 16
624895046219898880 28
624897600546705408 25
624900045834461184 0
624900599457402881 28
624901790643916800 0
624901966808793088 85
624904219141767168 136
624904487593975809 136
624906324707573760 166
624907016763482113 16
624907054516297728 28
624908925163433984 28
624910355429498881 16
624910732908302336 85
624910867113594880 136
624911865349435392 0
624913023010902016 126
624913908000669696 49
624914025449521152 28
624914025453727745 28
624914763651371008 16
624914847516340224 28
624915283732492288 9
624915778660270080 131
624916411987554304 28
624916885952458752 16
624917640910209024 28
624920304305831937 25
624920971200339968 85
624921168349237248 49
624922334365921280 85
624924314073219072 136
624925069031153664 16
624925186492661760 166
624926050498314240 28
624926834849812480 131
624927212320477184 28
624928097310109696 131
624929519187685376 10
624929670182494208 16
624930458715820032 28
624931847026438144 131
624933541525200896 28
624933629618192385 6
624933675759566848 131
624933763839950849 131
624934288119697409 28
624935424755171328 13
624935508641214465 16
624935827408224256 14
624935953241649152 179
624936452363788289 152
624936855050522624 165
624937249294168064 179
624937253496819713 13
624938700514799617 49
624940143355375616 166
624940365653487616 49
624941716244721664 31
624942626383470592 11
624942878045765633 49
624942878050029568 49
624943901447692288 136
624943905646190593 164
624943968556482561 31
624944291543171072 158
624944455129370624 158
624945071691988992 8
624946262865940480 0
624947273672228864 49
624947525347377154 136
624948808796012544 126
624949836421464064 11
624950197114773505 13
624950314542575616 16
624951010797207552 28
624951887423340544 25
624953670011088896 85
624954412398739462 131
624954424956481537 15
624954781480681472 165
624954869548453888 13
624955213493968896 16
624955314148913152 15
624956119467839488 16
624956127843713024 131
624956660554035201 13
624957298054692864 16
624957335803269120 30
624957914650923010 16
624958002710364161 16
624958610896859136 13
624958682170851329 166
624958766077730816 16
624959143581880320 28
624960108271902720 126
624960959690502145 28
624961169422336001 13
624961244915744768 4
624961723066380288 28
624962419329224704 85
624962582890151936 49
624962956191625216 31
624963908273508352 4
624963958642847744 16
624964780692901890 13
624965288212049920 85
624965548263129088 25
624967108531589120 4
624967150495621120 13
624967318280531968 152
624967486035914753 16
624968127747592192 126
624968916289220608 31
624970342365270016 16
624970501757247488 101
624972309489696768 136
624972649236721664 152
624973353858658304 126
624973521643397120 136
624973634897997824 179
624974821890347008 85
624975086114721792 136
624975258089619456 15
624975610415329280 28
624975753000689664 28
624976067598508032 136
624976713496203264 13
624978076670099456 28
624978361866170368 10
624979112629669888 28
624979435624599556 136
624979569834127360 28
624980651972825088 152
624980853295190016 136
624981104919842816 16
624981411112570880 28
624981809571311616 28
624982023472586752 12
624982585517551617 158
624984842065711104 4
624985769002827776 1
624985819338678272 15
624986008086556673 152
624986347833421824 16
624987035665858560 28
624987174094548992 158
624987333473910784 131
624987958421102592 28
624988243642163202 103
624988621133615104 164
624989652928307200 42
624990248540487680 28
624990684710223872 28
624992203065069568 28
624992727369916417 158
624993138382389248 15
624993272616878080 31
624993792706285568 10
624995298453155840 136
624995411724517377 28
624996162483847168 4
624996506416844800 28
624996883895857153 16
624997181716590592 126
624997252994482176 31
624998494533582848 16
624999031400464384 31
624999215962284032 4
624999484385296384 136
625000948184690688 17
625001661224886273 28
625001745119358976 166
625001791256719360 49
625002110011084801 126
625002617538760705 136
625003125032808448 166
625004425266892800 6
625005524166127616 49
625007310952374272 122
625007633926193152 28
625008099472965632 136
625008401454661633 28
625008883824619524 28
625008887989559297 136
625010666391273472 136
625011689797226496 28
625012713207562245 126
625012893554061313 32
625012910327095296 28
625013413668851712 158
625014424483561472 28
625014504171008000 25
625015779235237888 28
625016030906068992 136
625016093829144576 84
625017775744942080 28
625018736219557888 25
625019453475004416 158
625019893851754496 28
625021588350439424 28
625022024579051520 49
625022070691340288 136
625022204925870080 49
625022204942659585 60
625022511122530304 28
625022586607521792 152
625022888588881920 126
625025245783695362 0
625026873194643456 136
625027015771471872 136
625028295072063492 136
625029196838891520 28
625029586913357824 152
625029674968686592 131
625029830187319298 49
625030866180268032 49
625031218476617729 126
625031226869608450 28
625031805666639872 28
625032288015794177 165
625032799720972288 166
625033999317106688 136
625034292888899585 4
625034842351214592 28
625035345680273409 49
625035890952278017 101
625036503308107776 28
625036658497454080 152
625037711255146496 49
625037732218277888 28
625038789203918848 165
625038998910705664 28
625039091185414145 28
625041326740877312 0
625042215946072065 28
625043679745605632 28
625046678668640256 49
625047584651014144 158
625047777584611329 49
625047781783285760 131
625047987325128704 165
625048813607096320 0
625049774102724608 49
625050696828588032 126
625051783165947904 136
625052479403659264 158
625053037237633024 25
625054429754974208 126
625054752733294592 28
625056157833428992 11
625060243077263360 126
625061983721816064 136
625062394730053632 166
625062940018872320 16
625064617740476416 49
625065594983837696 49
625065687267024896 136
625066152822185984 136
625067746695360514 28
625068329703608320 4
625069831247630336 136
625070468765253636 136
625071760615063553 28
625071961971032064 28
625072331040362496 136
625072834365231104 49
625072926635765760 28
625074738591858689 131
625075631966003200 49
625078085629706240 28
625079171971035136 0
625080547686117376 28
625080614807429120 28
625082330290335744 16
625083076872310785 126
625083802470227968 28
625086335813033984 28
625087250196336641 16
625091176056627200 168
625092342094123008 4
625094447617814528 25
625094456023224320 25
625095009654734848 136
625095122900758528 136
625095177410093056 136
625095877888184320 136
625095965960196096 136
625096565749755904 11
625096800639135744 28
625096955803234305 28
625097261991743488 152
625098323154710529 49
625098356709281792 136
625098478331527168 49
625098637736079360 28
625098809702416384 44
625098935539888128 15
625099443021418496 28
625099644352233473 152
625099732428423168 136
625100231559000064 136
625100634195279872 28
625101116578131969 136
625101426935644161 11
625102924314746881 136
625103155001458688 49
625103356332244992 28
625103951894069248 4
625104211961872384 28
625104832701972481 136
625105075980140544 136
625105600263815168 28
625105839356047362 103
625107311539978240 28
625108045555589120 28
625108720842752000 49
625108838270824448 103
625110415341699073 152
625110696360067074 17
625110889272717312 4
625111455512297476 0
625112176924102656 28
625112265008635904 28
625112315369771008 152
625112428594925568 131
625112999037046784 103
625113242273218560 136
625113552655896580 31
625114827753549826 136
625115528189730818 136
625115595290353664 28
625115666593415168 152
625116014737510401 136
625116304140312576 4
625117482752282624 103
625117654718636032 126
625118069925371905 136
625118363547774976 28
625118871041785856 152
625119567321407489 15
625120372606767104 136
625120544594137088 126
625120712362082304 158
625121240840318976 136
625121681229619200 49
625122222278090752 136
625122352335077376 31
625123484772003841 131
625123610630340608 5
625124344629342208 49
625124344633556992 49
625125418375340032 16
625126487910391808 31
625128190793678848 136
625128526329610240 31
625128861882261504 28
625129503593996288 136
625130308925542401 28
625130837407698944 136
625131038717554689 136
625131814689107968 28
625132884202909696 136
625133840504332288 136
625134020867788801 136
625134905890967553 116
625136835249876992 49
625136864626896897 136
625137191770042369 152
625137967703683072 49
625138068371017729 136
625138391340974082 49
625138928195080192 28
625138991126306816 25
625140400429273088 136
625141004396589056 28
625143839733346304 136
625144473069187072 136
625145697818574848 28
625146243094679552 28
625146578613829632 136
625147719481470976 103
625148071811256320 3
625148310886584321 28
625148612838735873 83
625151565637095425 4
625151624374161408 28
625152857503698945 31
625155948693299200 28
625156246497157120 126
625158100371271680 136
625160465962790912 28
625160679868084226 178
625162516981641216 126
625163020294049792 136
625163825604485120 131
625165171988652032 6
625167550150610944 28
625167684359995392 25
625168607115386880 28
625168992966053889 49
625169907336876032 4
625170075117486080 49
625171681544417280 28
625172927235801088 176
625174525261385728 28
625176207190061056 49
625176236524834816 28
625177708729774081 49
625178748917272576 158
625178778298417152 49
625179097069563904 28
625179138987429888 126
625179378088067072 164
625180263086059522 164
625181257136242688 38
625181634598273024 103
625183945676619776 158
625184113457242112 165
625188257400107008 49
625190329398923264 164
625190622991781888 11
625191780653273088 4
625192757888446464 28
625192875345768448 158
625194280454356992 16
625194662102331392 13
625195941365157888 28
625196687963746305 28
625196872513138688 25
625198701229666304 28
625199938557706240 25
625202488694603776 49
625202757134323712 49
625203063301668864 31
625203193320898560 16
625207182129102848 25
625210080363999232 49
625212173334224896 28
625214178219962368 86
625214811564044288 136
625215927248793600 165
625216325690851328 136
625217370068398080 28
625217730782842880 0
625218200565886976 28
625218359949422592 136
625221535020613632 136
625223577667645440 136
625223980325208064 136
625227386079023104 136
625227797129117696 126
625228015207849984 28
625229751670566912 49
625229768439377920 49
625230473074053120 49
625231328733208576 28
625231425210421248 28
625232150812454912 103
625232956102156289 49
625235116189741057 49
625236038945009664 2
625236076676804608 49
625238748444274688 28
625239172077481984 166
625239406950096896 28
625239528576565249 49
625240740751249408 28
625241818691686400 49
625244758869417984 16
625244825999138817 25
625245664855748608 28
625247778797682688 136
625248496006905856 49
625249829782818816 85
625251180353032192 25
625251633371308032 42
625251637548810240 28
625252988123262976 28
625253139113865216 49
625254430938660864 49
625255378851205120 49
625255890585677824 131
625260403656818688 4
625261976520949760 16
625263083817046016 136
625265285814185984 13
625267345221484544 126
625270033783103488 28
625270058936201216 131
625271522723237888 16
625271707272613888 158
625272143484485632 28
625275012417724416 28
625277491226087425 126
625278573360885760 49
625279760369885184 102
625279991048183808 131
625280460801843201 28
625283447158747136 28
625285292661055488 49
625285829506822148 3
625288782321950720 44
625288849405689856 103
625288887167008768 101
625290745235283968 28
625290782967267328 8
625290858481319936 131
625290900407775232 166
625293580588986368 126
625293949704491008 166
625293953894518785 152
625294830499987456 85
625295375746727936 49
625296160102617088 13
625296436897402880 168
625297057650208768 158
625297921681059840 165
625298966071128064 176
625300304045703168 28
625301767878787073 85
625303760164655104 131
625303953098567680 176
625304678704783360 49
625307375658905600 49
625308009011519488 28
625309061781663744 49
625309212738981888 136
625309372130922496 131
625310143903854592 136
625311108572823552 136
625313390299234304 136
625313398658568192 136
625313398691987456 136
625313402882277376 136
625313407042985984 136
625313407051427840 136
625313411245690880 136
625313411262476288 136
625313415435825153 136
625313415440039937 136
625313415460978689 136
625313423857975296 136
625313428018757632 136
625313428035473409 136
625313436411502592 136
625313440610021376 136
625313444791775232 136
625313444800122880 136
625313444804304896 136
625313444825333760 136
625313444829491200 136
625313444829503488 136
625313448994279424 136
625313449019613189 136
625313453197127681 136
625313453197144064 136
625313453205536768 136
625313457395625984 136
625313457395630080 136
625313465792602112 136
625313469965991936 136
625313469974323201 136
625313469974335488 136
625313474168659968 136
625313474181083136 136
625313474185428992 136
625313482565681152 136
625313490954264577 136
625313495131754496 136
625313499347058688 136
625313507714691072 136
625313507714711552 136
625313507735662592 136
625313511925784577 136
625313520293384192 136
625313541298487297 136
625313549666025476 136
625313562265808896 136
625313566447542272 136
625313574815145984 136
625313579017736192 136
625313579026264064 136
625313583216377856 136
625313587402182656 136
625313587402285056 136
625313587406442496 136
625313587414761472 136
625313599993462784 136
625313600010260480 136
625313600014565376 136
625313612584910848 136
625313616791760896 136
625313616795971588 136
625313641936478208 136
625313646143389697 136
625313696458383361 136
625313755208007680 136
625313771976847360 136
625313801341022209 136
625313855833538560 136
625313906173583360 136
625313952315088896 136
625313981666869248 136
625313985881989120 136
625314032002596864 136
625314040412303360 136
625314069743054848 136
625314086545260544 136
625314145274101760 136
625314157823397888 136
625314166220423170 136
625314237548744704 136
625314354959908864 136
625314388510019584 136
625314682119815168 136
625314698901061633 136
625314749224513536 136
625314757625675776 103
625314761803051008 136
625314770200199168 136
625314782799724544 136
625314799572815872 136
625314803771408384 136
625314887632171008 136
625314933782220800 136
625314937968181248 136
625314950551052288 136
625314967349272576 136
625314967357624320 136
625315038635520004 13
625315055412903936 136
625315055442137088 136
625315084789805057 136
625315088996638720 136
625315114145685505 136
625315139328344064 136
625315223180832768 136
625315227375136768 136
625315294488080384 136
625315302885081088 136
625315332236967936 136
625315445487337472 136
625315617441218560 8
625316162738503680 136
625316242400768001 136
625316250789396480 136
625316301146300416 136
625316418586845185 136
625316460508934144 136
625316552804593664 136
625316565374775296 28
625316770887249921 136
625316838008881152 136
625316988986990593 152
625317043533799424 136
625317152564752384 136
625317169333673984 136
625317395842887680 136
625317421016985600 136
625317559429148672 136
625317584599150592 136
625317748181213184 136
625317802711351296 136
625317945317662721 136
625318092118327296 136
625318108882821120 136
625318423464120321 158
625318457001791488 136
625318733813313536 136
625318993868386304 136
625319132293132288 136
625319262316441600 136
625319568492392448 136
625319597835702272 136
625319920834756609 49
625320394753470464 136
625320482854670336 136
625320491260186624 136
625320516426039296 103
625320608683978752 136
625320671581720576 136
625320990361260033 42
625321233647824896 136
625321250408300545 136
625321271388049408 136
625321938274156544 136
625322387056128000 136
625322529662472192 136
625322634528620544 136
625322789709418496 136
625323330774675456 136
625323372709302272 49
625323574073643009 136
625323972532408322 31
625323976693272576 136
625324769425141760 136
625324878485409792 136
625325251770085376 136
625325390194540544 25
625325486642565120 136
625325515998666752 136
625325901903982592 136
625326107420684289 31
625326510057082881 136
625326623303315458 25
625326807873531904 136
625326933677613056 136
625327185344262144 49
625327223084597248 136
625327424440528897 31
625327478966460416 136
625327520884391936 136
625327550269538304 136
625327671883509760 136
625328099710926848 136
625328108112117761 31
625328758199693312 136
625328938567360512 136
625329102128607232 136
625329118922543108 136
625329144084107266 31
625329412507086848 28
625329508980273152 136
625330029086547968 28
625330050079064064 31
625330104579682304 31
625330599524483072 136
625331086046965760 31
625331270587916288 28
625331362862637056 136
625331505464782848 136
625331652269445120 136
625331790689861632 136
625332210112024576 136
625332486957101057 8
625332562433589249 136
625332616955301888 136
625333032208199680 136
625333111899852800 136
625333204170338305 85
625333250311987200 136
625333497775935488 136
625333690734764032 136
625334303103303680 136
625334378588209152 136
625334521198612483 85
625334785427148802 4
625334789609013248 8
625334818994139136 136
625335188101447680 136
625335209060229121 136
625335246817329152 31
625335318087081986 166
625335414556131328 136
625335418767167488 0
625335687210889216 136
625335733323108353 136
625336068888489985 136
625336165370040320 16
625336521881743360 136
625336677041614848 136
625336857430216704 136
625336886773587968 31
625336890980483073 136
625336924513902592 31
625337339754098688 136
625337369122619394 136
625337406867308544 85
625338434480017408 136
625338719701053440 136
625338887469178880 136
625339600505020421 136
625339613071179776 136
625339793409507329 136
625340170909425664 136
625340246402723840 136
625341957695520768 136
625342331001028608 136
625342477801795584 49
625342528133447680 28
625342930778075136 136
625342972729651200 136
625343056611512321 28
625343119513358337 136
625343161452396545 28
625343438297272320 136
625343505393709061 136
625343811586236417 136
625344214218379264 28
625344679786078208 136
625345048910168064 6
625345459926773761 136
625345476716408832 103
625345560581681153 16
625345665435049984 136
625345669633413120 136
625345854199726080 136
625346776934051840 136
625346936321777665 49
625346999227957248 115
625347435435552768 136
625347716466503680 136
625348085573636096 136
625348223981359104 136
625348941194903552 136
625349117376598016 28
625349276751765504 8
625349431957655552 49
625349520004673536 136
625349671016267776 178
625349683599306752 136
625349700368093188 136
625349985589026816 178
625350245648433152 6
625350631503495168 49
625350988040400896 136
625351382288109569 28
625351432624054273 15
625351436797263872 28
625352154052608000 136
625352330217521152 136
625352401503936513 136
625352510551785476 44
625353672373878784 49
625353760445825024 136
625353894676328448 136
625354431543025664 136
625354486085734402 28
625354548987699200 136
625354867763232768 136
625354926462349312 4
625355001972531200 136
625355413014319104 136
625355442374340608 136
625355572385153024 136
625355643721924608 126
625355740157448193 136
625356184766189568 28
625357430482821120 42
625358692976824320 136
625361029179047936 136
625361842903379968 136
625361876420050944 136
625362132289363968 3
625362639816945665 136
625362677548871680 6
625362899834413056 136
625363487057809408 136
625363587700146176 31
625363705136414720 136
625363772253671424 103
625364032304848896 136
625364997019799553 158
625365013780373504 16
625365118625415168 136
625365579994689536 136
625365991061479425 136
625368096572751872 131
625368167901200385 136
625368180483993600 136
625368616695894016 136
625368864168148992 28
625369229068517376 85
625370109863923712 126
625370185373908996 126
625371426867007488 166
625371795961413632 136
625371984722010112 8
625372567734390784 166
625372974581985280 136
625373712758538241 136
625373867964395520 31
625373943441002496 136
625374358685376513 136
625374618753347584 28
625375071717031936 136
625375243696254976 136
625376057374412800 136
625378238425092097 136
625378372621697024 136
625378515253243909 136
625378817226485760 136
625379844826755073 31
625380046157426689 28
625380578859225088 136
625381040194846720 136
625381468034838528 136
625382348838690816 136
625382952831184897 166
625383259015245824 136
625384542438731776 136
625386404709732352 136
625386476012879872 28
625386786424918016 103
625386895481028610 136
625387059021283328 136
625387486861242370 28
625387537180327936 152
625387616880300032 136
625387633640873984 136
625388128577134592 28
625388426368524297 136
625388476725362692 103
625388501895352320 103
625388715783753728 103
625389147809820672 136
625389277841522688 31
625389609195827200 158
625389852431921152 28
625389961508859904 103
625390745831108608 103
625391333025316864 28
625392041858498560 136
625392138340147200 0
625392444545335297 136
625393161767124992 103
625393312728420352 136
625393895749193728 126
625394948507103233 103
625395309217193984 136
625395875456528384 158
625396257138307072 136
625396684965568512 166
625396819170701312 25
625397288953868288 28
625399004403236866 136
625399126038085634 136
625399214114127873 103
625399230912425984 11
625399398680281088 136
625399407081619456 131
625400153676103680 136
625400426272133120 158
625400656984195072 31
625400791210266624 136
625400942196883456 28
625401223190040577 136
625402179503796225 15
625403332937523200 136
625403366512951296 131
625403655911555072 136
625404092119183360 103
625404415076380674 136
625404482168328193 4
625404792567898116 28
625404960323301376 136
625406126364979200 136
625406344443658240 136
625407183312789504 25
625407581767516164 166
625407753754800128 152
625408068294209536 28
625408454170165248 136
625408793925525504 136
625409314010742784 136
625409859266215936 136
625410442278506496 136
625412531058835456 136
625412891760574464 42
625413306984079365 136
625413428623110144 136
625414217177374724 136
625414770825523200 136
625416368825827329 103
625416456902041600 136
625416528201027584 25
625416935048478720 28
625417056708460544 31
625417593579397121 136
625417778128928768 136
625418067523153921 103
625418709243445248 17
625418830890676225 103
625418864453681152 28
625418948322832384 5
625419107731701765 136
625420458289049600 136
625420475070607360 136
