28965792812892160 15
28967095878287360 22
28967672074993664 14
28967914417688576 13
28968479176531969 1
28968581949558787 19
28969422056071169 22
28971749961891840 2
28973080491589632 0
28974862038994945 22
28974904342740992 1
28976409057697792 11
28976831738683393 13
28977078074343425 15
28977806142603264 5
28978641706684416 2
28978659108855809 13
28978692289994752 2
28978703102902273 2
28979189172412416 14
28979992025104385 0
28981073769660416 14
28981945648021504 10
28982306546913280 11
28982468296056833 5
28984121623576576 6
28984180876509184 2
28986888295550977 21
28988056103030785 0
28988679422738432 14
28991176921063424 2
28994160543408128 19
28994302659006464 14
28994415271878656 22
28995339910389760 18
28999985865424896 0
29002642571132928 0
29005862890643456 7
29007171412819968 17
29009276655636480 62
29009602066522112 0
29010214539763712 17
29011014699712512 1
29012766593384448 22
29012851536433152 0
29013131535581185 9
29013250238586880 6
29013441859555328 6
29013847473913857 14
29014332280938497 11
29015605554188289 10
29016926957084672 9
29017191445692416 17
29017327156592641 6
29017472875102209 17
29018239753256960 9
29018577633804288 0
29019891558252544 22
29019891822493696 22
29020394044260352 11
29021146103939072 3
29024308256841728 6
29026821307633665 0
29028073680674816 9
29028510521630720 14
29030764767088641 11
29030848766414848 3
29031139016445952 2
29033090055667712 33
29033478980894720 2
29035904588845056 5
29036103193337856 14
29036629293273088 17
29036816577335297 12
29036864241405953 15
29038355773657088 5
29040431006220288 11
29040434730762241 11
29041201420181504 12
29042615496216577 33
29043623660097536 12
29047015467917312 0
29047424135729152 12
29047669389271042 4
29050818732761088 0
29052291231252481 0
29052635168378880 33
29056059649822720 16
29058588605423616 0
29058623388778496 16
29058771531595776 11
29058812631580673 9
29061870996426752 18
29063040141885440 10
29063772995854336 15
29064561537585152 3
29065426277244928 5
29071969169182720 6
29072363442147329 3
29072661762023424 2
29073665941311489 1
29074237117440000 6
29076614587351040 6
29077290914680832 16
29077633538990080 18
29078328514187264 15
29078682777681920 0
29079234555150336 3
29084350452600832 11
29085488702824448 0
29085649403387904 3
29087393730527232 6
29088437193674752 2
29088769479016448 19
29091393200717824 3
29091743618039808 18
29092904379097089 14
29093916263321600 11
29095227042045952 14
29095951092162560 14
29096638077214720 1
29096870043197440 6
29098825436102656 2
29099298461319168 1
29099316220002304 11
29100379476066304 11
29100380419792897 11
29101955431276544 6
29103119283523584 11
29104248104951808 0
29104314123292672 22
29104841708015617 11
29105101847138304 22
29105358521769984 14
29106262545268736 0
29106526375383040 16
29107027947036672 16
29107028639092736 16
29107950761017344 2
29110953991741440 11
29111389117222913 9
29112368654974976 18
29113753194725376 2
29114303076372480 0
29114521511534592 11
29114635131031553 2
29114803469422592 14
29115103752228864 14
29116319165054976 0
29117892305879040 12
29118142898774017 2
29119858486546432 14
29121866333425664 2
29123189728616448 14
29123642625368064 3
29124540076400641 2
29125863362531328 5
29126956435906560 19
29128265566261248 0
29129506572734464 0
29132141535170560 21
29134791727124480 6
29135654331879425 3
29136769857359872 11
29137857578803200 14
29138077012205568 17
29138949117054976 33
29139325186736128 9
29140507888193536 11
29140664843247616 22
29140809852919808 1
29141590802956288 4
29141602358272000 4
29143112831995904 0
29144586089660416 9
29145239897776128 0
29146553318903809 14
29146763931680768 2
29147252261920768 1
29148548893253633 10
29150999595712512 22
29151488777388034 16
29152079591247872 10
29153973357252608 6
29154219843911680 12
29155795539066880 2
29158862636457985 0
29164514175881216 11
29166436077273089 6
29166438837133312 2
29166967269097473 15
29168296024604672 14
29168726137901056 3
29171452892684288 10
29171459813281792 10
29171861619216384 3
29172176569507842 8
29173446634115072 9
29173602393784320 3
29175079959011328 10
29175166785290241 10
29175211366547456 12
29176831886229505 18
29178579929538561 6
29179771002814465 15
29180827543801856 5
29181179513020417 6
29181964837715968 18
29182482070904832 6
29183559537262592 10
29186470539427841 11
29186969426726912 6
29187116969758720 6
29188097493180417 3
29188847954821121 12
29189252570939392 2
29189562559369218 10
29192127565004803 10
29192228123447296 2
29192428552454144 18
29194258317578240 14
29195285909471232 5
29196522360938496 17
29196777391390720 6
29197242816528385 21
29197406167900160 18
29197670975279105 19
29197831495483392 15
29200247053885440 13
29200769030815745 9
29201546298265601 10
29201550891028480 10
29203588412604416 0
29203713767772160 6
29204967151640577 0
29205049238364160 13
29205210224132097 11
29208577998594048 3
29208662060830721 0
29208901270380544 22
29209195513380864 2
29210488889937921 13
29211381676900352 11
29214357573337088 12
29215491029467136 33
29215711926685696 21
29216912974020608 3
29217387161059329 3
29218495354904576 9
29222279778926592 1
29222540199075840 4
29223206648815616 33
29226514037866496 18
29226741591441408 19
29226904787623936 6
29227384355954689 11
29227416035524608 6
29228028110307328 11
29230144925212672 6
29230625923792898 2
29231694141722624 13
29233976694546433 19
29234496406560768 5
29235792475852800 18
29235914429440000 0
29236957544456193 0
29237069125525504 15
29238274983723008 14
29241634667364352 1
29242044727697408 6
29242412538793985 5
29243435076558848 18
29243589611487232 5
29243795040116736 18
29244811177361409 13
29246402953482240 5
29246644692197377 10
29246794013614080 1
29246836107644928 15
29247069965262849 11
29247566075924480 0
29248153114906624 5
29249383400738816 0
29250441338425344 2
29250490843791360 5
29250575958810624 15
29251107381317632 1
29251507526307840 9
29251554775146496 3
29251730197712897 0
29254971430014976 16
29255276477554689 13
29256455995527168 5
29256538929500160 2
29257299906269184 5
29259665913151488 13
29260687704334336 62
29261940865892352 13
29262481184522240 0
29262698759856128 19
29263153892167681 62
29263176147140608 14
29263476715159553 13
29263670991126528 9
29263731053568000 5
29266440230019072 6
29266864873938944 10
29267269871734784 0
29272175030566912 9
29272545265975296 11
29272648764624896 6
29275053019369472 0
29277341330964480 19
29277466086342656 0
29277566439268352 18
29277801056043008 18
29278178451132416 0
29278582916251649 12
29279658964946944 16
29281084667596800 10
29282124716572673 3
29283019516813313 2
29283034075238400 5
29283663715762178 18
29285714403262464 9
29286944739434496 11
29286953627156480 1
29287792064339968 8
29289103866470400 3
29289771616436224 6
29290389810708480 3
29290573068247040 17
29292552209305600 3
29293919611133953 16
29294490275549184 1
29294970749849601 6
29297215990140928 0
29299895592554496 33
29300211947929600 19
29300432631234560 11
29301031120666624 9
29302423323414528 5
29303172388356096 10
29303621862559744 6
29305405138010112 5
29305604833017856 16
29306324906938368 13
29306705099624448 5
29307412297023488 9
29310054939238400 16
29311442557599744 14
29311598619262976 14
29311701673312256 0
29311751300317184 3
29312275479269376 21
29314381577723906 16
29314636050337792 3
29314641565847553 9
29315509799354368 1
29316453584867328 33
29320064947716096 17
29320241817325568 2
29321101733531648 33
29321310815387648 2
29323727535611905 0
29323783848329217 14
29325854488133632 9
29327276457857024 62
29327417629741056 6
29327826977030144 0
29327931427786752 14
29328192661618689 5
29329475531440129 19
29330291977883648 11
29331173427642368 9
29331910735958016 17
29331967497474048 5
29335042605977600 15
29336280995201024 19
29338126753202176 12
29338823653597184 16
29339489428045824 2
29340097937670144 19
29341103475916800 2
29341219486175232 14
29341940289904640 11
29342662498721792 21
29344909521588224 6
29347682497597440 4
29348720315203584 0
29350697359118337 0
29352089729634304 0
29353838351753217 5
29353925098344448 2
29354370453737473 3
29354563387523073 19
29354629007413248 11
29355599888125952 1
29355674039230464 22
29356159487967233 14
29356702981693440 21
29358297316327424 3
29359106275934208 11
29360570884956162 9
29361000377491456 13
29361168602636288 9
29362083367751681 1
29364039217840129 1
29367651801243648 6
29367743086075904 0
29368515894968320 5
29369814963191808 6
29369935687852032 0
29370043007500289 1
29371237864050689 1
29373310793949184 0
29373617028472832 12
29373860709142528 5
29374780612280321 2
29374874547912704 4
29375766793818113 16
29376703235100672 16
29376746486759424 10
29376866024427521 0
29377106878140417 9
29377314487799808 7
29377629832355840 3
29377651575627776 5
29378734347784193 12
29378827184504832 5
29379320292048896 15
29379848849858560 10
29379929242083328 13
29382130890964992 5
29382613344976897 0
29383227986677760 2
29385533499121665 6
29385989419966464 6
29386634248069120 3
29387692747788288 16
29387729661861888 11
29390531972825089 6
29391076510924800 9
29391931402358784 18
29392004358086656 6
29392044615008256 14
29392172935548928 2
29392648619954176 16
29393829845012480 2
29393905912905731 17
29394046883471360 0
29394719003910145 5
29395125557792768 6
29396791782805504 2
29397230024654848 0
29397858130075649 16
29399484085567488 13
29400947352403968 19
29401850142785536 14
29403913698414592 16
29404802370772992 2
29405551733510144 6
29406191079661568 6
29410053614206976 2
29412531344773120 13
29413932825321472 8
29417193758269440 14
29418121320206337 3
29418453752356865 15
29418788302622720 9
29418941566681088 33
29420719704117248 13
29421763876102146 9
29422588073607169 18
29422667366932480 16
29423124244074496 15
29424205585981440 5
29425694391930880 18
29427033297653760 13
29427913786920960 18
29428094217490432 4
29429262054334464 11
29430086130212865 16
29431560562282496 14
29431896442146817 12
29432310688391170 16
29433278888943616 5
29433614332592129 5
29434109830889472 15
29434736841588736 11
29436803878490112 14
29437469254492160 0
29437816727404544 17
29441565659238400 18
29442086180749312 2
29442450091147264 2
29443820294770688 9
29445578987413504 62
29447012155920384 14
29447130691145728 1
29447434786570241 9
29449234998628352 18
29450168357101568 33
29451123202981888 2
29454529678282752 4
29456912244285440 2
29460785918906368 5
29460827396378625 4
29461320667504640 16
29462246866292736 5
29462377116209152 5
29462722907217920 10
29463245546856448 10
29463557699538944 5
29463996230799360 2
29466565372018689 16
29467210300792832 18
29467337606307840 33
29469763075842049 13
29469928306245633 0
29470861052354560 2
29471048739065857 17
29476982622257152 5
29476995184205825 9
29479429189144576 2
29481716678660096 14
29482572392169473 12
29484939808350208 13
29485632304717824 2
29488481063407616 0
29488990407098368 2
29491383353999360 2
29492186055708672 4
29492612956160000 14
29493104444706816 22
29494391810818048 2
29496396902039552 0
29496629304229888 12
29498146396577793 21
29498314659471361 12
29498516329988096 14
29498744412045312 4
29499256096165888 21
29499681830604801 2
29502956738969601 2
29503307848355840 2
29504415798919170 16
29504669608841216 2
29506974437613568 11
29507293313769472 2
29509222337085440 2
29510639747604480 13
29513205877313536 2
29514405133684736 14
29514620972568577 12
29515408000163840 33
29516708800626688 0
29516843261624320 7
29517238008553473 14
29518120137793536 6
29520945555181568 6
29521175096852480 19
29521733983670274 18
29522709046099968 14
29524599578304512 0
29524604926033920 13
29525697491894272 16
29527121936261121 2
29528213755531265 33
29529500228263936 9
29530301344514048 33
29533665868382208 33
29534793855148033 14
29535294181085184 33
29536473149607936 6
29537133781843968 0
29540081047961602 1
29540259654012928 7
29540785812668417 1
29541128202096640 7
29541642675429376 15
29543284690915328 1
29544001833009152 7
29544749102792704 7
29544788994826240 7
29544990346575872 33
29545770474545154 7
29545782658994176 7
29546290585014274 7
29546625189810176 4
29546806463430656 7
29546810376720386 0
29547043429023744 5
29547345301479424 1
29547472200138752 1
29548970288087041 6
29549189025234945 7
29549210193887232 7
29549273586606080 7
29549304074997760 16
29549361918648320 21
29549382974046208 7
29549744053293056 7
29551012213690368 7
29551273996980224 4
29551299871645696 7
29551319312240640 7
29551337033179137 7
29551501537972224 2
29551756241276928 7
29552207099600896 13
29552418903556096 7
29552599313158144 7
29552720847310848 7
29552940691759104 2
29553089908318209 7
29553402820165633 7
29553812184236032 33
29554028815843328 7
29554549928759296 7
29554787393474560 7
29555033829801984 7
29555198468816896 9
29556043197456384 7
29557749993963522 1
29557934740475904 12
29558254828789760 7
29558284407017472 1
29558315142881281 7
29558389008764929 15
29558785567625217 7
29558795399073792 7
29558797357809664 1
29558893227016192 6
29559136538599424 7
29559477392900096 7
29559772608995328 7
29559836513406976 7
29559953379295232 17
29560038846627840 10
29560162062696449 7
29560443563413504 7
29560526166036480 7
29560614837813248 1
29560665794420736 7
29561025208520705 4
29561245891825664 7
29561661484433408 22
29561670661570560 1
29561687539453952 7
29561793160421376 21
29561849619943424 5
29562151593050112 7
29562272699387904 7
29562476559335424 1
29562697049710592 16
29563182779473920 5
29563292804448256 10
29563468457709568 21
29563563311894528 1
29564142490755073 6
29564334317244416 1
29564454236594176 1
29564664740319232 2
29564672332005377 7
29565007591116800 7
29565102738907136 12
29565469983768576 2
29566181853630466 5
29566246794035200 7
29566871443341312 7
29566903324254208 7
29567083746435073 7
29567320678465536 7
29567734865985536 7
29568332663361536 7
29568778559815680 7
29568894163222528 19
29569728729063424 7
29569972531372032 7
29570240769695744 1
29570360991023105 7
29570381123686400 19
29570422961872896 7
29570913141784576 1
29570991688519681 7
29571059577524224 19
29572476384055296 13
29572760653008896 7
29572800243040257 7
29573150907834368 22
29573451626844160 19
29574238285336576 7
29574765068951553 7
29575429509611520 17
29576023934763008 10
29576869535817728 5
29576989169950720 7
29577226227814400 8
29577506839339008 7
29577686108086272 7
29577827254800385 7
29578598998347777 33
29578813029486593 12
29579499209228288 2
29579580222214144 7
29579629861806080 1
29580472631689218 7
29581287262003202 1
29581474231492609 12
29582349108776960 5
29582409217347584 7
29582993177714688 10
29583847259639808 7
29583857741205504 7
29584371321151488 5
29584587608821760 7
29584884204838912 5
29585186899365888 7
29585781731360768 15
29585829366071297 7
29586261240979456 7
29586430565023744 0
29588051403472896 7
29588257599655936 7
29588761964707840 17
29588975958106113 19
29589718488326148 21
29590998380183552 7
29591063610007552 1
29591232598515713 7
29591502631997440 1
29591634073096192 33
29591998788800512 6
29593214549753856 7
29593467764080641 7
29593995650793472 0
29594595721478144 8
29594879080267776 7
29595502802636801 7
29595665151557632 17
29595695845478400 1
29596239066562560 7
29596302589300736 11
29596676607975425 7
29596816899047425 1
29596869017477120 7
29597394496655360 1
29597452319326208 13
29597810496110592 1
29598054659133442 7
29598665177829376 6
29599183350530048 16
29599260441837568 14
29599268759150593 15
29599277030318081 17
29599499252932608 1
29599650625363968 7
29599813435662336 1
29599968541016064 7
29600879954886656 7
29600983029907457 7
29601341303160833 11
29601874936074240 7
29601917139156992 7
29602019660533760 1
29602062153023488 5
29602145401569281 1
29602847783915520 11
29603137870364672 1
29603513705172992 18
29603699605118976 1
29603759118090240 7
29604188728074240 1
29604332601090048 1
29604868847050752 2
29605221294415872 1
29605381974007809 1
29605434390220800 1
29605916726788097 14
29606206976823297 7
29606415127547905 1
29606418566877184 1
29606637102702593 1
29606897057275904 7
29607190503362561 33
29607213706252288 1
29607812124377089 5
29607942009389056 1
29608545469075456 1
29609129211330560 0
29609239819325441 13
29609861318705153 1
29609975022096384 7
29610484609060864 1
29610644344934400 1
29610756999749632 1
29610815283793920 1
29610893926993920 7
29610900130373632 1
29610928903299072 1
29611197418442752 9
29611783794720768 7
29611896227233792 14
29612016519876608 1
29612419269525504 1
29612648744091649 7
29613127372898304 12
29613406227013632 19
29613737421840384 15
29615199631708161 1
29615296666931200 12
29615511243333632 7
29615950496006144 0
29616051847176192 1
29616966620676096 1
29617082194731009 9
29617792286203904 0
29617833742696448 1
29618823254507521 2
29619667924422656 5
29620957748396032 7
29620982062776320 1
29621049763045377 7
29621072722661376 1
29621073565712384 1
29621111599669248 7
29621272430256128 7
29621742011944960 2
29621747393232896 11
29621949403504641 7
29621986695057408 1
29622573750812672 5
29622817754447872 1
29623945313386496 7
29624481538379776 7
29625194561671168 17
29625717599764480 0
29626174858592256 15
29626342530088960 19
29626669606113280 7
29626957297618944 7
29627399503085568 7
29627688838766592 7
29627925611413504 0
29628012471255040 1
29628107568717824 13
29629278287040512 7
29629635817906176 2
29629928030863360 7
29630798625767425 1
29630987063271425 5
29631260305391616 1
29631879036534785 22
29631889320968192 33
29632035089813504 9
29634620702068736 7
29634699332685824 1
29635021144850432 7
29635195187499009 1
29636568536850436 12
29637500142100480 5
29637526532657154 21
29637571675951104 1
29637979966283776 13
29638079941705729 7
29640336099774464 7
29640617856344066 7
29641128936472576 7
29641344980877312 7
29642099909468160 1
29642299692556288 7
29642564055339008 7
29642946265485312 1
29643020705988608 15
29643884711649281 1
29644284449792000 12
29644659156324352 17
29646060792057856 0
29647050492616704 7
29647340759420929 7
29647530908196864 7
29648670563504128 7
29648841024208896 15
29649099301064704 7
29649212366917632 1
29650557811556352 5
29651554860531712 15
29651702625869824 5
29652571551440896 14
29652947444961281 15
29654031882256384 10
29654222127497216 62
29655015152951297 4
29655040394272768 12
29656022670909440 16
29656456781365248 14
29656497839415296 1
29656727611768832 15
29656748692348929 14
29657328542294016 11
29657409127448576 18
29658051833237504 18
29658208410796032 5
29659278520356865 2
29660413738090496 7
29661336879239169 1
29661394676752385 2
29661884764389376 7
29661960660328448 17
29662145364889600 10
29662937660530688 1
29663138731261952 9
29664641084821504 7
29664698353848320 9
29666432501424128 6
29667540510703619 3
29667576967593984 14
29667634018516993 7
29669512055881728 19
29669552937766912 7
29669786392731649 17
29670369258381312 7
29670909463756801 0
29671069405151232 1
29672218304712704 7
29674244312928256 4
29674954899333120 7
29675264728371200 14
29676481558880256 17
29676501125304320 6
29676981104680960 1
29677555330056192 6
29680363324309505 9
29680649380036609 12
29680787532029954 10
29681096245387264 33
29681908606574593 1
29684177121050626 4
29684761366630400 11
29685657500651520 6
29686042680365056 0
29686043330478080 0
29686311522664448 9
29686869818085376 5
29687259007553536 6
29687604597235712 21
29687851910168576 19
29688185005019136 1
29689223367892992 13
29689739560878080 12
29690351845384192 17
29692920055463936 2
29693706860756992 15
29693898129412098 17
29694510963367936 1
29694773816197120 17
29695117258399744 13
29695285814894592 1
29695343478185986 4
29696211258712064 9
29696941470257153 5
29697616262467584 0
29697622042214400 0
29697801243860992 33
29701100999282688 8
29701297317871617 17
29702854893641728 3
29702973026209792 12
29703263859249152 14
29705297664671744 14
29705357651615745 9
29706696691552257 2
29707160514469888 16
29708217516826624 1
29709934362890240 12
29712384855642114 14
29712843959967745 6
29713628508725248 1
29713699522482178 4
29714838418628608 1
29716088212168705 1
29716366118363136 15
29717543878926336 14
29717718437462016 4
29718777096572928 0
29719611595300864 19
29720077087547392 1
29720247393062913 0
29720925364559872 3
29722170087186432 19
29723135502716928 17
29723582753939456 6
29723801801465856 4
29724354489090048 12
29725927323738112 6
29725943555686400 0
29726027206893568 14
29726337899962368 1
29726446595346433 14
29727115012218880 0
29727204837425152 3
29727639866445824 13
29729687152369666 12
29729923488808960 13
29731573569949697 11
29731756131225600 6
29732073640042497 17
29732829050970112 6
29733746416553984 2
29734651887099904 5
29735404542369793 21
29736787173707776 1
29738513024942080 1
29739685408415745 16
29739750512394241 2
29740251769470976 14
29740631555317760 6
29740831803973632 4
29742734247989249 5
29742835490095104 19
29743437506936832 18
29744023577038851 2
29744502428147712 16
29746381514088448 13
29747308631433216 19
29747641034219520 2
29749337743433728 33
29750037760188416 12
29750994304770048 11
29751391337586688 2
29753054228119553 1
29754356584677377 13
29755403222908929 11
29756690916179968 2
29759913395752960 6
29760576792043520 12
29762750498480128 2
29763560905121792 4
29764200372895744 4
29765079624851457 8
29766707006406656 2
29768355124617218 14
29769479718178816 3
29770594270576641 18
29771509908111361 9
29775303513481216 13
29776164155301888 16
29778507861069824 6
29779261837541376 5
29779685860712449 3
29781878110167040 0
29783073931403265 5
29783111403307008 0
29784054542893056 0
29784257589153792 16
29787452214353920 14
29787963139297280 2
29789941277925376 4
29790192529309696 4
29795082232143873 2
29796903000477696 14
29802581299560448 16
29802949865639937 22
29803474820538369 11
29805486199013377 18
29807539596042240 18
29811282865557504 5
29811952289054721 9
29812340153131008 2
29816281410576384 11
29816837160046592 1
29817323913216000 3
29817437197180928 18
29818078351073280 5
29823099574681600 3
29824673671815168 15
29829052973977600 18
29829604780802048 11
29832119660318720 5
29835895813181440 9
29836714683924480 12
29837588248403968 11
29840302952947712 13
29844641842987008 16
29846231668752386 13
29847285055627264 6
29848912021950464 2
29850019083329536 10
29852246200029184 3
29853985930219520 4
29854698869620736 10
29855485028995072 6
29856377618833408 3
29857838096449536 1
29860294255710208 21
29860297460162560 10
29861059149955072 3
29863967606177792 5
29863973453037568 5
29865041629024256 5
29865300723761152 5
29866252864331776 5
29866256576282624 5
29866769262837760 5
29870623777890305 6
29870880108576768 4
29873644121362432 4
29873701256167424 1
29874737240870912 19
29876347409010688 5
29876855435694080 5
29878816281206784 12
29879906003324928 2
29880470950912000 8
29881513252225024 6
29881782203580416 1
29881885689643008 0
29883734643703808 3
29884189062987777 19
29885005362630656 8
29886962143854592 2
29887602710548480 2
29887625179435009 12
29889129990848512 4
29890537037242369 19
29891046645170177 1
29892346430619648 1
29892534008287232 4
29892632628957184 17
29893213850443776 6
29894770717368320 1
29895163560071168 4
29895343462154241 4
29896590613282816 10
29896683269656576 15
29896733693579264 22
29896951159853056 11
29897040926343168 3
29897192697233408 3
29897363770318848 3
29897763051282432 3
29898299192385538 4
29898964337696769 3
29899007908118528 3
29899866511515649 3
29899888217030656 3
29900173027049472 8
29900230732292096 3
29900659306266624 3
29901748629938177 3
29902271479287808 4
29902469320409088 19
29902740717047808 3
29902841330012160 13
29903210235822083 3
29903413542125569 21
29903671839948800 2
29903758779490304 12
29905485217927168 9
29905607339286528 13
29906021270953986 3
29906116062220290 4
29906333624958976 3
29906503271981056 33
29906997293879296 3
29907108707176448 9
29908397922983936 3
29908807836499968 3
29908923867734016 11
29908958084857856 17
29908982239854592 3
29909262767489024 14
29909266101968896 3
29909651365564416 3
29909930827841536 3
29910562850742272 3
29910567581913089 3
29910591149707264 11
29910681163661312 3
29910756409483266 3
29910800948797440 3
29910857743867905 3
29911103811100672 8
29911374503088128 17
29911466186375168 14
29912296008450048 9
29912424681312256 3
29913791437209601 3
29913987764195328 12
29914525234896897 1
29914542762889217 3
29914827342221313 3
29915570119905281 3
29915805172895745 11
29916158782078976 2
29916477377220608 3
29917417236860928 3
29918170810679297 3
29919335707320320 9
29919543019180032 18
29919664423305217 18
29919735382540288 11
29919964735479808 3
29921391146967040 3
29921460889849856 5
29921489213980672 3
29921652779253760 6
29922350656921600 3
29922787854385152 11
29922965202141185 4
29923025881145346 3
29923075621392387 3
29923152343601155 3
29923541772144641 3
29923754175893506 14
29924042723041281 4
29924423586811904 9
29925221569925120 4
29925252460969984 33
29925540970364928 3
29925827529416705 3
29926077681893376 5
29926990999986177 3
29927010822258688 3
29927029684051968 3
29927470941609985 15
29928027760627712 0
29928774757781504 14
29928878730387459 3
29928974628954114 3
29929132829708288 0
29929865545256960 3
29931459791822848 3
29931742685044737 4
29932246110568448 3
29932438171951104 15
29932532732526592 3
29932808952614912 15
29933002024812544 2
29933930039738368 4
29934157463293952 21
29934471260151808 4
29934479816523777 19
29934524682993664 4
29935111780700160 15
29935861109891072 5
29936272629829632 0
29936391567712256 3
29936456067719168 2
29936532865417216 2
29936831172710400 3
29936882334830592 5
29937130155278337 1
29937155568574464 3
29937185994051584 3
29937840850739200 3
29938994254979072 1
29939947347644418 6
29940184141266944 3
29940520516063232 13
29941525441937408 17
29941674264236032 3
29942015110160384 4
29942371579854848 11
29942593399820288 3
29942734030635008 1
29942866067329024 19
29944405947322368 1
29944510477770753 15
29945062523674625 4
29947258413776896 5
29947404203593728 3
29947768046886912 10
29948763707543552 1
29949320493015040 10
29950097202610177 6
29950309744779264 3
29950628679655424 3
29950724490133505 1
29950829746196480 6
29951707270090752 4
29951892234698752 62
29952377113022464 3
29952618084171776 6
29952644176936960 3
29952775488012288 3
29952781913694209 3
29953060205760512 3
29954269654286336 15
29954672672378880 13
29954885638164481 4
29955092178276352 12
29955096955588608 18
29955716676583426 4
29956594770907137 4
29957073382936576 1
29957578159038464 9
29957735441235969 3
29957866773282816 4
29959012724244480 4
29959763458527232 3
29961115022655489 15
29961878142722048 0
29962394386038784 13
29962873480413184 5
29962947937705984 3
29963221750251520 1
29963380718567424 3
29963747619512321 1
29963957057880067 1
29964149756788736 14
29964806458970112 1
29965172969840640 5
29965595789230080 18
29966258715758592 4
29966764259418112 1
29967133987311617 1
29968062279065600 4
29968099797110785 2
29968472767201280 4
29968696868864000 1
29969140395544576 1
29969261619318791 17
29969536539164673 4
29969560778051586 33
29970038337306624 4
29970359025401856 14
29970600042692609 3
29970743043297282 5
29970854871826433 6
29970886933090304 6
29971327473426432 3
29971370016243713 12
29971553881952256 3
29971638543982592 4
29972408785960960 19
29974270754947072 17
29976628511645697 1
29977398191595521 6
29978006919319552 2
29978784442613761 1
29978962599870465 2
29979186709925888 4
29979785870450690 1
29979787090984960 1
29980477968355328 1
29980635686772738 9
29980771821293569 3
29980992311656448 5
29981352543649792 4
29981750247563264 1
29982067924144128 33
29982416521142273 4
29982673552281602 5
29983067007356928 1
29983478363717633 2
29983766109757440 3
29983840793530368 2
29984725615513601 10
29984984123056128 19
29985566330191872 4
29985708722618368 3
29986568634634241 1
29986572824739841 2
29987499350687744 14
29987900749783041 4
29988033105240064 1
29988348554641408 4
29989922634997760 6
29990098707677184 14
29990212637560832 4
29990350961516545 2
29990983902961664 2
29991159749152770 10
29991643910242304 2
29992277275316225 1
29992682847735808 3
29992927153360897 3
29993056316948480 21
29993449017057281 1
29993695927336960 2
29995067955482624 1
29995290803044352 1
29996481968611328 1
29997573569777664 4
29997693933719553 2
29998052534124544 9
29998791792791552 11
30000430683529216 11
30000726482620418 2
30000795378257920 9
30000810200928256 6
30002352819798016 17
30002459317374976 15
30002622148644866 1
30004282195443712 17
30005448316821504 3
30006118478512129 21
30006256999604224 0
30007189145919488 13
30007910994022400 17
30008563728392192 1
30008888187158529 17
30008891647467520 2
30009328891076609 4
30009957734678529 5
30010242251104256 11
30010570367303680 4
30010571197775873 6
30011415892852736 10
30012275423186944 4
30013773049757697 2
30013912095137792 6
30013954906398720 1
30014370507395073 11
30014717997092864 3
30015564571217921 10
30015571043033088 1
30015603104284672 1
30016054197489664 5
30016732944924672 15
30016851715031040 2
30017319606427649 14
30018283402960896 4
30018304034738177 2
30018721376378881 1
30018781489139713 19
30020231271284736 3
30020862862168065 7
30021228290904064 4
30021375947177985 3
30022191554764802 13
30022330415587328 5
30022830624088064 1
30023844370579456 3
30024621822582784 2
30025465972396032 18
30025535761420289 2
30026246704340992 5
30026692252663808 4
30026776419766272 9
30027043655655424 12
30028088104456192 9
30028579458785280 0
30029777607860224 4
30029810507976707 14
30029905936781312 11
30029906716917760 19
30030351812268032 9
30030900846665728 5
30031559738265601 2
30031825472589827 18
30032342810628096 3
30032665637822464 3
30032743513464832 11
30033690314670081 2
30034234726940673 13
30035299383910401 4
30035396582707200 22
30036270692433920 12
30037191400890368 3
30037379448307712 14
30039074249113601 15
30040220187496448 13
30043083580112896 10
30043654965960705 17
30044028439363584 22
30044528048087041 13
30045171471089664 0
30045176936271873 0
30046182872977409 12
30046436179578881 3
30047760992436224 14
30048895966904320 12
30049849156050944 3
30050208213639168 3
30050959887433728 2
30051954050727936 2
30052152558747649 12
30052214336651266 11
30052868887158785 9
30053730267168768 0
30054633808330753 6
30054819175596032 9
30055029759021057 4
30055514381488128 18
30055652839653376 3
30056094067859456 13
30056132479287296 3
30058868079861760 17
30059853560938496 1
30060103956697088 3
30060880158785536 2
30062422576336896 5
30062538221686784 1
30063104272371712 12
30063339698655233 3
30064870233735169 15
30064964521697282 17
30065597966454784 11
30066056034779137 14
30067181584654336 6
30067612700381184 9
30067826060435456 1
30067834360963073 1
30069747622088705 0
30071138327470081 1
30071769100460032 13
30073810464018432 1
30074745030451200 1
30075063562670080 4
30075242592337920 14
30075264339804160 3
30076476434944003 13
30077168956473344 3
30078056517341186 21
30078388416806912 14
30082199986380800 13
30082294580510720 6
30082564710473728 17
30082793262288897 10
30083577085427713 14
30084233934409728 9
30084940368453632 6
30085531765317632 5
30085569992200192 6
30087830369734656 4
30087967800299520 4
30088243047301122 6
30088866102771712 6
30089000043675648 6
30089231133057024 3
30089466064404480 6
30089553725366272 10
30090420985794561 10
30091359255789568 11
30091502759710720 1
30092054042251264 19
30092449464459264 1
30092659175464960 7
30092859558330368 6
30093167172788224 21
30093435356577792 6
30093569540751360 1
30093892678324224 6
30094680389586944 15
30094802171199491 13
30095059768573953 3
30095105796874240 8
30095792811278336 6
30095980074377217 15
30096601695395841 11
30097279297781761 6
30097429839740928 1
30097913690456064 6
30098010864091136 8
30098088563572738 18
30098175503110144 19
30098281497362432 2
30098586972721152 6
30098736520630273 17
30099064997543936 15
30099312893501441 4
30099738275614720 6
30101530644316160 3
30101682566209536 1
30101705064456192 6
30102878777511936 5
30102989704269824 6
30103606875136000 6
30104014272069632 6
30105060742529024 2
30105160940265474 9
30106875533991937 3
30106968714645504 6
30109318141444098 3
30110157539123200 21
30111307600498689 6
30111920656748544 6
30111998276542464 2
30112643482124289 5
30113140213555201 14
30113223487266816 6
30113457042882560 13
30113778855055360 13
30115178284589056 4
30117229777387520 6
30117313898348544 14
30120295868137472 5
30121003757604865 6
30121100952215552 6
30121573998399489 5
30122759342264320 3
30123883717730304 11
30124685698015233 15
30125619333308416 3
30126067448553473 4
30127796827201537 14
30127871053799424 4
30129060491304962 6
30131071488102400 6
30133181982183424 14
30136419355725824 0
30136517234003968 15
30136519461175296 3
30136925230727168 4
30137431932010498 10
30137504334090240 8
30138904044634112 19
30140006722969600 16
30140350932713473 8
30140543900057600 33
30140639110762496 11
30141839524761600 0
30141947922358272 13
30142813622505472 16
30143061707202561 6
30144612324610048 8
30144626258083840 6
30144954164580352 3
30145973258817536 8
30146528110710784 16
30146625129160704 2
30146920135532544 6
30146947197177857 2
30147216362446848 8
30148085053136897 0
30148156909948929 6
30149086560657409 2
30149943758954498 0
30150397205159936 4
30150979655569408 6
30151108915625984 8
30152221719007232 6
30155463421071360 62
30156262612140032 6
30156364240130049 18
30157835434201089 2
30159528762810368 0
30162553262841857 2
30163860283465728 9
30164361624428544 8
30166204228308992 8
30166783797239808 5
30167063326629888 2
30171143117733889 8
30172275693068288 8
30172392424738816 4
30172846525251585 8
30173101094342657 8
30173229582655489 8
30173889518637057 5
30174694464299008 8
30175318723530753 0
30176624745906176 18
30178090084732928 2
30178149971001344 12
30178154253389824 3
30179590383075329 8
30179593696579584 0
30179680120213504 8
30180852956667904 8
30181238492897280 0
30181259464413184 0
30181261322485760 0
30181945539301376 8
30182630423003136 9
30183732333780992 4
30183931399639040 13
30184174069485569 6
30185132027551744 3
30185572010033152 21
30187870459273216 8
30188073790742528 5
30188238920491008 0
30188246860304384 6
30189430073458688 15
30190476850106369 11
30191539678347266 8
30194530934333441 33
30194947625852928 8
30195250039361536 8
30195703720448001 21
30195734397587456 8
30195992632496128 8
30197648455630848 2
30198105513140224 2
30198546422566912 12
30201090108555264 0
30202078395637760 5
30203004422463488 8
30203027998638080 8
30204964789821440 3
30205821816152064 14
30205882033766400 8
30206292555464705 9
30207328506613760 8
30209263733313536 18
30209514821128192 8
30209763061010432 5
30209944758255616 8
30213489180016640 8
30216730722701312 8
30217175910318080 2
30217648230891520 9
30218527092772864 5
30219282595979264 2
30219417262493696 33
30219468592386048 2
30219578076299264 5
30219793458008064 2
30220405885112320 8
30221423737835520 3
30222943480979456 8
30222946924503041 13
30223544906424320 2
30224456668418048 8
30224947863363584 8
30225127555727360 12
30225196061302784 10
30225639298568192 2
30225672072855552 8
30227252268503040 5
30229057178177536 17
30231086277591041 11
30231547399376896 17
30231673970884608 14
30231756779028480 8
30233366276087808 1
30234474604142592 9
30235602540564480 11
30236041789050880 2
30236884051435520 2
30236969338408960 8
30237749344735232 2
30240863992938496 16
30240936592154624 13
30241029483397120 9
30241666954698752 0
30241891786166273 19
30241993720332289 0
30242277993480192 6
30242320716664833 8
30242865485447168 12
30243858654691328 6
30245154598158337 4
30245741335154688 13
30246103811096576 9
30246786849312768 13
30247261657104384 13
30248740119908353 2
30249301665910784 1
30249363020189696 5
30249411535704065 6
30249635062751233 8
30251343092391936 4
30251634873335810 2
30252359724572672 1
30252424555921409 2
30254032589168641 0
30254811135873024 2
30254886801121280 15
30255228381036544 0
30255811091501056 0
30256937165651969 19
30257444508672000 6
30257918918000640 11
30259745067638784 6
30260511308255232 9
30261187492978688 4
30262198236348416 15
30262721979092992 0
30264116249624576 8
30264223292465152 1
30266211619049473 3
30266409938321408 14
30268814184677376 2
30271122431803392 0
30272609513897984 1
30272744067174400 8
30273369303683072 13
30274519411195904 33
30274668183166977 4
30275118093574144 6
30275282464153600 2
30276303584231425 9
30276712407240704 6
30276978678435840 6
30277006646054912 19
30277420942622720 4
30277535400988673 11
30278755226230785 4
30279411047600128 0
30279445751271424 0
30279515653545984 4
30279572930953216 0
30279900619345921 6
30280006311612416 9
30280080747921408 8
30280495124193280 16
30282297689251840 8
30282761939980288 4
30282776829759488 4
30282798283620353 4
30283047223955456 0
30283063699177472 4
30284070894174208 8
30284693416968192 8
30285015719870464 18
30285149287481344 0
30285155067236352 0
30285327859982336 6
30285763908206593 3
30286115457998849 0
30286442685014016 16
30286636432494593 0
30286890129162240 4
30286912686133248 0
30287088289058817 18
30287161899094016 22
30288715846787072 0
30288842204381184 21
30290348043407361 3
30290716475260929 9
30290882041225216 1
30292656965816320 33
30294049474744321 6
30294083331170304 0
30294939292139520 21
30295023958364160 33
30295306801254400 8
30297416687161344 6
30297740420321280 33
30298228616335360 0
30298754699497472 6
30299217419304960 2
30299819595534336 4
30303527939084289 14
30303893518819329 10
30304023416410112 62
30305888401104896 1
30306064587030528 11
30306370184019969 10
30306897550647296 2
30306965607415808 6
30307254150365184 1
30307642370949121 14
30307841604591616 9
30308171595649024 0
30308242710069248 11
30308676094926848 8
30309361721024512 4
30309789984628736 19
30309859220004864 4
30310592120102913 17
30310664287289344 17
30311489055232000 2
30311869868670977 0
30312146520776704 17
30312161397964801 3
30314389370306560 10
30314524003270656 9
30314993614323712 6
30315979753922560 2
30316304493707264 2
30317108462096384 22
30317312351412224 4
30317495017545729 8
30317567532863489 17
30317726136270848 8
30317913206431744 2
30318243478507520 8
30318347975397376 8
30318599885291521 19
30318891519447040 13
30319208176820224 2
30320833654161408 15
30323782577037313 6
30324895254585344 0
30325037932216320 3
30325151543332864 2
30326090954182656 33
30326405107552256 5
30327110438486017 8
30327223667920896 0
30327554120351744 4
30328228853846016 8
30329279422144512 8
30329435676741632 18
30329668477386752 0
30330100922716161 0
30330644261244928 62
30330694089580545 6
30331396039909376 6
30331697530667009 1
30331742611046400 11
30332237778001920 8
30332641186160640 0
30333108687470592 11
30334041655873536 6
30334316655415298 10
30335134557274112 10
30335360378609664 0
30336632099966976 12
30337914273538048 4
30341918521040896 8
30342472882196480 19
30343979849482240 0
30344159634132992 8
30344501788672001 2
30344561100324864 14
30344844010332160 6
30345391052423168 13
30346001420128256 62
30346926125752320 4
30349010376065024 0
30349124234641408 19
30349168828481536 6
30349244057526272 4
30349976752099328 4
30350155270062080 8
30350226606784512 6
30350599161643008 9
30351040977047552 0
30352981819920384 33
30354026755268608 4
30354467463372802 0
30354903104749568 0
30354952433967104 2
30355370538958850 14
30355575934033920 0
30356159202336768 1
30356287451566080 6
30356296486100993 6
30356559221493760 2
30358072098562048 8
30358150280380417 4
30358360507293696 12
30358431999205377 9
30358787344830464 10
30359830988324864 18
30360018473713664 2
30360091202953216 4
30360257209307136 11
30360271113424898 4
30360893862715392 4
30361012511186945 14
30361134234075136 4
30361362878169088 19
30363334750502913 4
30363602187722752 1
30363847143464961 14
30364148424515584 4
30365221067427840 12
30365345097187328 67
30365823444983809 14
30366467505528832 15
30367363798933504 4
30368004080410624 19
30369284123262976 2
30369426192728064 9
30369516349292544 0
30369843635036160 14
30369999617007617 0
30370115123945473 6
30370913199333376 4
30371615850106880 6
30371703578169344 14
30372021468667904 3
30372369704951808 8
30373175778869249 17
30375038867738624 14
30375048644665344 16
30376934647005184 18
30377350315114497 5
30377622064078848 8
30377942009774080 4
30377976881217536 0
30378781550055425 0
30381116489736193 8
30382527768166400 14
30382993356886017 19
30384057296617473 19
30384595740401664 22
30384640908853248 2
30385544127062016 4
30386385739317250 0
30386693102112769 4
30387072019730432 33
30387130903568385 4
30387479815131136 5
30387986306699264 5
30389268501241856 0
30389512999796736 0
30390248491982848 5
30390517741129728 0
30391135373361152 14
30393246936997888 3
30393441779195905 9
