308646340727013376 15
308647351587856384 23
308648081375776768 43
308648316273561600 43
308649318687064064 43
308649444520366080 6
308649973002674176 43
308650405032763392 1
308650509881991168 43
308650954457247744 43
308651755602866177 22
308651784937824256 25
308652581876559872 43
308653420707983364 43
308653760471769089 43
308653760471777280 15
308654490263879682 22
308654528021032960 22
308655094243655680 43
308655475933712385 43
308656331580141568 8
308656390279421954 43
308657136882298880 43
308657623400591361 20
308658072195321856 27
308659141759614977 1
308659586360020992 22
308660475548274688 43
308661356339527680 8
308661364740730880 29
308661415051403264 43
308661452800131072 16
308661624770813952 43
308663654826516480 43
308664053302185985 43
308664107807166464 43
308664418173059072 8
308664602722463744 8
308665319952625664 43
308666146255695872 8
308666163024498689 22
308666624389570560 28
308667014455635968 43
308669057081688064 43
308669614940905472 43
308669736563134464 43
308670550249705472 43
308670646752260096 29
308670680298291201 43
308670759960711168 11
308671338808242177 22
308671795953803264 15
308673356234891264 29
308674350318489600 43
308674828452380672 43
308676195799683072 43
308676573278642177 43
308676581684043777 12
308677907054727171 43
308678490079764480 25
308678901108965376 25
308679287005904897 15
308679911932063744 30
308680285225107456 43
308680490771169281 2
308680771781132291 43
308680809546653696 17
308681921016258560 8
308681975529611264 43
308682076213878784 43
308682319470936064 43
308682520818491393 38
308683212874465280 43
308684362109550592 15
308685104488792064 43
308685364560814080 0
308685914018836480 43
308686023062343680 43
308686345994387457 43
308686576685314049 43
308686643806732289 27
308686836757323776 43
308687361028521984 8
308687361032724482 8
308687361053716480 8
308687767880224768 43
308688799670628354 8
308689009402601473 16
308689953104228353 16
308690053763309568 16
308690133480259584 43
308690238342062080 16
308691769237848065 11
308691895075360769 39
308691937022574593 12
308692054454710272 0
308692486455431169 1
308692666814697473 43
308693866402430976 20
308694625567252480 23
308694793335209984 22
308694919189495809 15
308695623794839554 43
308695779000848384 43
308696844341481472 8
308697507062505473 8
308698383672016896 15
308698828264075265 17
308699885211893761 43
308701231583490048 22
308704708686655489 8
308706747105812480 43
308706940060569600 1
308707242054660097 22
308707321733844992 20
308708324185092096 24
308710295495385089 38
308712166146580480 0
308712187118096384 43
308714087137820673 43
308715211215499264 43
308715982954827776 43
308717304181571585 40
308718033994665984 27
308718310801932288 43
308718344364756992 43
308719132881321984 43
308719204205473792 43
308719636222976001 8
308722438013874176 43
308724308648288258 8
308725717942804481 1
308726707819528192 43
308726900740718592 43
308728687501651969 25
308729048211783681 43
308731057300180993 15
308731447378857985 36
308733498376732672 43
308734022685716480 30
308735117373882368 43
308735792665206785 25
308736170169364480 43
308736530879500289 43
308736929334169600 11
308737403265372161 6
308738795791073280 8
308739592700436481 43
308740150555451392 15
308741153002508290 11
308742784548999169 20
308743807984349184 11
308745854808883200 30
308751206711431168 5
308753119322460163 1
308753249354276867 38
308753354207674368 25
308755296183017473 8
308755975643492353 43
308757921821491200 38
308759687615094784 43
308764964053721088 20
308765727404478464 43
308766910202408960 29
308770651508977664 20
308773189058707456 43
308778230641487872 43
308779602149531648 43
308779937702232064 43
308781296648331264 43
308782647230988288 23
308782877921910784 23
308782898885050368 2
308783020515680256 23
308783347667197953 43
308788015923339264 43
308788619940864000 6
308793523078049792 15
308795179798769664 23
308795209167302657 11
308795221737611265 15
308796647809368065 29
308797864186892288 15
308799546102800384 29
308801047634276352 43
308801613890465793 1
308801739719602179 8
308802826035933184 26
308805153878835200 43
308805892055388160 22
308807884362350592 1
308808211530645505 27
308808425435959297 43
308808492515459073 43
308808702264233984 20
308809054589943809 11
308809104900632576 23
308811642462949377 11
308815471858302976 43
308817745150087168 43
308818152010162176 23
308821587157725184 25
308821616517869568 25
308822052738056193 43
308826108621635585 43
308828461617774592 11
308829812192075776 43
308830038688690176 20
308834069385453569 25
308834329440681985 43
308834966966525953 8
308843946992345089 11
308848522990592000 43
308849902904033280 43
308855800082874368 43
308859403015184386 1
308862632629260288 22
308866080330350593 15
308873172885856256 17
308875542688575488 43
308883709006839808 29
308884568801411072 43
308885785166360577 12
308886460466089984 8
308888842818166784 1
308889115452129281 43
308890545701388288 43
308890767986946048 29
308891082555523073 29
308891543954145280 44
308895620821835777 11
308896472240386049 24
308903883588120576 23
308905481601183744 43
308906190442749952 6
308908623151632385 43
308908879020961792 43
308911559181209600 9
308912309932261376 37
308916307137544194 25
308916831396192256 43
308922690855657472 19
308924150477619200 43
308927300387352577 43
308928609006006272 43
308929640821571585 43
308933428282281984 43
308934472638820354 43
308934619447820289 25
308935995171168256 25
308937140237123586 43
308939182846390272 43
308940533437440001 11
308941988827385856 17
308945126200332288 43
308947516953608193 29
308948787802562561 8
308951325356478464 29
308952071959351297 20
308952378114179073 43
308952537514512384 43
308953544164265984 43
308953653203582978 24
308953804202713088 11
308954332693397504 43
308954559173242880 11
308955385451122688 34
308958367609667584 8
308958539580334080 44
308960238260858880 24
308961014194503680 43
308961345536151552 22
308962855493980160 0
308962884870864896 16
308963602075885568 11
308964365472768001 24
308965414044573697 25
308965602792464384 43
308965854421323777 37
308966533923749888 0
308967465034059777 25
308971252503154688 15
308971575477149696 25
308971936183099397 25
308972053602631680 36
308972548543102977 43
308975883031560193 29
308977183257403393 25
308978596708507648 20
308979318132989952 1
308979708236812289 18
308979838222475266 16
308981176218038272 18
308981398532931584 43
308981658579771392 24
308983457944592384 5
308984200307019776 43
308984816873914368 17
308985055970226176 43
308985878037012480 11
308986003853565953 43
308986557518471169 8
308987618660610050 38
308988218479611905 1
308989048926638080 23
308989157995327489 17
308990290428047361 38
308991020249518082 23
308991938806308865 15
308993410994413568 1
308994212110663681 11
308994459570434050 11
308997924094898176 29
308999018795638784 29
309000637788585984 23
309002361634959360 29
309002592351043585 19
309003196314050560 17
309004622364827648 8
309005163438419969 8
309005989720494080 8
309006409159294979 26
309007034106380291 24
309007587767099392 13
309007642301431808 8
309007721955487744 8
309008367886684161 33
309008774750928896 29
309010423108218881 41
309011329065287680 38
309012193083539457 20
309012495111172097 43
309013220692209665 25
309013585609248768 13
309014818717835264 13
309015116551188480 29
309015166882824194 20
309016735544139778 5
309017901543874560 43
309018044150190080 38
309018186769125376 20
309020418138845184 24
309021131157950464 17
309021902926671872 8
309021999374692353 17
309023140254736384 8
309024528548376576 13
309027426820841472 43
309028349550936064 43
309029121298661379 5
309030316700483584 13
309030769664335875 13
309031570801565696 22
309031839220264960 43
309032069894397954 24
309033181414318081 17
309033252692295680 43
309033424671367168 41
309033592422547456 8
309033906999541761 11
309034540373008385 29
309035379233800192 44
309035693789827072 40
309037866447675392 36
309038772387995648 5
309039875494146048 43
309040378827378688 6
309041251225829376 29
309041838424219650 16
309041955873099776 41
309043218354405378 37
309044208210178049 17
309044946428633089 5
309047211365367808 18
309048394146512897 26
309048507401117696 8
309048939410239489 38
309049031676534784 13
309050017325412352 36
309050227032223744 38
309051527274844160 43
309051611160907777 26
309052466815709184 8
309052651344117760 13
309052718465564672 8
309053737698209794 16
309053800616960003 16
309055981655031808 11
309059139957563392 38
309059630678560768 11
309059857175175169 15
309061228729344000 13
309061618787041281 13
309061727813779459 1
309061866255163393 13
309062491206479873 15
309062608630214658 13
309062688321970176 13
309062755439226880 13
309062910611705856 13
309063283908956162 13
309063342620803074 13
309063808188571648 13
309063904657563650 13
309063984374489088 13
309064047280660480 41
309064240227024898 13
309064487695175680 13
309064789680848897 13
309064944878501889 13
309065100034195456 13
309065209111252993 13
309065255231840258 13
309065511075971073 13
309065905357336576 13
309066006037401600 13
309066937164505089 13
309068556161671168 13
309069101429583872 13
309069143347449856 13
309069906740117504 13
309070242250883072 25
309071383109971968 13
309071450223022082 25
309071836111581185 13
309071894823464960 13
309073161507459072 13
309073622889295872 6
309074516280217600 24
309074843431743488 13
309074939896557568 11
309075241865461761 13
309075862639214593 6
309076529529380865 18
309077083198455809 13
309077494240251905 13
309077792035860480 38
309080413454876672 8
309080652521824256 18
309083500483584000 38
309084993647427584 13
309086696530644992 13
309087665393901570 13
309087690559741954 39
309088084853673984 36
309088617500925954 24
309088986612256771 13
309089968100352000 13
309090878234972160 13
309092090384629760 26
309092233011920898 13
309092241400553473 13
309093218677583872 13
309094284026593282 13
309095445840400385 13
309096964195237889 13
309100319630036992 12
309100609045401600 43
309100881645826050 43
309101204619812864 0
309101238191026176 13
309102790083489792 25
309104677503512576 15
309106762055839744 11
309107584139395072 43
309108024541319169 25
309108372668547072 8
309109203174318080 37
309110184637251586 13
309111161910079489 29
309111199650439168 20
309112701228044289 38
309113124835950592 8
309113464570400769 15
309113519117316096 15
309113607164149761 13
309114064368435200 12
309114806743474176 27
309114919977095171 13
309114932580982784 11
309115096158846977 20
309119089123667968 20
309119110111961088 20
309121270182731779 13
309121555403796480 13
309124453659459584 36
309125623840919552 7
309127658086739969 13
309128404693819392 11
309128815743995904 38
309131093213327360 16
309131126767775744 25
309136399028850688 25
309136461926658048 16
309137741201944577 43
309138982724313088 43
309139863511396352 29
309139959980388352 43
309140110987890688 43
309143059579412480 43
309145542598991872 24
309146742190907393 20
309146922550181888 8
309149187461742592 13
309149334274981888 13
309152500966105089 13
309155302773772289 30
309156779147800576 6
309159677395095552 19
309162751828303873 26
309163758461284352 5
309163859153940480 13
309165683646791680 18
309169840202059776 43
309171299845042177 15
309172306465411072 2
309172411314618368 25
309175548649816064 43
309178790842626048 22
309179378078720001 15
309186197979267074 13
309186210587365376 13
309190128046329856 44
309193106014744576 43
309194490147643393 34
309195865883570176 44
309197019291996161 13
309197312905859072 13
309199410062053376 13
309199431012593664 11
309200081133907968 29
309200768991379456 43
309202249584881664 18
309203939893575680 18
309205470843904000 11
309209694508036096 3
309218389283459072 13
309219031024553984 13
309219379143397377 13
309220759052627969 36
309222654886420480 29
309224152244559872 19
309225326674841600 2
309226090017198081 8
309227356688637954 13
309234096964505600 25
309239562117455873 17
309239671177752576 13
309240560353415168 13
309240853975670784 13
309241416016621568 13
309243458634256385 13
309244943426265089 13
309245299921141761 18
309251989831823361 25
309253894075215872 13
309254820995411968 18
309255907341135872 13
309256188338507779 13
309259954831888384 27
309263243153661953 18
309268536390471680 8
309270000202551296 3
309273313698516992 13
309275943527129090 41
309287536587591681 24
309287628837117953 13
309288983605682176 1
309290371932889090 25
309290959131254784 43
309291764446015488 2
309297992958083072 38
309298160738631682 13
309300094308610049 20
309302040482435073 43
309302514422005763 13
309303248450359296 13
309303370085183489 24
309303655281070082 27
309304460579049472 22
309305165251485696 25
309307195282051072 24
309310382936309760 25
309311863550791680 13
309311888704032770 43
309312278774312961 17
309314510139842560 33
309314774380982273 13
309315055407738881 9
309317781696950272 1
309318037566259200 17
309318956106272770 20
309318993871777792 22
309319199367516161 38
309320356995399680 43
309321019716415488 43
309322064072933376 37
309322709999951872 43
309323603390889985 11
309324006056656898 27
309327193731899393 22
309328615571611651 13
309328821121851392 24
309330234589720576 24
309330616279769088 24
309330863752101888 13
309331048284688385 24
309331077657403392 24
309332595974496256 11
309334206599811073 29
309334521180983296 6
309337658491019266 11
309339235570286592 17
309339755680780288 13
309342779773952000 9
309342909780615170 19
309345279574945792 23
309346407846920192 37
309346542064640001 22
309347179582087168 25
309348970549899264 13
309353571697164289 0
309355077435523072 38
309355085853519873 38
309357417878130689 3
309357476589993984 22
309358294470893569 41
309359187861860352 11
309362757243920384 29
309363541570371585 29
309363822592937984 11
309364057478144000 40
309364091003219969 29
309364250407747584 13
309365324157960192 38
309366225895567360 27
309367219983372288 13
309368520217604096 38
309368687985565696 17
309369421967790080 43
309372177612935168 3
309372798407680000 13
309373951824519168 11
309374299947532288 9
309374715192020992 29
309375126208671745 29
309376330007449600 7
309379563815841792 38
309381275096080385 38
309381715477008384 43
309382902473445376 20
309383401591410690 25
309383649059545089 15
309385163215888385 27
309385238696574978 13
309387117744750592 25
309390418657816577 13
309391425307570176 13
309392545190920192 11
309392641630547971 30
309395342770724864 2
309395372114079745 38
309396483617202176 17
309398173917515776 17
309398807265824768 22
309399188930715648 19
309399717429776384 25
309399797138325505 25
309400833106259968 17
309400904405245954 17
309400950563553281 17
309402439516299264 8
309406415737483264 25
309406759649423360 17
309407153947557889 6
309407321698738177 2
309410127700709376 13
309410484208140288 17
309410865885634560 13
309411302089035777 43
309411910284099584 8
309412610716094464 0
309412770091241472 25
309413218902740992 13
309414263267663872 43
309414468813717508 38
309414921781792768 17
309416620487483393 43
309418528904196096 29
309419556491890688 26
309421926290452480 30
309423918563876864 13
309424463835959296 24
309424652579639296 29
309426510643748866 15
309429677355831296 5
309431015309455360 25
309431468319453184 24
309432890163339264 16
309433011823329281 24
309435033477869570 11
309436136579821569 8
309436136583987200 11
309436358865321984 25
309439953392238592 24
309441874375106560 11
309446706230079489 25
309446743957856257 43
309452053959303168 11
309453123485843456 11
309453714916265984 5
309454004293885952 18
309454281143115776 20
309455329727479808 41
309460971057995777 17
309461822489124864 17
309463311483822081 29
309464116765011968 11
309466142626422784 27
309466159403655168 27
309466411057688577 36
309467673547399169 43
309470387249504256 9
309471083508150272 36
309472346010431488 11
309473084199542784 1
309474669654859776 9
309475890193113089 9
309478972989784064 29
309479161733459968 43
309479404994707456 29
309480671703887872 38
309482559132286977 25
309482886300577794 24
309489966281547777 22
309490352161705984 15
309493833434021888 43
309495699886702593 4
309495867637895169 15
309499441184927744 19
309500296831324161 13
309507154509963264 1
309507704001540098 11
309507834008190978 24
309509457191243776 20
309515706708398081 20
309517392826990593 13
309519544483995648 13
309529870889779200 29
309532446175678464 11
309533507342987264 38
309537374508036097 43
309537559044825088 13
309539043841044480 43
309539501003378688 18
309543351382839296 13
309545775686381568 11
309547147202805761 17
309548233552707586 11
309550984999362560 13
309551253459968000 25
309553228939403264 11
309555737154166784 29
309556873827323904 12
309562355778453504 1
309572002673463296 16
309572245922123777 13
309574712185483264 29
309575320372133888 29
309576759010004993 43
309579409814351872 39
309579908911353856 13
309580265431384065 16
309581238518284288 13
309581360169877507 29
309587366409027584 17
309589354483957760 37
309590767960207360 26
309599039157047296 37
309600863649939458 23
309601325044359168 7
309605187985735681 13
309607322890665984 23
309612330910617600 43
309614792971284482 7
309619830309392384 25
309620660798369792 18
309621088617390080 29
309622162346606593 22
309628638347800576 38
309632174162837505 13
309637328933117953 17
309637500924735488 11
309638755021619201 10
309639342199021569 27
309642097852571649 29
309642425008275457 25
309642911581085699 10
309643976913334273 13
309645465912221697 29
309647634367385601 43
309647810498801666 18
309650532606300161 17
309650905907740672 13
309650905911926784 13
309652206154563585 23
309652864660279296 11
309655611912626176 38
309656496910761984 1
309658090758864896 38
309659558744322048 2
309660653466042368 11
309661907583913984 13
309663446872518658 37
309665950884569088 11
309667360179101697 37
309667838300405760 23
309676260483817472 27
309678705746276352 29
309681138455175168 15
309681494983573508 24
309683134939668480 13
309685404058128385 25
309686372929789953 23
309686670746345472 18
309687702545125376 23
309689778725593089 11
309690495934803969 17
309690911200247808 24
309692681175580672 13
309692765074255872 38
309695130649128960 13
309696917410025473 22
309700067361685505 38
309701183017209857 18
309702068032118787 23
309702378427400192 17
309702873317527552 25
309703682855940096 23
309706551726313473 5
309706761458315264 1
309706908267327490 18
309707541598859264 36
309709533876453376 18
309709571629391873 18
309711324844277761 20
309711962412027904 18
309712063045984256 13
309715691148283904 10
309718383887253504 11
309719499555364865 25
309719864480780288 23
309721013694914560 23
309722829832732672 9
309724734050951169 19
309725623255982080 17
309726139142791170 23
309726139151159296 25
309728869617909760 29
309730337628499969 11
309730979382177792 23
309733609185619968 28
309733969904140289 43
309734460646125568 22
309734510977748992 43
309734947193749504 29
309734959772487680 29
309735853134053376 29
309736201269690368 18
309736213844197376 11
309736536801431552 36
309737467957878787 29
309738843681210368 29
309740114567917568 2
309742505329565696 29
309744560542715904 28
309745210638876672 36
309745214854139904 36
309745311302156288 36
309745990771027970 3
309746594771787778 29
309746842239913984 7
309749014876803072 25
309749316845715456 43
309749878920196097 25
309750793253289984 29
309754429706477569 0
309755868348575744 11
309756820472336384 29
309759710335205376 2
309759852958343169 29
309761664914452482 29
309762906415824898 16
309763636237328384 18
309764122763984896 36
309766702269362176 25
309772209382100993 38
309773153100496896 11
309774545601060864 11
309777041211932673 25
309777590678335488 9
309778769286164480 25
309780258238902272 19
309782581891702784 11
309786214146400256 12
309786662953705472 29
309791247315369984 29
309793218655051776 4
309794913145470977 24
309796737663512576 23
309796737663528960 23
309798474122153986 36
309799476556603392 23
309801380770639873 23
309801984721039360 36
309805000429826049 23
309806090969829376 13
309806304862552064 36
309806464237719553 13
309808951485161473 44
309809190535327744 38
309811245748473857 26
309811862315364352 13
309812780876320768 24
309813477122392064 18
309813733000085505 18
309814416667447296 15
309815461049147392 23
309816060834619392 11
309817050698747904 24
309817591751397376 29
309817667253043200 36
309818178937180160 13
309818971681611777 24
309818971689975809 12
309819110102024193 17
309819714048253954 11
309822654263738368 36
309823287620431872 18
309824814347087872 20
309829868491767808 15
309831214850785280 18
309839481815576576 20
309841390236487682 18
309841583161868288 17
309845035061485568 5
309847224488165376 27
309847711044210690 25
309854719726211073 13
309857303396499457 29
309857735434989568 15
309863326425427969 20
309866858025213954 29
309869273948495874 28
309877431861379073 24
309880233690021890 20
309883333276487681 38
309883618476580865 29
309887200407994369 34
309895354130767873 18
309901523968745472 24
309902220206428160 27
309904233476542464 0
309905466593521664 25
309906737467645952 34
309907945435582465 36
309909589594353664 29
309910181003808770 11
309915436487671808 30
309917646860718080 11
309921925067579394 24
309929147646488576 38
309944599474999299 1
309960164537139200 20
309963264102658048 18
309963725492854784 43
309963985552277504 18
309964279145181184 12
309964287537991680 0
309964690166001664 18
309970323124649984 18
309971765969440768 18
309971908596744192 11
309987263905947648 29
309987935011364864 18
309989398819266560 7
309990883598692352 11
309991793783631872 11
309995245695799296 18
309998953460551681 13
310000085905846272 38
310001214190387201 11
310001977528565760 43
310003927892520960 24
310005320422420480 25
310007568540000257 29
310007887307087873 3
310010009650089984 18
310011565741068288 13
310011955798753281 13
310012282937683969 27
310014279422193664 24
310018331136626688 10
310022827426340864 29
310025427878047744 0
310032113619591168 11
310033124459438081 38
310035557155753986 15
310037977273344002 11
310038866461609986 11
310039571108855809 24
310042146394742785 11
310044847513948160 36
310045162111922177 13
310045178884919296 19
310045283738341377 19
310045304688898048 24
310046118379659264 19
310046621717118976 13
310046688809193472 13
310047347323310080 19
310050140725604352 38
310050740523659266 19
310052846043267072 29
310054813171851264 27
310054947389595648 29
310056931307974656 25
310057732424212480 27
310057761801134081 27
310058235728109569 41
310058361573998594 13
310061222068383744 24
310061574419275776 0
310061859631947776 25
310062769774944256 10
310063893877760000 19
310065697390723072 0
310067974918770689 25
310068943811395585 13
310072643191713792 24
310072836121309186 10
310075365282435073 29
310075390444056577 29
310076174799880192 10
310079404397195264 0
310079727366967297 36
310080490713538560 15
310080624956436480 37
310082248147865600 29
310083728716230656 11
310084311732846593 29
310084483682545664 29
310085284807180288 5
310086283051552769 23
310088069837631488 36
310088371810754561 36
310088879342493696 10
310090963903201280 36
310091337175293952 36
310092813574479873 36
310093090411118593 24
310094063489650688 24
310096340979957762 36
310101038596247552 24
310101344780419073 19
310101718090264576 36
310104591209467904 19
310104935125626880 13
310106034029068288 24
310106080162234369 15
310106197611147265 29
310107518812692480 5
310108496077135874 11
310114753999687680 0
310115282452619265 0
310115374752485376 5
310115873866264576 29
310116238758129664 0
310117132157460480 29
310119153824563202 5
310120693125763073 15
310123436208963584 11
310124367352836097 29
310124430246436864 29
310125998920327169 16
310126040867540992 36
310129043964051457 29
310129056580501505 38
310129182409625600 5
310129593438842880 11
310129736053571584 38
310132210680336384 24
310132391056392192 5
310132554613260288 29
310132974031085570 3
310133468988313602 29
310133938737782784 5
310136539185299457 29
310137717788901376 5
310138833469595648 5
310138997064208385 29
310141001954119680 19
310141748519247872 25
310141933093789696 25
310142407050137600 5
310143468200685568 29
310143652737454080 3
310146135786409984 5
310146697802174464 34
310147486356475906 11
310148769775763456 5
310148782362865665 5
310149445071278080 11
310154230763753473 5
310156223066562560 10
310158001459830785 40
310158638989848576 5
310158827750309889 10
310159251349831680 10
310159582716637184 11
310159666615308289 11
310159674978729984 10
310161726001803264 17
310162732651528193 10
310163038831509504 10
310166176170901505 29
310166394253754369 29
310172178219925508 10
310172232750092289 29
310173751050387456 13
310173772038680576 34
310173793022799872 11
310173927215362048 10
310175881777782784 11
310176468959371264 41
310178859721056257 36
310180956864663552 29
310185344127619072 19
310185855824306176 11
310187399323975680 29
310188384989630464 11
310188917687205888 38
310189974656016384 5
310190238884573184 10
310191434257006592 11
310195095901184000 5
310197214024720384 10
310198061274107904 11
310198065447448576 11
310198673642496000 11
310199134982373376 11
310199239844167680 11
310200506549153792 11
310200909206540288 29
310201605444206594 10
310205690692136963 29
310205824909856768 5
310206059807657985 0
310207129350991872 11
310207410365153280 0
310208404415193088 20
310210522551316481 0
310210547691945984 24
310210711257235457 0
310211768259592193 5
310212158308876288 10
310214104478515201 36
310214431609081856 36
310218697220452352 29
310218869212065792 13
310219942949691392 11
310220198781284352 0
310220844729253888 19
310221708730720256 29
310221884908261377 29
310222606303375361 2
310222711181950976 11
310223101260619776 31
310223558431346689 18
310224258863349760 11
310225059996381185 32
310227622699343872 24
310228063113850880 16
310231355659284480 29
310234803360374784 10
310234975326855168 5
310238674686205952 11
310238993461702656 11
310240289493237761 29
310240797037576192 36
310241837208186880 29
310246329311956992 11
310247654707843073 16
310248237699321856 5
310249621840613377 15
310251819630739456 29
310255196083208194 11
310255665820086274 11
310260359263027201 11
310265488875868160 9
310268492010123265 5
310271998431473664 10
310276612174254082 29
310277367148982272 10
310277664965525504 12
310280298984267776 41
310283952218832896 29
310283989975961600 1
310288658206965760 11
310289513853366273 13
310291560698892288 39
310292856701063168 10
310294647681466369 29
310300322570579968 25
310302625239298048 0
310304781124136962 36
310305259257995264 32
310308052702224384 0
310308996395458560 0
310309415830040576 11
310309663285604352 0
310310032409522176 0
310312662225547265 0
310312792248954880 0
310312888709566464 19
310313845023457282 0
310317464695214081 20
310317687014293504 0
310318114820747264 0
310318458770444288 0
310319138226704384 0
310319184359854080 0
310322892137193472 0
310322900500627456 18
310323110224220160 0
310323189920194560 0
310330840322306049 0
310330848719273985 0
310331343668125697 36
310331356225871872 20
310332027306135552 0
310333461783261184 0
310335869322145793 0
310335911244222464 2
310336670404849664 0
310337588965801985 0
310339589653032960 30
310340021649551360 0
310340835361312769 10
310341695185248257 11
310341707772338178 0
310341942670139392 5
310342366290657280 11
310343918166372353 0
310344266293592065 13
310344329224916992 0
310346581566169088 0
310347240055111681 26
310347542036627457 10
310350893310681089 0
310351073674145792 0
310351090430394370 0
310351123984838657 0
310351576982253568 5
310351870583504896 0
310354198434824192 29
310354240352710659 0
310354332644155392 29
310354559107219457 11
310355091800612864 11
310355523818123265 0
310356681429241856 0
310357956501860352 0
310358556299898881 0
310359151886884865 0
310359328064417792 18
310360171085975553 13
310360229818798080 0
310360888324521984 0
310360909308645377 0
310361920148480001 0
310362977113096193 11
310363660776267776 18
310363883074379776 0
310364176679833600 0
310364273153028096 25
310365695022092288 0
310366412210327554 0
310366898787323904 5
310367095907049472 0
310368819774382081 0
310370665272311808 0
310370673644163073 0
310370828833402880 29
310371063718629376 0
310371176948051968 0
310371206329167872 0
310371256652427264 0
310371315364265985 29
310371734794682370 5
310372024197455872 5
310374339465842688 0
310375199281389568 25
310377753616715776 0
310377808155258882 0
310379330691821568 0
310380001793028096 16
310380211478880257 0
310381721424105472 18
310382002476040192 0
310383860527529984 0
310384116367495168 0
310385118839721985 0
310387161457389568 0
310387501191811072 0
310387853525917696 10
310388843364880385 0
310388931466256385 6
310389313147924480 0
310390240055525376 36
310390827291643905 0
310391489979092992 0
310391812923736064 0
310392291074379776 0
310392643400134657 0
310392953803796481 0
310393691997081601 29
310394451136753665 0
310395034170187778 0
310395898184220672 5
310396179202576384 30
310404056092913665 5
310404735582748672 2
310405557657939968 5
310405666709831681 0
310407612896251906 9
310409361891684353 15
310412201439662081 15
310412557968097280 27
310413929518100480 6
310415078740611073 0
310416106361860096 0
310417825997156353 0
310417960210681857 11
310419554042003458 0
310420422275526657 25
310423429612462081 0
310424914375081985 25
310425426088562689 0
310425640002285569 13
310426051056631809 2
310426910884757505 5
310430908027138050 0
310431172293439489 10
310431478473424896 0
310432879383572480 25
310433206526697474 5
310434036994695172 29
310434125079248896 0
310434712277622784 0
310435144286756864 13
310436083794079746 5
310437958681493504 24
310438231281905666 25
310439971913879553 11
310440806580375553 5
310441611899326464 11
310442060685639680 29
310442400428486656 0
310442631119384576 11
310443822322679810 5
310444069757267968 5
310444682142433280 37
310444946383593473 5
310447240651100160 5
310449912439533568 5
310450600313778176 0
310451552391417856 0
310454542930165761 0
310455394399047680 5
310458808549912576 41
310459446096719872 25
310460222017789952 1
310461371290624002 0
310464005279993856 11
310464005313548289 5
310464441487605762 0
310464563130818560 26
310464730919759874 11
310465141961535489 29
310466651910979584 5
310466811286147073 2
310475560616865792 11
310475678032220160 17
310477167026921472 0
310481495527657472 26
310482858684858369 16
310484016337940480 0
310484096021307392 36
310484423160262656 13
310485060719620097 11
310485832471552001 18
310487384355651584 0
310487510184759296 11
310489531843493888 41
310491528332181504 11
310498679616323584 11
310500546073227264 11
310501422670151680 11
310501854687670272 11
310502316056915969 0
310502513210167296 29
310503385621221377 32
310504027341348865 12
310504639692959745 13
310505306625024000 5
310507852538191872 13
310507999368204289 13
310509274424025088 13
310509278622515200 25
310509710610677760 29
310512797622620160 13
310512856338685953 5
310513552597319680 5
310514722803949569 0
310515507151380480 11
310517050655260672 0
310517507834384384 13
310517642035343360 13
310518640313253888 0
310518963262074880 13
310519386865799168 20
310519391060107264 11
310519634342330368 13
310520997482737664 0
310521886675181568 29
310523124003270656 13
310524290028158976 11
310525305062313984 17
310527431545077761 13
310529725833564161 13
310529847480958976 11
310530338222923777 11
310531449721860098 11
310532355657973760 11
310532670251737088 11
310533295207243776 18
310533609759068161 13
310534633198596097 0
310534926770515969 11
310535669170708481 29
310536323503124480 10
310536411570909185 13
310536625472012289 11
310537640506163201 13
310537653076508673 11
310539326607998976 24
310539410485690369 18
310540882682183681 13
310540912033935360 13
310541499270041601 32
310541646045540353 13
310546817630756864 5
310547350290563072 29
310547694261256193 13
310548830917623808 25
310549581660291072 13
310554459665207297 11
310555730518372353 11
310556997202354176 11
310557043327107072 11
310558238741495808 11
310563896836620289 13
310564169462210562 5
310567185187741696 11
310572801331433472 29
310573665379053568 32
310577905795231745 11
310579835204427776 29
310582582444183553 13
310584557978152960 13
310585828856459264 13
310586067914997760 17
310586323780124674 5
310589754712420352 32
310591839298265088 29
310593441526583296 11
310597208003203072 5
310602987745726466 11
310604912918671360 25
310611799970029568 11
310613284749447168 6
310613788095299584 13
310614572400791552 11
310614610162118656 11
310615503561424896 11
310617437135585280 13
310619513328640001 11
310619576222224384 11
310623992811769856 5
310624705851838465 5
310626089988943872 11
310630699537408000 11
310630808585138177 29
310642917511409664 11
310643496342130688 11
310643668300226560 5
310644188393914368 11
310644599431499776 34
310646889529880576 11
310652556038791169 13
310653382329262080 13
310656431592464385 13
310664174248275968 22
310668142059847680 0
310670708978114560 11
310688568345493504 11
310688983573204992 32
310697514770776065 0
310701218345406465 36
310703273545957376 0
310709359476867072 0
310709959262339072 0
310712572338913281 0
310714719835144192 20
310718758912155648 18
310718930891182080 29
310721497801031681 33
310724706451984386 11
310744503566864385 29
310748362330750978 1
310749314420989953 18
310750170067394560 28
310751122170212352 20
310752737002389504 29
310753819116056576 38
310756721578627074 11
310756805452120064 33
310760626475646977 13
310765705769406465 13
310767719047892992 25
310769749065879552 13
310771485516128257 36
310775960838483968 5
310776363516850177 36
310779114946719746 26
310780008362803200 27
310781958714187776 29
310782906618478592 7
310785704227647488 29
310787163824480257 11
310787381957623809 11
310795191751696384 11
310796445844381696 29
310796760421380096 11
310798865932640257 26
310799222440079361 11
310800677901312000 11
310800988271439873 11
310801311232831488 7
310801806148116480 20
310802015846555648 20
310802116543389696 29
310802686951972864 11
310803626459279361 11
310804125589860354 11
310805794939600896 11
310806071772053504 11
310806080148082688 11
310807439102590976 10
310808001130950657 29
310811666940039170 29
310812187050532865 11
310813483090468864 26
310813495673360384 2
310816075182903297 16
310817278918799361 11
310817899700961280 1
310818667262775298 19
310820013638578176 11
310823448748359680 25
310825084556292097 11
310825206170136577 36
310826321838211072 2
310828062482759680 36
310828200915771392 25
310828951687798785 10
310829194944864258 17
310831258563391488 36
310835452875780096 5
310835507397525504 5
310835633214078976 26
310837235425611777 32
310838946714251264 13
310840133710667776 24
310843203928588289 2
310843904389963778 13
310844613235707904 11
310852645315305473 13
310853643551248384 24
310853702263132160 11
310854805390254080 37
310855539380854784 3
310857095455055875 29
310861507854475264 32
310866218078842880 11
310867233096216576 11
310868373963694081 11
310869267337867264 25
310870806630658049 38
310880134771113984 5
310883888673202177 32
310884069028294656 32
310884865954426880 11
310886396854403073 3
310888074605379586 32
310888200409333760 32
310889035084230656 11
310890427609915392 32
310890805084708864 11
310892147257798657 11
310892159836491778 11
310894236029571073 36
310895494316580864 5
310895662105505792 5
310898363224702976 18
310900032566075392 32
310900640735977472 32
310901106303717376 24
310901450211475456 11
310902435898081280 16
310905279627800577 11
310906567274921984 11
310908236612112384 11
310914280620969985 41
310914511311863808 10
310916042224447489 41
310917275328868352 26
310919326347718657 3
310922753106661376 11
310924065898647552 36
310925164835663872 0
310926259536420865 11
310927740134100994 41
310927769494253568 32
310927920464007168 11
310929854067515392 5
310930252534784001 38
310931062014496769 41
310931527578046465 29
310931540152557568 29
310932341281398784 13
310933209502343168 2
310936791442132992 11
310936829174104064 11
310938309775982593 25
310939790361100288 11
310939895235477504 29
310940738273828864 3
310941589734305793 11
310953090494894080 32
310954789179650048 13
310955217032187904 1
310957028967321601 13
310957611946237953 36
310958979293532163 25
310963337187958785 29
310964658389520384 41
310968928182603776 11
310970056450400257 11
310984627491835904 34
310988347835289600 16
310990424011583488 13
310993498419642368 18
310996702880464896 36
310996807733870592 29
310999647260925952 16
311002180633112576 9
311008639844499457 0
311008849584865281 32
311009625531113472 5
311011118686556161 30
311011936605188096 5
311012494435041280 18
311014746772099073 0
311015774355591168 20
311017020080668672 13
311023915503857665 41
311026285319168000 10
311027845591879680 10
311028151784448000 32
311029871411355648 41
311029972112379904 41
311031393964662784 25
311033688248942593 10
311035055600463872 25
311036309684768768 10
311036926260047872 29
311037182091620352 9
311037211455938561 23
311037739946627075 10
311038394237063169 10
311038926930448384 25
311040113935273984 10
311040394928467968 10
311040470442713088 10
311046870954823681 10
311047026123087872 11
311047948890935296 10
311050712937291777 10
311052138983849984 11
311053967704596480 24
311058937959034880 11
311059466437140481 11
311059944592011265 11
311060020076900352 11
311060892496302080 11
311061601342078976 32
311062364688617472 0
311064042422812672 29
311069063025676288 43
311071260807405568 10
311071533466542080 34
311073366364811264 10
311073458626887680 25
311074322678706176 10
311075253805797376 11
311076189139779584 29
311078496006987776 7
311078810554601472 11
311084162511671297 13
311088029647384577 15
311088797209223168 36
311092362375995394 10
311093037629591552 32
311093041828098050 32
311093104755224577 7
311093939413344257 10
311094123983679489 29
311095638131630080 10
311095893971582976 27
311095923327516673 10
311097756221583360 24
311099467526987777 20
311099677237968896 10
311100436419588098 9
311101392695746560 10
311101501764403200 10
311102554526326784 11
311102919443357696 11
311103292719628288 38
311103556965003265 11
311106803356295169 10
311107973575475203 16
311108380402016256 10
311108422357630976 5
311108812415315969 28
311110439834624001 18
311111907811655681 36
311112989946286080 25
311113107391000576 2
311113988211617793 10
311115544273227778 11
311117725323915265 24
311118132175581187 7
311118224458657792 11
311118337692278784 33
311118643859689472 33
311120267076308993 11
311120610984071168 10
311120925573656576 33
311122372625330177 2
311123127579058176 36
311123639271579649 33
311124436218675200 11
311124788544413696 11
311125455426174978 36
311126940188807168 16
311127099584954368 29
311127309325328384 16
311127464485220352 11
311127590322704384 22
311127925850271746 10
311128034918944769 10
311128253026930688 36
311128374678540288 33
311128395650064387 33
311128404000915458 33
311129318392741889 9
311129448399400960 10
311129570042601472 10
311129792315531264 33
311130459226660864 19
311130471805353986 11
311132434743848961 29
311132728349315072 6
311132946432159744 33
311133885956227073 11
311134099874136065 40
311134699651211264 33
311135106515476480 36
311135341409079297 11
311135614009483264 5
311136679375294464 33
311140689146687488 16
311140752031879168 25
311141070828359682 15
311142148739330048 19
311142492680646656 29
311143289619361793 5
311144292053823488 5
311146468880822274 25
311149182616473601 41
311150046613745664 10
311150407319711746 10
311150520574304256 10
311151342662082564 33
311152248648519680 5
311152257037135873 40
311153091695222786 15
311154450666516480 40
311154891039047680 3
311155016876568576 20
311155184652918784 20
311156325499412482 22
311156388397191168 2
311156707193651200 41
311156732363681792 33
311156799472541696 33
311156891713675265 33
311158087128072192 33
311158451994783744 33
311159295066644480 33
311159555100921856 33
311159651574104067 32
311159907439235072 18
311160201048907777 15
311160469488558081 15
311161392218636288 5
311161794888626176 29
311162017153163264 29
311162403054305281 33
311162851832242176 25
311163011207426048 32
311163174818816001 33
311163237704024064 28
311163631997960192 29
311163770376445952 33
311163770384826368 33
311164651192872961 11
311164957381251072 29
311165099966595073 33
311165720752959489 15
311165804634853377 5
311166186295525376 33
311167285198987265 16
311167771755020289 10
311168845484281856 28
311169457848479744 10
311170762289577984 15
311174050611359744 18
311174189035962368 11
311174704926953472 28
311175883526393856 29
311178211381874688 29
311178920206667777 33
311181562614009856 29
311181587775619072 41
311182284034277376 19
311182976090263554 25
311183861113569280 33
311184028881539072 13
311184330884009984 22
311185614320066560 29
311186348335828993 10
311186855846637568 12
311187182998130689 33
311187623408447489 5
311188042847227904 40
311190492316594176 16
311191255650533377 33
311193654821785600 29
311193763873701888 28
311195059880083456 32
311195089269563392 28
311195248640524288 28
311196083294457856 28
311196087522308096 28
311196334956879872 28
311196343362285568 28
311196368523907072 28
311196465009668097 28
311196557284343808 28
311196615983644672 28
311196783751614466 28
311196859257462786 28
311197102527111168 28
311197429682819073 28
311197622633365505 28
311198016864391169 28
311198432138244096 40
311198629266329600 28
311198729929621504 28
311198813790535680 28
311198973203476480 28
311199170314784769 7
311199300342394882 29
311199346471358464 11
311199652655550465 28
311200160157954048 28
311200558650359809 28
311200671867219969 28
311201271656894465 28
311201414271610880 28
311201460408946688 28
311202014069653504 28
311202458665906176 28
311203242971365376 28
311203305890136064 28
311203406570205184 28
311203482059292672 28
311203620483899392 28
311203733734301696 28
311203779859079168 15
311204283162980352 28
311204283167150081 28
311204283175555072 5
311204396404985857 28
311204492878163968 28
311204845229060096 28
311204979417440256 28
311205050724802561 28
311205172347027457 28
311205549867945986 28
311205767963353088 28
311206208348499968 17
311207022056071169 28
311207047238656000 28
311207147868409856 28
311207185638096897 28
311207651205853184 11
311208217411723264 28
311208280351465473 28
311208913666207745 40
311209651863691264 28
311209765114101761 28
311209815466725376 28
311209815475093504 29
311210469773946881 28
311210599776411648 5
311211002429595648 28
311211451253653505 28
311211522540072960 28
311211690320609281 28
311211732276240384 28
311211862291275777 28
311211958747684864 28
311212055220846593 28
311212260724965376 15
311212428530696192 28
311212487229976577 28
311213753893011456 28
311214273995079682 28
311214290780692481 25
311214945108914176 41
311215737807204352 15
311215876236001280 15
311218019529523200 29
311218518655913984 15
311219202306478080 22
311219248448032769 25
311219344933785600 28
311219374298124288 25
311219617567752192 28
311219860837384192 28
311220284462080000 25
311220473205776384 25
311220506726649856 28
311221257515450368 15
311221530132631552 28
311221685342830592 28
311221945406468097 5
311222830383648770 33
311222922662514689 28
311223581176647680 28
311224336159764481 28
311225208566595585 29
311225229533913089 5
311225313403228160 33
311225439249117184 15
311226596872830976 29
311227708363395072 28
311227980997345280 19
311228769530675200 11
311229277012115457 28
311229792924098561 28
311230103298400256 40
311230279454949378 28
311230300447449089 3
311230497554563072 28
