624085298083803136 0
624085872674217984 57
624086313080369152 152
624086338246180865 52
624086380197617664 57
624086757705805825 0
624086766069288960 0
624086967387557889 197
624088062113501184 397
624090121520984064 62
624090192811421696 16
624090285111259136 9
624092503885639680 62
624093372098211840 62
624093627963146240 9
624093766383591424 269
624094827538284545 372
624094949173252096 16
624095918053142528 372
624096438126051328 382
624097297958174720 16
624097713215270912 62
624098187184205824 9
624098757580173313 397
624101383222898688 8
624101391624089604 56
624102033356902400 2
624102184360095744 62
624103685916893184 2
624106596730314752 62
624109411133485056 381
624111856416755713 9
624115425765240832 17
624118147856007168 16
624120177899212800 2
624121230669557760 19
624122111473418241 9
624122941945606144 16
624128126121971712 9
624128189024075776 372
624129355053010944 9
624129602487734272 8
624130281998565376 19
624133729712107520 382
624135277418692608 2
624136451819761664 16
624138645436563456 152
624139547182546944 51
624140419597643777 2
624140453177356288 2
624142835554500608 62
624144131577774080 3
624144198703255553 56
624145389868859392 0
624147134682501121 52
624148858575032321 9
624149424768458753 16
624150720816660480 398
624153984014622720 16
624154575382183936 2
624156282455363585 0
624157083571744768 16
624158413199642624 14
624159860205203456 57
624160111875895296 237
624162204816932864 62
624163807053643776 269
624163853174206464 382
624164092287168513 2
624164562024181760 16
624164780119425024 381
624164943731027968 13
624166311069757440 51
624168416581128192 9
624169603598385152 14
624171235157475328 372
624171717502627840 269
624172862539235328 0
624173793683107840 51
624176859710889985 9
624176981366714368 9
624178365487009792 269
624178424190402561 16
624180424877563904 0
624182010320269312 22
624182710794194944 16
624182828222148608 237
624183256024420352 0
624184703084425216 237
624185881692221441 237
624187261593251840 390
624188305987477504 381
624189862065733636 335
624189920798621698 14
624190008874766337 335
624190440871309312 2
624190549927432192 143
624190667388944386 135
624190805805109248 16
624191254595698688 13
624191808231317504 16
624192248628903936 16
624192760317239296 57
624192764524113920 0
624194823948349440 0
624195696338599936 57
624197277595357184 237
624198896621867009 9
624199156647755776 197
624199303439855616 16
624199961962524672 372
624200591082917888 269
624201052485619717 16
624202562439266304 16
624203254474350592 16
624203573232963584 382
624204542142320640 16
624208962938736640 16
624209529153040384 390
624210359646195712 62
624212242892861440 9
624213069158305792 3
624213375342526465 2
624215086635155456 62
624215812233109504 152
624216219072098304 9
624216286172557313 16
624217007605575680 16
624217431242727424 2
624217708062572546 9
624218152650600448 16
624218156828127232 16
624218307839827968 16
624218525947707392 52
624218559514845184 14
624221264819974146 9
624221696829034496 16
624221944288641028 16
624221998827356161 197
624222103697518592 335
624223299069833216 167
624224066606641157 13
624224452516184064 269
624224691578884097 197
624225882761248768 16
624226390246711298 16
624227061364883456 237
624227589842960384 56
624230181935263744 9
624230848829739009 16
624231729612619776 9
624232136468357120 16
624232820135841792 16
624233008862752768 9
624234267170594816 237
624234946647957504 22
624235563218964481 16
624235823261560833 237
624236003591651328 16
624236641142468608 16
624236662114123776 57
624236804737118208 19
624237018634166272 390
624237308020174848 57
624237408683429888 3
624237547112128514 143
624238054618738688 16
624238193030737920 57
624239572948381696 104
624239707161923584 16
624242047591972864 16
624243838551498753 104
624244778092363778 381
624244807465062400 0
624245038143242240 382
624246694889197569 269
624246791341379584 17
624247370189021184 390
624248360048967680 16
624248733304258560 57
624249077262352384 382
624249618302304256 14
624249752524226561 16
624249890965581824 0
624250092275527680 390
624250335553548288 16
624250394252845056 372
624252319471828992 0
624254148163211264 2
624254391420219392 2
624254966048403456 0
624255247091920896 2
624256601835315200 57
624257193253040131 2
624257503606341632 382
624257725908647937 16
624259051313057793 197
624259542038237184 16
624260603201368064 16
624260812924829697 16
624260833871163393 9
624261018429071360 382
624261114927443968 16
624261366564556800 372
624263753111085057 57
624264667481939968 16
624264680060620800 57
624265850279739392 56
624266076772270080 0
624266437474000896 9
624266844313157632 16
624267830003761153 32
624268027123638272 32
624268408817905665 381
624268584957689858 16
624268664645255168 197
624269302204600320 197
624269818103996416 56
624269901994270721 56
624270476601331712 381
624270757619761153 11
624271906850607104 197
624272015910924288 381
624272032663007232 135
624273743976771584 143
624274964494065665 16
624276814194704385 57
624277392983506948 0
624277497845272576 2
624277858551230465 197
624278496123187200 84
624279636961325056 16
624279716657283074 0
624279846651346944 382
624279859267772417 32
624280232539852802 237
624280245114404866 237
624280882673750016 16
624280886876471298 9
624281847367901185 16
624282036099006464 32
624284099683971073 16
624284363954458624 51
624285374752407552 197
624286075209547776 19
624287983630483456 62
624288751183917056 237
624289283856289792 16
624289543907373056 390
624289913010319360 382
624290449864441857 197
624291456522539009 57
624291909478010880 16
624294098913087488 237
624294174402215937 197
624294228932337664 269
624294258292445185 57
624294329616625664 16
624295088785629184 9
624295424325763074 237
624296879753428992 382
624297596983619584 56
624297819260719106 16
624297915733934082 16
624298809133264897 197
624299484416229376 16
624300004476325888 16
624301774501838848 197
624302286198583297 237
624302718199332864 390
624303062153330688 16
624303695484878848 2
624307025778839552 51
624307231262007300 16
624308875462754304 398
624310960006639616 16
624311303935365120 16
624311408788779008 397
624311492708450304 51
624312545457782784 13
624313984095645697 13
624314755868553216 0
624315842189115392 6
624317184353775616 2
624317373089103873 14
624317792540430336 237
624318874662481920 16
624319457674919936 237
624319835170717696 2
624321202517966848 237
624321714193723393 197
624322028787535872 2
624323605845794816 16
624324050429456384 2
624324243359055873 237
624324532770226180 269
624324729910919168 16
624327024220319745 237
624327502358384644 16
624327787562692609 16
624327879845777408 2
624327917590310913 2
624327959529132032 390
624330694202757121 397
624331734423744512 382
624334167120191488 269
624334355834474496 237
624335018555371520 57
624335064680173568 144
624335068891234304 382
624335094057046016 2
624335857399558144 57
624336734013272064 372
624337098917683200 237
624341880411545601 397
624343734323277824 194
624346137634304000 9
624346989094957056 22
624347114903089152 197
624348012488339456 16
624350134810218496 57
624350713645244421 16
624354333329461248 62
624357210626367488 57
624357927852208128 57
624358217255157760 16
624359047706333184 19
624359148361089024 19
624360243103830016 16
624360859637166080 16
624361107109580800 197
624361744668864512 237
624363535611486209 57
624363703408922624 16
624364429002543104 16
624364491904524288 57
624364907157262336 16
624365183981391872 16
624365985093566464 16
624366161266917377 197
624366727481024512 22
624368405190017025 62
624368782681735168 9
624368971429511168 52
624369462188244993 372
624369600583585792 16
624369772541558785 16
624371118900576260 16
624372599502598144 22
624372695992373248 6
624372704364228608 16
624373031519916032 152
624373035735347200 19
624373895538212864 382
624374596008046592 62
624375069943332865 16
624375099299250176 143
624375313208750080 16
624375321610092544 57
624375392904867840 16
624375506142646272 16
624375640381263876 16
624375950776643584 57
624376210798342144 16
624376340813348864 237
624376496023543808 57
624376772830695424 62
624377611720896512 16
624377737520648192 9
624377813030846464 19
624377964034195460 62
624377964042522624 16
624378077276147712 22
624378698008031232 16
624378706405007360 16
624378752567390209 9
624379813692862464 381
624380413478219776 237
624380912629874688 57
624381776648011778 16
624382389016379393 17
624382670034735104 372
624382720349749248 57
624382913321304064 16
624383022360608769 57
624383307564908544 57
624383349499400193 57
624383391446663168 2
624383420827856896 16
624383861225492481 0
624385006245277696 16
624385052386832384 16
624385396319887361 22
624385480201781248 16
624387443156979713 16
624388323952488448 57
624388579825983488 16
624389590640672768 57
624389771008323584 3
624395244541317122 57
624395605285163008 372
624395949184561152 372
624399136876572675 9
624399476590014464 9
624399845722337280 52
624400076375461889 57
624400453879656448 0
624400579691810816 9
624404467841146881 16
624404975360344064 16
624405117954072576 16
624406871164633088 51
624407286400692225 0
624407399630147584 57
624407487723249664 57
624407743571431424 16
624408595006902272 194
624409488431443968 16
624409790400303105 237
624412181157801985 16
624412411857014784 12
624412877403910144 62
624412919342567424 16
624414165055221760 152
624416136373882880 52
624416211871342592 0
624416983623331840 51
624417621165760512 2
624417784756338689 19
624417939937058816 0
624418787190833152 57
624418954946088960 0
624419743479529473 390
624419911268462592 13
624420695578136576 382
624421257610571776 19
624422004213485572 62
624422071334907904 57
624424239786029056 167
624425749714370561 19
624429126162759680 16
624429205854425088 16
624431055538405376 16
624431596603478016 0
624431751763464192 0
624432762603241472 52
624433714714443776 237
624433790212022273 57
624433861523570688 51
624434964612972544 57
624436847863824384 52
624438026446311424 13
624439016323186688 382
624439234397536256 2
624439968421642240 16
624440085853790208 398
624441147012743168 52
624444213057466368 19
624445144209694720 2
624446444439638017 9
624447572690604033 0
624448210237460480 16
624448478681407488 0
624448675788517376 3
624450173159272449 269
624450735187619840 12
624451880253562880 16
624455390877499392 9
624455663498846208 16
624458461108015105 62
624458817640665088 335
624459631327182848 16
624459744581828608 57
624463636883312640 52
624466304460812288 144
624466606450577409 0
624467155879235584 397
624467462088691712 390
624468300961951744 16
624468846221463552 52
624469206915018752 3
624469374682968064 237
624471966754340865 16
624474135238803456 143
624475263498342400 16
624477138331172864 22
624478144985198592 1
624479789156446210 2
624480900646998017 0
624482033109200896 16
624482041493635072 16
624482486072930304 382
624483656296452096 57
624486315493494784 2
624488177768660993 1
624490643998539776 269
624493852645269504 2
624499405903777792 57
624501570160447488 16
624501993789345792 372
624502610335170560 52
624503239501856768 16
624503902214426624 16
624504183220142080 381
624504854296145921 62
624505378605240320 9
624505793807818752 9
624505793841352704 397
624505827378884609 16
624507962292199424 152
624508637558538240 16
624510139110944768 19
624512311764647936 57
624513129662119936 397
624513955944374272 52
624514958378668032 372
624520478103744512 62
624523388925558784 372
624524018075369472 56
624525033101217792 3
624525951632822272 237
624526022944423936 57
624527058958467072 13
624532855465623552 335
624533002261889024 16
624533132297965568 16
624535166539542529 2
624536571618967553 382
624538207393349632 52
624538723309457408 52
624540182910496768 52
624540694632382464 2
624540744943030272 19
624540849821474819 52
624541835466158080 52
624543676786577408 52
624547170620952576 9
624547426469195776 52
624547946600730624 2
624548219222159360 52
624548714154205184 32
624548831561162756 52
624548974167355392 52
624549414573600768 57
624549624305463296 104
624549871748562944 52
624550177941135360 57
624551117494464516 52
624551201359724544 381
624551251682938880 52
624551771806015488 62
624551813732241409 2
624552791021875200 52
624554124806205440 62
624554665867227136 52
624555089496141824 52
624555261466808320 32
624556159035408384 9
624556704298971136 16
624556922394390528 16
624557534775390208 57
624557555730087936 16
624558226831360001 16
624559401232261120 135
624559757752463361 57
624559787087413248 57
624559820658618368 57
624559866804326400 57
624561074738741248 57
624561884268744704 52
624562190436036608 16
624562517575081984 269
624562668607672320 135
624562924439367683 269
624563218023845888 269
624564467938897920 66
624564967052865536 57
624565755590262784 52
624566288283648000 52
624566405694930946 7
624568205063921664 62
624568209266622465 19
624569022957359104 57
624569790498238464 135
624570310608732161 19
624570721633738754 16
624570910381621248 16
624571690551480320 237
624574295184908288 16
624574710425198592 16
624574764963594240 2
624575016609427456 269
624575406708928512 9
624575465416593409 167
624578753725898752 269
624580901238734848 52
624581626836598785 382
624581928834985984 16
624581983365165057 52
624582058866667520 16
624582142731911169 52
624583359075852289 16
624583875004641280 57
624584734815858688 15
624584923551297536 17
624585309456629760 57
624585334609686528 51
624585506588884992 57
624585770796494849 16
624586966173110272 16
624586966185676800 16
624587662452637697 19
624588014765887488 382
624588467771588608 9
624588799121625088 52
624589273040195584 52
624589486966632448 390
624590233544314880 3
624590657160478720 0
624591110183235584 269
624591873521291264 16
624592100030607360 57
624593270249631744 57
624593303778934784 62
624594838906744833 57
624595212208189442 19
624595530941730816 19
624595765835345921 16
624597523265536000 16
624598534088568832 57
624599624620179456 16
624600329238130688 16
624601235220357120 52
624604938765635584 16
624604947183595520 0
624606184507490304 269
624606624888418304 9
624607056914321408 382
624607979648606208 335
624607988024631296 9
624608524916518913 57
624608592029585408 57
624608847861186560 135
624609787410382848 16
624610043237806081 372
624611091822219265 32
624611871979499521 57
624612522067230720 2
624613239297474560 2
624613738432180224 52
624613809726951424 135
624617098057158657 335
624617991443906560 86
624618020804018176 197
624618507376857089 16
624619463678136321 62
624619971184738305 335
624621858587971585 13
624622500337446914 16
624622873609572352 2
624624081598418944 2
624624337446961153 335
624625079842816000 2
624625503463313408 419
624625692202807296 32
624625721563066368 51
624625746745540608 0
624625864148267008 16
624627126646493184 197
624627126667505664 197
624628238128709632 57
624628829538009088 9
624630385616420864 2
624630549194235904 372
624631128037699584 57
624631199336656896 16
624631534855823361 241
624632050772013056 398
624632180799463424 16
624633212585832448 57
624634051434053632 16
624635209070174208 0
624635347486535680 16
624635469117067264 143
624636542854627328 16
624636622542209024 16
624637029393936384 16
624637620816056320 56
624638254156001280 57
624638388369522688 0
624638551934656512 19
624639143344115712 397
624642595231133696 143
624643203417796608 16
624644050663153664 2
624644713358970880 152
624645342517006337 269
624645472536408064 0
624645669672878080 152
624646441403678720 197
624646516909719553 16
624647188023390208 57
624648320481275905 0
624648710534860800 16
624648974771879936 152
624649775913144320 19
624651650729410560 0
624653840168697856 16
624654171522764801 14
624655115258040322 57
624655194920333314 382
624655329159200768 16
624655387875241985 372
624655962507464704 104
624656981698191360 19
624657065575849984 16
624657451472846848 3
624658617506136064 3
624659124987412480 2
624659410221203460 9
624659703822462976 56
624659850597896194 197
624660718844035072 3
624660727207362560 9
624661540898127872 16
624662245570555908 62
624662841153441792 152
624663088630001664 16
624663608727859200 10
624663961032462337 16
624664141379313664 57
624665332548960256 16
624665416447569921 135
624667333257232384 16
624667786246246400 10
624668067235262464 197
624668558002421761 3
624669065508990976 16
624669417805189120 16
624670252471705600 16
624670386702172161 197
624670504163545088 52
624671586256330752 9
624671745677619200 57
624671758260436992 269
624672039241150464 197
624672953607847936 16
624673096222515201 152
624674601973489665 84
624675168217112576 57
624675692479913984 382
624676065793937408 19
624676938213363712 16
624677659612708865 51
624678548838744064 3
624679136024522752 390
624679232493322240 57
624679983269556224 0
624680536926257152 335
624681296078319616 62
624682306930917377 382
624685456848982016 16
624686115329409024 14
624686140528967680 13
624686174062247936 62
624686241179566080 2
624688560604475392 57
624689172972867585 16
624693296007262208 382
624693384087646209 62
624696815003107328 152
624698173987143680 237
624699541313339392 51
624701328078544896 52
624701516818083840 57
624702049503047680 17
624702095636201472 9
624702129182130176 62
624702175336230913 22
624702544413986818 9
624703299397283840 57
624703483976019968 143
624705744684736512 52
624706411574988800 335
624706570975182848 14
624706906523856896 62
624707208513609728 382
624708533917995008 19
624709414700777472 152
624709448246915073 57
624709620213264384 62
624710324885811200 0
624711750928044032 16
624712728201052160 382
624712728205230080 382
624712728205242368 382
624712887592992769 57
624712891791491072 382
624713403475464192 62
624714338822041600 146
624714695312830464 57
624715039279304704 57
624715651626614784 57
624715852944965632 57
624715890718834688 104
624716549207814144 57
624717841053417473 57
624718134675685376 152
624721062274695168 7
624723121690554368 57
624724048644194304 146
624724958808137728 16
624728775595458560 237
624729899685646336 0
624730344269287424 2
624730512037298176 9
624730759501336577 237
624730805642760193 16
624731560621813764 16
624731774548078593 16
624731996837814272 16
624732177201254400 57
624732584057028608 57
624733309659058176 16
624734228186435584 9
624734588904931328 57
624734802835456000 382
624734807021498368 57
624734832187318272 9
624735255803596800 16
624736295978405888 57
624736476371103744 382
624736610551083008 32
624736878999154688 397
624738871293685761 0
624738942596816896 16
624739081012928512 62
624739240413270016 16
624741668911230976 16
624741698258759680 14
624741928945364992 14
624742981736644608 16
624743275317055490 16
624743707338764288 390
624745070483259392 16
624745770919571456 9
624745942885904385 16
624747016648691712 62
624748149119168512 16
624748648203575296 16
624748664980770819 52
624749533231120384 17
624749583562752000 16
624749705189306368 56
624750061692432384 0
624750489528311808 0
624750858622902272 0
624751454209843200 57
624751504524750848 135
624752662152613888 57
624752750270750720 8
624752863483437056 237
624753240970694656 0
624753295496740864 0
624754184714326016 57
624754281179037697 16
624755585611862016 9
624757846341746688 152
624758613895049216 12
624760123827875840 57
624761734432034816 52
624762262914531328 335
624763584153845760 0
624764519458447361 0
624764909532790784 0
624765022787534848 16
624765345752989697 9
624765526091431937 57
624765584824238080 19
624765622589722624 16
624765723215327233 19
624766088119611392 16
624767115757645824 16
624767514220756992 16
624767568717328384 0
624768130762452993 57
624768558594048000 0
624769456145829888 57
624769732978176004 57
624769854617223168 57
624770194381017088 237
624770722846486528 51
624770739611267073 57
624771343603617793 16
624771431679655936 16
624771465242669056 57
624771557529796609 135
624773805668352000 16
624774455772991488 57
624775001053343744 0
624775823137079297 57
624776267708153856 16
624776460646117377 57
624776942990954496 16
624778222270414848 237
624778352298184704 16
624778486490771456 2
624779207923625984 16
624779358926823424 135
624779669275979777 0
624779702838931456 13
624781011486941184 14
624781200218017792 57
624781607044554752 16
624781988755472385 382
624782496241074177 16
624782978581987328 57
624784018807128064 9
624785776216125440 7
624787273561829376 135
624789458781470720 135
624789576234745856 145
624790327031918593 0
624793242077384706 397
624793288218783744 57
624794928166535168 0
624794961716707328 390
624795582482223104 16
624796513605062656 16
624797381821775873 16
624798778525003776 14
624799378318843904 66
624799890044948480 237
624800670181257218 16
624802826066264064 16
624803241277132801 57
624803648116256768 382
624803799119433729 9
624804621198864385 16
624805896275668993 16
624808198969671681 16
624809612420730880 135
624811361453895681 16
624811466324058112 16
624811902519087104 135
624815983593693184 9
624816126174740480 2
624816524662980608 16
624817304786767872 0
624818479191990272 0
624819120937304065 19
624819733301436416 269
624821394250039296 135
624821574571462656 269
624822186960785408 16
624824435099439104 390
624825278167060480 14
624829979977719808 269
624831355722010624 335
624832785941839872 398
624832794355613696 398
624832836298756100 57
624833935189639168 382
624837055776817153 237
624839140312489984 2
624839215822557184 237
624839333288112128 2
624840121817399296 13
624841036150538240 16
624841195538239488 16
624841782749085696 335
624842839697047552 57
624843691144785920 0
624844236396044288 16
624845582796877824 269
624848049051795456 335
624849185687347200 57
624851035358498816 381
624851882637287424 0
624852578879188992 382
624852968962064385 62
624853237372301312 62
624853451311349765 14
624854118205493248 62
624855682660085760 335
624855766558736384 62
624855829452300288 62
624858044074192896 62
624858782250725376 16
624859000367120384 13
624859197495201792 237
624859981825728512 16
624861487597756416 57
624861709883326464 62
624863828006830080 146
624866583681171456 62
624867145692766209 57
624869108648161280 9
624871272888016896 135
624871482594754560 13
624874678650191872 2
624874938730741760 237
624876025021886464 0
624876528355008512 217
624878428358078464 9
624878919091650561 57
624879292401459200 57
624881486014083072 390
624881511196663808 382
624881762859024384 62
624882064840638464 269
624882337487130624 16
624882983376261122 9
624884153620807680 51
624884963104567296 152
624886707935031296 62
624892152124981253 57
624892152145911808 397
624892407990063104 19
624892487694336002 3
624894266070933504 57
624895046219898880 16
624897600546705408 19
624900045834461184 397
624900599457402881 16
624901790643916800 9
624901966808793088 135
624904219141767168 57
624904487593975809 57
624906324707573760 197
624907016763482113 57
624907054516297728 16
624908925163433984 16
624910355429498881 57
624910732908302336 135
624910867113594880 144
624911865349435392 9
624913023010902016 52
624913908000669696 62
624914025449521152 9
624914025453727745 9
624914763651371008 57
624914847516340224 9
624915283732492288 155
624915778660270080 2
624916411987554304 16
624916885952458752 57
624917640910209024 16
624920304305831937 19
624920971200339968 135
624921168349237248 62
624922334365921280 135
624924314073219072 2
624925069031153664 104
624925186492661760 197
624926050498314240 16
624926834849812480 2
624927212320477184 16
624928097310109696 2
624929519187685376 52
624929670182494208 57
624930458715820032 16
624931847026438144 2
624933541525200896 16
624933629618192385 57
624933675759566848 2
624933763839950849 2
624934288119697409 16
624935424755171328 398
624935508641214465 57
624935827408224256 19
624935953241649152 86
624936452363788289 62
624936855050522624 152
624937249294168064 86
624937253496819713 398
624938700514799617 62
624940143355375616 197
624940365653487616 62
624941716244721664 57
624942626383470592 390
624942878045765633 62
624942878050029568 62
624943901447692288 57
624943905646190593 381
624943968556482561 14
624944291543171072 241
624944455129370624 241
624945071691988992 397
624946262865940480 9
624947273672228864 62
624947525347377154 57
624948808796012544 52
624949836421464064 390
624950197114773505 398
624950314542575616 57
624951010797207552 16
624951887423340544 19
624953670011088896 135
624954412398739462 2
624954424956481537 51
624954781480681472 19
624954869548453888 22
624955213493968896 13
624955314148913152 22
624956119467839488 57
624956127843713024 2
624956660554035201 22
624957298054692864 57
624957335803269120 19
624957914650923010 57
624958002710364161 13
624958610896859136 22
624958682170851329 32
624958766077730816 57
624959143581880320 16
624960108271902720 335
624960959690502145 16
624961169422336001 22
624961244915744768 22
624961723066380288 16
624962419329224704 135
624962582890151936 237
624962956191625216 57
624963908273508352 22
624963958642847744 57
624964780692901890 398
624965288212049920 135
624965548263129088 17
624967108531589120 62
624967150495621120 382
624967318280531968 17
624967486035914753 57
624968127747592192 52
624968916289220608 0
624970342365270016 13
624970501757247488 12
624972309489696768 0
624972649236721664 152
624973353858658304 52
624973521643397120 0
624973634897997824 86
624974821890347008 135
624975086114721792 16
624975258089619456 152
624975610415329280 16
624975753000689664 16
624976067598508032 0
624976713496203264 22
624978076670099456 16
624978361866170368 19
624979112629669888 16
624979435624599556 0
624979569834127360 16
624980651972825088 0
624980853295190016 0
624981104919842816 57
624981411112570880 16
624981809571311616 16
624982023472586752 86
624982585517551617 269
624984842065711104 62
624985769002827776 51
624985819338678272 51
624986008086556673 62
624986347833421824 57
624987035665858560 16
624987174094548992 269
624987333473910784 2
624987958421102592 16
624988243642163202 9
624988621133615104 381
624989652928307200 382
624990248540487680 16
624990684710223872 16
624992203065069568 16
624992727369916417 269
624993138382389248 51
624993272616878080 0
624993792706285568 13
624995298453155840 57
624995411724517377 16
624996162483847168 62
624996506416844800 16
624996883895857153 57
624997181716590592 52
624997252994482176 0
624998494533582848 57
624999031400464384 0
624999215962284032 22
624999484385296384 57
625000948184690688 57
625001661224886273 16
625001745119358976 197
625001791256719360 62
625002110011084801 52
625002617538760705 0
625003125032808448 32
625004425266892800 152
625005524166127616 62
625007310952374272 335
625007633926193152 16
625008099472965632 0
625008401454661633 16
625008883824619524 16
625008887989559297 57
625010666391273472 57
625011689797226496 16
625012713207562245 52
625012893554061313 152
625012910327095296 16
625013413668851712 269
625014424483561472 16
625014504171008000 109
625015779235237888 66
625016030906068992 57
625016093829144576 32
625017775744942080 16
625018736219557888 19
625019453475004416 269
625019893851754496 16
625021588350439424 16
625022024579051520 397
625022070691340288 57
625022204925870080 62
625022204942659585 145
625022511122530304 16
625022586607521792 62
625022888588881920 52
625025245783695362 9
625026873194643456 57
625027015771471872 57
625028295072063492 57
625029196838891520 16
625029586913357824 62
625029674968686592 2
625029830187319298 62
625030866180268032 62
625031218476617729 52
625031226869608450 16
625031805666639872 16
625032288015794177 269
625032799720972288 197
625033999317106688 57
625034292888899585 62
625034842351214592 16
625035345680273409 62
625035890952278017 13
625036503308107776 16
625036658497454080 0
625037711255146496 62
625037732218277888 66
625038789203918848 19
625038998910705664 16
625039091185414145 16
625041326740877312 397
625042215946072065 16
625043679745605632 16
625046678668640256 62
625047584651014144 269
625047777584611329 237
625047781783285760 2
625047987325128704 269
625048813607096320 9
625049774102724608 237
625050696828588032 52
625051783165947904 0
625052479403659264 269
625053037237633024 19
625054429754974208 52
625054752733294592 16
625056157833428992 7
625060243077263360 335
625061983721816064 57
625062394730053632 197
625062940018872320 57
625064617740476416 62
625065594983837696 62
625065687267024896 2
625066152822185984 57
625067746695360514 16
625068329703608320 22
625069831247630336 0
625070468765253636 57
625071760615063553 16
625071961971032064 62
625072331040362496 57
625072834365231104 62
625072926635765760 16
625074738591858689 2
625075631966003200 237
625078085629706240 16
625079171971035136 152
625080547686117376 16
625080614807429120 16
625082330290335744 57
625083076872310785 52
625083802470227968 16
625086335813033984 16
625087250196336641 57
625091176056627200 62
625092342094123008 62
625094447617814528 19
625094456023224320 19
625095009654734848 57
625095122900758528 57
625095177410093056 57
625095877888184320 57
625095965960196096 57
625096565749755904 390
625096800639135744 16
625096955803234305 16
625097261991743488 0
625098323154710529 62
625098356709281792 57
625098478331527168 237
625098637736079360 16
625098809702416384 32
625098935539888128 86
625099443021418496 16
625099644352233473 0
625099732428423168 57
625100231559000064 57
625100634195279872 390
625101116578131969 57
625101426935644161 7
625102924314746881 57
625103155001458688 237
625103356332244992 9
625103951894069248 62
625104211961872384 16
625104832701972481 57
625105075980140544 57
625105600263815168 16
625105839356047362 9
625107311539978240 9
625108045555589120 16
625108720842752000 62
625108838270824448 382
625110415341699073 62
625110696360067074 0
625110889272717312 22
625111455512297476 16
625112176924102656 381
625112265008635904 16
625112315369771008 0
625112428594925568 2
625112999037046784 16
625113242273218560 57
625113552655896580 0
625114827753549826 57
625115528189730818 57
625115595290353664 16
625115666593415168 0
625116014737510401 57
625116304140312576 22
625117482752282624 16
625117654718636032 52
625118069925371905 57
625118363547774976 16
625118871041785856 62
625119567321407489 51
625120372606767104 57
625120544594137088 52
625120712362082304 152
625121240840318976 57
625121681229619200 62
625122222278090752 57
625122352335077376 0
625123484772003841 2
625123610630340608 8
625124344629342208 62
625124344633556992 62
625125418375340032 57
625126487910391808 0
625128190793678848 57
625128526329610240 0
625128861882261504 16
625129503593996288 57
625130308925542401 62
625130837407698944 57
625131038717554689 57
625131814689107968 16
625132884202909696 57
625133840504332288 0
625134020867788801 57
625134905890967553 1
625136835249876992 62
625136864626896897 57
625137191770042369 0
625137967703683072 62
625138068371017729 57
625138391340974082 62
625138928195080192 16
625138991126306816 19
625140400429273088 57
625141004396589056 16
625143839733346304 57
625144473069187072 57
625145697818574848 16
625146243094679552 16
625146578613829632 57
625147719481470976 16
625148071811256320 372
625148310886584321 16
625148612838735873 143
625151565637095425 237
625151624374161408 16
625152857503698945 0
625155948693299200 16
625156246497157120 52
625158100371271680 57
625160465962790912 16
625160679868084226 1
625162516981641216 52
625163020294049792 57
625163825604485120 2
625165171988652032 0
625167550150610944 9
625167684359995392 19
625168607115386880 62
625168992966053889 62
625169907336876032 22
625170075117486080 62
625171681544417280 9
625172927235801088 146
625174525261385728 16
625176207190061056 62
625176236524834816 9
625177708729774081 62
625178748917272576 269
625178778298417152 62
625179097069563904 16
625179138987429888 335
625179378088067072 381
625180263086059522 381
625181257136242688 9
625181634598273024 16
625183945676619776 398
625184113457242112 398
625188257400107008 62
625190329398923264 381
625190622991781888 7
625191780653273088 237
625192757888446464 16
625192875345768448 269
625194280454356992 57
625194662102331392 145
625195941365157888 16
625196687963746305 16
625196872513138688 19
625198701229666304 16
625199938557706240 19
625202488694603776 62
625202757134323712 62
625203063301668864 0
625203193320898560 57
625207182129102848 19
625210080363999232 62
625212173334224896 9
625214178219962368 13
625214811564044288 57
625215927248793600 194
625216325690851328 2
625217370068398080 16
625217730782842880 237
625218200565886976 16
625218359949422592 2
625221535020613632 0
625223577667645440 2
625223980325208064 2
625227386079023104 2
625227797129117696 52
625228015207849984 16
625229751670566912 62
625229768439377920 62
625230473074053120 62
625231328733208576 16
625231425210421248 16
625232150812454912 0
625232956102156289 62
625235116189741057 62
625236038945009664 51
625236076676804608 62
625238748444274688 16
625239172077481984 32
625239406950096896 16
625239528576565249 62
625240740751249408 16
625241818691686400 62
625244758869417984 57
625244825999138817 19
625245664855748608 16
625247778797682688 57
625248496006905856 62
625249829782818816 135
625251180353032192 17
625251633371308032 419
625251637548810240 16
625252988123262976 16
625253139113865216 62
625254430938660864 62
625255378851205120 62
625255890585677824 2
625260403656818688 62
625261976520949760 0
625263083817046016 57
625265285814185984 3
625267345221484544 335
625270033783103488 16
625270058936201216 2
625271522723237888 57
625271707272613888 269
625272143484485632 16
625275012417724416 16
625277491226087425 335
625278573360885760 237
625279760369885184 194
625279991048183808 2
625280460801843201 16
625283447158747136 16
625285292661055488 62
625285829506822148 146
625288782321950720 16
625288849405689856 16
625288887167008768 13
625290745235283968 9
625290782967267328 167
625290858481319936 135
625290900407775232 197
625293580588986368 335
625293949704491008 197
625293953894518785 62
625294830499987456 13
625295375746727936 62
625296160102617088 269
625296436897402880 56
625297057650208768 269
625297921681059840 194
625298966071128064 382
625300304045703168 16
625301767878787073 135
625303760164655104 2
625303953098567680 19
625304678704783360 237
625307375658905600 62
625308009011519488 16
625309061781663744 62
625309212738981888 0
625309372130922496 390
625310143903854592 0
625311108572823552 0
625313390299234304 17
625313398658568192 17
625313398691987456 17
625313402882277376 17
625313407042985984 17
625313407051427840 17
625313411245690880 17
625313411262476288 17
625313415435825153 17
625313415440039937 17
625313415460978689 17
625313423857975296 17
625313428018757632 17
625313428035473409 17
625313436411502592 17
625313440610021376 17
625313444791775232 17
625313444800122880 17
625313444804304896 17
625313444825333760 17
625313444829491200 17
625313444829503488 17
625313448994279424 17
625313449019613189 17
625313453197127681 17
625313453197144064 17
625313453205536768 17
625313457395625984 17
625313457395630080 17
625313465792602112 17
625313469965991936 17
625313469974323201 17
625313469974335488 17
625313474168659968 17
625313474181083136 17
625313474185428992 17
625313482565681152 17
625313490954264577 17
625313495131754496 17
625313499347058688 17
625313507714691072 17
625313507714711552 17
625313507735662592 17
625313511925784577 17
625313520293384192 17
625313541298487297 17
625313549666025476 17
625313562265808896 17
625313566447542272 17
625313574815145984 17
625313579017736192 17
625313579026264064 17
625313583216377856 17
625313587402182656 17
625313587402285056 17
625313587406442496 17
625313587414761472 17
625313599993462784 17
625313600010260480 17
625313600014565376 17
625313612584910848 17
625313616791760896 17
625313616795971588 17
625313641936478208 17
625313646143389697 17
625313696458383361 17
625313755208007680 17
625313771976847360 17
625313801341022209 17
625313855833538560 17
625313906173583360 17
625313952315088896 17
625313981666869248 17
625313985881989120 17
625314032002596864 17
625314040412303360 17
625314069743054848 17
625314086545260544 17
625314145274101760 17
625314157823397888 17
625314166220423170 17
625314237548744704 17
625314354959908864 17
625314388510019584 17
625314682119815168 17
625314698901061633 17
625314749224513536 17
625314757625675776 152
625314761803051008 17
625314770200199168 17
625314782799724544 17
625314799572815872 17
625314803771408384 17
625314887632171008 17
625314933782220800 17
625314937968181248 17
625314950551052288 17
625314967349272576 17
625314967357624320 17
625315038635520004 269
625315055412903936 17
625315055442137088 17
625315084789805057 17
625315088996638720 17
625315114145685505 17
625315139328344064 17
625315223180832768 17
625315227375136768 17
625315294488080384 17
625315302885081088 17
625315332236967936 17
625315445487337472 17
625315617441218560 17
625316162738503680 17
625316242400768001 17
625316250789396480 17
625316301146300416 0
625316418586845185 17
625316460508934144 17
625316552804593664 17
625316565374775296 16
625316770887249921 17
625316838008881152 17
625316988986990593 62
625317043533799424 17
625317152564752384 17
625317169333673984 17
625317395842887680 17
625317421016985600 17
625317559429148672 17
625317584599150592 17
625317748181213184 17
625317802711351296 17
625317945317662721 17
625318092118327296 17
625318108882821120 17
625318423464120321 269
625318457001791488 17
625318733813313536 17
625318993868386304 17
625319132293132288 17
625319262316441600 0
625319568492392448 17
625319597835702272 17
625319920834756609 152
625320394753470464 17
625320482854670336 17
625320491260186624 17
625320516426039296 16
625320608683978752 17
625320671581720576 17
625320990361260033 382
625321233647824896 17
625321250408300545 17
625321271388049408 17
625321938274156544 17
625322387056128000 17
625322529662472192 17
625322634528620544 17
625322789709418496 17
625323330774675456 17
625323372709302272 237
625323574073643009 17
625323972532408322 14
625323976693272576 17
625324769425141760 17
625324878485409792 17
625325251770085376 17
625325390194540544 19
625325486642565120 57
625325515998666752 17
625325901903982592 17
625326107420684289 14
625326510057082881 17
625326623303315458 19
625326807873531904 17
625326933677613056 17
625327185344262144 62
625327223084597248 17
625327424440528897 14
625327478966460416 17
625327520884391936 17
625327550269538304 17
625327671883509760 17
625328099710926848 17
625328108112117761 14
625328758199693312 17
625328938567360512 17
625329102128607232 17
625329118922543108 17
625329144084107266 14
625329412507086848 16
625329508980273152 17
625330029086547968 9
625330050079064064 14
625330104579682304 14
625330599524483072 17
625331086046965760 14
625331270587916288 16
625331362862637056 17
625331505464782848 0
625331652269445120 17
625331790689861632 17
625332210112024576 17
625332486957101057 17
625332562433589249 17
625332616955301888 17
625333032208199680 17
625333111899852800 17
625333204170338305 135
625333250311987200 17
625333497775935488 17
625333690734764032 17
625334303103303680 17
625334378588209152 17
625334521198612483 135
625334785427148802 22
625334789609013248 269
625334818994139136 144
625335188101447680 17
625335209060229121 17
625335246817329152 14
625335318087081986 32
625335414556131328 17
625335418767167488 237
625335687210889216 17
625335733323108353 17
625336068888489985 17
625336165370040320 57
625336521881743360 17
625336677041614848 17
625336857430216704 17
625336886773587968 14
625336890980483073 17
625336924513902592 104
625337339754098688 17
625337369122619394 17
625337406867308544 135
625338434480017408 17
625338719701053440 17
625338887469178880 17
625339600505020421 17
625339613071179776 17
625339793409507329 17
625340170909425664 57
625340246402723840 17
625341957695520768 17
625342331001028608 17
625342477801795584 237
625342528133447680 16
625342930778075136 17
625342972729651200 17
625343056611512321 16
625343119513358337 17
625343161452396545 16
625343438297272320 17
625343505393709061 17
625343811586236417 17
625344214218379264 16
625344679786078208 17
625345048910168064 397
625345459926773761 17
625345476716408832 16
625345560581681153 57
625345665435049984 17
625345669633413120 17
625345854199726080 17
625346776934051840 17
625346936321777665 237
625346999227957248 372
625347435435552768 17
625347716466503680 17
625348085573636096 17
625348223981359104 17
625348941194903552 17
625349117376598016 16
625349276751765504 17
625349431957655552 62
625349520004673536 17
625349671016267776 52
625349683599306752 17
625349700368093188 17
625349985589026816 52
625350245648433152 397
625350631503495168 62
625350988040400896 17
625351382288109569 16
625351432624054273 51
625351436797263872 16
625352154052608000 17
625352330217521152 17
625352401503936513 17
625352510551785476 155
625353672373878784 62
625353760445825024 17
625353894676328448 17
625354431543025664 17
625354486085734402 16
625354548987699200 397
625354867763232768 17
625354926462349312 62
625355001972531200 17
625355413014319104 17
625355442374340608 17
625355572385153024 17
625355643721924608 52
625355740157448193 17
625356184766189568 16
625357430482821120 397
625358692976824320 17
625361029179047936 17
625361842903379968 17
625361876420050944 17
625362132289363968 19
625362639816945665 17
625362677548871680 152
625362899834413056 17
625363487057809408 17
625363587700146176 14
625363705136414720 17
625363772253671424 16
625364032304848896 17
625364997019799553 269
625365013780373504 13
625365118625415168 17
625365579994689536 17
625365991061479425 17
625368096572751872 2
625368167901200385 17
625368180483993600 17
625368616695894016 17
625368864168148992 9
625369229068517376 135
625370109863923712 52
625370185373908996 52
625371426867007488 197
625371795961413632 57
625371984722010112 17
625372567734390784 197
625372974581985280 17
625373712758538241 17
625373867964395520 0
625373943441002496 17
625374358685376513 17
625374618753347584 16
625375071717031936 2
625375243696254976 17
625376057374412800 17
625378238425092097 17
625378372621697024 17
625378515253243909 57
625378817226485760 17
625379844826755073 0
625380046157426689 16
625380578859225088 17
625381040194846720 57
625381468034838528 57
625382348838690816 17
625382952831184897 197
625383259015245824 17
625384542438731776 17
625386404709732352 57
625386476012879872 62
625386786424918016 16
625386895481028610 17
625387059021283328 17
625387486861242370 66
625387537180327936 62
625387616880300032 57
625387633640873984 57
625388128577134592 16
625388426368524297 17
625388476725362692 16
625388501895352320 16
625388715783753728 16
625389147809820672 17
625389277841522688 14
625389609195827200 269
625389852431921152 16
625389961508859904 16
625390745831108608 16
625391333025316864 16
625392041858498560 17
625392138340147200 9
625392444545335297 17
625393161767124992 16
625393312728420352 17
625393895749193728 52
625394948507103233 16
625395309217193984 17
625395875456528384 269
625396257138307072 17
625396684965568512 32
625396819170701312 0
625397288953868288 16
625399004403236866 17
625399126038085634 17
625399214114127873 16
625399230912425984 390
625399398680281088 17
625399407081619456 2
625400153676103680 17
625400426272133120 269
625400656984195072 14
625400791210266624 17
625400942196883456 16
625401223190040577 17
625402179503796225 51
625403332937523200 0
625403366512951296 2
625403655911555072 57
625404092119183360 16
625404415076380674 17
625404482168328193 397
625404792567898116 16
625404960323301376 57
625406126364979200 17
625406344443658240 17
625407183312789504 17
625407581767516164 32
625407753754800128 62
625408068294209536 9
625408454170165248 17
625408793925525504 57
625409314010742784 57
625409859266215936 17
625410442278506496 17
625412531058835456 17
625412891760574464 382
625413306984079365 17
625413428623110144 17
625414217177374724 17
625414770825523200 17
625416368825827329 16
625416456902041600 17
625416528201027584 0
625416935048478720 16
625417056708460544 14
625417593579397121 17
625417778128928768 17
625418067523153921 16
625418709243445248 382
625418830890676225 16
625418864453681152 16
625418948322832384 8
625419107731701765 17
625420458289049600 17
625420475070607360 57
