308646340727013376 10
308647351587856384 39
308648081375776768 28
308648316273561600 28
308649318687064064 28
308649444520366080 51
308649973002674176 28
308650405032763392 64
308650509881991168 28
308650954457247744 28
308651755602866177 42
308651784937824256 39
308652581876559872 28
308653420707983364 28
308653760471769089 28
308653760471777280 45
308654490263879682 42
308654528021032960 42
308655094243655680 28
308655475933712385 28
308656331580141568 3
308656390279421954 28
308657136882298880 28
308657623400591361 39
308658072195321856 50
308659141759614977 64
308659586360020992 42
308660475548274688 28
308661356339527680 3
308661364740730880 38
308661415051403264 28
308661452800131072 19
308661624770813952 28
308663654826516480 28
308664053302185985 28
308664107807166464 28
308664418173059072 3
308664602722463744 3
308665319952625664 28
308666146255695872 3
308666163024498689 42
308666624389570560 36
308667014455635968 28
308669057081688064 28
308669614940905472 28
308669736563134464 28
308670550249705472 28
308670646752260096 38
308670680298291201 28
308670759960711168 47
308671338808242177 42
308671795953803264 45
308673356234891264 38
308674350318489600 28
308674828452380672 28
308676195799683072 28
308676573278642177 28
308676581684043777 42
308677907054727171 28
308678490079764480 39
308678901108965376 39
308679287005904897 45
308679911932063744 42
308680285225107456 28
308680490771169281 53
308680771781132291 28
308680809546653696 60
308681921016258560 3
308681975529611264 28
308682076213878784 28
308682319470936064 28
308682520818491393 28
308683212874465280 28
308684362109550592 9
308685104488792064 28
308685364560814080 5
308685914018836480 28
308686023062343680 28
308686345994387457 28
308686576685314049 28
308686643806732289 35
308686836757323776 28
308687361028521984 3
308687361032724482 3
308687361053716480 3
308687767880224768 28
308688799670628354 3
308689009402601473 4
308689953104228353 4
308690053763309568 4
308690133480259584 28
308690238342062080 4
308691769237848065 47
308691895075360769 38
308691937022574593 42
308692054454710272 5
308692486455431169 64
308692666814697473 28
308693866402430976 39
308694625567252480 39
308694793335209984 42
308694919189495809 45
308695623794839554 28
308695779000848384 28
308696844341481472 3
308697507062505473 3
308698383672016896 45
308698828264075265 60
308699885211893761 28
308701231583490048 30
308704708686655489 3
308706747105812480 28
308706940060569600 64
308707242054660097 42
308707321733844992 48
308708324185092096 43
308710295495385089 15
308712166146580480 5
308712187118096384 28
308714087137820673 28
308715211215499264 28
308715982954827776 28
308717304181571585 52
308718033994665984 50
308718310801932288 28
308718344364756992 28
308719132881321984 28
308719204205473792 28
308719636222976001 3
308722438013874176 28
308724308648288258 3
308725717942804481 64
308726707819528192 28
308726900740718592 28
308728687501651969 39
308729048211783681 28
308731057300180993 45
308731447378857985 11
308733498376732672 28
308734022685716480 42
308735117373882368 28
308735792665206785 39
308736170169364480 28
308736530879500289 28
308736929334169600 47
308737403265372161 51
308738795791073280 3
308739592700436481 28
308740150555451392 45
308741153002508290 47
308742784548999169 48
308743807984349184 47
308745854808883200 32
308751206711431168 13
308753119322460163 64
308753249354276867 15
308753354207674368 50
308755296183017473 3
308755975643492353 28
308757921821491200 15
308759687615094784 28
308764964053721088 48
308765727404478464 28
308766910202408960 38
308770651508977664 48
308773189058707456 28
308778230641487872 28
308779602149531648 28
308779937702232064 28
308781296648331264 28
308782647230988288 19
308782877921910784 19
308782898885050368 11
308783020515680256 19
308783347667197953 28
308788015923339264 28
308788619940864000 11
308793523078049792 45
308795179798769664 19
308795209167302657 47
308795221737611265 45
308796647809368065 38
308797864186892288 45
308799546102800384 38
308801047634276352 28
308801613890465793 64
308801739719602179 3
308802826035933184 32
308805153878835200 28
308805892055388160 42
308807884362350592 64
308808211530645505 40
308808425435959297 28
308808492515459073 28
308808702264233984 48
308809054589943809 47
308809104900632576 19
308811642462949377 47
308815471858302976 28
308817745150087168 28
308818152010162176 19
308821587157725184 50
308821616517869568 50
308822052738056193 28
308826108621635585 28
308828461617774592 47
308829812192075776 28
308830038688690176 39
308834069385453569 50
308834329440681985 28
308834966966525953 3
308843946992345089 47
308848522990592000 28
308849902904033280 28
308855800082874368 28
308859403015184386 64
308862632629260288 42
308866080330350593 45
308873172885856256 60
308875542688575488 28
308883709006839808 38
308884568801411072 28
308885785166360577 59
308886460466089984 3
308888842818166784 64
308889115452129281 28
308890545701388288 28
308890767986946048 38
308891082555523073 38
308891543954145280 11
308895620821835777 47
308896472240386049 43
308903883588120576 19
308905481601183744 28
308906190442749952 11
308908623151632385 28
308908879020961792 28
308911559181209600 39
308912309932261376 22
308916307137544194 39
308916831396192256 28
308922690855657472 2
308924150477619200 28
308927300387352577 28
308928609006006272 28
308929640821571585 28
308933428282281984 28
308934472638820354 28
308934619447820289 50
308935995171168256 39
308937140237123586 28
308939182846390272 28
308940533437440001 47
308941988827385856 60
308945126200332288 28
308947516953608193 47
308948787802562561 3
308951325356478464 38
308952071959351297 48
308952378114179073 28
308952537514512384 28
308953544164265984 28
308953653203582978 43
308953804202713088 47
308954332693397504 28
308954559173242880 47
308955385451122688 18
308958367609667584 3
308958539580334080 41
308960238260858880 43
308961014194503680 28
308961345536151552 42
308962855493980160 25
308962884870864896 4
308963602075885568 47
308964365472768001 43
308965414044573697 39
308965602792464384 28
308965854421323777 43
308966533923749888 25
308967465034059777 50
308971252503154688 45
308971575477149696 50
308971936183099397 50
308972053602631680 28
308972548543102977 28
308975883031560193 38
308977183257403393 39
308978596708507648 48
308979318132989952 64
308979708236812289 51
308979838222475266 2
308981176218038272 51
308981398532931584 28
308981658579771392 43
308983457944592384 13
308984200307019776 28
308984816873914368 60
308985055970226176 28
308985878037012480 47
308986003853565953 28
308986557518471169 3
308987618660610050 28
308988218479611905 64
308989048926638080 19
308989157995327489 60
308990290428047361 28
308991020249518082 19
308991938806308865 45
308993410994413568 64
308994212110663681 47
308994459570434050 47
308997924094898176 38
308999018795638784 38
309000637788585984 19
309002361634959360 38
309002592351043585 56
309003196314050560 17
309004622364827648 3
309005163438419969 3
309005989720494080 3
309006409159294979 32
309007034106380291 43
309007587767099392 14
309007642301431808 3
309007721955487744 3
309008367886684161 2
309008774750928896 2
309010423108218881 10
309011329065287680 28
309012193083539457 48
309012495111172097 28
309013220692209665 39
309013585609248768 14
309014818717835264 14
309015116551188480 38
309015166882824194 48
309016735544139778 13
309017901543874560 28
309018044150190080 15
309018186769125376 48
309020418138845184 24
309021131157950464 60
309021902926671872 3
309021999374692353 60
309023140254736384 3
309024528548376576 14
309027426820841472 28
309028349550936064 28
309029121298661379 15
309030316700483584 14
309030769664335875 14
309031570801565696 13
309031839220264960 28
309032069894397954 43
309033181414318081 60
309033252692295680 28
309033424671367168 10
309033592422547456 3
309033906999541761 47
309034540373008385 38
309035379233800192 41
309035693789827072 52
309037866447675392 28
309038772387995648 15
309039875494146048 28
309040378827378688 51
309041251225829376 38
309041838424219650 4
309041955873099776 10
309043218354405378 43
309044208210178049 17
309044946428633089 13
309047211365367808 51
309048394146512897 32
309048507401117696 3
309048939410239489 2
309049031676534784 14
309050017325412352 11
309050227032223744 21
309051527274844160 28
309051611160907777 32
309052466815709184 3
309052651344117760 14
309052718465564672 3
309053737698209794 4
309053800616960003 4
309055981655031808 47
309059139957563392 21
309059630678560768 47
309059857175175169 9
309061228729344000 14
309061618787041281 14
309061727813779459 64
309061866255163393 14
309062491206479873 9
309062608630214658 14
309062688321970176 14
309062755439226880 14
309062910611705856 14
309063283908956162 14
309063342620803074 14
309063808188571648 14
309063904657563650 14
309063984374489088 14
309064047280660480 10
309064240227024898 14
309064487695175680 14
309064789680848897 14
309064944878501889 14
309065100034195456 14
309065209111252993 14
309065255231840258 14
309065511075971073 14
309065905357336576 14
309066006037401600 14
309066937164505089 14
309068556161671168 14
309069101429583872 14
309069143347449856 14
309069906740117504 14
309070242250883072 39
309071383109971968 14
309071450223022082 39
309071836111581185 14
309071894823464960 14
309073161507459072 14
309073622889295872 6
309074516280217600 47
309074843431743488 14
309074939896557568 47
309075241865461761 14
309075862639214593 6
309076529529380865 51
309077083198455809 14
309077494240251905 14
309077792035860480 28
309080413454876672 3
309080652521824256 51
309083500483584000 28
309084993647427584 14
309086696530644992 14
309087665393901570 14
309087690559741954 53
309088084853673984 11
309088617500925954 43
309088986612256771 14
309089968100352000 14
309090878234972160 14
309092090384629760 42
309092233011920898 14
309092241400553473 14
309093218677583872 14
309094284026593282 14
309095445840400385 14
309096964195237889 14
309100319630036992 42
309100609045401600 28
309100881645826050 28
309101204619812864 5
309101238191026176 14
309102790083489792 39
309104677503512576 10
309106762055839744 47
309107584139395072 28
309108024541319169 50
309108372668547072 3
309109203174318080 43
309110184637251586 14
309111161910079489 38
309111199650439168 48
309112701228044289 15
309113124835950592 3
309113464570400769 10
309113519117316096 10
309113607164149761 14
309114064368435200 42
309114806743474176 40
309114919977095171 14
309114932580982784 47
309115096158846977 48
309119089123667968 48
309119110111961088 48
309121270182731779 14
309121555403796480 14
309124453659459584 28
309125623840919552 2
309127658086739969 14
309128404693819392 47
309128815743995904 28
309131093213327360 24
309131126767775744 39
309136399028850688 39
309136461926658048 4
309137741201944577 28
309138982724313088 28
309139863511396352 38
309139959980388352 28
309140110987890688 28
309143059579412480 28
309145542598991872 43
309146742190907393 48
309146922550181888 3
309149187461742592 14
309149334274981888 14
309152500966105089 14
309155302773772289 32
309156779147800576 51
309159677395095552 38
309162751828303873 32
309163758461284352 56
309163859153940480 14
309165683646791680 51
309169840202059776 28
309171299845042177 10
309172306465411072 48
309172411314618368 39
309175548649816064 28
309178790842626048 42
309179378078720001 10
309186197979267074 14
309186210587365376 14
309190128046329856 18
309193106014744576 43
309194490147643393 47
309195865883570176 18
309197019291996161 14
309197312905859072 14
309199410062053376 14
309199431012593664 47
309200081133907968 38
309200768991379456 28
309202249584881664 51
309203939893575680 51
309205470843904000 47
309209694508036096 7
309218389283459072 14
309219031024553984 14
309219379143397377 14
309220759052627969 11
309222654886420480 38
309224152244559872 2
309225326674841600 20
309226090017198081 3
309227356688637954 14
309234096964505600 39
309239562117455873 4
309239671177752576 14
309240560353415168 14
309240853975670784 14
309241416016621568 14
309243458634256385 14
309244943426265089 14
309245299921141761 51
309251989831823361 39
309253894075215872 14
309254820995411968 51
309255907341135872 14
309256188338507779 14
309259954831888384 35
309263243153661953 51
309268536390471680 3
309270000202551296 7
309273313698516992 14
309275943527129090 10
309287536587591681 43
309287628837117953 14
309288983605682176 64
309290371932889090 39
309290959131254784 28
309291764446015488 4
309297992958083072 28
309298160738631682 14
309300094308610049 39
309302040482435073 28
309302514422005763 14
309303248450359296 14
309303370085183489 43
309303655281070082 35
309304460579049472 17
309305165251485696 50
309307195282051072 43
309310382936309760 39
309311863550791680 14
309311888704032770 28
309312278774312961 60
309314510139842560 5
309314774380982273 14
309315055407738881 39
309317781696950272 64
309318037566259200 17
309318956106272770 20
309318993871777792 30
309319199367516161 28
309320356995399680 28
309321019716415488 28
309322064072933376 7
309322709999951872 28
309323603390889985 47
309324006056656898 25
309327193731899393 45
309328615571611651 14
309328821121851392 43
309330234589720576 43
309330616279769088 43
309330863752101888 14
309331048284688385 43
309331077657403392 43
309332595974496256 47
309334206599811073 38
309334521180983296 4
309337658491019266 47
309339235570286592 60
309339755680780288 14
309342779773952000 25
309342909780615170 4
309345279574945792 19
309346407846920192 43
309346542064640001 39
309347179582087168 22
309348970549899264 14
309353571697164289 5
309355077435523072 28
309355085853519873 28
309357417878130689 7
309357476589993984 39
309358294470893569 10
309359187861860352 47
309362757243920384 38
309363541570371585 38
309363822592937984 47
309364057478144000 52
309364091003219969 38
309364250407747584 14
309365324157960192 2
309366225895567360 25
309367219983372288 14
309368520217604096 15
309368687985565696 17
309369421967790080 28
309372177612935168 7
309372798407680000 14
309373951824519168 47
309374299947532288 9
309374715192020992 38
309375126208671745 38
309376330007449600 3
309379563815841792 28
309381275096080385 28
309381715477008384 28
309382902473445376 48
309383401591410690 39
309383649059545089 9
309385163215888385 35
309385238696574978 14
309387117744750592 39
309390418657816577 14
309391425307570176 14
309392545190920192 47
309392641630547971 32
309395342770724864 40
309395372114079745 48
309396483617202176 17
309398173917515776 17
309398807265824768 30
309399188930715648 50
309399717429776384 39
309399797138325505 50
309400833106259968 17
309400904405245954 17
309400950563553281 17
309402439516299264 3
309406415737483264 39
309406759649423360 17
309407153947557889 51
309407321698738177 4
309410127700709376 14
309410484208140288 17
309410865885634560 14
309411302089035777 28
309411910284099584 20
309412610716094464 5
309412770091241472 39
309413218902740992 14
309414263267663872 28
309414468813717508 28
309414921781792768 17
309416620487483393 28
309418528904196096 38
309419556491890688 32
309421926290452480 14
309423918563876864 14
309424463835959296 43
309424652579639296 38
309426510643748866 45
309429677355831296 56
309431015309455360 39
309431468319453184 43
309432890163339264 4
309433011823329281 47
309435033477869570 47
309436136579821569 3
309436136583987200 47
309436358865321984 39
309439953392238592 43
309441874375106560 47
309446706230079489 9
309446743957856257 21
309452053959303168 47
309453123485843456 47
309453714916265984 13
309454004293885952 51
309454281143115776 48
309455329727479808 10
309460971057995777 17
309461822489124864 17
309463311483822081 38
309464116765011968 47
309466142626422784 50
309466159403655168 50
309466411057688577 11
309467673547399169 28
309470387249504256 11
309471083508150272 28
309472346010431488 47
309473084199542784 64
309474669654859776 11
309475890193113089 25
309478972989784064 25
309479161733459968 28
309479404994707456 38
309480671703887872 21
309482559132286977 39
309482886300577794 43
309489966281547777 30
309490352161705984 9
309493833434021888 28
309495699886702593 19
309495867637895169 25
309499441184927744 48
309500296831324161 14
309507154509963264 64
309507704001540098 47
309507834008190978 43
309509457191243776 48
309515706708398081 48
309517392826990593 14
309519544483995648 14
309529870889779200 38
309532446175678464 47
309533507342987264 15
309537374508036097 28
309537559044825088 14
309539043841044480 28
309539501003378688 51
309543351382839296 14
309545775686381568 47
309547147202805761 17
309548233552707586 47
309550984999362560 14
309551253459968000 50
309553228939403264 47
309555737154166784 38
309556873827323904 51
309562355778453504 64
309572002673463296 24
309572245922123777 14
309574712185483264 38
309575320372133888 38
309576759010004993 28
309579409814351872 53
309579908911353856 14
309580265431384065 4
309581238518284288 14
309581360169877507 38
309587366409027584 17
309589354483957760 43
309590767960207360 32
309599039157047296 7
309600863649939458 19
309601325044359168 47
309605187985735681 14
309607322890665984 19
309612330910617600 28
309614792971284482 47
309619830309392384 39
309620660798369792 51
309621088617390080 38
309622162346606593 39
309628638347800576 15
309632174162837505 40
309637328933117953 60
309637500924735488 47
309638755021619201 24
309639342199021569 35
309642097852571649 38
309642425008275457 39
309642911581085699 24
309643976913334273 14
309645465912221697 38
309647634367385601 28
309647810498801666 51
309650532606300161 17
309650905907740672 14
309650905911926784 14
309652206154563585 19
309652864660279296 47
309655611912626176 28
309656496910761984 64
309658090758864896 21
309659558744322048 25
309660653466042368 47
309661907583913984 14
309663446872518658 35
309665950884569088 47
309667360179101697 39
309667838300405760 19
309676260483817472 35
309678705746276352 53
309681138455175168 9
309681494983573508 43
309683134939668480 1
309685404058128385 39
309686372929789953 19
309686670746345472 51
309687702545125376 19
309689778725593089 47
309690495934803969 50
309690911200247808 38
309692681175580672 25
309692765074255872 28
309695130649128960 14
309696917410025473 15
309700067361685505 15
309701183017209857 51
309702068032118787 19
309702378427400192 60
309702873317527552 39
309703682855940096 19
309706551726313473 13
309706761458315264 64
309706908267327490 51
309707541598859264 38
309709533876453376 51
309709571629391873 51
309711324844277761 48
309711962412027904 51
309712063045984256 25
309715691148283904 21
309718383887253504 47
309719499555364865 39
309719864480780288 19
309721013694914560 22
309722829832732672 11
309724734050951169 11
309725623255982080 17
309726139142791170 19
309726139151159296 39
309728869617909760 38
309730337628499969 47
309730979382177792 19
309733609185619968 2
309733969904140289 28
309734460646125568 30
309734510977748992 28
309734947193749504 38
309734959772487680 38
309735853134053376 38
309736201269690368 51
309736213844197376 47
309736536801431552 11
309737467957878787 38
309738843681210368 38
309740114567917568 11
309742505329565696 38
309744560542715904 2
309745210638876672 11
309745214854139904 11
309745311302156288 11
309745990771027970 7
309746594771787778 38
309746842239913984 20
309749014876803072 39
309749316845715456 28
309749878920196097 39
309750793253289984 38
309754429706477569 5
309755868348575744 47
309756820472336384 38
309759710335205376 43
309759852958343169 47
309761664914452482 38
309762906415824898 6
309763636237328384 51
309764122763984896 28
309766702269362176 50
309772209382100993 15
309773153100496896 47
309774545601060864 47
309777041211932673 50
309777590678335488 9
309778769286164480 39
309780258238902272 15
309782581891702784 47
309786214146400256 42
309786662953705472 38
309791247315369984 38
309793218655051776 30
309794913145470977 43
309796737663512576 19
309796737663528960 19
309798474122153986 50
309799476556603392 19
309801380770639873 19
309801984721039360 50
309805000429826049 19
309806090969829376 14
309806304862552064 50
309806464237719553 14
309808951485161473 35
309809190535327744 15
309811245748473857 42
309811862315364352 25
309812780876320768 43
309813477122392064 51
309813733000085505 51
309814416667447296 9
309815461049147392 19
309816060834619392 47
309817050698747904 43
309817591751397376 38
309817667253043200 11
309818178937180160 14
309818971681611777 43
309818971689975809 42
309819110102024193 17
309819714048253954 47
309822654263738368 50
309823287620431872 51
309824814347087872 48
309829868491767808 45
309831214850785280 51
309839481815576576 38
309841390236487682 51
309841583161868288 17
309845035061485568 13
309847224488165376 50
309847711044210690 39
309854719726211073 14
309857303396499457 38
309857735434989568 45
309863326425427969 39
309866858025213954 38
309869273948495874 36
309877431861379073 43
309880233690021890 48
309883333276487681 21
309883618476580865 38
309887200407994369 12
309895354130767873 51
309901523968745472 43
309902220206428160 35
309904233476542464 5
309905466593521664 39
309906737467645952 18
309907945435582465 11
309909589594353664 38
309910181003808770 47
309915436487671808 42
309917646860718080 47
309921925067579394 43
309929147646488576 28
309944599474999299 64
309960164537139200 11
309963264102658048 51
309963725492854784 21
309963985552277504 51
309964279145181184 51
309964287537991680 5
309964690166001664 51
309970323124649984 51
309971765969440768 51
309971908596744192 47
309987263905947648 38
309987935011364864 51
309989398819266560 47
309990883598692352 47
309991793783631872 47
309995245695799296 51
309998953460551681 14
310000085905846272 15
310001214190387201 47
310001977528565760 21
310003927892520960 43
310005320422420480 39
310007568540000257 38
310007887307087873 25
310010009650089984 51
310011565741068288 14
310011955798753281 14
310012282937683969 40
310014279422193664 43
310018331136626688 48
310022827426340864 38
310025427878047744 5
310032113619591168 47
310033124459438081 28
310035557155753986 9
310037977273344002 47
310038866461609986 47
310039571108855809 43
310042146394742785 47
310044847513948160 50
310045162111922177 14
310045178884919296 50
310045283738341377 50
310045304688898048 43
310046118379659264 50
310046621717118976 14
310046688809193472 14
310047347323310080 50
310050140725604352 15
310050740523659266 50
310052846043267072 38
310054813171851264 35
310054947389595648 38
310056931307974656 39
310057732424212480 35
310057761801134081 28
310058235728109569 10
310058361573998594 14
310061222068383744 43
310061574419275776 5
310061859631947776 35
310062769774944256 40
310063893877760000 50
310065697390723072 19
310067974918770689 39
310068943811395585 14
310072643191713792 43
310072836121309186 40
310075365282435073 38
310075390444056577 38
310076174799880192 40
310079404397195264 5
310079727366967297 50
310080490713538560 45
310080624956436480 7
310082248147865600 38
310083728716230656 47
310084311732846593 38
310084483682545664 38
310085284807180288 13
310086283051552769 22
310088069837631488 56
310088371810754561 56
310088879342493696 40
310090963903201280 56
310091337175293952 50
310092813574479873 56
310093090411118593 43
310094063489650688 43
310096340979957762 56
310101038596247552 43
310101344780419073 50
310101718090264576 11
310104591209467904 50
310104935125626880 14
310106034029068288 43
310106080162234369 45
310106197611147265 38
310107518812692480 13
310108496077135874 47
310114753999687680 5
310115282452619265 5
310115374752485376 13
310115873866264576 38
310116238758129664 5
310117132157460480 20
310119153824563202 13
310120693125763073 45
310123436208963584 47
310124367352836097 38
310124430246436864 38
310125998920327169 12
310126040867540992 50
310129043964051457 38
310129056580501505 28
310129182409625600 13
310129593438842880 47
310129736053571584 21
310132210680336384 43
310132391056392192 13
310132554613260288 38
310132974031085570 7
310133468988313602 38
310133938737782784 13
310136539185299457 38
310137717788901376 13
310138833469595648 13
310138997064208385 38
310141001954119680 2
310141748519247872 39
310141933093789696 39
310142407050137600 13
310143468200685568 38
310143652737454080 42
310146135786409984 13
310146697802174464 12
310147486356475906 47
310148769775763456 13
310148782362865665 13
310149445071278080 47
310154230763753473 13
310156223066562560 59
310158001459830785 52
310158638989848576 13
310158827750309889 59
310159251349831680 59
310159582716637184 47
310159666615308289 47
310159674978729984 59
310161726001803264 60
310162732651528193 40
310163038831509504 59
310166176170901505 38
310166394253754369 38
310172178219925508 59
310172232750092289 38
310173751050387456 14
310173772038680576 12
310173793022799872 47
310173927215362048 59
310175881777782784 47
310176468959371264 10
310178859721056257 13
310180956864663552 38
310185344127619072 11
310185855824306176 47
310187399323975680 38
310188384989630464 47
310188917687205888 21
310189974656016384 13
310190238884573184 59
310191434257006592 47
310195095901184000 13
310197214024720384 59
310198061274107904 47
310198065447448576 47
310198673642496000 47
310199134982373376 47
310199239844167680 47
310200506549153792 47
310200909206540288 38
310201605444206594 59
310205690692136963 38
310205824909856768 13
310206059807657985 5
310207129350991872 47
310207410365153280 5
310208404415193088 39
310210522551316481 5
310210547691945984 43
310210711257235457 5
310211768259592193 13
310212158308876288 59
310214104478515201 56
310214431609081856 56
310218697220452352 38
310218869212065792 14
310219942949691392 47
310220198781284352 42
310220844729253888 6
310221708730720256 38
310221884908261377 38
310222606303375361 48
310222711181950976 47
310223101260619776 24
310223558431346689 51
310224258863349760 47
310225059996381185 35
310227622699343872 43
310228063113850880 4
310231355659284480 38
310234803360374784 40
310234975326855168 13
310238674686205952 47
310238993461702656 47
310240289493237761 38
310240797037576192 56
310241837208186880 38
310246329311956992 47
310247654707843073 4
310248237699321856 13
310249621840613377 24
310251819630739456 38
310255196083208194 47
310255665820086274 47
310260359263027201 47
310265488875868160 17
310268492010123265 13
310271998431473664 40
310276612174254082 38
310277367148982272 40
310277664965525504 42
310280298984267776 10
310283952218832896 38
310283989975961600 64
310288658206965760 47
310289513853366273 14
310291560698892288 53
310292856701063168 40
310294647681466369 38
310300322570579968 39
310302625239298048 5
310304781124136962 50
310305259257995264 35
310308052702224384 5
310308996395458560 5
310309415830040576 47
310309663285604352 5
310310032409522176 5
310312662225547265 5
310312792248954880 5
310312888709566464 21
310313845023457282 5
310317464695214081 48
310317687014293504 5
310318114820747264 5
310318458770444288 5
310319138226704384 5
310319184359854080 5
310322892137193472 5
310322900500627456 51
310323110224220160 5
310323189920194560 5
310330840322306049 5
310330848719273985 5
310331343668125697 50
310331356225871872 48
310332027306135552 5
310333461783261184 5
310335869322145793 5
310335911244222464 43
310336670404849664 5
310337588965801985 5
310339589653032960 32
310340021649551360 5
310340835361312769 40
310341695185248257 47
310341707772338178 5
310341942670139392 13
310342366290657280 47
310343918166372353 5
310344266293592065 25
310344329224916992 5
310346581566169088 5
310347240055111681 42
310347542036627457 59
310350893310681089 5
310351073674145792 5
310351090430394370 5
310351123984838657 5
310351576982253568 13
310351870583504896 5
310354198434824192 38
310354240352710659 5
310354332644155392 38
310354559107219457 47
310355091800612864 47
310355523818123265 5
310356681429241856 5
310357956501860352 5
310358556299898881 5
310359151886884865 5
310359328064417792 51
310360171085975553 25
310360229818798080 5
310360888324521984 5
310360909308645377 5
310361920148480001 5
310362977113096193 47
310363660776267776 51
310363883074379776 5
310364176679833600 5
310364273153028096 50
310365695022092288 5
310366412210327554 5
310366898787323904 13
310367095907049472 5
310368819774382081 5
310370665272311808 5
310370673644163073 5
310370828833402880 38
310371063718629376 5
310371176948051968 5
310371206329167872 5
310371256652427264 5
310371315364265985 38
310371734794682370 13
310372024197455872 13
310374339465842688 5
310375199281389568 39
310377753616715776 5
310377808155258882 5
310379330691821568 5
310380001793028096 4
310380211478880257 5
310381721424105472 51
310382002476040192 5
310383860527529984 5
310384116367495168 5
310385118839721985 5
310387161457389568 5
310387501191811072 5
310387853525917696 59
310388843364880385 5
310388931466256385 6
310389313147924480 5
310390240055525376 50
310390827291643905 5
310391489979092992 5
310391812923736064 5
310392291074379776 5
310392643400134657 5
310392953803796481 5
310393691997081601 38
310394451136753665 5
310395034170187778 5
310395898184220672 13
310396179202576384 59
310404056092913665 13
310404735582748672 48
310405557657939968 13
310405666709831681 5
310407612896251906 50
310409361891684353 45
310412201439662081 45
310412557968097280 2
310413929518100480 6
310415078740611073 5
310416106361860096 5
310417825997156353 5
310417960210681857 47
310419554042003458 5
310420422275526657 39
310423429612462081 5
310424914375081985 39
310425426088562689 5
310425640002285569 14
310426051056631809 4
310426910884757505 13
310430908027138050 5
310431172293439489 40
310431478473424896 5
310432879383572480 39
310433206526697474 13
310434036994695172 38
310434125079248896 5
310434712277622784 5
310435144286756864 14
310436083794079746 13
310437958681493504 43
310438231281905666 39
310439971913879553 47
310440806580375553 13
310441611899326464 47
310442060685639680 38
310442400428486656 5
310442631119384576 47
310443822322679810 13
310444069757267968 13
310444682142433280 7
310444946383593473 13
310447240651100160 13
310449912439533568 13
310450600313778176 5
310451552391417856 5
310454542930165761 30
310455394399047680 13
310458808549912576 10
310459446096719872 39
310460222017789952 64
310461371290624002 5
310464005279993856 47
310464005313548289 13
310464441487605762 5
310464563130818560 32
310464730919759874 47
310465141961535489 38
310466651910979584 13
310466811286147073 21
310475560616865792 47
310475678032220160 17
310477167026921472 5
310481495527657472 32
310482858684858369 4
310484016337940480 5
310484096021307392 11
310484423160262656 14
310485060719620097 47
310485832471552001 51
310487384355651584 5
310487510184759296 47
310489531843493888 10
310491528332181504 47
310498679616323584 47
310500546073227264 47
310501422670151680 47
310501854687670272 47
310502316056915969 5
310502513210167296 38
310503385621221377 35
310504027341348865 42
310504639692959745 14
310505306625024000 13
310507852538191872 14
310507999368204289 14
310509274424025088 14
310509278622515200 39
310509710610677760 38
310512797622620160 14
310512856338685953 13
310513552597319680 13
310514722803949569 5
310515507151380480 47
310517050655260672 5
310517507834384384 14
310517642035343360 14
310518640313253888 5
310518963262074880 14
310519386865799168 39
310519391060107264 47
310519634342330368 14
310520997482737664 5
310521886675181568 38
310523124003270656 14
310524290028158976 47
310525305062313984 60
310527431545077761 14
310529725833564161 14
310529847480958976 47
310530338222923777 47
310531449721860098 47
310532355657973760 47
310532670251737088 47
310533295207243776 51
310533609759068161 14
310534633198596097 5
310534926770515969 47
310535669170708481 38
310536323503124480 59
310536411570909185 14
310536625472012289 47
310537640506163201 14
310537653076508673 47
310539326607998976 25
310539410485690369 51
310540882682183681 14
310540912033935360 14
310541499270041601 35
310541646045540353 14
310546817630756864 13
310547350290563072 38
310547694261256193 14
310548830917623808 39
310549581660291072 14
310554459665207297 47
310555730518372353 47
310556997202354176 47
310557043327107072 47
310558238741495808 47
310563896836620289 14
310564169462210562 13
310567185187741696 47
310572801331433472 38
310573665379053568 35
310577905795231745 47
310579835204427776 38
310582582444183553 14
310584557978152960 14
310585828856459264 14
310586067914997760 60
310586323780124674 13
310589754712420352 35
310591839298265088 38
310593441526583296 47
310597208003203072 13
310602987745726466 47
310604912918671360 39
310611799970029568 47
310613284749447168 51
310613788095299584 14
310614572400791552 47
310614610162118656 47
310615503561424896 47
310617437135585280 14
310619513328640001 47
310619576222224384 47
310623992811769856 13
310624705851838465 13
310626089988943872 47
310630699537408000 47
310630808585138177 47
310642917511409664 47
310643496342130688 47
310643668300226560 13
310644188393914368 47
310644599431499776 12
310646889529880576 47
310652556038791169 14
310653382329262080 14
310656431592464385 14
310664174248275968 12
310668142059847680 5
310670708978114560 47
310688568345493504 47
310688983573204992 35
310697514770776065 5
310701218345406465 13
310703273545957376 5
310709359476867072 5
310709959262339072 5
310712572338913281 5
310714719835144192 48
310718758912155648 51
310718930891182080 38
310721497801031681 5
310724706451984386 47
310744503566864385 38
310748362330750978 64
310749314420989953 51
310750170067394560 36
310751122170212352 48
310752737002389504 38
310753819116056576 15
310756721578627074 47
310756805452120064 5
310760626475646977 25
310765705769406465 25
310767719047892992 39
310769749065879552 14
310771485516128257 50
310775960838483968 13
310776363516850177 13
310779114946719746 32
310780008362803200 35
310781958714187776 38
310782906618478592 0
310785704227647488 38
310787163824480257 47
310787381957623809 47
310795191751696384 47
310796445844381696 38
310796760421380096 47
310798865932640257 32
310799222440079361 47
310800677901312000 47
310800988271439873 47
310801311232831488 0
310801806148116480 48
310802015846555648 48
310802116543389696 11
310802686951972864 47
310803626459279361 47
310804125589860354 47
310805794939600896 47
310806071772053504 47
310806080148082688 47
310807439102590976 59
310808001130950657 38
310811666940039170 38
310812187050532865 47
310813483090468864 6
310813495673360384 21
310816075182903297 6
310817278918799361 47
310817899700961280 64
310818667262775298 56
310820013638578176 47
310823448748359680 39
310825084556292097 47
310825206170136577 13
310826321838211072 4
310828062482759680 13
310828200915771392 39
310828951687798785 59
310829194944864258 39
310831258563391488 15
310835452875780096 13
310835507397525504 13
310835633214078976 59
310837235425611777 35
310838946714251264 14
310840133710667776 43
310843203928588289 48
310843904389963778 14
310844613235707904 47
310852645315305473 14
310853643551248384 43
310853702263132160 47
310854805390254080 21
310855539380854784 7
310857095455055875 38
310861507854475264 35
310866218078842880 47
310867233096216576 47
310868373963694081 47
310869267337867264 39
310870806630658049 21
310880134771113984 13
310883888673202177 35
310884069028294656 35
310884865954426880 47
310886396854403073 7
310888074605379586 35
310888200409333760 35
310889035084230656 47
310890427609915392 35
310890805084708864 47
310892147257798657 47
310892159836491778 47
310894236029571073 56
310895494316580864 13
310895662105505792 13
310898363224702976 51
310900032566075392 35
310900640735977472 35
310901106303717376 47
310901450211475456 47
310902435898081280 11
310905279627800577 47
310906567274921984 47
310908236612112384 47
310914280620969985 10
310914511311863808 59
310916042224447489 10
310917275328868352 32
310919326347718657 7
310922753106661376 47
310924065898647552 11
310925164835663872 5
310926259536420865 47
310927740134100994 10
310927769494253568 35
310927920464007168 47
310929854067515392 13
310930252534784001 28
310931062014496769 10
310931527578046465 38
310931540152557568 38
310932341281398784 14
310933209502343168 21
310936791442132992 47
310936829174104064 47
310938309775982593 39
310939790361100288 47
310939895235477504 38
310940738273828864 7
310941589734305793 47
310953090494894080 35
310954789179650048 14
310955217032187904 64
310957028967321601 14
310957611946237953 11
310958979293532163 39
310963337187958785 6
310964658389520384 10
310968928182603776 47
310970056450400257 47
310984627491835904 12
310988347835289600 14
310990424011583488 14
310993498419642368 51
310996702880464896 42
310996807733870592 38
310999647260925952 14
311002180633112576 11
311008639844499457 5
311008849584865281 35
311009625531113472 13
311011118686556161 4
311011936605188096 13
311012494435041280 51
311014746772099073 5
311015774355591168 39
311017020080668672 14
311023915503857665 10
311026285319168000 40
311027845591879680 40
311028151784448000 35
311029871411355648 10
311029972112379904 10
311031393964662784 30
311033688248942593 40
311035055600463872 30
311036309684768768 40
311036926260047872 38
311037182091620352 30
311037211455938561 22
311037739946627075 40
311038394237063169 40
311038926930448384 50
311040113935273984 40
311040394928467968 40
311040470442713088 40
311046870954823681 40
311047026123087872 47
311047948890935296 40
311050712937291777 40
311052138983849984 47
311053967704596480 43
311058937959034880 47
311059466437140481 47
311059944592011265 47
311060020076900352 47
311060892496302080 47
311061601342078976 35
311062364688617472 5
311064042422812672 38
311069063025676288 21
311071260807405568 40
311071533466542080 11
311073366364811264 40
311073458626887680 30
311074322678706176 40
311075253805797376 47
311076189139779584 38
311078496006987776 52
311078810554601472 47
311084162511671297 25
311088029647384577 45
311088797209223168 42
311092362375995394 40
311093037629591552 35
311093041828098050 35
311093104755224577 13
311093939413344257 59
311094123983679489 38
311095638131630080 59
311095893971582976 35
311095923327516673 40
311097756221583360 43
311099467526987777 48
311099677237968896 40
311100436419588098 9
311101392695746560 40
311101501764403200 40
311102554526326784 47
311102919443357696 47
311103292719628288 28
311103556965003265 47
311106803356295169 40
311107973575475203 6
311108380402016256 40
311108422357630976 52
311108812415315969 14
311110439834624001 51
311111907811655681 28
311112989946286080 39
311113107391000576 48
311113988211617793 40
311115544273227778 47
311117725323915265 47
311118132175581187 52
311118224458657792 47
311118337692278784 20
311118643859689472 20
311120267076308993 47
311120610984071168 40
311120925573656576 20
311122372625330177 4
311123127579058176 42
311123639271579649 20
311124436218675200 47
311124788544413696 47
311125455426174978 56
311126940188807168 32
311127099584954368 38
311127309325328384 6
311127464485220352 47
311127590322704384 45
311127925850271746 40
311128034918944769 40
311128253026930688 28
311128374678540288 20
311128395650064387 20
311128404000915458 20
311129318392741889 9
311129448399400960 40
311129570042601472 40
311129792315531264 20
311130459226660864 2
311130471805353986 47
311132434743848961 38
311132728349315072 45
311132946432159744 20
311133885956227073 47
311134099874136065 52
311134699651211264 20
311135106515476480 28
311135341409079297 47
311135614009483264 13
311136679375294464 20
311140689146687488 25
311140752031879168 30
311141070828359682 19
311142148739330048 2
311142492680646656 47
311143289619361793 13
311144292053823488 13
311146468880822274 39
311149182616473601 10
311150046613745664 40
311150407319711746 40
311150520574304256 40
311151342662082564 20
311152248648519680 13
311152257037135873 52
311153091695222786 45
311154450666516480 45
311154891039047680 7
311155016876568576 48
311155184652918784 48
311156325499412482 45
311156388397191168 11
311156707193651200 10
311156732363681792 20
311156799472541696 20
311156891713675265 20
311158087128072192 20
311158451994783744 20
311159295066644480 20
311159555100921856 20
311159651574104067 35
311159907439235072 51
311160201048907777 45
311160469488558081 45
311161392218636288 13
311161794888626176 43
311162017153163264 38
311162403054305281 20
311162851832242176 39
311163011207426048 35
311163174818816001 20
311163237704024064 36
311163631997960192 38
311163770376445952 20
311163770384826368 20
311164651192872961 47
311164957381251072 38
311165099966595073 20
311165720752959489 10
311165804634853377 13
311166186295525376 20
311167285198987265 14
311167771755020289 40
311168845484281856 36
311169457848479744 40
311170762289577984 45
311174050611359744 51
311174189035962368 47
311174704926953472 36
311175883526393856 38
311178211381874688 38
311178920206667777 20
311181562614009856 47
311181587775619072 14
311182284034277376 21
311182976090263554 39
311183861113569280 20
311184028881539072 14
311184330884009984 45
311185614320066560 38
311186348335828993 40
311186855846637568 9
311187182998130689 20
311187623408447489 13
311188042847227904 52
311190492316594176 12
311191255650533377 20
311193654821785600 38
311193763873701888 36
311195059880083456 35
311195089269563392 36
311195248640524288 36
311196083294457856 36
311196087522308096 36
311196334956879872 36
311196343362285568 36
311196368523907072 43
311196465009668097 36
311196557284343808 36
311196615983644672 36
311196783751614466 36
311196859257462786 36
311197102527111168 36
311197429682819073 36
311197622633365505 36
311198016864391169 36
311198432138244096 52
311198629266329600 36
311198729929621504 36
311198813790535680 36
311198973203476480 36
311199170314784769 20
311199300342394882 38
311199346471358464 47
311199652655550465 36
311200160157954048 36
311200558650359809 36
311200671867219969 36
311201271656894465 36
311201414271610880 36
311201460408946688 36
311202014069653504 36
311202458665906176 36
311203242971365376 36
311203305890136064 36
311203406570205184 36
311203482059292672 36
311203620483899392 36
311203733734301696 36
311203779859079168 45
311204283162980352 36
311204283167150081 36
311204283175555072 13
311204396404985857 36
311204492878163968 36
311204845229060096 36
311204979417440256 36
311205050724802561 36
311205172347027457 36
311205549867945986 36
311205767963353088 36
311206208348499968 60
311207022056071169 36
311207047238656000 36
311207147868409856 36
311207185638096897 36
311207651205853184 47
311208217411723264 36
311208280351465473 36
311208913666207745 52
311209651863691264 36
311209765114101761 36
311209815466725376 36
311209815475093504 38
311210469773946881 36
311210599776411648 13
311211002429595648 36
311211451253653505 36
311211522540072960 36
311211690320609281 36
311211732276240384 36
311211862291275777 36
311211958747684864 36
311212055220846593 36
311212260724965376 45
311212428530696192 36
311212487229976577 36
311213753893011456 36
311214273995079682 36
311214290780692481 39
311214945108914176 10
311215737807204352 45
311215876236001280 45
311218019529523200 38
311218518655913984 45
311219202306478080 30
311219248448032769 45
311219344933785600 36
311219374298124288 39
311219617567752192 36
311219860837384192 36
311220284462080000 39
311220473205776384 39
311220506726649856 36
311221257515450368 45
311221530132631552 36
311221685342830592 36
311221945406468097 25
311222830383648770 20
311222922662514689 36
311223581176647680 36
311224336159764481 36
311225208566595585 20
311225229533913089 13
311225313403228160 20
311225439249117184 9
311226596872830976 38
311227708363395072 36
311227980997345280 48
311228769530675200 47
311229277012115457 36
311229792924098561 36
311230103298400256 52
311230279454949378 36
311230300447449089 7
311230497554563072 36
