30394131587006464 1
30394202042925056 9
30396111764066304 5
30398100472336385 1
30400409612853249 22
30401574056493056 3
30402208474333184 9
30404278992510976 17
30404296335958016 1
30404459720871936 1
30405193854091264 9
30405450293846016 18
30406089992310786 8
30406773076664320 14
30406955428216832 18
30407444110778369 5
30407494970900482 9
30407607617323008 2
30408437502312449 22
30408707682607105 3
30409874428919808 7
30410134425436161 7
30410295151169538 35
30410427095588864 9
30410542388609024 8
30410847616499712 9
30411347749507072 8
30411467085844481 5
30412963919699969 7
30414963528962048 10
30416908838772737 3
30417452680609792 13
30418069784367104 14
30418510702186496 10
30419324359417857 5
30419457826357248 5
30419510313877504 16
30419535756533762 41
30420445060669440 8
30421875943284738 2
30422510541479936 41
30422846366814209 0
30423259409289216 22
30423743528439808 35
30424035380699136 38
30424818289475584 16
30424834911510530 3
30424957825589248 6
30425952878075904 17
30427146451165184 2
30428029847080961 18
30428075191701504 8
30428482223734785 8
30429182278246400 14
30429664170213377 0
30429676585353216 4
30429702262886401 22
30430409875521536 3
30430799341817857 1
30431564932325376 14
30431589796151296 9
30432405177245697 0
30433013120634881 1
30433695596814338 16
30436694226378752 2
30437370604036096 1
30438372140908544 22
30439179359879168 18
30439920199798787 5
30440791239299072 9
30440960940834816 11
30441473379934208 18
30442043301953536 41
30444102684254208 2
30447887317995520 11
30448953891749888 3
30450989928554496 3
30452220143079424 11
30453671854612480 11
30455347827183616 13
30456490821156864 22
30458775651487745 0
30459074709557248 5
30460023981215744 18
30461512313208833 18
30463111500664832 9
30463763110957056 22
30464679839006720 13
30467526097895424 18
30467978906574849 5
30468165997690880 8
30468336726839296 17
30470388030906368 41
30471649639796736 13
30472788686929920 7
30472790909915136 14
30473143420190720 10
30473227012673536 8
30473698460827648 9
30475778487488512 16
30477678087770113 23
30478670644649985 41
30480639975227392 0
30481155169984512 11
30481547861688320 17
30483070356295680 11
30483402603888640 18
30483897565319168 14
30484140813975552 11
30484142076465153 22
30485744480944128 41
30486017530142721 13
30486674869846017 5
30488264842412032 2
30489791292252160 8
30490739947343872 8
30491845029011457 20
30494588875571200 1
30494895642775553 20
30496069259370496 16
30497056829210624 0
30497269086158848 41
30497840182591488 9
30499716567408641 17
30500268705583104 8
30502858264674304 11
30505402755981312 10
30505596528623616 5
30506925409968128 23
30507036248641536 13
30509900467544064 1
30510620902162433 14
30511580726697984 11
30512734403567617 11
30513117570015232 5
30514003763535872 11
30514793148321792 8
30515000489541632 23
30515437863178240 23
30515965208829952 1
30516341437890560 23
30517151785820160 9
30517355016622080 23
30517481307111424 9
30517822215954433 2
30519207938494464 17
30519362016247808 23
30519843119702016 3
30521128367689728 17
30521472812318720 2
30521804636295168 35
30522327510818816 7
30522653617954816 9
30522904919674880 1
30522982673686529 30
30523230930345984 0
30523878992252928 23
30524726552043521 0
30525698133196800 0
30526250707591170 23
30526264926281728 12
30526334815965185 1
30526954549547008 11
30527259790020608 1
30527280530857984 14
30527799424983041 0
30530005184286720 23
30533114522505217 23
30534154814750722 11
30536204508209152 23
30536217355358208 23
30536477695807488 23
30538645840596992 2
30538724529938432 2
30543224477065216 2
30544174625333249 10
30544903666663424 3
30545019244912640 2
30545151508094976 0
30545481935360000 2
30546563214348288 3
30547340561481728 2
30548386033696769 2
30548764452200448 12
30550652635582465 14
30550707274776576 0
30550858202615808 9
30551131616706560 14
30554037510213632 5
30555539452723200 20
30558796480774144 5
30561539077439488 2
30562259365269505 13
30562965165965312 2
30563119608635393 18
30564289693614080 22
30564389102813184 2
30565841099563009 20
30565953972477952 8
30566403673165824 10
30567532691726337 5
30567972326080512 1
30569342814916608 13
30570299074289664 22
30571851667210240 5
30572012694933504 41
30573100659638272 9
30573254447988736 16
30573552751087616 10
30574540144775168 3
30575014923210752 8
30576362389504000 0
30579096920526849 7
30579313057202176 3
30581002782908416 17
30581469411803137 12
30581701998546945 8
30582751925112832 0
30583068972548096 16
30583328172154880 13
30585243689811968 2
30586103354359808 2
30587022007603200 23
30587270037774337 0
30587682639847424 30
30587685898817536 2
30588669546987521 16
30589582479196160 8
30589797806379008 10
30589863128473600 13
30590163398696962 5
30591435266854912 10
30592623563509760 10
30592728618246144 10
30595032692035584 18
30595216985559040 10
30595305447628801 1
30595338775568384 16
30595496607219712 10
30596907529146368 18
30596941884686336 10
30597380348837889 16
30597453803683840 11
30597951457853442 13
30598702481539073 2
30598852146888705 2
30599022376919043 11
30599622661505024 41
30600106524807168 16
30600631047688192 10
30601061328756736 10
30601504758964224 10
30601574359236608 20
30601638104272896 10
30604010075455488 16
30604291001556992 1
30604356764049408 10
30605376395157504 10
30606523621187584 18
30607467759013889 10
30608387918004224 13
30608814784905217 10
30609760164249600 3
30610163136208897 10
30610832643596288 17
30612864184098816 10
30612876720869376 18
30612914654154753 30
30614030007664641 0
30614420178608128 2
30614560461291520 10
30614953798930432 17
30615506033577986 17
30615587910586368 3
30615948226465792 38
30616053729988609 2
30617632570875905 13
30617750103658496 2
30618672548544512 11
30618896893476864 8
30619096106143744 10
30619675389853697 16
30619741349478400 10
30620268149866496 11
30620671297986560 2
30621101021204481 0
30621165881917440 0
30621207644610560 11
30623517682704385 16
30623652437295104 17
30623689372340224 16
30625618529878016 2
30625784481714178 41
30626856424177664 23
30628460376363008 2
30631313245470722 2
30631645262385152 1
30632759630241792 16
30633192612438017 16
30633266906136576 16
30633267564650497 16
30633783929606144 1
30633937722155009 2
30634433082036225 11
30635254607773696 2
30635609009684480 2
30635802346131456 3
30635932134670337 1
30636685423280128 3
30636864566206464 2
30636957327425536 2
30637090941181952 11
30637444080607233 8
30638299320160256 3
30638368878497792 11
30638928268632064 23
30640030691098624 1
30640574671355905 1
30641734190895104 3
30642168938889216 16
30642236995674112 16
30642254842433536 16
30642412799922177 16
30642989122461696 11
30643478249603073 2
30643688136773633 9
30644248546119680 2
30644328925757442 23
30644440372617216 9
30645241832800256 16
30646843612336128 8
30646884209000448 11
30647283783565315 2
30647647756881920 2
30647808595857408 2
30648625222656000 11
30648899844706305 11
30649439165087744 8
30649612721197056 7
30650131585966081 5
30650358351007744 2
30650642112450560 16
30650789974245376 0
30651305655533568 16
30651755398168577 23
30651873035821058 1
30652307230162946 2
30652426038022145 38
30652469818163200 30
30652616639782912 2
30652775805231104 3
30653164818534400 0
30654010809651200 9
30655398331551745 23
30655509635792898 0
30655752150458368 23
30655803581009920 9
30656014466416640 11
30656300463427584 2
30656489479737344 1
30657495219306497 11
30658222981386240 17
30658825623179265 13
30658867457167361 1
30659286824648704 10
30660131339378688 3
30661460132634624 10
30661645986430976 2
30661896084398081 4
30662708818870272 22
30662992135725058 8
30663550510825472 9
30665425624760320 10
30665945395503104 7
30666356126912512 13
30667222271660032 38
30667277003137024 5
30667873680625664 3
30667917641129984 20
30668107966062593 9
30668394940334082 0
30670049274499073 2
30670377176801280 3
30670629837479936 3
30671913017671680 22
30672144434204672 5
30672774355746816 0
30673075070566400 18
30674081439285248 9
30674139169693696 12
30674320539787264 2
30675536665649153 2
30676047032754176 7
30676488235782144 13
30677307916029953 11
30678113146896384 13
30678791273586688 0
30679835969851392 2
30679899958153216 35
30680440994009088 10
30681449719930880 18
30681793300537345 12
30681838317993984 17
30681987794608129 10
30682519665909760 11
30682713602129920 18
30682863334596608 2
30683314293571584 2
30684138470121472 5
30684726008221696 2
30685454885986304 13
30685769240682496 2
30685922668322817 5
30686640804462593 30
30686906152914944 5
30687382806200320 11
30687510287876096 3
30687676050968576 2
30688418593767425 18
30690244298801152 16
30690750979121152 2
30690905920905217 3
30691049823272960 5
30692826006159361 5
30692963696779264 41
30692965663899648 9
30693301371797504 2
30693949492432896 5
30693955515457536 2
30694014181179392 5
30694279877754880 5
30694308940087296 5
30694341957656577 5
30694362178392064 5
30694599844429824 10
30694625152864256 13
30694705004027905 5
30695206714089472 5
30696004445544448 5
30696271408799744 3
30696903955976192 2
30697038798651393 16
30697835959689216 3
30698289095507968 22
30698291976998912 3
30698300843761664 17
30700109821902848 8
30700392937426944 35
30700828272631810 8
30701010049572864 8
30701401030000640 18
30702025264074752 9
30702141668589568 18
30702222312472576 41
30702331435683841 13
30704132692123648 0
30704571940605952 5
30705239468277760 2
30705516032303104 5
30707908433940480 35
30708356368834560 2
30708440749842432 35
30709282534072320 1
30710163916718080 5
30710400962007040 9
30710955126034432 2
30711295409917952 35
30711690580463616 11
30711726592753664 4
30712242315988992 5
30713349721292800 2
30714203610284032 38
30714235914813440 16
30714733577379840 1
30714909889138688 2
30715531464019968 10
30717644617285633 8
30717679631343616 13
30717788247035904 2
30718627057500160 11
30719112057458688 0
30719835499397120 2
30720214500900864 17
30721287810711552 8
30722018458468352 22
30722713739862016 3
30723301865168898 10
30723400687165441 11
30723587551797248 23
30723941496520705 3
30724717266599936 23
30724724736655361 13
30725193940865024 11
30725724151218176 11
30725780250038272 8
30726678577676288 35
30726960552345600 18
30727022598692865 8
30727039271047169 10
30727184507211776 8
30727342653444098 9
30727849589608448 20
30728757538988032 2
30728915328696320 3
30730850555400192 2
30730965840035840 38
30731514387898368 23
30731833859645441 17
30732007998754817 30
30733025167806464 17
30733728082825216 22
30733920714629120 22
30734117633007616 2
30738531445903360 7
30738883704524804 3
30739970184450048 3
30740770164051969 23
30740860484194305 3
30741349401624576 2
30741431043760128 17
30741828105928705 2
30742243136503809 17
30742388892762113 30
30743339112341504 4
30744276954517504 8
30745569156665345 2
30746843432357889 30
30747420539224065 12
30747501699010560 17
30747642342408192 23
30749550717173761 10
30749631398805504 17
30751177817722880 14
30752379854917632 30
30752754582421505 23
30752887374090240 17
30753110859186177 5
30753435431206912 10
30754443725115393 23
30754794272464896 16
30755448344805376 3
30755499901198336 0
30755695221547009 17
30756756170743808 11
30757517512417280 38
30758000822063104 0
30759655357546497 8
30759670763233280 11
30760799676923904 0
30761666429849601 3
30762024019431424 18
30762245684207616 38
30763473105321985 3
30764163454214144 4
30764349832306689 4
30764363740618753 5
30764752242221056 4
30765010984636416 8
30765094837166080 2
30765413604265984 8
30766283096072193 8
30766415304728576 8
30767162398347264 13
30767633527742465 4
30768499169169410 4
30768650319306752 8
30768879231832064 8
30769192563113984 4
30769389959651328 2
30769474357432321 8
30769480061685760 8
30769590342520832 8
30769661930905601 4
30769994920890369 4
30770321975939072 4
30770417580904448 17
30771167350493184 17
30771207527735296 7
30771299412353025 4
30771878641532928 35
30772067800449024 8
30772936331755520 5
30773099582464000 4
30773173859393536 11
30773571605241856 3
30773824219783169 5
30774027257647104 7
30775368881283072 17
30775556672851968 22
30775875972632576 16
30775893412548608 20
30776915782533120 16
30777394444902400 8
30777895618088960 4
30778510737940482 4
30779211341893633 16
30779809588051968 4
30780680245870592 8
30783565595680768 3
30784370889461760 3
30784787199303680 10
30784884444237826 4
30786145579180032 30
30786150633308160 4
30786465180942337 5
30786660539043840 3
30786779879575553 3
30786975921340416 8
30787730694733825 4
30788420263481345 38
30788874045235200 8
30789460249550848 8
30789479836950528 17
30790504476053505 9
30792108231098368 8
30792302746148865 3
30792615909662720 4
30793840872923137 4
30793871919157248 3
30794679930851328 13
30794765645651969 11
30794785610530816 4
30795007745069056 30
30795493609050114 1
30795816356544513 8
30796220553236482 4
30796264580849664 13
30797038568341504 12
30798171567292416 1
30798218992287745 22
30798300072378368 17
30799302041280512 5
30799400179597312 8
30799418651316224 1
30799516428935168 4
30799530383380480 17
30799946957455360 16
30800704616538113 13
30800937832415232 16
30800973278478337 8
30801558824296448 35
30802679919804416 8
30802764497948673 38
30803091490086912 13
30804602349690881 3
30804962472632320 1
30805240047472641 1
30806167512948736 17
30806290825478144 4
30809053655470080 10
30809380861517824 8
30809400276946944 5
30809856231342080 11
30810435741556736 22
30810599508152322 9
30810994859053056 17
30811039540969472 7
30811245200277504 35
30811330365628416 2
30811692007034880 3
30812119582638081 8
30812570696818688 11
30812919910375424 8
30813082452238336 41
30814181259218945 35
30814638606123008 2
30814672844234752 11
30814936187801601 18
30815462040272897 17
30815506499899392 11
30817335593926656 3
30818430751875072 22
30820829377855488 16
30821047011905536 18
30821340269252609 17
30821805958635520 41
30821876708147201 3
30824505316220928 9
30825725640577024 17
30826402152452097 2
30826476634902528 4
30826845066764288 2
30827081088638976 4
30828059540062208 18
30828837197578241 4
30829574321348609 2
30829945810845696 20
30831823445561344 20
30832275302129664 7
30835299768602624 17
30836390203756544 8
30837239881670656 11
30837766195515393 2
30838167116447744 5
30838480187686913 13
30838682105683968 0
30841105708744704 22
30841242736660480 4
30841911602315264 17
30843661369475072 2
30844978678734848 5
30845288147066880 10
30846724134150144 5
30846813036617728 4
30848387767083009 1
30848491068588034 8
30848811400175616 5
30850469203025920 4
30853143038267392 17
30853353982394369 10
30853481984172033 0
30855995433426944 16
30856188946022400 0
30859094680145920 11
30859325845020672 18
30861237927542784 3
30862456993615872 0
30862580280983552 12
30863974702518272 16
30866478949466112 3
30867592214220800 13
30868827214446592 5
30869360079806464 3
30869628771115008 17
30873156688285696 11
30877629548597248 17
30879660090855424 13
30880212254199808 8
30881939376316416 16
30882016325009409 16
30882540759810048 4
30883051328241664 1
30883172178726912 13
30884120213065728 3
30885547757019137 7
30886602393788416 11
30887092338827264 11
30887683228172288 23
30888289225408512 11
30888675101384704 13
30889281832615937 3
30889954028552192 22
30889992091860992 2
30893229247303680 3
30894590957461504 10
30897152850919424 11
30897264503296000 3
30898468339847168 8
30899786374709248 14
30899867677102080 8
30900163576864768 14
30900201635979264 13
30900281470357505 8
30901455317630976 2
30901599693963264 10
30901618283126784 16
30901994185039872 10
30902834127966208 14
30906004711415808 14
30906101285261312 13
30906776094244864 8
30907638732554240 35
30907702188179456 5
30908718753255424 10
30909554422194177 23
30909763394994176 0
30909778985222144 11
30909954219053056 11
30911885272424448 11
30912007314083840 22
30914542103957506 17
30915093449416704 8
30917381039591424 35
30918262418046976 3
30918931124322304 13
30919347245416448 14
30920494291099648 1
30922563710357505 14
30922877704339456 10
30922899971899392 1
30924642650689536 0
30925155819593730 2
30925397151449088 0
30926810753540096 14
30928608558059520 23
30929131730378752 1
30930536184684544 8
30931191146221568 2
30932402738044929 8
30933644491100161 4
30933944996200448 11
30937150102966272 11
30940485400928257 7
30941177725329408 11
30941202039701504 18
30943433900171264 8
30944520879210496 14
30945164574859265 2
30947181829562368 13
30947664312934400 18
30949399253229569 10
30950381580189696 14
30950530419261440 11
30950664595046401 4
30950817078968320 1
30951279899451393 13
30952121918558209 14
30953552272687104 10
30953903105249280 13
30954320551747584 2
30955137207898112 22
30955643955318784 2
30958344684445696 1
30958583155793920 2
30958635953692672 13
30959520830197760 13
30960624460636160 0
30960864022503424 2
30964881050046464 41
30965007487336448 13
30965261251117056 11
30965474883801088 17
30965491879120896 11
30965554693021696 10
30965603900588032 10
30965801007714304 10
30965883492900864 10
30965912911745024 10
30965919140290560 10
30965997460520960 10
30966243016052736 10
30966287513423873 10
30966333579468800 11
30966722299170816 11
30967193713774592 10
30967515932790784 2
30967993412354048 8
30968591931154432 22
30968784990773248 10
30969612254318593 0
30969685075828736 10
30970130141810690 3
30972398136205314 10
30972462355189760 10
30973115597062144 5
30973373026668544 10
30973853450637314 2
30974100771966977 11
30974941620862979 10
30975093987344384 35
30975935201157120 10
30976917108690944 17
30978068348669952 10
30978683426570240 3
30979001044439040 10
30979125250363392 10
30979854593691649 16
30980749117095937 10
30981257949085696 7
30981650468835329 2
30982361281728512 17
30982428747108352 11
30982438305927168 22
30982557902307328 2
30983170572685312 9
30983191900721152 2
30984078123601920 0
30984263960633344 13
30984556509138944 9
30984641087283200 3
30985168126746626 23
30986508492087297 30
30986862751387648 10
30986944829718528 9
30986955508424704 9
30987245456461824 5
30987549543497728 13
30987991069491201 8
30988086536052736 8
30988222540554241 8
30991621130555392 2
30991683206250496 4
30993728348880896 4
30994784835346432 9
30994802350751744 0
30995050531913728 2
30995353041895424 23
30996863431745536 7
30996955274420224 8
30997096152694784 16
30997594171768833 2
30997718914568192 4
30998150332289025 4
30998595251478528 2
31000008140529664 17
31000463302205441 11
31000764365152256 35
31000791112220673 8
31001570321633280 1
31002172166504448 14
31003042060963840 13
31004787692535809 2
31006409738948610 11
31006950024028160 13
31007791548207104 9
31007837429698560 10
31008096289558528 3
31008319246172160 22
31009872048824320 2
31009999022981120 2
31010185665323008 8
31010364237815808 23
31010708799885312 2
31011128637128704 2
31011134693711872 8
31011164343238656 11
31011836841164800 3
31012102047006721 8
31012345664765952 13
31012396382298112 8
31012699076825088 9
31012906489348097 16
31013162908123136 9
31013541624414208 3
31013576655249408 16
31013591524057088 16
31013667185098752 16
31013827193606144 16
31013841781395456 16
31013859800129536 18
31013951194013697 16
31014334557589504 8
31014687294357505 10
31014876402950144 2
31014946573647872 11
31015040563814400 8
31015267429523456 2
31015788127191040 16
31016423132233728 2
31017281295224833 9
31017491043975168 4
31017840668573696 14
31018159435681792 35
31018234127843328 2
31018244877852672 2
31018698110148608 5
31018836186628097 4
31019356867526656 9
31019360352993280 2
31019396239466496 2
31019648199688193 4
31019797906989056 16
31020198379130880 2
31021244371435520 9
31021529835765760 8
31021687252193280 12
31021967737884673 2
31022047308021760 2
31023781514321921 11
31023837533446146 9
31023870030913537 2
31024106895843330 2
31024114823077888 2
31024641724125185 8
31025236015058945 2
31025621903609856 13
31025641658785792 2
31025643072258048 1
31025916150816768 2
31026158963265536 11
31026201132802048 8
31026341839114241 2
31026545933942784 9
31027421830447105 8
31028061164019712 18
31028767937789952 2
31029060939288577 9
31029504864423936 2
31030035276111872 2
31030124962914304 2
31030150850158593 18
31030487795367936 2
31030494665637892 3
31030924468559872 10
31031718513213440 2
31031759911002112 2
31032997956288515 9
31034134478458881 2
31034174752169984 2
31034679394045952 8
31035097440329729 10
31035749952397312 9
31036127410388992 0
31037174539354113 8
31037520846262272 2
31037694935040001 1
31037925034565632 2
31038184691335168 2
31038272813662208 8
31038670572093441 12
31039496002736128 4
31039534988795905 11
31039688655507456 0
31040417793310720 2
31041352833695744 5
31041984353280000 8
31042306303852544 30
31042449660973056 18
31042518963453952 2
31042778481819648 17
31043176684851200 9
31043823626878976 2
31044465690939392 2
31045108283482112 2
31045240588603392 10
31045366132514816 2
31045393429037056 2
31046395154669568 2
31046551061139457 2
31046593557831680 8
31046849024499712 8
31048071110467586 9
31048166426025986 8
31048353655558144 2
31049104964452352 2
31050271983411200 2
31051246827737090 10
31051852053221376 6
31052423128686592 2
31052452727885824 23
31052570369728512 11
31052725697384449 17
31052864197496832 9
31053474338709504 8
31053656509911040 11
31055301985697792 2
31055459574087681 8
31055778429276160 0
31055989058830337 17
31056295876362240 0
31056912183205888 2
31057351620431872 22
31057439944089600 2
31058203127062529 10
31058541116657664 13
31058594338181121 20
31059718105468928 13
31059921093009408 5
31061904994603009 8
31062559175999488 8
31063615565987840 7
31065622423011328 2
31066063718322176 23
31066504539676673 35
31067024973103104 17
31067596199563264 22
31068538898747392 1
31068571312324608 2
31068858617954304 4
31069597247475712 3
31070296945459200 10
31071789631143937 1
31072009869852672 14
31072039590690816 8
31072347490361345 16
31072348505374721 16
31072366792544257 4
31072472556118017 23
31072897015480320 8
31073305100296192 2
31073318543032320 13
31074798310268929 10
31075092746215424 9
31075146924036096 2
31075313429516288 2
31076061462659072 2
31076332137881600 2
31076425310142464 17
31078625642029056 2
31079228757770240 12
31079386023198721 2
31080347219263488 18
31081790139531265 35
31082026941554688 35
31082325320138752 1
31082773166956544 18
31083514283692033 18
31083518196977664 3
31083523758620673 3
31084250191101952 18
31084675116048384 12
31085134354583552 9
31086604953059328 12
31086874403540992 18
31087044226711552 11
31087418727735296 41
31087671757512704 3
31087921217937408 8
31087996493111296 38
31088441139666944 11
31088604361003008 9
31090208116056064 2
31090279184343040 14
31091019378335744 3
31091400284049408 13
31091994977632256 17
31092826821369857 2
31094703621414912 2
31094934228439040 17
31095346109095937 3
31095382507266048 17
31096345146163200 22
31097874544599040 2
31098415081332736 10
31098607977369601 2
31099222732316673 17
31099423782084608 3
31099538177531904 8
31100236550119424 18
31100738906099714 2
31101132273098752 22
31101134374436864 9
31101259872215040 9
31101750245068801 2
31102256325599233 9
31104992857300992 30
31105170322489344 10
31105781336121345 13
31106823008288769 1
31107918388535296 18
31108442777198592 2
31109802788659200 8
31110638814109697 8
31110803671224321 3
31111680507256833 2
31111880143540224 22
31112518961201152 8
31113395839180800 2
31114000670400512 0
31114540473122816 9
31115816892112897 8
31115844079587328 3
31116011696553984 8
31116681023586305 8
31116779371630592 2
31117215788965889 11
31117687467802624 22
31118228382031873 23
31118649196544000 9
31119405844795394 9
31119543506046977 22
31119573893775361 0
31120562348625920 9
31121223412883456 9
31122825305657344 13
31123228814483456 2
31124672380674048 8
31124991944687616 8
31125701058895874 9
31125930910949377 7
31128320552738816 11
31128517605326848 8
31129009882402817 8
31129345066012672 9
31129479409569792 8
31130243469152256 5
31130387040174080 7
31131371611103232 2
31131445204357121 8
31131687672881153 8
31132710705565696 13
31133324697141249 8
31135430875291649 8
31135460042477568 8
31137005664468992 8
31139501162102784 13
31139661069942785 3
31140736409796609 8
31143839632728064 2
31144464038764544 17
31144800455495681 3
31147431294926848 2
31147614292418560 22
31147677928394752 0
31147902940217346 30
31149429419413504 8
31150167855996928 1
31150854518087680 14
31152254899724288 22
31153333771177984 8
31155431632019457 11
31155803561926656 23
31156154063134721 11
31156659652927488 8
31157697839628288 9
31160647492304897 11
31160749384540161 13
31160987822333952 8
31162151691358208 9
31162181697413120 8
31164008929173504 8
31164377784651776 9
31167200224092160 8
31167797417484289 3
31168112128692224 20
31168737197424640 8
31171333400305664 22
31173198477266945 14
31175122647785472 17
31175267573571584 2
31175455365144577 3
31175798983491584 8
31176393446391808 8
31178972884635648 18
31180229808488449 22
31180699922866177 23
31182195607470080 22
31183953457057793 11
31185246959439872 22
31185471144992768 2
31185639047172097 4
31186539111260161 23
31187010144182272 14
31187069468413952 13
31187141350400000 11
31188443958611969 10
31191421952204801 8
31192640489783296 8
31193526230323200 22
31193849732796416 3
31193943542603777 17
31196853986926592 2
31198473860685824 13
31198665850753025 9
31198962056695809 18
31199726539902977 1
31200356755046400 22
31201613666320385 16
31201852355772416 14
31203980398821376 41
31204939556454400 2
31205944025161728 2
31206369348558848 13
31206920995999746 8
31206941996875776 18
31206989136666625 30
31207938504790017 9
31208344513417217 2
31209867557470208 8
31210617436119040 2
31210659614031872 22
31211512802574336 8
31211938725761024 3
31213116251447296 22
31214698540048384 11
31214716097400833 14
31216070039699456 22
31216127501672448 8
31218888129650688 18
31219949385023488 35
31220608494739456 22
31220914683121664 17
31221921399963648 17
31222767160401923 1
31222961499283456 17
31223664930193409 14
31225212070535168 11
31226577924653056 12
31227454337056768 41
31228067758215169 22
31228698111770624 11
31228836662214656 2
31230245910618112 11
31230268593414144 11
31230480170876928 2
31234119782367233 18
31235101018820608 8
31235152201912320 8
31235518612119553 3
31237205229830144 2
31239223256293376 0
31239414566879232 9
31240250109984768 14
31240623314964480 0
31241976984641536 9
31243779268677632 35
31244303820918784 22
31244843439095808 0
31246627213676545 12
31247389662646273 0
31247776054517760 11
31249687239467008 17
31249821952118784 11
31249887840436224 22
31254361870958592 22
31255257963044864 22
31256160044589057 7
31256750145409024 13
31259521435308032 17
31260408840986624 12
31260417296695296 12
31260439643947009 12
31260442315726848 12
31260442705793024 12
31260461554999298 12
31260794079416320 0
31261786745339904 9
31263364470538240 6
31263743979552768 8
31263929590091776 13
31264716974194689 14
31265066254864384 22
31265161838858240 8
31265427015335936 1
31268819217424384 2
31269345250246656 13
31269520672825344 12
31271537130602496 0
31273563319173122 2
31274798323601409 18
31275425594347520 1
31276298647113728 8
31276607888957440 8
31280039735595009 6
31280399111950336 13
31280613415723008 22
31283912407785472 8
31283916992155649 8
31284810353741825 2
31284921209200641 11
31285491366100993 8
31286090224635904 16
31286109472292864 8
31287055673729024 8
31289241761746944 9
31290428993052672 22
31290850642235392 6
31291004959072256 6
31292040750829568 17
31293731701260288 2
31295548401131520 13
31296654984355840 2
31296678459875328 2
31299916881993728 13
31299921579610112 2
31300012923166720 11
31300161028235265 11
31301399597817856 6
31303419125825536 6
31303874081984512 2
31304742340661248 5
31306557291503616 22
31312198722658305 8
31313035649875969 14
31313048425725952 11
31314236164542464 11
31315354999324672 11
31315497316257792 12
31315702530965506 0
31316259006054401 1
31318938021265408 8
31319628084936704 2
31319916309127168 8
31324492491923456 13
31324914770255872 2
31329095719591936 17
31330125442191360 1
31330499074981888 3
31330501872586753 13
31331264925540352 10
31331279676903424 3
31331500536369152 0
31331870423650304 10
31338264753340416 8
31340035500408832 2
31340071860834304 3
31340540746268672 6
31340983396335616 1
31343165118087169 13
31343482496880640 6
31345998840209409 10
31347221337219072 2
31347593162268672 8
31348236769820672 10
31352119541891073 23
31352723509092352 7
31354920925929473 6
31355051209396224 2
31359062411055104 22
31359592764014592 11
31360085192089600 41
31361239879778304 13
31362489916592128 3
31363167950999552 0
31363349748912128 8
31365951563763712 23
31366458361520130 17
31367523815395329 8
31367888132636672 22
31368070408708096 8
31368638988558337 23
31370453759033344 22
31370691341193217 1
31371147513692160 18
31372058491359232 35
31372223163932672 0
31372703940214784 17
31373776805437440 8
31375726355685377 17
31377104851435520 13
31377999555207168 3
31378267915161600 2
31378604751331328 2
31379582183538689 2
31380634714775552 17
31381838840733696 22
31381901876920320 8
31382407521239041 1
31382608390660096 2
31382773830782976 11
31384843216486400 3
31386765759614977 3
31387358490267648 18
31387404828934144 2
31387551839293441 13
31389209428234242 2
31389468770435073 22
31389896627195904 0
31393500272529408 11
31394346062315520 12
31394628003434497 2
31394797096800256 2
31395475361890304 2
31395755189075968 11
31396276645924864 8
31396671703220224 2
31396975362445313 2
31397676553605120 16
31397693683142658 0
31398370350206977 8
31398611271024641 10
31399339309932545 2
31400130095616001 17
31402465458917377 2
31405044901355520 2
31406410256355328 2
31407484170145792 6
31408746303332353 17
31409578230943744 2
31409606391500800 16
31410105647894528 2
31411367932067840 35
31413608780931072 11
31413650270986241 8
31414231677009920 8
31414777767010304 2
31414860923277312 2
31415047490117634 11
31415088246169600 11
31415194911506432 22
31416044081913856 2
31416196981067776 30
31417341728260096 13
31418086171082752 11
31418487326908416 2
31418997807259649 2
31419091105357824 9
31420193662042112 7
31421122289336321 8
31421364304875520 1
31424021111246849 2
31424967899873280 9
31424975139250176 2
31425369449963520 6
31425604452614146 20
31426539723689984 2
31426798810046465 2
31426832662265857 3
31427033556848641 22
31427759045611520 6
31428420801925120 22
31428493468237824 16
31428546798813184 2
31431335247609856 8
31431536888782849 2
31432727026733056 2
31432945419952128 8
31433327906922496 2
31433632128172032 8
31434793199599616 10
31435262596747264 22
31437204932788225 23
31437237254094848 8
31437407396040705 8
31441099969003520 7
31442088453210113 0
31442614079197185 10
31442910696177665 13
31443107291598848 12
31447361003720704 11
31448339769724929 6
31449595846336512 22
31450065537073152 41
31450267119525888 6
31450686512173056 9
31452420420665344 10
31452422190665728 22
31452522002513920 22
31452799485087744 8
31453275672805376 8
31455723212775424 1
31455815084802048 22
31456126100836352 2
31456453080383488 11
31456542574252032 17
31456595212767232 2
31457280905973760 10
31457316683386880 3
31457406059810816 3
31458812468658176 8
31459972197908480 13
31461069528502272 2
31464165482692608 0
31464675170328576 6
31464809216090112 10
31467121900789760 8
31467184836317184 0
31467302188748800 11
31467680355586048 9
31467720469905408 10
31468490040803328 8
31468756320391168 18
31469968528769025 13
31471387839303680 22
31471733798076416 12
31473669091893248 6
31473705490063360 30
31476880397836288 6
31477961861373952 10
31481606854152192 11
31482127098839040 22
31484405264424960 4
31485497012396032 3
31488592257744896 22
31491223910879234 6
31492039682039808 3
31492400543178752 13
31493461895020544 3
31494358188425218 10
31494433346158592 35
31495605129838592 22
31496694457704448 0
31498848211828736 5
31501865678016512 5
31503072236670976 8
31503592129040384 22
31506974361260032 11
31507810986496001 0
31508580809052161 17
31508627588120576 22
31508788771037184 10
31523385842335744 22
31524647337988096 10
31527343109443585 22
31528624356069376 8
31528642743894016 8
31528807936565248 0
31532143444230144 4
31533473051185152 8
31533605201121280 10
31535593183772673 22
31536020499468289 23
31537684090462208 3
31539440006463488 3
31540846591479808 0
31541787378065409 13
31542354045308929 6
31546173600829441 11
31546270132740096 1
31547140597620738 13
31548936007196673 11
31549322411646976 3
31549597696393216 22
31549742353747968 10
31553007199985664 13
31553156345233408 0
31554061517979648 38
31555900334407680 8
31557043903012864 6
31559113523597312 8
31559175330856960 10
31559868326350849 35
31562402864570368 6
31562758805782528 10
31562782507802625 2
31563924398669825 14
31565204835794944 22
31568963183845376 3
31569527422586881 3
31570912188825600 6
31574200246341633 10
31574865592979456 13
31575391466426368 3
31577262197317633 10
31579382669639680 13
31580700553519104 1
31582344502575104 30
31582648186961921 8
31585147258146816 8
31585270302253056 1
31587174298165248 1
31587601542545408 8
31587866031165440 1
31588307586519040 17
31588433650515969 16
31588589909315584 1
31589908644626432 17
31590126110904320 13
31590322957975552 23
31590445049970688 18
31591003676737536 2
31591444397424640 3
31591858408787968 8
31592177809227776 10
31592707545636865 7
31593201001299970 10
31594108174737408 1
31594123525881856 1
31594358910226432 1
31594475058892801 3
31595126736289793 22
31595212220399616 3
31596255645798400 18
31599782774439936 22
31600749309861889 1
31609210277990401 14
31609386329710593 38
31610154927521792 10
31612106658816000 3
31613004512493568 10
31615062405808128 1
31615359102492672 1
31617061889249280 11
31617379486142464 8
31619459839954944 1
31622713848107008 41
31622888691867648 12
31627404900311040 2
31627673281232896 3
31628886605299712 10
31629001239830528 3
31629044269191168 10
31629235835637760 10
31629248502435840 11
31629662966784000 7
31631535366995968 10
31632553471377408 10
31632894636068864 10
31633604350058496 1
31634565726470144 1
31636328948965376 5
31636393063096320 8
31637593485484032 2
31638843664891904 8
31639213241794560 10
31639242950053888 11
31640927348981761 38
31642136910757888 22
31643428668313600 10
31643748362362880 10
31644368326631424 10
31647223557128192 10
31647814786228224 11
31648201748520961 10
31648402789896192 22
31648931624525824 10
31650454555328512 0
31650972241502208 10
31651067670302720 10
31652021882851328 10
31652159686705152 3
31653032269709312 10
31653095016497153 10
31653409140514816 5
31653516321759232 10
31653948410560512 10
31654224773251072 10
31654912601358336 14
31655045367861249 10
31655251593404416 3
31655260195921921 3
31655267053604864 3
31655567781011456 10
31656691342770176 13
31657587443245056 1
31657763553677312 10
31657852259016705 10
31658343235854336 10
31658757616308224 10
31659605524226048 10
31660595627425792 8
31661116648067072 2
31661587676798976 10
31662105904021504 3
31663375410798592 10
31664292503756800 10
31664959955927040 16
31665631019405312 6
31665824276156416 10
31666932327383040 10
31668642445791232 1
31668993525813249 7
31669571555430400 2
31669649288470529 10
31670225099300864 18
31672576916856832 10
31672753975197696 10
31672985840517120 13
31673221942091777 10
31673243798609920 10
31673636943306752 10
31673673651855360 10
31673680954138624 10
31673744418152448 10
31673993819856896 10
31673999100477440 10
31674021217046528 10
31674306199035905 10
31674396498202624 10
31674409378910209 10
31674451988848641 10
31674849906659328 11
31675031993982977 10
31675229210152960 10
31675360097599488 10
31675432579375104 10
31675539873857537 10
31677899845148672 10
31677930400645120 3
31678562608091136 10
31679285982920704 10
31679425338679296 17
31679542569472000 10
31679701269348352 2
31679783616118784 3
31680131110010880 10
31681152569835520 10
31681793237188608 14
31682953595584513 13
31683709740519424 2
31684419873935361 10
31684842953375744 0
31685731671875584 30
31686032277639169 10
31686265921343489 1
31686276293853184 20
31688182005235712 14
31688661296742400 22
31689430863450112 18
31689854869835776 12
31689881163931648 3
31690834835415040 10
31691436936138752 30
31692185296441344 10
31692655704412161 12
31693234325426177 2
31694473117306880 1
31694530558296064 8
31694965050449921 2
31695509810839552 30
31695880826396672 1
31696221231915008 3
31697432387526656 14
31699819923767296 11
31700342240444418 6
31700382858092544 11
31702927013838848 18
31703050271850498 11
31707233054101504 8
31708419303931905 2
31709059719634945 3
31711079461552128 41
31711154204053504 2
31715048300744704 22
31715391927484418 2
31716826710802432 41
31717825269731328 13
31718977201774592 12
31719526622040064 10
31720687227895808 16
31720767683043328 8
31721475786416129 6
31722157654417409 20
31724837294571520 13
31724937890762752 8
31726486222274560 2
31726872656084992 8
31728925046476802 18
31729684089675777 18
31729824913424384 18
31730063380582401 1
31730139196817408 20
31730185619378176 23
31730879315316736 1
31731638631137281 13
31732480914489344 13
31735139432144896 2
31735455657500672 22
31735910097756161 23
31736465394241536 1
31736590074118145 2
31737924319969280 11
31737979026280448 7
31740806834425856 13
31744066563604480 38
31744449365155840 11
31745086442184704 12
31745096726609920 12
31745508766646273 13
31746913468424193 8
31747239311314944 9
31749443879440384 12
31749813007548416 1
31751008367419392 16
31751433325903872 12
31752954860011520 16
31753400517398528 11
31754236366688256 3
31757312548937728 7
31759478898561025 6
31760140914925569 2
31760876486795264 13
31762855594303488 2
31763145265520640 2
31763149904412672 2
31763182657740801 6
31763804341673985 8
31764477875585024 35
31765042370187264 3
31767856039329792 13
31768073216204800 22
31769205439205376 7
31769395265019904 17
31769479050432512 22
31769523052875777 10
31770091230076929 18
31771605050855424 2
31773184512495616 10
31774912318283777 8
31776820869206016 2
31776979199991808 8
31777091523444736 38
31777427092938752 9
31777476736716800 9
31777488208142336 17
31777782535028736 12
31778373868978177 2
31778698306781184 22
31780127859802112 2
31780569960415232 1
31781089181704192 8
31781229795745792 8
31781548416049152 2
31783210920706048 3
31785455397638144 2
31786830126911488 41
31787064592699392 1
31787173657190400 22
31787373297668096 13
31789024293167104 1
31789477273804800 9
31789696912723969 13
31790456400510979 17
31791078399025153 17
31792129172840448 22
31793296351174656 8
31793298611904512 5
31793758529921024 3
31795576903303169 22
31795708822552576 22
31800150301081600 17
31801180061433856 13
31802123293294592 11
31803411594739713 1
31803419240960000 22
31803439788855297 1
31803718215139328 12
31804215198224384 22
31806612809187328 1
31807173218537472 17
31807230709866496 41
31807594473459712 22
31808292451786752 16
31809671195009024 1
31810488266399744 1
31810603328741376 2
31811055877365761 18
31811254737702913 22
31811330562334720 9
31811864388177920 8
31812598013894656 1
31814327216377856 17
31816947943346176 2
31816986417700864 17
31817694814670850 11
31818985011945472 11
31820162705399808 13
31820266728329216 11
31821748101976066 2
31821797401821184 2
31824265858777088 2
31824638501724160 2
31824794554994688 22
31824817023885312 7
31825453668900864 3
31826421026398208 2
31827324445917184 2
31828141269848064 3
31830108431982592 10
31831410260058113 16
31836139568500736 10
31836755116171264 22
31837272005419008 6
31838446431510528 2
31839368880590850 0
31839946834714624 2
31840187944280064 22
31841010615058432 4
31841332263649280 22
31841375750193152 35
31841982963777536 11
31842252955324417 22
31844361520025600 2
31844731885457409 8
31845325505306624 23
31845403099926528 22
31845404345630720 22
31845488307208192 2
31845789533736960 22
31846049488310272 18
31847913957105665 20
31849548460597249 2
31849691155013632 13
31849694669840384 17
31849942708391936 22
31851486715576320 22
31852394992115712 10
31853087438143490 8
31853505325047808 8
31853848926621697 12
31854246383058944 1
31856209573187584 2
31857122555723776 22
31858497041735680 13
31858896867954688 7
31859055030964224 1
31861291236724738 2
31861590575816705 20
31861702156877824 7
31862468191977472 22
31864469529305088 8
31865568277569536 22
31865841687470080 3
31866849633243136 2
31868819316146176 2
31869348700229632 11
31870844829442048 14
31871158500458496 18
31872613319970816 30
31872977108738048 22
31873295653539840 14
31875281820061696 2
31876829782478848 20
31877108653367296 8
31878654489264128 22
31879597431726080 11
31879763714904064 38
31880216670380032 38
31881538727575552 12
31882212055973888 3
31882977344491520 3
31883171909869570 1
31883368232656896 38
31883562986766336 3
31883690422308864 1
31884272092585984 3
31885326528020480 38
31885627276394496 16
31885657626378240 1
31885777986129920 3
31885796969545728 22
31885983020482560 0
31886068898861056 0
31887568748417024 3
31888385719144448 6
31888462969839617 3
31889401910923264 2
31890053449908225 11
31890241614782464 38
31891056119255040 41
