306428048864051200 7
306428589937684480 30
306428732518842368 8
306429709816827904 7
306433610494386176 112
306433698578964480 12
306433786642587648 112
306434533262254080 112
306435883807145984 33
306437322466021376 112
306437800608288769 8
306438060659318785 8
306440996672110592 9
306441990701195264 112
306442162692820993 155
306443022537719808 101
306443970425274368 14
306444570223341568 7
306445966918160384 85
306446457647550464 0
306448932299489281 81
306448982635327489 45
306454087107493889 112
306454204522823681 112
306454913360220161 87
306455307645771776 85
306455961961377793 112
306456213619617792 16
306458566607372288 81
306458939917225984 112
306459132851023872 101
306459195748806657 85
306459304813273088 81
306460244316405761 85
306460886044905472 8
306461020266844161 101
306461653606731776 7
306462794482589696 81
306463864000753664 81
306463905960579072 101
306464103105441792 90
306464279253630976 81
306466292532117506 29
306466384802635777 12
306467164951568384 81
306467647262961664 88
306469543117717504 81
306469744419143680 81
306469887042273280 81
306469949952622592 81
306469996102574080 81
306471208231239680 12
306471367606423552 38
306473812885635072 81
306473921941762049 8
306474693727232000 81
306474878247243776 7
306475029258960897 7
306475377373622272 7
306475423536123904 7
306475612271431680 113
306476069425410048 88
306476950250205185 7
306477050900930560 101
306477478740889601 81
306477847827058688 81
306478808310087680 33
306479101907193856 17
306480112755417088 81
306481975034789888 38
306482402845421568 81
306483078128353280 12
306484059603877889 7
306486559379701760 81
306489013081079808 81
306489919050760194 81
306491860996743170 84
306492053913731073 84
306492225917947905 113
306497691075112960 2
306498349572431874 12
306498873881415682 112
306500014740480001 112
306500836807286784 16
306501231059288064 112
306504674603827200 88
306506541039763457 36
306506683654488064 81
306507086303469568 112
306507090531319808 112
306508269122371584 112
306509447692443649 85
306511150609223680 19
306515609124995072 16
306518306083450881 85
306518742270099456 81
306520273224613890 146
306521674088579074 112
306522592641167361 12
306522672341344257 7
306523028861353984 112
306523368587411458 81
306524299722895361 15
306525096670015491 81
306525188944711682 81
306526405271896064 84
306526463983747072 88
306526585652146176 81
306526841475325952 4
306527147693047810 81
306527437074882560 81
306527722312695809 81
306527726473474049 84
306529865589485569 81
306530356335616001 88
306531245502894081 81
306531476193820673 85
306531836891394049 101
306533439115493378 12
306534026326462464 101
306534802260127744 84
306535452393996288 90
306535750177009664 112
306536832341000192 85
306536907830091776 84
306536953938055169 33
306537025249607681 81
306538690417676289 84
306539202089205761 101
306540099699630080 2
306540137419010048 81
306540661702807552 101
306541236360200194 2
306542607889215489 81
306543077621895168 90
306543824212209666 112
306544101061443585 81
306544205914861568 81
306545195749613568 81
306545556455555073 81
306546013664063488 81
306546374344851457 84
306548253418213378 81
306548517646770176 81
306550430249414656 88
306550816129564673 113
306551327826259968 84
306555027198193666 112
306556663001923584 12
306557329875271680 2
306557396996718592 112
306558433002389505 45
306563667477008384 155
306563860406624257 81
306565869478240258 1
306566196650708993 88
306567488487972865 45
306568172155322368 7
306571384996380672 81
306573058540437504 112
306573515711201280 19
306574962750283777 45
306575692546576385 17
306577017963425792 7
306577076650135552 16
306577508676022272 88
306578041356824577 2
306578834084474880 17
306579442266939392 7
306579475829760000 1
306579647796240384 101
306579819741720577 7
306580130111823872 16
306580163695611904 81
306580742509568000 81
306580893491937280 81
306580927054741504 81
306581505835143168 81
306581912686821377 81
306583116485644288 9
306584374743281665 1
306584890667843585 10
306585859552071680 1
306586258015141888 29
306589714088075265 10
306590666199293952 7
306591341482217472 7
306591446339833856 7
306593040196329474 81
306593770001022976 33
306594046825086976 16
306595816812986369 33
306597393879691264 7
306597515527065600 113
306597922340995073 90
306601676280844290 85
306605459517874179 88
306605727940767745 81
306606013182783488 112
306608148083527681 1
306608911442640896 113
306609746088165379 1
306609934865416192 7
306610463322537984 87
306611922940329985 17
306612392714964993 112
306613768459280384 12
306614624097275904 81
306615144169996288 112
306618168250626049 112
306621729231499266 14
306621905375469570 1
306623088194383872 1
306623897695043584 1
306632936420155392 1
306634467324329984 17
306635452985786368 84
306636170215960578 112
306636535107837952 7
306638078620102657 84
306639643087093761 112
306639710229508096 6
306640486163152897 16
306648581174071296 112
306649919131885568 112
306650871234707457 88
306652515418656768 7
306653769511342081 85
306654302192148482 8
306655476588892161 11
306657666028158976 90
306658865607491584 7
306659419234652161 81
306668004991721472 81
306671410749796352 81
306682370470342657 29
306687592387182592 84
306688947164172288 7
306689072976494593 146
306690750685532160 8
306691425989451777 16
306701051904540672 85
306703065157873664 84
306706277994745856 112
306707188167110656 85
306707636945031168 84
306709109154123777 188
306711424401559552 112
306711441187160065 17
306712133272477696 45
306717627810713600 36
306719162925998080 155
306720605741412353 85
306720890983432192 81
306721067127431168 45
306723864707203073 81
306724133159460864 17
306726054154862594 1
306732932792471552 45
306733700375248896 81
306736695099936768 113
306737060000169984 1
306743326302949376 90
306743645074247680 112
306745171809280001 12
306746266510061568 85
306747877114380288 17
306751157051727872 12
306752406950121472 1
306753715602341888 2
306754357330837504 2
306755758228402176 85
306755909198176256 9
306755921772675072 85
306756102127747072 85
306757486252290050 85
306758551613886467 81
306760875258286080 8
306760912994459648 85
306761202414022656 1
306763832242622467 17
306765279302664193 17
306769012203851776 85
306769192550551552 17
306770127901298688 8
306771742708359168 17
306773932118265858 1
306775458840735745 7
306775559516594176 85
306776742306123776 101
306777597969305600 113
306777736381333504 1
306778680091361280 1
306780777218199553 90
306781486080741376 7
306781561569820672 17
306782085841039360 84
306782245224583169 30
306784447271952384 1
306784581456101376 16
306784904425906176 85
306785718146052096 7
306787450376839168 88
306787521688379393 101
306788066926944256 1
306790864544468992 1
306792412251037697 17
306792420614475776 84
306794245132533760 81
306794412921479169 85
306796388417671170 17
306797848073224192 45
306801606152814593 3
306802226909831168 85
306802721816735745 17
306803623621455873 7
306807306216148994 9
306807406883651584 84
306807696261271552 101
306807964696715264 14
306811433419673600 84
306811701829963781 17
306811857023401987 90
306815690625650690 112
306817095725895680 17
306818228183773184 7
306818702119165952 1
306819964629835777 17
306820157551038465 17
306820576973037568 84
306821029957885953 38
306822334382235649 17
306822577685426176 38
306825282986336257 146
306827300471705600 1
306828692984840192 112
306830815302656001 87
306830999831056384 12
306831691891212290 45
306833587699851264 17
306833600282759168 9
306834409800216576 85
306836255302361089 81
306840281842601985 1
306841695327223809 38
306842496418324482 63
306842769060675584 85
306842831945863168 88
306843796656758784 112
306843922477510657 29
306844710994079744 112
306848687227805697 90
306850750800228354 50
306851036021284865 45
306851656765689856 81
306854462784430082 85
306856434098925568 45
306857717530759168 15
306858313159696384 1
306858447348064256 33
306863610548875265 9
306869037978247169 3
306870833140338689 155
306871978168553472 90
306872150156001280 84
306874071138836480 2
306878319968808961 17
306879632769179649 45
306880979157540864 87
306881029493370880 90
306881696404492289 90
306881939665719297 90
306882199720968192 90
306882237444526080 63
306883961324466176 50
306885425140736000 112
306886809261072384 17
306887815873060864 85
306888726020243457 90
306890961601040384 29
306894551946235905 4
306894866514853888 45
306895634068279296 81
306895852172095488 2
306899484418392066 81
306901187310010368 45
306902877618712576 87
306904693735583745 90
306906014966493184 13
306906761556791296 90
306907927577513984 112
306908493787561984 90
306908837716303872 85
306908862903099392 81
306915917705666560 81
306916764942491648 14
306919411569291264 90
306919617098547200 2
306919856148729857 81
306920535655342080 16
306922733470621696 84
306923983373209601 81
306924692206399488 81
306925199713005568 81
306926072136601600 90
306926709670813696 81
306928978793463808 2
306932866875539456 81
306933231792578560 81
306934234222841857 5
306935073092014082 8
306936650162917377 45
306939959481364480 9
306941008053141505 8
306942140519436288 155
306942304088911873 8
306944149582663680 2
306945420460978176 113
306948142555865088 45
306948394205728768 0
306950596202737664 63
306951254712668160 45
306952936624361472 36
306954022965878784 8
306955402896105473 9
306955566473961473 8
306956464050798593 90
306960826126979072 38
306961019056578561 45
306961111335448576 85
306962738708635648 27
306968128406036480 189
306971936846663680 85
306971941019983872 4
306972620526612481 17
306973237080911873 101
306973832663662594 85
306974067548901379 13
306976609271955456 85
306978379268231169 4
306981579547373569 4
306981604708995072 16
306982108017086464 4
306983085281538048 90
306983903191785472 2
306984846901796866 4
306992535081979904 88
306993000645525504 8
306993625563271168 2
306993772393295873 45
307002928542150656 45
307003188601577472 90
307009861714067456 90
307011606573883392 8
307022130057469952 85
307023388382224384 17
307029906305478657 14
307032037020270592 7
307033710555963393 84
307035124023828480 90
307037560901861379 7
307045525897760769 29
307046494802935809 36
307049443377688577 112
307055546094215168 13
307065247510962176 84
307067785090039808 7
307068657488515072 85
307071719317831681 30
307073900364308482 155
307076064612589568 12
307077549392003072 8
307079575249235968 84
307080191824515072 2
307083811513044992 9
307084558099173376 87
307086684590309377 86
307091323494752256 146
307093299011932162 90
307097002582372353 85
307098734829912064 12
307100471280144384 7
307106796273819649 87
307107895189848064 85
307107903574265857 112
307110692790620160 90
307110759891103745 112
307112181797888002 84
307114635444776961 7
307117311398137857 16
307117462422421504 112
307117642777505792 112
307118011846914048 38
307127277081206784 19
307129005134446593 85
307131370721902592 3
307134805873672192 45
307135019749634049 7
307136391299612672 90
307142502383763456 90
307144196920336384 84
307146717671866371 113
307150274458443776 85
307151847309860866 81
307152036045144065 45
307158759506055168 4
307158784701235203 4
307161016062599169 7
307161129304592385 101
307161242550816768 4
307161242554998785 4
307163360657559554 84
307163893334159360 17
307164086288912385 90
307165332001411074 90
307166250562355201 87
307166443487760384 17
307169949930119169 36
307175335416442880 101
307178082693963777 85
307181526209138688 2
307182008549924866 4
307183841481728000 17
307184680321548288 88
307188442616451072 9
307191902934032384 81
307192657879396352 85
307194050396688385 16
307194264327168000 2
307194935382261760 101
307196063662624769 81
307196747338350592 12
307196797682585600 12
307197904983048192 12
307198236324675585 90
307199213568151552 12
307200916480720896 12
307202619363975171 12
307203445646053376 81
307203667956748288 90
307204733276401664 12
307205085618900992 12
307209330241978368 9
307210991177957376 12
307211171545628672 8
307211972670287872 19
307212664730423296 2
307212849271406592 19
307215089025560577 0
307216364098162689 0
307216854819160064 19
307217152635719681 8
307217240720302080 8
307217840501555200 8
307219291739127808 13
307220046684491777 19
307221112054489088 16
307224488477597696 85
307226463965433856 2
307228020081569792 36
307233262957371393 84
307233762075361280 81
307236236714721280 101
307237360800759809 19
307238530994814976 16
307239013335576579 90
307240145789276163 90
307240598769901568 84
307240816907272192 84
307242335220162560 7
307242393936203776 4
307242700116221953 4
307244822446608384 90
307245954896130049 113
307250212135641088 2
307252263150288896 90
307253500465774593 0
307253689217843200 45
307255371125358592 90
307258848207593472 10
307261188641792000 84
307261444490133504 17
307261754851864576 90
307262639841619968 45
307266276319961088 7
307267480076836864 38
307272672641945600 101
307273763140030464 30
307275516384264192 81
307275566711730178 81
307275600245178368 81
307278204920537089 90
307278641111384064 90
307282487283961856 85
307284072760242177 8
307287809876705280 112
307288199942774786 90
307288355144613890 14
307288929734914049 14
307289462436683778 1
307289672156073984 16
307290011886317568 36
307290016055435264 87
307290154467467265 19
307292868215701505 36
307299377754558464 45
307303609803100160 19
307304280895930368 36
307305258185539584 45
307305748923314176 33
307310102577307648 38
307315446124802048 6
307320982622838784 9
307325436969492480 90
307326439399776256 84
307327664157511680 12
307332118504144896 90
307335725613973504 90
307335901766381568 90
307336224711000065 88
307340209295593473 17
307341958353920000 85
307343942234554368 6
307345074692440064 85
307349038309732352 90
307352926454693888 22
307355988284035073 4
307356453830803457 86
307356843905282049 63
307360182604820481 90
307361814180679680 84
307364469183483906 90
307369338757865473 45
307378020971327488 113
307379371528822784 90
307379732234764288 7
307380759835062272 90
307381804225163264 90
307382307550007296 6
307385931420274688 10
307386229199089664 10
307386392785342464 10
307388573810819072 90
307396861784883200 90
307397608350035968 10
307397646123954176 10
307397692240297984 90
307402142384267264 90
307402884801249280 10
307403522348036096 10
307403534922551296 10
307403539116863488 10
307403929157783552 2
307405611086258177 2
307407506920067073 90
307408635200413696 30
307409448899588096 90
307410191257841664 90
307413009846915073 87
307415710970306561 6
307416122024677376 45
307416801489342464 90
307420106609278978 45
307421599789887488 10
307424758105001984 90
307431003394281472 90
307431250866601984 11
307432563683778561 90
307433402544570368 17
307435323552567296 10
307444202877370368 10
307445154996961280 85
307446019006803969 90
307446551675031553 10
307448715973627904 17
307450615968186368 10
307450649514213376 38
307451429663158273 19
307454147576348672 9
307455359746969600 10
307456261518147585 81
307458291565486080 10
307459025568669696 10
307459268817326080 10
307459713409355776 10
307461353378025473 10
307461647004471296 10
307461957353611265 10
307462120944066560 10
307462808801513472 90
307464444605255680 10
307465186980282368 85
307465811923173376 10
307465828713000960 101
307466998923812864 90
307467506434572289 10
307469041541468160 90
307472413770276864 10
307472690581733376 17
307475395937198080 9
307475555295559680 17
307478914941476864 10
307479455989895169 10
307479607022612480 10
307479900607107072 33
307480206774521859 10
307480689123680256 10
307481142125268992 17
307481150518079488 10
307481830003728384 85
307482706588090368 33
307484015210942465 10
307484619199107074 1
307485877473513472 10
307486527624200192 33
307486879941554176 10
307488347935358976 90
307488465363300352 90
307488599576809472 10
307488834491392001 10
307489383928438784 33
307489904005369857 33
307490721923989505 90
307491908907855873 90
307492995215790082 9
307493204918407170 7
307493443997925376 63
307494886838530048 90
307495490826678272 19
307495641846788096 12
307496547812270080 90
307497109853200386 85
307497546044035072 6
307497638310326272 90
307497910965243904 90
307498288440016897 17
307498389086535681 90
307498925953273857 10
307499441873645570 113
307499680936386560 10
307501107003916288 10
307501656474542080 10
307501765530632192 10
307502029746630656 10
307502096842883072 10
307504093344186368 17
307504563097837568 10
307505599095111682 17
307506161123483648 10
307506551231492096 101
307506593140969472 10
307506693816852481 10
307507339756457984 6
307507549471657984 6
307507721438109696 10
307509260751892480 10
307509596292018176 10
307509969580855297 90
307510535803502592 85
307510921696264193 90
307511496299147264 10
307512431620534272 10
307512972685758465 90
307513232732606464 84
307513329222553600 90
307513723453575169 10
307513899614363649 90
307514012894130178 17
307514210026397696 6
307514499420782592 30
307514730115919872 17
307515594138324992 90
307516781134757888 17
307516814655643648 2
307516953076051970 17
307519343858688000 90
307519746507698176 10
307520199488315393 45
307521873007226880 0
307523122926596096 10
307523135496941570 84
307523861124112384 19
307524586730311680 10
307525303952097280 36
307525966635339777 90
307527120081526787 10
307529737331425280 10
307530643296903168 10
307530790101741568 10
307533013087031296 7
307533386363330560 90
307534795657846785 17
307535051527188480 10
307535986840182784 10
307536062354440193 10
307537433870872576 12
307539078033833986 10
307539791065526272 10
307539799441567744 16
307539908522827777 90
307540059509370880 90
307540575404572672 101
307542198608596993 9
307544274776510464 11
307544882950594560 13
307544937484926977 10
307547953172717570 10
307548049654300672 10
307549156946358273 90
307549358293917696 90
307551811961778176 90
307553875542552576 10
307554114617892864 0
307554278195724288 90
307557230985740289 10
307557365186699264 90
307557482627215360 17
307557520413687809 90
307558518637080576 12
307558921286057984 10
307559709806845952 112
307559764341161984 113
307560531903004672 6
307561484018393088 88
307561714679959552 2
307562306101981184 90
307562712953679874 19
307562822013964289 22
307563027505504256 10
307563811831951360 88
307565820911947778 10
307567737738260480 88
307568475902193664 90
307568555598168064 88
307568815674372096 45
307570443039145984 88
307570598236811264 17
307571369976135683 88
307571617440100352 10
307571948811059200 6
307572900888715264 17
307573156766433280 17
307575501373992961 90
307575685935951872 10
307576268923236352 6
307576554161045504 88
307577489461485568 10
307577774695120897 85
307577934087069697 90
307578894586892288 10
307578995220824065 10
307581469876944897 90
307582073865121792 90
307582275158155264 90
307582514237681665 88
307582556180733952 0
307583395037327360 30
307583952888147969 84
307584821138452481 10
307585630601371648 90
307587392213221376 90
307587807482875906 10
307588801511956480 6
307591670399107072 16
307592068874772480 90
307592580563099649 81
307592869999427584 9
307592941277433856 90
307594191192616960 10
307595403346464769 6
307595491422662656 90
307596464505380864 33
307596636455063552 85
307597542437289984 101
307597580177653760 90
307598603608788993 90
307599513781141505 10
307600201642811392 90
307601006924029953 10
307601933890383873 19
307603519337271297 90
307603859054919680 19
307605280923987968 88
307605616497655809 10
307606107231227905 10
307606417571971073 30
307606899916939264 90
307607118050115585 10
307608611230724096 2
307610095980797952 10
307610326663327745 90
307610414743707648 90
307610469299023873 90
307610678989041664 45
307611165545095168 90
307611874365669377 90
307611937288638464 81
307612037977092096 81
307612314801160193 90
307613061387280385 90
307613187208007680 90
307614705541853184 10
307615133360857088 6
307615334687469568 10
307615615693225984 81
307615707976327168 90
307615959626158080 90
307616026743427072 90
307617154998607873 90
307617444409798656 2
307617448608272384 2
307617616372060161 81
307618048381186048 9
307618950164905984 10
307619726102777856 90
307621722599854080 84
307622246900441089 90
307622288830918657 2
307623685546708992 90
307624226607755266 84
307624713134419968 10
307625598161915906 10
307625635906469888 17
307625816232194048 10
307626743190138880 45
307627141628059648 10
307627787588620288 1
307627900797071360 10
307628135715840000 2
307628148269404161 90
307629117166202881 85
307629251375538178 6
307629373014548481 2
307629901517832192 81
307630274794119168 63
307630518067929088 90
307630648095539200 10
307632187409321984 90
307633915437412352 10
307634058056331265 90
307634095784095746 90
307634242605686785 90
307637153465266176 2
307639158309023744 10
307641955926552578 88
307642039816814592 10
307642882876125184 10
307643235189264384 6
307643428118863872 6
307643830797225984 6
307644459926044673 6
307644564787851265 6
307644682215759873 84
307644967420055552 6
307645290406629376 6
307645823087439874 101
307647555305619456 88
307649769910726657 17
307650470380453888 6
307651569254559747 10
307651577651544064 90
307652986941894656 45
307653163127824384 10
307653297345540096 10
307654769521090561 9
307654941512695810 9
307655067308277760 10
307655289627365376 10
307655558058627072 10
307655801345024001 90
307656073949618176 90
307656350790463488 9
307656531153924096 112
307656816349835265 45
307658565374582784 10
307659093844324352 87
307663321694351360 9
307664747795447809 12
307664756146331648 10
307665343382441985 90
307665787953491968 88
307665926361346048 10
307666459063119873 84
307667260154191872 87
307668702994767872 10
307670162633523201 6
307671055999320064 10
307671173439823872 8
307672213648191488 10
307673048285331456 6
307673513865641984 81
307674004590821376 87
307674419856293888 101
307676806419451904 10
307677511049949184 10
307678920315113472 90
307681092972969984 17
307682250617659393 19
307684104500023296 10
307685325013135361 10
307686524596658177 85
307687065674469376 33
307687136990228481 90
307687170506903553 10
307689389310484481 10
307690291090046976 90
307690341413289985 6
307690865705508866 90
307695965991735296 90
307696913912836096 6
307697681445318657 19
307702462939291648 16
307702764933373952 6
307703834485080064 6
307704484606398464 2
307705407340687360 6
307706535621058571 84
307708272075481088 7
307708364354355200 7
307708624405417984 10
307709161272127489 101
307710574727397378 19
307713481401065474 27
307715016520503296 88
307715725345304577 10
307717025587920896 10
307717163995762688 10
307719420543905792 10
307730552214147073 81
307732653573038080 101
307732926186004480 10
307737355375243264 22
307741629350035456 10
307744905130819584 10
307745853043511297 81
307746981302923264 10
307749686608011264 10
307749921505820672 10
307750001180803072 10
307750483559333890 10
307750873629618176 10
307751112700723200 10
307751666353061888 10
307753482482499584 10
307753633448083456 10
307754967245135872 10
307759673283579904 17
307762332459753473 88
307762458288852992 17
307763372634550273 10
307763951469486081 85
307769110434029569 45
307773212496908288 90
307774391079555073 90
307775934587625472 45
307778258219438080 9
307783794709110784 10
307789633176092672 10
307793173181235202 10
307796155331395584 10
307797002576621568 16
307798084686065664 6
307800001503961088 10
307803809919430656 6
307804992717324288 10
307814236984315904 6
307816967442661377 6
307819165270560768 84
307829068013920256 10
307829290341396480 10
307829374189699072 2
307830326300901377 4
307832171819839488 88
307833786635259904 6
307833992131006464 10
307834461893062656 17
307836462592847872 88
307837800571613185 2
307838064812769280 10
307839365059575808 10
307844251402764290 88
307849196487188481 4
307851746619817984 10
307851826328383488 6
307852476449697792 10
307854980436606977 90
307861120889266176 88
307864430182543360 17
307866107929296896 88
307869165568540672 2
307871577305919488 4
307875956167680000 81
307879433245712384 2
307880519532679170 2
307882406977875969 10
307883124203872258 9
307883182949285888 10
307883543625871362 0
307884181172658176 10
307884273472516097 85
307885523366711296 10
307885934400122882 6
307886680982036480 88
307887175930884096 6
307889847677374464 6
307891055657893888 10
307891319869693954 6
307891454108397568 6
307892704010977281 6
307892779516833792 6
307893136036872192 45
307893597380956161 6
307894083920207872 6
307894599823802369 6
307895711314374656 6
307898622173908992 6
307899473605062656 84
307901533020889088 6
307902648680599552 6
307904263512809475 6
307904481612406785 101
307904506761449472 10
307905203032715264 6
307905307886108672 6
307905895092854784 6
307906410992263169 6
307906914300334081 88
307906998186426369 6
307907660894855168 6
307908990472429569 10
307909107912941569 6
307909498016780288 19
307910664012328960 6
307912287203753984 10
307912480133361664 6
307913235124854784 6
307913558103048192 6
307914334019936256 6
307915902693818368 6
307917005787365376 10
307917173559554048 6
307919128101007361 10
307919186825474048 6
307920097002000385 10
307920252208046082 6
307920440951726081 6
307920642265739265 6
307920902325153792 10
307921640522670081 6
307921946690072576 90
307921976071176193 19
307922286424498176 6
307923267879063553 6
307923335008907266 6
307923427266805761 6
307923477623631874 10
307923779605106690 6
307923829915783168 6
307923997696344064 84
307924043842064384 10
307924534558867457 2
307924538778337280 6
307925071450746882 10
307925805449764864 6
307926866600284160 6
307926870802972672 6
307926937903439872 10
307927541891600384 10
307927952945991680 113
307928485614219264 2
307928594670292992 6
307929026687799296 6
307929349624049664 6
307929370620731393 10
307930712789643264 6
307931622941020161 10
307931828482875392 2
307932059161206784 16
307932503749050369 10
307933124510244865 10
307933518758047744 6
307933787201892352 8
307933858505035776 6
307934638674964480 112
307934697361657857 6
307934982595309568 6
307936073126907907 6
307937528521060352 6
307938434520055810 6
307939260789563392 6
307940070269284352 10
307940296791035904 17
307940959474294786 6
307940980462612480 6
307943413150535680 87
307943614468739073 6
307948110741663744 6
307949562008576001 10
307949792695316480 6
307949801067139074 10
307955723436965888 10
307958030304161792 6
307958068036108288 6
307958277738745860 17
307959770931949569 10
307960995647717377 84
307961566098235392 6
307962979561914369 10
307963747144724481 6
307963877159759873 7
307964120404205568 6
307965877834354689 85
307966527930507265 10
307967828189921280 45
307969988252295168 6
307970197950713857 6
307972152508964864 10
307973129798553600 88
307973146567401473 112
307973972845277185 10
307975692514103296 6
307975990288728064 6
307975990297104385 6
307978020327653377 6
307978037125844992 6
307978058088984577 10
307978657874444288 10
307978829857689600 10
307978834018443264 10
307979815510765568 6
307981103136915456 10
307981342237405185 27
307982269153439744 10
307982361453289473 6
307982378209521664 6
307983808492351488 6
307984911581720576 10
307985607836180482 10
307985918197919747 6
307986081792528385 6
307986220221349889 3
307988506117029888 10
307988535464562688 10
307989181395767296 10
307989835711393794 6
307992096428675072 6
307992973054967808 6
307993048514691072 10
307993539281813504 10
307995317662515200 6
307996294914404352 6
307997586789371905 6
307997863592472577 6
307997934908219392 10
307997976855449600 10
307998366913142784 6
307999415493345280 88
308000262751141888 88
308001185489629185 6
308002481516990466 6
308003332964896768 6
308004159225991168 10
308005119755173889 10
308005757272608768 6
308006583546310656 10
308007149785718784 10
308007804097142785 88
308008030597951488 6
308008319988137984 6
308009662186397696 10
308010505216356353 7
308011415409684480 10
308011750945595392 101
308012698837323778 88
308012698837323779 88
308018008838787072 81
308018784780840960 90
308019858510061568 10
308020642861682689 19
308020965806338049 2
308021016171536385 10
308022555451719680 88
308025575358988289 6
308028209402896386 6
308031300588154882 6
308034249175465984 14
308035629105696768 10
308037596251054082 10
308038405739130880 10
308039194280857600 10
308040188314132480 10
308040586785615872 2
308040754528399360 50
308042822358020096 10
308044630073692161 6
308044957233606656 6
308044974027599873 6
308047847109062657 10
308048291722055681 6
308048946037669888 84
308049805865791488 6
308051114492841984 10
308052662191001601 6
308054771909148672 6
308054872555667456 6
308059435987791872 6
308059545043873792 45
308059922522853377 10
308061294056046592 14
308062904681385984 10
308063252800237568 10
308063747715518465 88
308064666255519744 4
308065748385951744 10
308066360762716160 6
308067270918287361 7
308067719742386176 14
308068206256459777 6
308071658193833984 2
308072987783987200 6
308073973441241088 10
308079337956065280 6
308079358931779585 6
308080214540447744 16
308080487207927808 10
308081560949780480 6
308083507090046976 90
308088229867970560 6
308089370722856961 6
308089391677583360 6
308089702060290048 6
308089781756243968 88
308090234757840897 6
308090599653928960 10
308091576909967360 10
308092424192937985 6
308094932378345472 10
308097172124086273 90
308097880974041088 10
308097956475723776 10
308100082975264769 10
308100183651131392 10
308101093819314176 10
308101630656655360 10
308102024950607872 10
308102444364218368 7
308104667353710592 6
308106202485768192 90
308106500277149696 10
308107745968656384 6
308110107361828864 10
308111218860777472 6
308111835419246592 10
308117275448340482 10
308120781878075392 88
308122262467395585 6
308122400862654464 4
308129547973443587 81
308130130985889792 6
308132194554097664 10
308132362338828288 6
308135025726078976 90
308137353577377792 10
308142231523581952 6
308143972155551744 10
308151786143899648 7
308152079766147072 6
308153686201364480 6
308162859131625472 30
308167879713492994 10
308172808024911873 6
308175244911337473 84
308175945334939648 6
308176918447001603 19
308180932395937793 10
308182064837050369 88
308185877455200256 10
308188150788935681 90
308189144834789376 188
308189845279346688 10
308192760316440577 88
308193125229285376 19
308193460761026561 10
308193523667173377 10
308195813778141184 112
308197944484585472 14
308202990223904768 10
308207008350363648 6
308208627372658688 81
308210024067526656 10
308211655672729602 6
308211672441577474 85
308213689893412865 10
308214629434281985 10
308215032083275776 16
308216273593044992 10
308219012481945600 88
308221172531728384 101
308223018021302275 6
308223512940773377 7
308224985137303554 6
308227162010439680 10
308227845665210369 84
308229162676654083 6
308230869775155200 45
308235382842089473 87
308235970032058370 6
308238952173805568 10
308239648449257472 10
308239791055581184 22
308241619772141569 2
308242215359094786 16
308242546696540160 88
308244610289913859 9
308244627062943745 88
308245574975647745 10
308246044762845188 7
308246388678983681 27
308248607474200576 84
308250150978088963 16
308250226471346176 1
308253594518425600 6
308260594790830080 10
308260699644235777 84
308260708041240576 38
308261161009299456 4
308261559489163265 6
308264159940837376 2
308264386450038784 10
308265611186798592 87
308267968385675264 17
308269717389451264 7
308273823625666561 17
308275354555011072 17
308275400683950081 10
308276688335278081 84
308277388805025792 4
308278005371908096 19
308278626128891904 6
308279779541532672 3
308281801183481856 45
308283374064246784 6
308287991988776960 6
308291762651271169 19
308293612351942657 6
308294337953923073 6
308294669320728577 6
308298012172632064 10
308298863628922880 146
308299677302943744 10
308301413765750785 6
308301451522895873 2
308303842271977473 6
308308334371536896 2
308310888702685185 85
308312616734978048 50
308315045236965376 101
308315791856648192 10
308318371345227776 10
308320871150403584 38
308321307328667648 6
308322628559568897 10
308324222378328064 38
308325782663610369 90
308326273418153984 84
308326650905497603 84
308330874544480256 84
308332464194084864 45
308333579899908096 6
308333630231568384 101
308333890244837378 45
308333932200464385 45
308334565532000256 8
308334787855253504 45
308335802847469569 45
308335878374297600 84
308336079696707584 45
308336490709123073 45
308336562020691969 10
308336734012317696 45
308336868221673472 45
308336931136233473 45
308336985662185472 45
308337010807021568 45
308337249894944768 45
308337262465257472 45
308337459601739780 45
308337530925883393 45
308337849701392384 45
308340122980589568 3
308341523899088897 45
308341809103372288 45
308342249513689088 45
308342509535383552 45
308342664724619265 45
308343235183529984 45
308344728330571776 45
308345063887499265 45
308345160335519744 45
308345588175482880 6
308346259276722176 45
308346284425768961 45
308346829693657088 45
308346829706248192 45
308346875830996992 45
308347400123199488 45
308347404296540161 6
308347605631528960 45
308348427710889985 45
308348666773643265 45
308348926849867776 45
308349157540786176 45
308349203648741376 45
308349224624455681 45
308349434360639489 45
308349463704006656 45
308349597917532161 45
308349602116018177 45
308349811827032064 45
308350151569833984 45
308350323548889090 45
308350562611654656 45
308350759731347457 10
308350948475011072 45
308351351161765889 45
308351590207741953 2
308351711867715584 45
308351820919627776 45
308351850288144385 45
308352366170746880 38
308352454238556161 16
308352471036735488 45
308353016300445696 45
308353054032396289 45
308353343430991872 45
308353372782723074 45
308353557361479680 45
308353561559977985 45
308353788023037953 45
308353855131897857 45
308354052289359873 45
308354090042277888 45
308354337476861952 45
308354425574019074 45
308355272806637568 45
308356157804785664 45
308356518535901185 45
308356921184894976 87
308358389199687681 45
308358770889732096 45
308360821875036160 45
308361157427724288 45
308361161622028290 45
308362055017168896 45
308362424124317699 45
308362768061460481 45
308363225215422464 45
308363640472485888 45
308363640472498176 88
308363917288144896 84
308363934048595969 112
308364726801399808 45
308365305581801473 45
308365712458653696 45
308365792125259776 81
308366018609303553 45
308366312214781952 45
308366329021349889 6
308366693921595392 90
308366735835271168 45
308366844899766272 84
308366857495248896 45
308366932984344576 88
308367968964845568 17
308367981560356866 6
308368929464655872 45
308369562833932288 45
308369810260115456 45
308370082919231488 45
308371030806777857 45
308372201034379264 45
308372628853374977 45
308373908120297473 45
308374528864698368 45
308375254491873280 6
308375300608229378 45
308375451624144896 45
308376240132345856 45
308376311464865792 45
308376881873424384 45
308376881877614592 45
308377175462125568 45
308377485849026560 45
308377741705764864 45
308378324730798080 45
308379956298252289 45
308379977257189376 45
308380421849239552 45
308381805969555456 45
308381843730857985 45
308383135568101376 45
308383412413157376 45
308384406463184897 16
308384423252992001 45
308384565838348288 45
308384901382672384 45
308385119503273986 45
308385660572684288 45
308386558132776960 45
308386721702223872 45
308387053064826880 45
308387690578071552 45
308388139368599552 45
308389716460457984 45
308389842281193473 45
308390987326164992 45
308391511588995073 10
308392065274880001 8
308392455340961793 45
308393084473987073 45
308393340305547264 45
308393625526603776 45
308393671676538880 45
308393852048400384 45
308394363715719168 6
308395533930729474 17
308395718480130048 45
308396569932210176 113
308396867752980480 6
308398230884986880 45
308401364009099267 45
308403264033026048 45
308404987921309696 45
308405277303128064 6
308405281518411776 45
308406275555872768 84
308407064068239360 45
308407529648570368 45
308408938930511872 45
308409035420467200 45
308409488392744960 45
308409677123813376 45
308409752629686273 17
308410247574335488 84
308410708935180288 45
308412210483441664 45
308412445368664065 45
308413225525997568 45
308414903255977984 45
308415704372236288 10
308415830201360385 45
308415922446667777 113
308416325099872256 6
308416408977547265 45
308417340121415682 45
308417872798027776 45
308418061562703873 45
308418095091970048 45
308419642806894592 45
308420796219531266 45
308420863328407553 45
308421605745377281 45
308421727367606273 45
308422746583486464 63
308423656751636480 45
308423946171187200 84
308423958745710592 10
308425133134065664 84
308425141539459074 45
308425569371058177 45
308425770664071168 45
308425791648169985 45
308427477775163392 45
308427993678770176 45
308428165649424384 45
308428262084857857 45
308428836729651200 45
308429746889428993 45
308430376039239680 45
308432909398859777 14
308434813608677378 45
308436243866349568 45
308436566827737088 45
308439075025739778 2
308439548969504768 45
308441537073782784 45
308441998430449664 45
308442984104464384 45
308444041060679680 45
308444322108407808 45
308446276645687296 45
308446427615469568 45
308446595391844353 45
308446641520783360 45
308446993863286784 45
308447174230953984 45
308448294089150464 45
308452249330405377 63
308455478919319553 45
308455852212375553 88
308456003245072384 87
308456112271814656 90
308456594608386049 45
308456787575721984 90
308458188452290560 45
308458599485681664 6
308461246125047808 45
308461288034553856 45
308461573247205376 45
308463439716683776 45
308464136000532481 45
308464324710653952 45
308465138414006272 45
308465683673530368 6
308466702889398272 84
308467067793850368 45
308467252351606784 6
308468300919238656 45
308468581924999170 6
308468674229059584 45
308469164958429184 45
308469274018717696 45
308469282373779456 45
308469349507813376 6
308469521474273280 10
308469873774841856 45
308470653936361472 45
308471257911922688 6
308478119776489472 45
308478799262121984 45
308479097078685696 90
308479801725952000 45
308480313431031808 45
308480456008019969 45
308480909018030082 45
308481181639385088 45
308481508782522368 81
308483169739493376 45
308485115875561472 17
308485203981127680 45
308485908607430656 45
308486017655136256 7
308486202196111360 45
308487129145675776 45
308487892529975296 6
308488555225817088 10
308488693625282561 10
308489259852115968 88
308489637352046592 7
308490648175132672 90
308490782380290048 45
308491004711948288 10
308491013079564288 10
308491407360917504 45
308491419922874369 45
308492925682188290 84
308494544700334080 45
308494645346848769 45
308494834107305984 45
308495219979083776 45
308495794581950464 45
308497480687955968 6
308502731969146881 84
308505143706533889 33
308505311445143552 45
308505382777679872 6
308505382786043904 6
308507672842477570 16
308507995824865280 3
308508151018295296 3
308508159406923776 3
308508687885021186 6
308508847243407361 2
308508939555856384 112
308509312815362048 6
308510097162764288 10
308511590334996480 45
308511615517609984 45
308513473569116160 45
308514358584025088 45
308514543120830464 3
308514664780800001 85
308515495219458048 6
308516145336565761 84
308516384424488960 45
308517663687180288 5
308520985580142592 81
308521606320365568 45
308522046718099458 45
308522826892193792 88
308524571697496066 45
308525968392323072 88
308533321011433472 45
308533945996308480 45
308534084378980352 45
308534298313641984 45
308534323454300161 45
308535049094066176 84
308535141372936192 45
308535304925626368 45
308536076694343680 6
308536231875211264 17
308537880215707648 6
308538886865440771 45
308539704737923072 45
308540375830786049 3
308542724640997376 45
308543722906320896 45
308543903273979905 84
308544356246237185 45
308544486278041603 45
308544591127277568 45
308544796639768576 45
308544922456297472 45
308545987838881792 38
308547137053016064 30
308548105937244161 88
308548588277997568 3
308548697363468289 3
308549410361593856 3
308549712359866368 45
308549930472046593 6
308550467359756288 45
308550567993675776 3
308552505787301888 6
308552824537624577 1
308553583694082048 84
308553613075165185 45
308553738895912961 84
308554359648698368 1
308554686804406272 88
308554858762473472 45
308555290779979776 6
308555638907207680 45
308555915739672576 45
308556339351785476 45
308556372906225664 6
308557530538323968 85
308558197428477952 3
308558402970324992 1
308559199883907073 45
308559430553837568 2
308559493464223744 45
308561225736925184 45
308561548673155072 45
308561745822236673 45
308562777637781505 45
308563025089150977 2
308563863954141184 88
308564182704463872 45
308564275000123392 45
308564686046109697 45
308564845425471488 45
308564862181703680 45
308565894001467393 63
308567089361338369 3
308569513677426688 10
308571766035464193 10
308571992502714368 45
308572084768997376 38
308572462277341185 45
308574911755071488 45
308575457014595585 45
308575834497757184 45
308576161640886273 2
308577076015939584 45
308577642251186176 45
308578363658891264 45
308578413982126080 45
308578627900026880 45
308578799866478592 16
308578904703119362 112
308579135406628865 45
308579563208859649 45
308579722600792064 45
308579806482677762 7
308580985077891072 45
308582822199832576 2
308582939636137984 45
308585846305615872 45
308586618044940288 45
308586672587698177 10
308587733717250048 6
308587977020407808 45
308588060898103296 84
308588291584835585 6
308588652294979585 45
308589843447943169 45
308590061572743168 45
308590384513155072 45
308591143698968576 45
308591718331191297 88
308592607519469568 45
308593186329206785 45
308593953886842880 2
308594805338939392 16
308594901807943681 10
308595052794486784 6
308595283460235265 84
308595640013840384 45
308595728069062656 45
308596717941567488 87
308596831175192577 88
308597770695106561 9
308597825237823489 2
308598831853998081 45
308599104483766273 6
308599242920980480 45
308600811578081281 10
308600970944856065 45
308601373589651457 45
308601700745371651 45
308601906299805697 45
308602745156423680 45
308602887758548993 38
308602900349849600 2
308603156206600192 6
308603969884782592 45
308604062138523649 7
308604833907236864 45
308605282689355776 45
308605320463273984 45
308605412733747201 84
308605911826583552 45
308606780076879872 45
308607803487043584 45
308608906584797184 6
308609380541165568 45
308609464427225089 88
308610311685033984 88
308611653841334273 6
308611934872293376 45
308612555612516352 88
308612660491063296 45
308613469966565376 45
308613570659221504 45
308613730034384897 45
308615898493747200 19
308616594718867457 45
308616808645152768 45
308617320358621184 45
308618247303995393 45
308618540913684480 87
308618658345807872 45
308619182608621568 10
308619182642167808 10
308620029874802688 45
308621153960882177 6
308621632103120896 6
308621816656715776 3
308622143808229377 6
308622428995739650 45
308622462575325184 45
308623360168968192 6
308623477571727360 6
308623959950237696 45
308623976710680576 6
308624031224045568 6
308625469878706176 6
308625981575413760 45
308626103206027265 45
308626199704371201 45
308626476507488256 45
308626694602911747 45
308627676086812673 6
308627801920122880 6
308627856433496064 6
308628175229972481 6
308628842120114177 45
308630326882734080 45
308630897329045504 45
308631379665633280 45
308631467720855554 13
308631681651314689 45
308632507912450048 30
308632784761679872 45
308632818299322369 45
308633011228921857 45
308634693161594880 16
308634768659079168 45
308635410391777280 14
308635536199938050 45
308635536233467904 0
308635771110313984 45
308636362482020353 6
308637905985892352 45
308638187008434177 27
308638254108913664 45
308639285907701761 19
308641248867135488 101
308641840251412480 90
308641924154290176 45
308642628797358081 45
308642792371019777 45
308643702539177984 45
308643887080173568 88
308644000322170880 90
308644470080028672 88
308645766111559680 45
308645808058806272 45
