298913684791640064 48
298913798037860352 4
298914439791521792 4
298916314641211392 74
298916906025488384 78
298918432773111809 4
298918483096391681 57
298918495670919169 4
298918600524300288 66
298918676021796864 66
298920106296221696 57
298920701853847554 26
298921624617488384 63
298921632989343744 26
298921708490997761 4
298922379583827968 4
298923017147400192 4
298923067466448897 4
298923281371762688 26
298923742753587201 4
298923977643016192 4
298924535456096257 4
298924539675566080 59
298927429534228480 4
298929124033036288 66
298929480548888578 26
298930910793981953 63
298930982097141760 14
298931888091963393 4
298932315902586881 4
298933167346311168 4
298933523853754368 9
298933825852026881 26
298935277081198592 66
298935495180840960 66
298935717487325184 2
298937126756691969 4
298938557010165761 29
298938607358586881 4
298939114877755392 26
298942856180142080 66
298942856180142081 4
298943493726941184 4
298945414705606656 74
298945536352976897 26
298947134395408384 26
298949529309417474 4
298949600641941504 4
298949814538883073 4
298950754067156992 57
298952142394372096 65
298954042380537856 25
298955506205208576 4
298955715912036352 4
298957347492093953 66
298957758567424000 4
298958324773289984 26
298959276901277696 66
298961936090005505 48
298962661683642368 4
298964012257910786 26
298964058412032002 26
298964486193307648 2
298967598387826689 26
298968881832275968 4
298971532644995073 4
298971901726973953 4
298972040139005952 4
298972400882708481 50
298975118762336256 26
298975311712903168 23
298975500456570880 39
298977396265189376 50
298978541335367680 26
298979585700270081 50
298980969828982784 26
298980969837391872 85
298980986597814274 63
298981317956218880 74
298981527688212480 77
298982379115147264 26
298982479778422785 4
298982978879635457 26
298985222836453376 4
298987181572235264 67
298990142755053569 4
298992239919628288 4
298992596418715648 39
298992940360011777 39
298993926050824192 39
298994609701392384 26
298994999784243200 26
298996069302407168 48
298996073509302272 48
298999210848694273 48
298999856796680193 0
298999923871989760 0
299000309752135680 48
299000968262082560 4
299003346445037568 48
299003887514431488 0
299007771423170560 4
299008782254616576 66
299010699034771457 4
299011378516201472 26
299012519362715649 57
299014071280357376 45
299015291827003392 0
299015350526304257 48
299015509926617090 48
299015577014517760 74
299016877261336576 64
299016894059540481 26
299017837752770560 63
299019179921653761 4
299020882821664768 4
299027203658760192 21
299032178086535168 2
299032392012800000 63
299033218252959744 26
299036007465095168 67
299037139939762177 4
299038297559293954 48
299039727825346560 2
299039790748295169 2
299039807512907776 2
299041741103845376 48
299042328281247745 57
299042512851570688 3
299044857484288000 4
299045771809009664 0
299046405144731648 59
299046530978029568 50
299049022398795777 2
299049265672630272 50
299051434119413760 2
299051610292768768 26
299052897965064192 14
299054588261171200 4
299056345682964481 63
299056404399005696 57
299056521831137281 4
299056588927418368 48
299059940201492481 4
299060758061408256 4
299062372893609984 48
299064390320287744 48
299065854140743680 4
299067749970362368 4
299068307800223744 4
299070593733623808 14
299079309497356288 4
299080454529765376 0
299082677515075584 48
299084371988725760 4
299085303136808960 4
299087140241948673 4
299087626777022464 4
299088474022219777 0
299089820385431553 50
299090558620688384 65
299091103855046657 4
299091703632101376 4
299093238764171264 15
299093742080626688 4
299093939196141569 63
299094392201957377 48
299096879420018688 4
299097022034767873 4
299097122693853184 4
299098682958159873 5
299099123389448192 0
299099622486462464 2
299101337973571584 15
299104596939374593 57
299107717501562880 0
299110640918872064 50
299113207858085889 26
299114067673620480 66
299115523109691393 9
299116114506551297 4
299119163769774082 5
299122015871311873 29
299126885487611904 4
299128076657364995 4
299130136056442880 4
299130631001079808 4
299130819736371200 39
299130953954099200 66
299134183547224064 2
299134569452556288 66
299134586192027648 21
299134611391401984 4
299135127290785793 4
299138424009527296 63
299141246776119297 26
299141498442768385 4
299141620077588480 29
299146573546405888 4
299147303355285504 4
299147638882832384 4
299147735335063552 4
299150650409902080 4
299151883501723649 4
299153116631269376 65
299156438528450560 2
299156526613032962 12
299157013160685568 37
299157025726812161 16
299158674100854786 26
299158833484402688 63
299160347623948289 48
299162285384011777 50
299162314739953665 50
299162692252479489 64
299163040354553857 2
299163216515309568 74
299164223152480256 2
299166118977880064 50
299166148363157504 4
299166366454398977 26
299166722957639680 0
299166760706379776 2
299167960294096896 50
299170132951977984 2
299170141323792385 2
299170258772717569 2
299171114410729472 26
299172259468288001 4
299172880208510976 78
299174151091007489 48
299176625734565888 45
299177246462193664 26
299177552675749888 2
299179226190471168 65
299181289804800000 50
299181923144704002 57
299182208332214273 14
299183118483603456 50
299186373280284673 78
299187279266713602 26
299188260712886273 50
299188545938137089 50
299188944371863552 74
299190915728289794 48
299192719258054656 11
299193008665026560 2
299193050629029888 48
299194417946963968 50
299195588178767872 57
299197450428768256 26
299199916696297474 48
299200713605664768 57
299201451803176962 2
299202911412555776 67
299203980989456384 50
299204022915702784 57
299205205726216192 65
299209400030220289 2
299210251469725696 4
299211811738243072 2
299211828498673664 57
299212428309299200 50
299212663169372161 50
299212877095632897 50
299213380403744769 50
299213833392779264 50
299214168941273088 57
299215578231607297 66
299215641137795072 2
299215964078223361 29
299216089919922177 4
299217167872827393 4
299218098999934977 48
299218551980568577 25
299218849797136385 4
299219411796111360 59
299219806081650691 77
299220091294347264 29
299220812727214081 64
299221592838393856 0
299222519787970562 4
299223337677250560 23
299225292235489280 57
299226076574527488 64
299228458914037760 67
299228760908120064 48
299230010835881984 26
299230618988969985 65
299231759856459777 48
299231982154571777 26
299231998915010561 50
299232212816101376 74
299232506413211648 26
299233387254804480 64
299233521472532481 50
299234221921284096 48
299234695860875264 50
299235144651374592 65
299235224334774272 65
299235287274491904 63
299236121920016385 48
299236436484448256 74
299237015310987264 63
299238298776379393 48
299241322865381377 26
299241780052901888 4
299243805868175360 48
299245831733780481 25
299245861098106880 5
299248084062457856 39
299248277029793792 5
299248432214851585 16
299248788705517568 50
299248885199687680 64
299249799545372673 5
299250193809956867 64
299250323850158080 48
299250802000789504 25
299252123206553600 57
299253985464971264 5
299254237135781888 50
299254555894480896 5
299254723641495552 48
299254878830747649 5
299256539800301569 5
299256980189626370 26
299257168933298176 57
299257454154358785 63
299258066539540480 66
299258817315741696 63
299259454820610049 2
299260411126091778 5
299261216449245184 25
299262839628128257 4
299263288418635776 26
299264135672250369 25
299265381405700096 25
299266157339365376 74
299266417361051648 14
299268883636969472 5
299269340799307777 14
299269835739770880 5
299273933553823744 5
299275556753653760 64
299275883913560065 63
299276139761897472 5
299276668240015363 57
299277104447647745 4
299277465170366465 2
299277758796816384 78
299278274691997696 5
299279600058507264 59
299279612662403072 59
299281059701473281 66
299281957295112192 66
299282007605784577 64
299282380907225089 57
299283312021733378 6
299283790180790273 26
299287246295683073 64
299287325979054080 5
299287871242776577 23
299290433945747458 69
299290782072971265 5
299293500011343872 59
299294213026226176 25
299295307764748288 64
299296834462023680 4
299297446834622464 64
299298528969240577 50
299298633831034880 15
299299992777146368 65
299300215079448576 45
299300663861575680 15
299300949095235585 67
299300986848165888 65
299301297201483776 14
299301452394950657 45
299301972505403394 15
299304157712629761 15
299306858865373184 48
299307035034525696 14
299309098627891201 14
299310432408182784 4
299310948320178178 64
299312466645643265 14
299315671098093568 59
299316199571980288 48
299316199580368896 48
299316472184971264 0
299316602225188864 15
299316975501451265 14
299317373981306880 67
299318552584921088 14
299320070910394368 59
299320603591180288 25
299320972706734080 48
299322126119346177 59
299325120873390080 63
299325913580044288 16
299326131667099648 45
299326718869647360 63
299327192842776576 25
299327201231380481 45
299327402562183168 64
299327763280707584 14
299330518909083648 14
299331429081427968 48
299331949196091392 14
299332267942232066 29
299332737725259776 14
299334390289424384 14
299334599996227584 26
299334801306025984 14
299334901960933376 57
299335313023709184 4
299337464705855488 14
299338001547423744 14
299338983027126272 25
299339238875484160 25
299341302485635072 5
299343068283428864 14
299343252828594177 29
299343638704582657 67
299343705800855552 63
299343831650934784 14
299345517740183552 21
299346444719108096 57
299347845578895361 65
299349535900192769 57
299350714520580098 65
299351066837929984 57
299353432408596480 48
299353440793001986 48
299354288067592192 14
299354564891660289 48
299355055625211905 64
299355097543110656 4
299355290481074176 64
299355575693754369 45
299356926280597504 14
299357521859182592 45
299358142603616257 57
299358289404256256 48
299359107301908480 26
299359916794195968 25
299360642421366784 64
299363838489399296 14
299364178198663168 14
299369911849992192 14
299370297721774081 14
299371442762563585 63
299371874750693376 64
299372059304284161 85
299372562612359169 45
299373556674994177 14
299374416498921472 48
299374424921088001 13
299375452492013568 63
299376983438131201 25
299377272824147968 39
299378782781972482 26
299379051225829376 14
299382037570281473 14
299383694311976962 14
299384197628456961 14
299386345116286977 63
299389411148324864 57
299389897683369985 14
299395845223227392 66
299396763750629376 14
299398458262028288 15
299401700471623680 57
299406234510032896 26
299408742678675458 14
299409891926343680 14
299410776937078786 14
299412270113492993 14
299412655964307456 14
299415768137871360 14
299416103698964480 14
299416799966019585 14
299416829330341888 14
299417487823470592 64
299417953399619585 14
299419043897679872 14
299419735949455360 14
299426560082063360 14
299427411534176256 26
299428745335435264 50
299428774708142081 26
299429131198808065 14
299434940314054656 14
299436131487977472 14
299437775680311297 14
299439025591308288 4
299445526737334272 26
299449842667761664 2
299451193267208192 14
299455601480695808 67
299457019130290176 14
299458378088996864 14
299459313427161088 14
299462530458349568 2
299463826489896960 14
299464195605405696 39
299464438845693952 57
299465793639432195 14
299470684160139264 74
299470805794975744 65
299471690805690368 14
299472584209203201 25
299474350019588096 5
299475889316564992 15
299480419160711168 45
299482797326860288 63
299484584121335808 5
299487725634080768 5
299488145077047296 4
299489487250145280 57
299490204463534080 65
299490519032135680 2
299493350208315392 63
299494071632805889 17
299495761933135872 2
299497796141203456 2
299500266603024388 67
299500514062766080 57
299500572791435265 4
299500740559388672 25
299512396534382592 45
299515617772441601 63
299515949101510658 63
299519476498567168 63
299521200391081984 65
299521233920352259 50
299521917617057792 57
299521921798787072 57
299525189165789184 45
299526992695545856 45
299528196460797952 50
299528532034453504 64
299530138448715777 64
299532000728068096 25
299532504015179777 25
299534504698200064 87
299538086629609473 74
299539214922571777 25
299539349123526656 45
299539403657863168 2
299540745826750465 65
299540984927227904 45
299541253341728771 25
299542423569321984 57
299550447268683776 87
299551189643714560 5
299554167595352064 25
299554171789647872 25
299554486383427584 15
299557376229523456 25
299558064133140481 21
299558550659792896 57
299558789739319296 45
299559993496186881 57
299560207405707264 25
299562564604555265 48
299562719810572288 25
299562883354861568 15
299563701248339969 57
299563759997968387 45
299564623986835456 25
299564733063888896 5
299564938593177601 45
299566725366697984 59
299566733730136064 5
299568268862189568 67
299568390492798977 48
299569707487477760 39
299570386994094080 57
299572354110091264 78
299574614844137472 48
299574803600404480 15
299575512429387777 50
299576749740675072 45
299578574258720768 25
299579664794529792 50
299580608483586048 25
299583636804628480 67
299583955563323394 25
299584349811126272 25
299585239020355584 57
299589705933156352 57
299590163141636096 64
299591555621199872 57
299591983436021760 57
299592109294501888 25
299592251879866368 3
299592960734003200 3
299594508436402178 50
299598866293071872 39
299600560796086272 25
299601227682041856 45
299604595712335872 21
299604855767592960 45
299607414288826368 25
299608643215712256 4
299609561759899648 25
299609788260696064 74
299611931541663744 57
299615094063632385 25
299617015050694657 25
299619422589554688 25
299620651533221888 57
299621393904066560 4
299621876244832257 25
299622278889619456 25
299624111829831683 25
299625382678769664 25
299626066367090689 25
299626594861998080 25
299628331270291456 26
299628641686536192 65
299628817817931776 25
299629950305198080 63
299630797521039360 5
299631342809919489 25
299632001311457281 14
299637026075054080 50
299639219687653376 10
299639471341719552 25
299639475565391872 25
299639731396964352 25
299640616386695168 21
299641123897503744 25
299641421705641987 15
299642315113373696 59
299644487729299456 25
299646052225675265 15
299648333939617793 78
299648455566053376 25
299648619143892993 25
299649709675524097 66
299650225553960961 64
299651852943892481 78
299653102833893376 25
299653341938589696 25
299653539054112768 63
299657087418499072 25
299658467344523264 57
299659415286583296 57
299660371566923777 26
299660396728573952 26
299663093674426370 26
299663647335133187 63
299663924150812672 63
299665757061652480 25
299667543851925504 23
299667954885349376 25
299669003465547776 25
299670232371441666 25
299673373905137664 74
299674166624411649 25
299675248792571906 5
299675840176865280 57
299678218334662656 25
299682068701523968 50
299682555240792064 15
299682605589225472 57
299683821912195072 25
299684178449035264 48
299684199399559169 25
299684694327439360 25
299686523073355776 25
299686581764255744 25
299688074957430784 63
299688532119781376 57
299689022853365760 64
299693288481517568 26
299693573677383684 25
299693951164755969 25
299694047663116288 25
299694865544011776 25
299695104606756865 25
299695696016191488 25
299697176576139264 25
299697885451280385 25
299700028723847168 25
299700490093096960 45
299702486594363392 25
299702494974599170 25
299703631639371777 25
299704147547144192 25
299704650838446080 25
299707817558941696 39
299708509598142466 25
299708580909678593 25
299710258639683585 77
299710652874911744 23
299710678070083585 25
299712594875387904 65
299713647633108992 25
299714318700797952 25
299715472130199554 57
299716835308363776 57
299717682557751296 63
299719007957815298 25
299721075741302784 25
299722619228397570 25
299725819499134978 25
299726188614647808 25
299726809367453696 45
299729040724615168 25
299729149759741952 25
299731431465287680 25
299732559737282562 66
299732803006910466 64
299732865942429697 29
299735852274298881 67
299738305933750273 63
299739312591863808 74
299744198930882560 25
299744630931599360 57
299750708503277569 25
299754139452309505 25
299755041219301376 25
299760346992877568 25
299762897146482689 50
299764235137851393 63
299768853066551296 25
299773408076496896 78
299779737281236992 25
299784707518898176 2
299786729190219776 67
299797571470254080 50
299798175424847872 4
299798720675991552 4
299799475667468288 63
299805058273513472 14
299808745062539264 67
299809030275203072 17
299811093872791552 65
299813312676376576 50
299816752009850881 2
299824339509997568 65
299828261167452161 3
299832086364299264 2
299832203809013760 65
299832614871785472 65
299834443571552256 63
299835089519529984 63
299835802555412480 50
299839434818457600 63
299843008361295873 67
299843989836795904 65
299850360951021569 45
299852902716022785 65
299855775801683968 65
299858606965268480 25
299859022205575169 15
299859655537094657 25
299860062384562177 25
299863975695355905 17
299864931967311873 25
299865242358403072 25
299865963778691072 25
299866454499655680 29
299868664902062080 25
299871265378951168 45
299871777088212992 63
299872603370311680 25
299873886802157568 28
299874054599495681 78
299876055269920768 57
299880308277399552 57
299882334130409472 25
299883860873854976 67
299885542798155778 25
299886780113645568 74
299887199518863361 39
299889149870215168 25
299889720320720896 25
299890030711824385 25
299890236224307200 63
299890441741017088 25
299891628703879168 25
299891683246632960 25
299892123669508096 25
299892970918907904 57
299893000279052288 21
299893189005950976 21
299894359220969473 25
299894434697469953 25
299894535377522688 25
299894640239341570 25
299895953031323648 25
299897249100619777 78
299897706271363073 21
299897848886067202 25
299898561921970177 25
299899061039947776 66
299900101227339777 67
299900910736404480 26
299902072529223682 25
299902424875950080 25
299904094204723200 25
299904341656088577 66
299904635253161984 63
299904681411477504 25
299906271027539968 50
299906824705028096 25
299908494025437184 63
299908544331931649 25
299909068636700673 63
299910385648168960 25
299913065812619264 25
299914802237681666 25
299914827411910656 63
299915469148786690 25
299916723254091776 3
299916765188734978 63
299916928754003968 57
299917352387092480 57
299917423673499648 3
299917775995031552 63
299917939589672961 29
299918270935482368 65
299919466299523072 25
299920812671115264 57
299921366352789504 63
299924159742476289 25
299925543846047745 63
299926043005960192 12
299926500172513280 63
299926797963907072 25
299926999286304771 25
299928442114301952 63
299928823808524291 63
299928911909892097 25
299931067748589568 63
299931424285413376 25
299932833558962177 25
299934129594720257 57
299934666461437952 63
299934754566987776 25
299936868483624960 25
299939485720907776 25
299939976475447296 67
299940056142073858 25
299940391719956480 25
299941238956765184 13
299941939413921792 59
299944690864754688 25
299945122873876480 63
299945756197015553 65
299945848475897856 25
299946376970788865 63
299947048071991296 25
299947970793717760 63
299948130210807808 25
299948855808651265 63
299950105690259456 76
299950160220397568 39
299951003300667392 25
299951431090323456 25
299951737299664898 25
299953763161100289 25
299954388108210177 16
299954895614787585 63
299955872862457859 65
299956963381506048 25
299957043090034688 57
299957563183755264 63
299957584138481664 25
299957680632647680 65
299957684831154177 63
299958498521919488 65
299958506881183744 25
299958636908802049 67
299958934733746177 25
299960037827309568 1
299961698780082176 63
299962571191103488 25
299962810258051072 45
299963271618895872 63
299963808506605570 48
299966593528627201 57
299969542111780865 57
299972536828043264 67
299972868186460161 25
299975103754682368 25
299976122991534081 25
299977070891646976 26
299977729405763584 25
299977859412418562 25
299977934935060480 27
299980371813101568 25
299980384375033856 25
299980506030817280 25
299980543758585856 63
299980556349865984 25
299981034517303297 63
299981240046587904 63
299981516853899264 65
299981869179604992 25
299982544470933505 25
299982825480912897 25
299983685292269569 25
299983974720233472 25
299984897458724865 50
299985677586677760 63
299985803449344001 63
299985807610093568 25
299986155754110977 67
299986159956811776 63
299986495488536577 25
299987946738688000 65
299987997070348288 78
299988668158988288 78
299988726845693952 85
299989171462881280 63
299990505255735296 25
299991264399609856 25
299991696438083584 25
299992292012462080 63
299992392679952384 25
299993193800413184 25
299993328026525697 64
299993378341388288 25
299993470607687680 45
299994833785864192 25
299995915899510784 25
300000462541819906 57
300001477534048256 25
300001687270211584 25
300001796292759553 57
300002014396567552 25
300002479985270784 25
300002484187967489 25
300003310474252288 25
300003339834363904 25
300004212216041472 45
300004409365131264 63
300004430349217793 25
300004669424562176 63
300004723916951552 25
300004736537604099 21
300006787531280384 15
300006955290853376 25
300007429255593985 57
300007823536947200 50
300009358660628481 23
300010944082350080 25
300011816501788672 63
300012684743700480 25
300013083185786880 63
300014081442717696 63
300014404395732992 26
300015394243112960 29
300015473926492160 25
300016941932879872 57
300017667568439296 25
300018061828825088 57
300018313478688768 25
300019697611579392 25
300020272239624194 57
300022155452760064 25
300022344196452354 25
300022407127764992 57
300023103365476352 29
300023459910676481 25
300024235840114688 57
300024705581215746 67
300025011782184960 63
300025603191631872 23
300028325303304193 25
300028845392814080 57
300030049137078273 25
300030804120186880 29
300031122874699777 25
300031181586587649 63
300033970815524865 50
300034507678040064 63
300034994238271489 25
300035015184629761 63
300035845652631552 63
300038416781959169 63
300039532483579904 25
300039809278291969 25
300042011300478977 25
300044460753043456 26
300049007407939584 63
300049699463917570 63
300051922449231872 25
300055470801047552 25
300059430224019456 25
300060910813327360 25
300062232040062977 25
300064157242376192 63
300064861868675072 25
300065436475727872 25
300069995709333505 25
300071606313701376 63
300072583582318592 25
300074265481445376 59
300075460870672385 67
300077457359376385 25
300077843226980352 48
300078547886809089 63
300078635971395584 66
300081504871133184 21
300082289218555908 25
300082893173166080 25
300083916579147776 25
300084730303488000 25
300084935799238656 63
300085036458319873 25
300085149712928768 26
300086424798101504 63
300086588354994176 25
300088735855411200 25
300088920375427072 25
300090203840864257 29
300091793490468867 26
300099393577684992 39
300100177891557376 25
300100207247499265 63
300100282753368064 25
300102090519367680 57
300105752129961984 63
300110617514233856 63
300118867714392065 78
300120381858148353 63
300120679662116864 29
300122931999154176 64
300122961363496961 57
300124349682311168 25
300129579970998272 26
300134428586430464 48
300136383123701760 0
300141542121816064 21
300145518326206465 63
300151851721035776 21
300161465074216960 50
300170411524620288 39
300172181508354048 21
300174710690435072 26
300180846936211456 67
300189923435216896 4
300193719263563776 63
300194092560834560 0
300195904512724992 17
300208122520289280 63
300208458072997889 57
300215953269084160 39
300220487324278784 67
300221854667399169 63
300223654028001280 63
300225075880267777 63
300226124468854785 25
300226413880033281 4
300227403739971584 63
300230469772009472 63
300234617938653184 25
300235725213954048 63
300239068082630656 25
300240011809402880 63
300240263459270656 25
300242520003186688 25
300243153359867906 25
300243602133622784 21
300243711193923586 63
300243837031432192 63
300243975405715456 21
300250325611335680 21
300251382571757569 63
300253785907929088 50
300255560090136576 63
300257548194443264 63
300260631024648194 63
300261268542070785 29
300262048674234369 25
300262170321637377 63
300262468121403392 25
300263587979616256 57
300263759954468865 66
300264783385616385 25
300265005683720192 63
300266196828299264 25
300266662404423680 25
300267702604414976 63
300269124473462784 25
300269996897095680 25
300270068208660481 25
300272987410673664 63
300273000014557187 65
300274220557037568 25
300274514149920768 67
300275101369262081 25
300275386577743876 63
300275785028206592 63
300276477071601664 63
300277932528640001 63
300279467618742273 63
300280717538127872 25
300282261046169600 63
300282793697611777 63
300282823070343170 63
300282974048485377 25
300282995015831552 25
300287269024169984 63
300287529062641664 25
300288183369887745 21
300289672356167682 63
300292134408441856 63
300292646126116864 63
300292943913308160 37
300296869773471744 25
300298321027809280 63
300298652382015488 25
300301181555703808 25
300302330757267456 57
300302913769730050 25
300303551312302080 2
300305329709785088 48
300306856444833792 21
300308236345700352 63
300308362195775488 63
300309037482921986 29
300310631314227200 64
300312388702461953 63
300312405492252672 29
300312418079363072 63
300312782983794689 21
300315182104727552 57
300317153461157888 63
300318696965017601 74
300320513098670080 6
300320857010622466 63
300323205812461568 57
300323407147442177 63
300326921995182080 25
300329438544015360 65
300331107885408257 14
300331393119055872 39
300331955151589376 63
300332701741899779 25
300333901300260865 50
300337248367419392 25
300338636665282560 63
300341845320429568 63
300342256370585600 21
300343363654283265 57
300344668061855745 63
300347268551278593 63
300348493279686657 63
300349772554960897 23
300350611419963392 63
300352243004239872 4
300353161535832064 67
300357854957821953 63
300363152363773952 63
300367166316871681 25
300368936321572864 25
300369452233547776 67
300369938772811776 66
300370270093451264 74
300373067727765505 25
300380885910421505 74
300390130122891264 25
300392600588922880 25
300392659296608256 63
300393414271332352 63
300394920026464256 65
300394982936825857 67
300395930866311168 63
300396903940624384 57
300397151400374272 25
300402167813120001 67
300402687890051072 0
300408836718735360 57
300409444926377984 63
300417984499970050 45
300424997384646656 45
300425123205378048 63
300428625465995264 67
300436485574885376 57
300441669743017984 77
300445314597412864 76
300446782620577792 25
300448711987822593 5
300455699677339649 63
300481482076610560 25
300486947258896384 50
300491527443058688 39
300498179609214976 65
300512524116299776 67
300516345131458561 3
300519012700418048 57
300524394005012480 39
300527095124226049 57
300536465224519680 67
300548393820889088 57
300550709059919872 63
300551380152770560 16
300552114151776256 63
300559101874823168 50
300560171434930176 63
300562268574339072 57
300562381803753472 25
300563916944179202 64
300575988142727168 57
300577863004983296 63
300581839201001472 76
300589548323352576 63
300595701384093696 57
300598054359277568 57
300598771581059072 12
300602110259630080 15
300607135056797697 67
300612155621904384 13
300612214354767872 57
300624386224955392 69
300624684007960576 69
300624751129419778 63
300625782936576000 69
300626454021029888 69
300626659529338885 69
300627594875895809 69
300627984921014273 69
300628488262676482 69
300628966375563265 67
300630069481717761 45
300630077878714369 45
300631675929522176 50
300632418300346368 69
300633743717199875 25
300635056504975361 69
300636138656387073 45
300636734239145984 29
300637413708034052 69
300638168695324675 57
300638814601371649 64
300638877524303872 69
300639498285510656 48
300640026771984385 69
300640282611945474 69
300640320373276672 69
300640328745111552 69
300640593003020288 69
300641100526403584 69
300641478013759489 45
300641628996124673 69
300642581086359552 69
300644057506533377 69
300646582473330688 63
300647006085455872 63
300647534584541185 69
300649375892381699 69
300649631711363072 39
300649791115894786 69
300649984049684481 69
300650252485152770 21
300650395108253696 69
300650789377015809 63
300653087847231489 69
300653113021440000 64
300653431759192064 57
300654119646031873 57
300657340863086592 69
300659022758035456 78
300661979775909888 69
300662520824344576 21
300662915072151554 5
300667004547919872 15
300669898596691969 64
300672268370063360 69
300673904186380289 23
300674080313573376 48
300674206159470592 13
300674646540443649 64
300675393134948354 69
300678543048839170 69
300678589194579969 69
300681000936144896 50
300682829656883201 69
300684192780541953 28
300686147342966784 57
300686516454293504 69
300686977810968576 69
300687086883835905 69
300688131265552384 69
300692593988235266 69
300694326214815745 69
300695811019395075 69
300696209461501953 69
300700819035136001 69
300701087466389504 69
300701666263592960 69
300701674635411459 69
300702408638623744 69
300702731629367298 69
300702966510391297 69
300703700509401089 64
300705617314738176 45
300705717969616896 63
300705847984672770 64
300708901446352896 64
300710625301114880 45
300711829074747393 69
300711833264852992 69
300712965739524098 26
300714073014812672 69
300714572157947905 69
300715696214642688 45
300715733971787776 45
300716333748871169 69
300719152329535488 4
300722348359815168 14
300727729677025284 45
300728526573817856 64
300731890422386688 10
300733702370107393 69
300733916254457856 4
300734713205764097 69
300736873242951681 64
300738152522461184 65
300741432476594177 65
300742908871589888 69
300744607547944961 48
300746302042542080 69
300749779128954881 57
300750131446284288 57
300754036326539264 63
300761288303333376 39
300762085204295680 69
300771778249244674 63
300776048050708480 21
300776144532295680 21
300776165499604992 65
300776173892423680 65
300776220021379073 15
300776240988692480 65
300776257749123072 63
300776261977001985 21
300776266158706688 65
300776350040612865 65
300776408769257472 65
300776551350419456 65
300777138582327297 25
300777339883753473 39
300782029132423168 66
300783220314750978 26
300784226939326465 64
300785862726262787 63
300786085003423744 39
300786588328284160 69
300786932257013760 74
300788324799508480 3
300790212219531264 67
300790287716978688 67
300790799409500160 25
300791726342295552 23
300792728818696194 26
300792791733260289 26
300792863007055872 26
300795237004099586 26
300798672113897473 63
300799418720997377 65
300801205481906176 59
300805240419127297 69
300822466400501760 65
300823108145799170 69
300823787635613696 63
300825360466063361 23
300826115440783360 4
300827872879316992 63
300827960968110080 65
300830783722106880 69
300837037408415744 45
300837880471887872 74
300838903903047681 63
300844704596119552 69
300851176440750080 57
300853063881719808 69
300854791914016768 48
300855165194473472 63
300858017354743808 69
300864757563551744 63
300864975679918080 57
300870499582476289 64
300871984357732352 65
300872273768898560 64
300873066513326080 78
300873406230982657 63
300877172720160768 69
300878871413280769 67
300880901448024065 6
300882931512119296 45
300884353368612864 69
300885926224211969 63
300886911902416896 57
300901134770520064 69
300904691569655808 50
300916427228069889 45
300917110870274049 63
300920000741535744 4
300924488671961088 63
300926019605520384 63
300933498020171776 48
300934458519977985 76
300935163184033792 69
300935238677299200 63
300937142878748672 63
300938833179058177 63
300940150182137857 63
300943119770324992 63
300943950225747968 63
300946479395262464 63
300950178796535808 63
300952678568185857 63
300955971126181888 26
300956885459283970 63
300957191635079168 69
300957317497749504 25
300957783044526080 65
300958106014339072 74
300959548871692288 64
300963042726916097 45
300967597736869888 57
300969480975171584 63
300969854264045569 48
300970747642404864 63
300971372602089472 63
300971678773686272 63
300972073055031296 63
300976397357289473 45
300976426725806080 57
300978892993343488 69
300983141810728960 59
300985515807752193 63
300986413359448064 64
300992658682286080 2
300994198000259072 2
300996362252738560 48
301000543961227264 57
301001206686420993 63
301001340912549889 4
301004054606270465 67
301005791069085696 63
301013282100228096 5
301013546312028162 63
301013563118612480 23
301014066422493184 57
301015068840173568 64
301016100651548674 63
301018281706389504 57
301018415898972161 63
301018478838706176 25
301021117030748160 67
301021209301241858 69
301021624558301185 63
301021674889957376 57
301024170475675649 15
301024531223564288 69
301026397688823808 65
301028931027484672 57
301029165916909568 48
301033934815363072 69
301036023578779649 26
301036845666533376 63
301037772616122369 69
301037961380786179 63
301038192050724864 26
301038535975260160 69
301039546794119168 69
301039773303312384 63
301040729592049664 26
301043049063124993 69
301044017943150592 64
301044185702744064 64
301048417759678464 45
301049164358365185 63
301049969639579648 63
301052666614804480 69
301053065048510464 77
301054612763443200 69
301055107695529984 57
301055829115813888 65
301057678803877889 64
301057808797954048 39
301058677027258369 57
301058886750851072 39
301062724543213568 66
301065815741054976 45
301066637837205504 63
301070567900073985 69
301071159288545281 69
301071884907327488 45
301074544070889473 74
301076267959218177 64
301082026734387200 69
301082345488936960 65
301082404192395267 64
301083201122729984 45
301084300055552001 63
301085398950625280 63
301087630320357377 67
301088611762307072 4
301088762769854465 6
301088884400455681 63
301089496773033985 69
301090557944541184 25
301092407628423168 21
301092743185305600 65
301092797711273985 64
301093024195309571 2
301094907421016064 66
301096274793484288 63
301097801482375168 26
301099349193138176 26
301101190513565696 64
301109608464936960 69
301112548655263744 4
301116050899103744 63
301116587774210048 74
301120597537218561 69
301122124272242688 65
301123105751973888 69
301125546811731969 13
301126733808164864 26
301129254580670465 66
301129531404742656 66
301129544000221184 15
301143087399464960 48
301143259357540353 50
301145100682133504 78
301145968873713665 65
301146442830065665 63
301150070903013376 63
301150679106457600 63
301153304740773889 67
301155632571117569 4
301157952021217280 45
301160774800396288 66
301161445851287552 66
301163970847453184 63
301164658704932864 69
301167359840878592 69
301168202912759810 67
301169477964398592 64
301175626822475777 5
301175966548504580 48
301176318857474049 5
301176771859062785 12
301178013352091649 63
301179129049513984 14
301180546745237505 5
301181150725013506 3
301182924911439872 12
301184250319888384 63
301184627769499648 5
301185735065739264 5
301187471541141504 5
301188373316521984 63
301188713038376960 5
301188721447952384 69
301189241533239296 5
301189270864007168 67
301190025855504384 65
301190730498572289 5
301195813982437376 5
301198657724751872 5
301199790207799296 45
301202608750751744 76
301205385392574466 4
301206769500315648 5
301207306408976384 5
301207457399717888 5
301208661139783680 26
301209214787919872 45
301210477298606081 5
301211592979267584 5
301212196929691650 5
301212880638988288 64
301214126347272192 5
301214562529710080 5
301216047330103298 29
301216588386934784 5
301217645334765568 5
301217678918578177 5
301218039611936768 63
301221483143905280 45
301224062649237505 77
301227007038087168 63
301230333116956672 5
301230849024724992 5
301231411040505856 5
301231738221383681 5
301232023408885760 5
301233021686800384 5
301234032480514048 16
301234703590125568 25
301235303383957505 5
301236653937270785 5
301236893029388288 5
301238142923571200 39
301239317307736065 26
301240089068044288 5
301240932106399744 5
301242777600135168 67
301244937670885376 67
301245537477328896 5
301246695109435392 5
301249920525029377 5
301250683896737793 5
301250864247619584 63
301252248346955777 5
301252458074734592 25
301253401805717504 4
301254928519794688 28
301256966955741185 57
301257977766232064 5
301258015531741185 5
301259177362337792 63
301259663872241666 5
301260171399806976 5
301260326597435392 5
301261912040153091 5
301262562132099073 25
301263593943494656 5
301264470548815872 5
301267289116901376 63
301267977016332289 5
301268195090776065 5
301270124474818561 5
301270682325635073 5
301271374381600768 63
301271890285195264 63
301273563791495168 5
301276596277485568 76
301277351281577984 5
301278236283924481 63
301278383050985472 63
301279070929432577 74
301279356142104577 76
301280517976887297 76
301281851748794368 57
301282061472395265 76
301284028613550080 5
301284401906585600 76
301285358178537473 76
301285769228713985 5
301285895049457666 5
301286276743716865 5
301286486463090688 57
301286851363356672 5
301286926852448256 76
301287522460389376 13
301288290001240065 76
301289430881292290 76
301290059993346048 5
301290529767968768 5
301291028881739776 5
301291238592761856 76
301292136190603264 5
301292236845481984 76
301292412997890048 76
301292501090856963 76
301292765344591872 76
301292777935863808 76
301293692260593664 76
301293704864477184 5
301293721620713472 5
301293990051995648 76
301294006833410048 76
301294405288075266 76
301294459830824960 76
301295617441927168 76
301296217265164288 76
301296728936701952 5
301298113073778689 76
301298377327525888 5
301300159898345472 5
301301028110864384 5
301301292352040960 76
301301749514379264 76
301302965891907584 76
301303024586985473 76
301303095915339776 63
301304337433493504 76
301304526173007872 76
301304706502905856 76
301305000099971072 76
301305130127605760 76
301305453114175491 76
301305708949950464 76
301305855746383873 76
301306325537796097 76
301306371662548992 69
301306430378614784 63
301306887549382656 5
301307097281347584 21
301307344724316160 76
301307814490550272 63
301308460438548480 69
301308833723187200 76
301310331064565760 76
301310343655849984 76
301310389784825856 63
301310448509276162 57
301310515618119680 5
301310637244551168 76
301310725354319872 5
301311446766202881 76
301311564185747457 5
301311589389303809 76
301312461766791168 76
301312482776055808 2
301313598456750080 76
301314089190318080 76
301314139526144001 76
301314919666708480 76
301315569754443776 45
301315628487303169 25
301316169531543553 76
301316211478769664 76
301316219879948291 76
301316819661225984 76
301317490758262784 76
301317553660256257 63
301319004889427968 76
301319063634862080 76
301319285928779776 76
301319390777987072 76
301319441118019584 25
301319558550155265 76
301320095425236993 5
301320170914328576 45
301320657466187776 76
301321852826030080 57
301321869620043776 5
301322209346072576 76
301322452598927360 76
301322742043643905 76
301322742043664384 67
301322888823312385 5
301323123721113603 76
301323161465671681 76
301323627041804288 76
301324650447773696 76
301325044678811648 76
301325317316939776 48
301325724172832769 63
301326055531241472 63
301327494164914176 76
301327544488177664 76
301328404324679680 76
301328643395825664 5
301329209647845376 76
301329591308521473 76
301329712943357952 76
301329842970955777 76
301330090439102464 76
301330149155164160 76
301331080294854656 65
301331143234576384 76
301331260645707777 5
301331914969718784 5
301331990479773696 5
301332388917690369 76
301332544123715585 76
301333135524786176 5
301334452502659072 76
301334691590586368 76
301335165546946560 76
301335496901132289 76
301336004395155457 76
301336520311308288 76
301336918786985984 76
301337086542348288 76
301337405296893953 76
301338210620022784 57
301338701341028353 29
301338982376169472 76
301339007529385985 64
301339083022688256 76
301339091411296256 76
301339510866866177 76
301339632472301568 76
301340106437046272 57
301340198720110592 76
301340672672284672 76
301340999815397376 63
301341062763536386 76
301341180166283264 76
301341637358010368 76
301342656578064386 5
301342685938192384 5
301342954382053376 67
301343084392890368 76
301343604503351296 5
301344032305594369 76
301344078468100096 66
301344225264549889 76
301344254595305474 5
301344489505710080 76
301344887947800576 76
301345059918467072 26
301345236070846465 76
301345298981195776 76
301345303167123456 76
301345806487801856 69
301346032984412161 76
301346284651044864 76
301346636968370176 76
301346800563011584 76
301347538731151360 76
301347693945561088 76
301347765248724992 76
301347891077857280 76
301348461494800384 76
301348654445391872 76
301348717330591744 76
301349258416758784 76
301349417817079808 69
301349568791076864 76
301350063714738176 69
301350147596636160 23
301350751576399873 76
301351129059557376 5
301351523349327872 69
301351561081286656 76
301351829529300994 76
301352009859231744 76
301352991330549760 76
301353079444492288 76
301353104589340672 76
301353398199001089 69
301353477899165696 76
301353549172973568 76
301353725354729472 76
301353767310344193 76
301353989583282176 17
301354115433373697 76
301354287399829504 26
301354564211335168 5
301354815877947392 76
301355990262108160 10
301356829122912256 76
301357839966949376 69
301358250987757570 76
301358590751551488 76
301358796280852481 76
301358829818490880 76
301359005991858176 76
301359219876192257 57
301359333147566080 76
301359500919701504 76
301359547052875777 76
301360784355762177 76
301360947941998593 76
301361057010683904 76
301361090552528896 76
301361291858149376 76
301361358992179200 76
301361488998854656 69
301361572872347648 5
301361681945198592 76
301361694519750657 57
301361929413337090 76
301362072032251905 76
301362101379813376 63
301362235597549568 76
301363070272417792 76
301363279962439680 76
301363456131612674 5
301363531629068288 76
301364047528472576 5
301364097872695297 5
301364265632280576 69
301364274041847808 76
301365272248479747 76
301365498749276160 74
301365574259331072 76
301365930754203650 76
301366111147028480 76
301366438281752576 76
301366664765796353 76
301367008694525952 76
301367168090656768 76
301367264576425984 76
301367780463214593 5
301368069866008576 76
301368212468154369 69
301368552202575873 76
301368665473970177 63
301368711598710785 69
301369042940338176 76
301369219092713472 5
301369273631272961 5
301369357504761856 76
301369378497241088 69
301369521116176384 76
301369718214901761 76
301369936343859201 76
301370506752430080 69
301371358187769856 76
301371454656757761 76
301371517604872192 76
301371567915532289 76
301371827958206464 76
301372276769714176 5
301372314510041089 76
301372360626405376 76
301373069463789568 76
301373472146333696 76
301373644079247360 50
301373778330525696 76
301373887361474560 76
301373992206487553 76
301374084493758464 76
301374105477869570 76
301374784955117568 76
301374944313487361 76
301375527325945856 76
301375795773988864 76
301375812551200768 76
301375867093921792 76
301375921603100672 76
301376382976536577 76
301376877904420865 76
301376945009078272 76
301376999543435264 76
301377326686547968 6
301377339261063169 5
301377502843109377 76
301377519624544256 76
301377553170587648 76
301377985209057280 76
301378144600997888 76
301378740196360193 76
301379029569769472 76
301379197367099392 76
301379314795028480 76
301379314816004096 63
301379323175260160 76
301379730018553856 76
301380128494194689 76
301381458088570880 67
301381692986380289 76
301382632476930048 76
301383005799329793 76
301384482177568768 76
301384746401923072 69
301384830288031744 76
301384859685892097 76
301384981287141376 76
301384989705113601 76
301385170047602689 63
301385170051805184 5
301385279116296192 76
301385774010617856 5
301385803391696896 76
301385828557533184 5
301386398966108160 5
301386684182953984 76
301387032331177984 76
301387229463453696 69
301389142057697280 76
301389632782872576 76
301389880234225664 76
301390249328799744 69
301390408733298688 76
301390626828734464 76
301390681363079170 76
301390685569949698 76
301390790406569984 76
301390886883950592 76
301391222419910657 74
301391486652657664 76
301391784477589505 76
301392082239639552 76
301392094856089601 76
301393181168259073 76
301393294393487361 76
301393327973093377 76
301393520894300160 76
301394150039908352 76
301394447856455682 76
301394980512096256 15
301395190227275776 5
301395676762349568 76
301395790033723392 76
301395840365375490 76
301395890697023488 12
301395903279927297 76
301396092023611392 5
301396188484235265 76
301396305916350465 69
