298913684791640064 117
298913798037860352 66
298914439791521792 66
298916314641211392 126
298916906025488384 117
298918432773111809 66
298918483096391681 118
298918495670919169 66
298918600524300288 14
298918676021796864 118
298920106296221696 126
298920701853847554 13
298921624617488384 117
298921632989343744 50
298921708490997761 66
298922379583827968 66
298923017147400192 66
298923067466448897 66
298923281371762688 50
298923742753587201 66
298923977643016192 66
298924535456096257 66
298924539675566080 7
298927429534228480 66
298929124033036288 14
298929480548888578 50
298930910793981953 117
298930982097141760 23
298931888091963393 66
298932315902586881 66
298933167346311168 66
298933523853754368 126
298933825852026881 50
298935277081198592 123
298935495180840960 123
298935717487325184 4
298937126756691969 66
298938557010165761 123
298938607358586881 66
298939114877755392 50
298942856180142080 14
298942856180142081 66
298943493726941184 66
298945414705606656 126
298945536352976897 50
298947134395408384 50
298949529309417474 66
298949600641941504 66
298949814538883073 66
298950754067156992 67
298952142394372096 121
298954042380537856 118
298955506205208576 66
298955715912036352 66
298957347492093953 118
298957758567424000 66
298958324773289984 13
298959276901277696 14
298961936090005505 117
298962661683642368 66
298964012257910786 50
298964058412032002 50
298964486193307648 4
298967598387826689 13
298968881832275968 66
298971532644995073 66
298971901726973953 66
298972040139005952 66
298972400882708481 61
298975118762336256 50
298975311712903168 144
298975500456570880 120
298977396265189376 61
298978541335367680 50
298979585700270081 61
298980969828982784 50
298980969837391872 126
298980986597814274 17
298981317956218880 126
298981527688212480 149
298982379115147264 50
298982479778422785 66
298982978879635457 50
298985222836453376 66
298987181572235264 144
298990142755053569 66
298992239919628288 66
298992596418715648 120
298992940360011777 61
298993926050824192 61
298994609701392384 50
298994999784243200 13
298996069302407168 117
298996073509302272 117
298999210848694273 117
298999856796680193 46
298999923871989760 46
299000309752135680 117
299000968262082560 66
299003346445037568 117
299003887514431488 46
299007771423170560 66
299008782254616576 14
299010699034771457 66
299011378516201472 50
299012519362715649 126
299014071280357376 4
299015291827003392 46
299015350526304257 117
299015509926617090 117
299015577014517760 126
299016877261336576 119
299016894059540481 50
299017837752770560 46
299019179921653761 66
299020882821664768 66
299027203658760192 10
299032178086535168 4
299032392012800000 117
299033218252959744 50
299036007465095168 39
299037139939762177 66
299038297559293954 117
299039727825346560 4
299039790748295169 4
299039807512907776 4
299041741103845376 117
299042328281247745 126
299042512851570688 123
299044857484288000 66
299045771809009664 5
299046405144731648 7
299046530978029568 61
299049022398795777 0
299049265672630272 61
299051434119413760 4
299051610292768768 50
299052897965064192 4
299054588261171200 66
299056345682964481 46
299056404399005696 61
299056521831137281 66
299056588927418368 117
299059940201492481 66
299060758061408256 66
299062372893609984 117
299064390320287744 117
299065854140743680 66
299067749970362368 66
299068307800223744 66
299070593733623808 4
299079309497356288 66
299080454529765376 46
299082677515075584 117
299084371988725760 66
299085303136808960 66
299087140241948673 66
299087626777022464 66
299088474022219777 5
299089820385431553 61
299090558620688384 173
299091103855046657 66
299091703632101376 66
299093238764171264 6
299093742080626688 66
299093939196141569 117
299094392201957377 117
299096879420018688 66
299097022034767873 66
299097122693853184 66
299098682958159873 14
299099123389448192 46
299099622486462464 4
299101337973571584 50
299104596939374593 126
299107717501562880 46
299110640918872064 61
299113207858085889 50
299114067673620480 14
299115523109691393 39
299116114506551297 66
299119163769774082 20
299122015871311873 122
299126885487611904 66
299128076657364995 66
299130136056442880 66
299130631001079808 66
299130819736371200 61
299130953954099200 123
299134183547224064 4
299134569452556288 14
299134586192027648 16
299134611391401984 66
299135127290785793 66
299138424009527296 117
299141246776119297 50
299141498442768385 66
299141620077588480 123
299146573546405888 66
299147303355285504 66
299147638882832384 66
299147735335063552 66
299150650409902080 66
299151883501723649 3
299153116631269376 121
299156438528450560 4
299156526613032962 119
299157013160685568 16
299157025726812161 49
299158674100854786 50
299158833484402688 117
299160347623948289 117
299162285384011777 61
299162314739953665 61
299162692252479489 13
299163040354553857 148
299163216515309568 126
299164223152480256 148
299166118977880064 61
299166148363157504 66
299166366454398977 50
299166722957639680 46
299166760706379776 4
299167960294096896 61
299170132951977984 4
299170141323792385 4
299170258772717569 4
299171114410729472 13
299172259468288001 66
299172880208510976 117
299174151091007489 117
299176625734565888 1
299177246462193664 50
299177552675749888 4
299179226190471168 121
299181289804800000 61
299181923144704002 126
299182208332214273 4
299183118483603456 61
299186373280284673 23
299187279266713602 50
299188260712886273 61
299188545938137089 61
299188944371863552 13
299190915728289794 117
299192719258054656 126
299193008665026560 9
299193050629029888 117
299194417946963968 61
299195588178767872 9
299197450428768256 39
299199916696297474 117
299200713605664768 67
299201451803176962 9
299202911412555776 16
299203980989456384 61
299204022915702784 118
299205205726216192 119
299209400030220289 9
299210251469725696 66
299211811738243072 4
299211828498673664 9
299212428309299200 61
299212663169372161 61
299212877095632897 61
299213380403744769 61
299213833392779264 61
299214168941273088 126
299215578231607297 14
299215641137795072 4
299215964078223361 123
299216089919922177 66
299217167872827393 66
299218098999934977 67
299218551980568577 23
299218849797136385 3
299219411796111360 122
299219806081650691 149
299220091294347264 123
299220812727214081 119
299221592838393856 46
299222519787970562 66
299223337677250560 16
299225292235489280 9
299226076574527488 13
299228458914037760 118
299228760908120064 117
299230010835881984 50
299230618988969985 173
299231759856459777 117
299231982154571777 50
299231998915010561 61
299232212816101376 126
299232506413211648 50
299233387254804480 13
299233521472532481 61
299234221921284096 117
299234695860875264 61
299235144651374592 67
299235224334774272 121
299235287274491904 120
299236121920016385 67
299236436484448256 39
299237015310987264 117
299238298776379393 67
299241322865381377 50
299241780052901888 66
299243805868175360 117
299245831733780481 23
299245861098106880 20
299248084062457856 39
299248277029793792 20
299248432214851585 49
299248788705517568 61
299248885199687680 119
299249799545372673 20
299250193809956867 119
299250323850158080 117
299250802000789504 121
299252123206553600 126
299253985464971264 16
299254237135781888 49
299254555894480896 16
299254723641495552 67
299254878830747649 20
299256539800301569 20
299256980189626370 13
299257168933298176 9
299257454154358785 117
299258066539540480 148
299258817315741696 117
299259454820610049 4
299260411126091778 20
299261216449245184 23
299262839628128257 66
299263288418635776 50
299264135672250369 23
299265381405700096 23
299266157339365376 148
299266417361051648 47
299268883636969472 20
299269340799307777 4
299269835739770880 20
299273933553823744 20
299275556753653760 119
299275883913560065 117
299276139761897472 16
299276668240015363 126
299277104447647745 66
299277465170366465 4
299277758796816384 48
299278274691997696 20
299279600058507264 7
299279612662403072 7
299281059701473281 14
299281957295112192 14
299282007605784577 119
299282380907225089 126
299283312021733378 4
299283790180790273 50
299287246295683073 119
299287325979054080 20
299287871242776577 117
299290433945747458 46
299290782072971265 20
299293500011343872 67
299294213026226176 23
299295307764748288 119
299296834462023680 66
299297446834622464 119
299298528969240577 61
299298633831034880 6
299299992777146368 121
299300215079448576 46
299300663861575680 6
299300949095235585 144
299300986848165888 16
299301297201483776 47
299301452394950657 46
299301972505403394 6
299304157712629761 6
299306858865373184 67
299307035034525696 47
299309098627891201 47
299310432408182784 3
299310948320178178 119
299312466645643265 47
299315671098093568 7
299316199571980288 144
299316199580368896 144
299316472184971264 20
299316602225188864 61
299316975501451265 47
299317373981306880 121
299318552584921088 47
299320070910394368 122
299320603591180288 23
299320972706734080 144
299322126119346177 122
299325120873390080 117
299325913580044288 49
299326131667099648 46
299326718869647360 46
299327192842776576 23
299327201231380481 46
299327402562183168 13
299327763280707584 47
299330518909083648 47
299331429081427968 117
299331949196091392 0
299332267942232066 123
299332737725259776 47
299334390289424384 47
299334599996227584 50
299334801306025984 47
299334901960933376 118
299335313023709184 12
299337464705855488 47
299338001547423744 47
299338983027126272 23
299339238875484160 23
299341302485635072 20
299343068283428864 47
299343252828594177 123
299343638704582657 121
299343705800855552 46
299343831650934784 47
299345517740183552 10
299346444719108096 15
299347845578895361 80
299349535900192769 15
299350714520580098 16
299351066837929984 15
299353432408596480 117
299353440793001986 117
299354288067592192 47
299354564891660289 117
299355055625211905 119
299355097543110656 66
299355290481074176 119
299355575693754369 46
299356926280597504 47
299357521859182592 46
299358142603616257 67
299358289404256256 117
299359107301908480 50
299359916794195968 23
299360642421366784 119
299363838489399296 47
299364178198663168 47
299369911849992192 47
299370297721774081 47
299371442762563585 117
299371874750693376 119
299372059304284161 126
299372562612359169 46
299373556674994177 47
299374416498921472 117
299374424921088001 4
299375452492013568 46
299376983438131201 120
299377272824147968 61
299378782781972482 50
299379051225829376 47
299382037570281473 47
299383694311976962 6
299384197628456961 47
299386345116286977 46
299389411148324864 126
299389897683369985 47
299395845223227392 14
299396763750629376 47
299398458262028288 47
299401700471623680 49
299406234510032896 50
299408742678675458 47
299409891926343680 47
299410776937078786 47
299412270113492993 47
299412655964307456 47
299415768137871360 47
299416103698964480 47
299416799966019585 47
299416829330341888 47
299417487823470592 119
299417953399619585 47
299419043897679872 47
299419735949455360 47
299426560082063360 47
299427411534176256 50
299428745335435264 61
299428774708142081 50
299429131198808065 47
299434940314054656 47
299436131487977472 47
299437775680311297 47
299439025591308288 122
299445526737334272 50
299449842667761664 4
299451193267208192 47
299455601480695808 0
299457019130290176 47
299458378088996864 47
299459313427161088 47
299462530458349568 4
299463826489896960 47
299464195605405696 19
299464438845693952 126
299465793639432195 47
299470684160139264 148
299470805794975744 148
299471690805690368 47
299472584209203201 23
299474350019588096 20
299475889316564992 6
299480419160711168 46
299482797326860288 117
299484584121335808 20
299487725634080768 20
299488145077047296 66
299489487250145280 118
299490204463534080 119
299490519032135680 4
299493350208315392 20
299494071632805889 122
299495761933135872 4
299497796141203456 4
299500266603024388 121
299500514062766080 126
299500572791435265 66
299500740559388672 23
299512396534382592 46
299515617772441601 121
299515949101510658 118
299519476498567168 120
299521200391081984 121
299521233920352259 61
299521917617057792 126
299521921798787072 118
299525189165789184 46
299526992695545856 46
299528196460797952 61
299528532034453504 119
299530138448715777 119
299532000728068096 23
299532504015179777 23
299534504698200064 149
299538086629609473 49
299539214922571777 23
299539349123526656 46
299539403657863168 4
299540745826750465 119
299540984927227904 46
299541253341728771 23
299542423569321984 118
299550447268683776 19
299551189643714560 20
299554167595352064 23
299554171789647872 23
299554486383427584 6
299557376229523456 23
299558064133140481 16
299558550659792896 9
299558789739319296 46
299559993496186881 126
299560207405707264 23
299562564604555265 117
299562719810572288 23
299562883354861568 6
299563701248339969 126
299563759997968387 46
299564623986835456 23
299564733063888896 16
299564938593177601 46
299566725366697984 122
299566733730136064 20
299568268862189568 121
299568390492798977 117
299569707487477760 19
299570386994094080 126
299572354110091264 117
299574614844137472 117
299574803600404480 49
299575512429387777 120
299576749740675072 46
299578574258720768 23
299579664794529792 119
299580608483586048 23
299583636804628480 144
299583955563323394 120
299584349811126272 23
299585239020355584 118
299589705933156352 126
299590163141636096 119
299591555621199872 118
299591983436021760 67
299592109294501888 23
299592251879866368 0
299592960734003200 0
299594508436402178 61
299598866293071872 118
299600560796086272 23
299601227682041856 46
299604595712335872 9
299604855767592960 46
299607414288826368 23
299608643215712256 66
299609561759899648 23
299609788260696064 126
299611931541663744 118
299615094063632385 23
299617015050694657 23
299619422589554688 23
299620651533221888 67
299621393904066560 66
299621876244832257 23
299622278889619456 23
299624111829831683 23
299625382678769664 23
299626066367090689 23
299626594861998080 23
299628331270291456 13
299628641686536192 16
299628817817931776 23
299629950305198080 117
299630797521039360 20
299631342809919489 23
299632001311457281 4
299637026075054080 120
299639219687653376 13
299639471341719552 23
299639475565391872 23
299639731396964352 23
299640616386695168 119
299641123897503744 23
299641421705641987 6
299642315113373696 122
299644487729299456 23
299646052225675265 6
299648333939617793 117
299648455566053376 23
299648619143892993 23
299649709675524097 14
299650225553960961 119
299651852943892481 3
299653102833893376 120
299653341938589696 23
299653539054112768 120
299657087418499072 120
299658467344523264 126
299659415286583296 9
299660371566923777 13
299660396728573952 13
299663093674426370 13
299663647335133187 120
299663924150812672 120
299665757061652480 23
299667543851925504 144
299667954885349376 23
299669003465547776 23
299670232371441666 23
299673373905137664 49
299674166624411649 23
299675248792571906 20
299675840176865280 118
299678218334662656 23
299682068701523968 4
299682555240792064 6
299682605589225472 118
299683821912195072 23
299684178449035264 117
299684199399559169 23
299684694327439360 23
299686523073355776 23
299686581764255744 23
299688074957430784 10
299688532119781376 119
299689022853365760 7
299693288481517568 13
299693573677383684 23
299693951164755969 23
299694047663116288 23
299694865544011776 23
299695104606756865 23
299695696016191488 23
299697176576139264 23
299697885451280385 23
299700028723847168 23
299700490093096960 46
299702486594363392 23
299702494974599170 23
299703631639371777 23
299704147547144192 23
299704650838446080 23
299707817558941696 19
299708509598142466 23
299708580909678593 23
299710258639683585 120
299710652874911744 120
299710678070083585 23
299712594875387904 119
299713647633108992 23
299714318700797952 23
299715472130199554 126
299716835308363776 118
299717682557751296 117
299719007957815298 23
299721075741302784 23
299722619228397570 23
299725819499134978 23
299726188614647808 120
299726809367453696 17
299729040724615168 23
299729149759741952 23
299731431465287680 23
299732559737282562 122
299732803006910466 48
299732865942429697 123
299735852274298881 118
299738305933750273 120
299739312591863808 126
299744198930882560 23
299744630931599360 118
299750708503277569 23
299754139452309505 23
299755041219301376 23
299760346992877568 23
299762897146482689 120
299764235137851393 117
299768853066551296 23
299773408076496896 118
299779737281236992 23
299784707518898176 4
299786729190219776 126
299797571470254080 120
299798175424847872 66
299798720675991552 3
299799475667468288 118
299805058273513472 49
299808745062539264 121
299809030275203072 17
299811093872791552 121
299813312676376576 61
299816752009850881 4
299824339509997568 119
299828261167452161 0
299832086364299264 4
299832203809013760 121
299832614871785472 121
299834443571552256 117
299835089519529984 120
299835802555412480 61
299839434818457600 16
299843008361295873 144
299843989836795904 121
299850360951021569 46
299852902716022785 121
299855775801683968 121
299858606965268480 23
299859022205575169 67
299859655537094657 23
299860062384562177 23
299863975695355905 67
299864931967311873 23
299865242358403072 23
299865963778691072 23
299866454499655680 10
299868664902062080 23
299871265378951168 46
299871777088212992 120
299872603370311680 23
299873886802157568 173
299874054599495681 117
299876055269920768 67
299880308277399552 126
299882334130409472 23
299883860873854976 144
299885542798155778 23
299886780113645568 148
299887199518863361 61
299889149870215168 23
299889720320720896 23
299890030711824385 23
299890236224307200 120
299890441741017088 23
299891628703879168 23
299891683246632960 23
299892123669508096 23
299892970918907904 126
299893000279052288 0
299893189005950976 23
299894359220969473 23
299894434697469953 23
299894535377522688 23
299894640239341570 120
299895953031323648 23
299897249100619777 117
299897706271363073 8
299897848886067202 118
299898561921970177 23
299899061039947776 14
299900101227339777 118
299900910736404480 13
299902072529223682 23
299902424875950080 23
299904094204723200 23
299904341656088577 14
299904635253161984 120
299904681411477504 120
299906271027539968 61
299906824705028096 23
299908494025437184 120
299908544331931649 23
299909068636700673 120
299910385648168960 23
299913065812619264 23
299914802237681666 120
299914827411910656 120
299915469148786690 23
299916723254091776 0
299916765188734978 120
299916928754003968 126
299917352387092480 126
299917423673499648 0
299917775995031552 120
299917939589672961 119
299918270935482368 121
299919466299523072 23
299920812671115264 15
299921366352789504 120
299924159742476289 23
299925543846047745 120
299926043005960192 126
299926500172513280 120
299926797963907072 23
299926999286304771 120
299928442114301952 120
299928823808524291 120
299928911909892097 23
299931067748589568 120
299931424285413376 23
299932833558962177 23
299934129594720257 67
299934666461437952 120
299934754566987776 23
299936868483624960 121
299939485720907776 23
299939976475447296 144
299940056142073858 23
299940391719956480 23
299941238956765184 123
299941939413921792 7
299944690864754688 23
299945122873876480 120
299945756197015553 121
299945848475897856 120
299946376970788865 120
299947048071991296 23
299947970793717760 118
299948130210807808 23
299948855808651265 120
299950105690259456 17
299950160220397568 19
299951003300667392 23
299951431090323456 23
299951737299664898 23
299953763161100289 23
299954388108210177 49
299954895614787585 117
299955872862457859 67
299956963381506048 23
299957043090034688 67
299957563183755264 120
299957584138481664 23
299957680632647680 67
299957684831154177 120
299958498521919488 119
299958506881183744 23
299958636908802049 39
299958934733746177 23
299960037827309568 16
299961698780082176 120
299962571191103488 23
299962810258051072 46
299963271618895872 120
299963808506605570 117
299966593528627201 9
299969542111780865 126
299972536828043264 121
299972868186460161 23
299975103754682368 23
299976122991534081 23
299977070891646976 50
299977729405763584 23
299977859412418562 23
299977934935060480 121
299980371813101568 23
299980384375033856 120
299980506030817280 23
299980543758585856 120
299980556349865984 120
299981034517303297 16
299981240046587904 120
299981516853899264 16
299981869179604992 23
299982544470933505 23
299982825480912897 23
299983685292269569 23
299983974720233472 23
299984897458724865 49
299985677586677760 120
299985803449344001 120
299985807610093568 23
299986155754110977 118
299986159956811776 120
299986495488536577 23
299987946738688000 80
299987997070348288 117
299988668158988288 3
299988726845693952 126
299989171462881280 120
299990505255735296 23
299991264399609856 23
299991696438083584 23
299992292012462080 120
299992392679952384 23
299993193800413184 23
299993328026525697 6
299993378341388288 23
299993470607687680 46
299994833785864192 23
299995915899510784 23
300000462541819906 126
300001477534048256 23
300001687270211584 23
300001796292759553 67
300002014396567552 23
300002479985270784 23
300002484187967489 23
300003310474252288 120
300003339834363904 23
300004212216041472 46
300004409365131264 120
300004430349217793 23
300004669424562176 120
300004723916951552 23
300004736537604099 23
300006787531280384 61
300006955290853376 23
300007429255593985 67
300007823536947200 61
300009358660628481 144
300010944082350080 23
300011816501788672 120
300012684743700480 23
300013083185786880 120
300014081442717696 120
300014404395732992 50
300015394243112960 123
300015473926492160 23
300016941932879872 126
300017667568439296 23
300018061828825088 67
300018313478688768 23
300019697611579392 23
300020272239624194 19
300022155452760064 23
300022344196452354 23
300022407127764992 67
300023103365476352 144
300023459910676481 23
300024235840114688 118
300024705581215746 118
300025011782184960 120
300025603191631872 144
300028325303304193 23
300028845392814080 126
300030049137078273 120
300030804120186880 123
300031122874699777 23
300031181586587649 120
300033970815524865 61
300034507678040064 120
300034994238271489 23
300035015184629761 120
300035845652631552 120
300038416781959169 120
300039532483579904 23
300039809278291969 120
300042011300478977 23
300044460753043456 50
300049007407939584 120
300049699463917570 120
300051922449231872 23
300055470801047552 23
300059430224019456 120
300060910813327360 23
300062232040062977 23
300064157242376192 118
300064861868675072 23
300065436475727872 23
300069995709333505 23
300071606313701376 16
300072583582318592 23
300074265481445376 7
300075460870672385 118
300077457359376385 23
300077843226980352 117
300078547886809089 120
300078635971395584 14
300081504871133184 10
300082289218555908 23
300082893173166080 23
300083916579147776 23
300084730303488000 16
300084935799238656 120
300085036458319873 23
300085149712928768 13
300086424798101504 117
300086588354994176 23
300088735855411200 23
300088920375427072 23
300090203840864257 123
300091793490468867 50
300099393577684992 19
300100177891557376 23
300100207247499265 120
300100282753368064 23
300102090519367680 67
300105752129961984 120
300110617514233856 120
300118867714392065 117
300120381858148353 120
300120679662116864 123
300122931999154176 13
300122961363496961 118
300124349682311168 23
300129579970998272 50
300134428586430464 117
300136383123701760 46
300141542121816064 10
300145518326206465 120
300151851721035776 19
300161465074216960 61
300170411524620288 61
300172181508354048 120
300174710690435072 13
300180846936211456 144
300189923435216896 66
300193719263563776 13
300194092560834560 8
300195904512724992 15
300208122520289280 120
300208458072997889 67
300215953269084160 61
300220487324278784 144
300221854667399169 120
300223654028001280 120
300225075880267777 120
300226124468854785 120
300226413880033281 20
300227403739971584 120
300230469772009472 120
300234617938653184 23
300235725213954048 120
300239068082630656 23
300240011809402880 16
300240263459270656 120
300242520003186688 23
300243153359867906 23
300243602133622784 120
300243711193923586 120
300243837031432192 120
300243975405715456 120
300250325611335680 16
300251382571757569 120
300253785907929088 61
300255560090136576 120
300257548194443264 120
300260631024648194 120
300261268542070785 123
300262048674234369 23
300262170321637377 16
300262468121403392 120
300263587979616256 67
300263759954468865 14
300264783385616385 120
300265005683720192 120
300266196828299264 120
300266662404423680 120
300267702604414976 120
300269124473462784 23
300269996897095680 23
300270068208660481 120
300272987410673664 120
300273000014557187 119
300274220557037568 23
300274514149920768 118
300275101369262081 120
300275386577743876 120
300275785028206592 120
300276477071601664 120
300277932528640001 120
300279467618742273 47
300280717538127872 23
300282261046169600 120
300282793697611777 120
300282823070343170 120
300282974048485377 23
300282995015831552 23
300287269024169984 120
300287529062641664 23
300288183369887745 120
300289672356167682 119
300292134408441856 120
300292646126116864 120
300292943913308160 120
300296869773471744 23
300298321027809280 120
300298652382015488 23
300301181555703808 23
300302330757267456 118
300302913769730050 120
300303551312302080 4
300305329709785088 117
300306856444833792 120
300308236345700352 120
300308362195775488 120
300309037482921986 123
300310631314227200 13
300312388702461953 120
300312405492252672 123
300312418079363072 120
300312782983794689 120
300315182104727552 67
300317153461157888 120
300318696965017601 126
300320513098670080 6
300320857010622466 120
300323205812461568 67
300323407147442177 16
300326921995182080 23
300329438544015360 80
300331107885408257 19
300331393119055872 61
300331955151589376 120
300332701741899779 23
300333901300260865 61
300337248367419392 120
300338636665282560 117
300341845320429568 120
300342256370585600 120
300343363654283265 118
300344668061855745 120
300347268551278593 120
300348493279686657 120
300349772554960897 120
300350611419963392 117
300352243004239872 66
300353161535832064 17
300357854957821953 120
300363152363773952 120
300367166316871681 23
300368936321572864 23
300369452233547776 118
300369938772811776 123
300370270093451264 126
300373067727765505 4
300380885910421505 126
300390130122891264 23
300392600588922880 23
300392659296608256 117
300393414271332352 120
300394920026464256 119
300394982936825857 9
300395930866311168 120
300396903940624384 118
300397151400374272 23
300402167813120001 120
300402687890051072 20
300408836718735360 126
300409444926377984 120
300417984499970050 46
300424997384646656 46
300425123205378048 120
300428625465995264 144
300436485574885376 118
300441669743017984 149
300445314597412864 17
300446782620577792 23
300448711987822593 17
300455699677339649 117
300481482076610560 23
300486947258896384 120
300491527443058688 19
300498179609214976 121
300512524116299776 144
300516345131458561 0
300519012700418048 9
300524394005012480 118
300527095124226049 9
300536465224519680 118
300548393820889088 9
300550709059919872 120
300551380152770560 13
300552114151776256 117
300559101874823168 120
300560171434930176 117
300562268574339072 9
300562381803753472 23
300563916944179202 119
300575988142727168 121
300577863004983296 119
300581839201001472 17
300589548323352576 117
300595701384093696 126
300598054359277568 118
300598771581059072 46
300602110259630080 120
300607135056797697 118
300612155621904384 123
300612214354767872 126
300624386224955392 20
300624684007960576 20
300624751129419778 120
300625782936576000 20
300626454021029888 20
300626659529338885 20
300627594875895809 20
300627984921014273 20
300628488262676482 20
300628966375563265 118
300630069481717761 46
300630077878714369 46
300631675929522176 120
300632418300346368 20
300633743717199875 120
300635056504975361 20
300636138656387073 46
300636734239145984 123
300637413708034052 20
300638168695324675 9
300638814601371649 119
300638877524303872 20
300639498285510656 117
300640026771984385 20
300640282611945474 20
300640320373276672 20
300640328745111552 20
300640593003020288 20
300641100526403584 20
300641478013759489 46
300641628996124673 20
300642581086359552 20
300644057506533377 20
300646582473330688 120
300647006085455872 120
300647534584541185 20
300649375892381699 20
300649631711363072 120
300649791115894786 20
300649984049684481 20
300650252485152770 121
300650395108253696 20
300650789377015809 120
300653087847231489 20
300653113021440000 119
300653431759192064 67
300654119646031873 9
300657340863086592 20
300659022758035456 3
300661979775909888 20
300662520824344576 49
300662915072151554 17
300667004547919872 122
300669898596691969 119
300672268370063360 20
300673904186380289 144
300674080313573376 117
300674206159470592 123
300674646540443649 119
300675393134948354 20
300678543048839170 20
300678589194579969 20
300681000936144896 61
300682829656883201 20
300684192780541953 173
300686147342966784 126
300686516454293504 20
300686977810968576 20
300687086883835905 20
300688131265552384 20
300692593988235266 20
300694326214815745 20
300695811019395075 20
300696209461501953 20
300700819035136001 20
300701087466389504 20
300701666263592960 20
300701674635411459 20
300702408638623744 20
300702731629367298 20
300702966510391297 20
300703700509401089 119
300705617314738176 46
300705717969616896 16
300705847984672770 49
300708901446352896 119
300710625301114880 46
300711829074747393 20
300711833264852992 20
300712965739524098 50
300714073014812672 20
300714572157947905 20
300715696214642688 46
300715733971787776 46
300716333748871169 20
300719152329535488 3
300722348359815168 4
300727729677025284 46
300728526573817856 119
300731890422386688 13
300733702370107393 20
300733916254457856 3
300734713205764097 20
300736873242951681 119
300738152522461184 80
300741432476594177 16
300742908871589888 20
300744607547944961 117
300746302042542080 20
300749779128954881 9
300750131446284288 118
300754036326539264 120
300761288303333376 61
300762085204295680 20
300771778249244674 117
300776048050708480 48
300776144532295680 122
300776165499604992 120
300776173892423680 16
300776220021379073 16
300776240988692480 16
300776257749123072 122
300776261977001985 48
300776266158706688 16
300776350040612865 16
300776408769257472 48
300776551350419456 16
300777138582327297 23
300777339883753473 120
300782029132423168 14
300783220314750978 50
300784226939326465 119
300785862726262787 120
300786085003423744 61
300786588328284160 20
300786932257013760 49
300788324799508480 0
300790212219531264 121
300790287716978688 121
300790799409500160 120
300791726342295552 120
300792728818696194 50
300792791733260289 50
300792863007055872 50
300795237004099586 50
300798672113897473 117
300799418720997377 16
300801205481906176 7
300805240419127297 20
300822466400501760 16
300823108145799170 20
300823787635613696 117
300825360466063361 144
300826115440783360 3
300827872879316992 120
300827960968110080 120
300830783722106880 20
300837037408415744 46
300837880471887872 126
300838903903047681 117
300844704596119552 20
300851176440750080 67
300853063881719808 20
300854791914016768 117
300855165194473472 117
300858017354743808 20
300864757563551744 120
300864975679918080 67
300870499582476289 119
300871984357732352 80
300872273768898560 119
300873066513326080 117
300873406230982657 120
300877172720160768 20
300878871413280769 144
300880901448024065 1
300882931512119296 46
300884353368612864 20
300885926224211969 17
300886911902416896 67
300901134770520064 20
300904691569655808 49
300916427228069889 46
300917110870274049 117
300920000741535744 3
300924488671961088 148
300926019605520384 148
300933498020171776 117
300934458519977985 17
300935163184033792 20
300935238677299200 148
300937142878748672 148
300938833179058177 148
300940150182137857 148
300943119770324992 148
300943950225747968 120
300946479395262464 148
300950178796535808 148
300952678568185857 117
300955971126181888 13
300956885459283970 148
300957191635079168 20
300957317497749504 23
300957783044526080 80
300958106014339072 126
300959548871692288 119
300963042726916097 46
300967597736869888 126
300969480975171584 117
300969854264045569 117
300970747642404864 148
300971372602089472 148
300971678773686272 148
300972073055031296 117
300976397357289473 46
300976426725806080 67
300978892993343488 20
300983141810728960 122
300985515807752193 148
300986413359448064 119
300992658682286080 4
300994198000259072 4
300996362252738560 117
301000543961227264 67
301001206686420993 117
301001340912549889 148
301004054606270465 120
301005791069085696 148
301013282100228096 122
301013546312028162 148
301013563118612480 144
301014066422493184 67
301015068840173568 119
301016100651548674 121
301018281706389504 67
301018415898972161 148
301018478838706176 23
301021117030748160 19
301021209301241858 20
301021624558301185 148
301021674889957376 61
301024170475675649 121
301024531223564288 20
301026397688823808 16
301028931027484672 118
301029165916909568 117
301033934815363072 20
301036023578779649 50
301036845666533376 120
301037772616122369 20
301037961380786179 148
301038192050724864 14
301038535975260160 20
301039546794119168 20
301039773303312384 148
301040729592049664 14
301043049063124993 20
301044017943150592 119
301044185702744064 119
301048417759678464 46
301049164358365185 117
301049969639579648 148
301052666614804480 20
301053065048510464 149
301054612763443200 20
301055107695529984 61
301055829115813888 3
301057678803877889 119
301057808797954048 61
301058677027258369 9
301058886750851072 61
301062724543213568 65
301065815741054976 46
301066637837205504 148
301070567900073985 20
301071159288545281 20
301071884907327488 46
301074544070889473 49
301076267959218177 119
301082026734387200 20
301082345488936960 118
301082404192395267 119
301083201122729984 46
301084300055552001 148
301085398950625280 148
301087630320357377 144
301088611762307072 66
301088762769854465 121
301088884400455681 121
301089496773033985 20
301090557944541184 23
301092407628423168 149
301092743185305600 67
301092797711273985 119
301093024195309571 13
301094907421016064 18
301096274793484288 121
301097801482375168 50
301099349193138176 50
301101190513565696 119
301109608464936960 20
301112548655263744 66
301116050899103744 148
301116587774210048 49
301120597537218561 20
301122124272242688 119
301123105751973888 20
301125546811731969 67
301126733808164864 50
301129254580670465 18
301129531404742656 18
301129544000221184 6
301143087399464960 117
301143259357540353 13
301145100682133504 117
301145968873713665 121
301146442830065665 148
301150070903013376 148
301150679106457600 148
301153304740773889 118
301155632571117569 66
301157952021217280 46
301160774800396288 18
301161445851287552 18
301163970847453184 121
301164658704932864 20
301167359840878592 20
301168202912759810 120
301169477964398592 119
301175626822475777 20
301175966548504580 117
301176318857474049 20
301176771859062785 126
301178013352091649 148
301179129049513984 47
301180546745237505 20
301181150725013506 0
301182924911439872 6
301184250319888384 148
301184627769499648 20
301185735065739264 20
301187471541141504 20
301188373316521984 144
301188713038376960 20
301188721447952384 20
301189241533239296 20
301189270864007168 9
301190025855504384 16
301190730498572289 20
301195813982437376 20
301198657724751872 20
301199790207799296 46
301202608750751744 17
301205385392574466 66
301206769500315648 20
301207306408976384 20
301207457399717888 20
301208661139783680 50
301209214787919872 46
301210477298606081 20
301211592979267584 20
301212196929691650 20
301212880638988288 119
301214126347272192 20
301214562529710080 20
301216047330103298 123
301216588386934784 20
301217645334765568 20
301217678918578177 20
301218039611936768 117
301221483143905280 46
301224062649237505 149
301227007038087168 117
301230333116956672 20
301230849024724992 20
301231411040505856 20
301231738221383681 20
301232023408885760 20
301233021686800384 20
301234032480514048 49
301234703590125568 118
301235303383957505 20
301236653937270785 20
301236893029388288 20
301238142923571200 3
301239317307736065 50
301240089068044288 20
301240932106399744 20
301242777600135168 149
301244937670885376 120
301245537477328896 20
301246695109435392 20
301249920525029377 20
301250683896737793 20
301250864247619584 148
301252248346955777 20
301252458074734592 23
301253401805717504 3
301254928519794688 12
301256966955741185 126
301257977766232064 20
301258015531741185 20
301259177362337792 148
301259663872241666 20
301260171399806976 20
301260326597435392 20
301261912040153091 20
301262562132099073 120
301263593943494656 20
301264470548815872 20
301267289116901376 148
301267977016332289 20
301268195090776065 20
301270124474818561 20
301270682325635073 20
301271374381600768 148
301271890285195264 117
301273563791495168 20
301276596277485568 17
301277351281577984 20
301278236283924481 148
301278383050985472 148
301279070929432577 126
301279356142104577 17
301280517976887297 17
301281851748794368 67
301282061472395265 17
301284028613550080 20
301284401906585600 17
301285358178537473 17
301285769228713985 20
301285895049457666 20
301286276743716865 20
301286486463090688 67
301286851363356672 20
301286926852448256 17
301287522460389376 4
301288290001240065 17
301289430881292290 17
301290059993346048 20
301290529767968768 20
301291028881739776 20
301291238592761856 17
301292136190603264 20
301292236845481984 17
301292412997890048 17
301292501090856963 17
301292765344591872 17
301292777935863808 17
301293692260593664 17
301293704864477184 20
301293721620713472 20
301293990051995648 17
301294006833410048 17
301294405288075266 17
301294459830824960 17
301295617441927168 17
301296217265164288 17
301296728936701952 20
301298113073778689 17
301298377327525888 20
301300159898345472 20
301301028110864384 20
301301292352040960 17
301301749514379264 17
301302965891907584 17
301303024586985473 17
301303095915339776 148
301304337433493504 17
301304526173007872 17
301304706502905856 17
301305000099971072 17
301305130127605760 17
301305453114175491 17
301305708949950464 17
301305855746383873 17
301306325537796097 17
301306371662548992 20
301306430378614784 148
301306887549382656 20
301307097281347584 16
301307344724316160 17
301307814490550272 148
301308460438548480 20
301308833723187200 17
301310331064565760 17
301310343655849984 17
301310389784825856 148
301310448509276162 67
301310515618119680 20
301310637244551168 17
301310725354319872 20
301311446766202881 17
301311564185747457 20
301311589389303809 17
301312461766791168 17
301312482776055808 9
301313598456750080 17
301314089190318080 17
301314139526144001 17
301314919666708480 17
301315569754443776 46
301315628487303169 118
301316169531543553 17
301316211478769664 17
301316219879948291 17
301316819661225984 17
301317490758262784 17
301317553660256257 148
301319004889427968 17
301319063634862080 17
301319285928779776 17
301319390777987072 17
301319441118019584 120
301319558550155265 17
301320095425236993 20
301320170914328576 46
301320657466187776 17
301321852826030080 118
301321869620043776 20
301322209346072576 17
301322452598927360 17
301322742043643905 17
301322742043664384 121
301322888823312385 20
301323123721113603 17
301323161465671681 17
301323627041804288 17
301324650447773696 17
301325044678811648 17
301325317316939776 117
301325724172832769 120
301326055531241472 148
301327494164914176 17
301327544488177664 17
301328404324679680 17
301328643395825664 20
301329209647845376 17
301329591308521473 17
301329712943357952 17
301329842970955777 17
301330090439102464 17
301330149155164160 17
301331080294854656 80
301331143234576384 17
301331260645707777 20
301331914969718784 20
301331990479773696 20
301332388917690369 17
301332544123715585 17
301333135524786176 20
301334452502659072 17
301334691590586368 17
301335165546946560 17
301335496901132289 17
301336004395155457 17
301336520311308288 17
301336918786985984 17
301337086542348288 17
301337405296893953 17
301338210620022784 126
301338701341028353 123
301338982376169472 17
301339007529385985 119
301339083022688256 17
301339091411296256 17
301339510866866177 17
301339632472301568 17
301340106437046272 126
301340198720110592 17
301340672672284672 17
301340999815397376 117
301341062763536386 17
301341180166283264 17
301341637358010368 17
301342656578064386 20
301342685938192384 20
301342954382053376 23
301343084392890368 17
301343604503351296 20
301344032305594369 17
301344078468100096 118
301344225264549889 17
301344254595305474 20
301344489505710080 17
301344887947800576 17
301345059918467072 50
301345236070846465 17
301345298981195776 17
301345303167123456 17
301345806487801856 20
301346032984412161 17
301346284651044864 17
301346636968370176 17
301346800563011584 17
301347538731151360 17
301347693945561088 17
301347765248724992 17
301347891077857280 17
301348461494800384 17
301348654445391872 17
301348717330591744 17
301349258416758784 17
301349417817079808 20
301349568791076864 17
301350063714738176 20
301350147596636160 8
301350751576399873 17
301351129059557376 20
301351523349327872 20
301351561081286656 17
301351829529300994 17
301352009859231744 17
301352991330549760 17
301353079444492288 17
301353104589340672 17
301353398199001089 20
301353477899165696 17
301353549172973568 17
301353725354729472 17
301353767310344193 17
301353989583282176 65
301354115433373697 17
301354287399829504 50
301354564211335168 20
301354815877947392 17
301355990262108160 149
301356829122912256 17
301357839966949376 20
301358250987757570 17
301358590751551488 17
301358796280852481 17
301358829818490880 17
301359005991858176 17
301359219876192257 9
301359333147566080 17
301359500919701504 17
301359547052875777 17
301360784355762177 17
301360947941998593 17
301361057010683904 17
301361090552528896 17
301361291858149376 17
301361358992179200 17
301361488998854656 20
301361572872347648 20
301361681945198592 17
301361694519750657 149
301361929413337090 17
301362072032251905 17
301362101379813376 117
301362235597549568 17
301363070272417792 17
301363279962439680 17
301363456131612674 20
301363531629068288 17
301364047528472576 20
301364097872695297 20
301364265632280576 20
301364274041847808 17
301365272248479747 17
301365498749276160 178
301365574259331072 17
301365930754203650 17
301366111147028480 17
301366438281752576 17
301366664765796353 17
301367008694525952 17
301367168090656768 17
301367264576425984 17
301367780463214593 20
301368069866008576 17
301368212468154369 20
301368552202575873 17
301368665473970177 148
301368711598710785 20
301369042940338176 17
301369219092713472 20
301369273631272961 20
301369357504761856 17
301369378497241088 20
301369521116176384 17
301369718214901761 17
301369936343859201 17
301370506752430080 20
301371358187769856 17
301371454656757761 17
301371517604872192 17
301371567915532289 17
301371827958206464 17
301372276769714176 20
301372314510041089 17
301372360626405376 17
301373069463789568 17
301373472146333696 17
301373644079247360 61
301373778330525696 17
301373887361474560 17
301373992206487553 17
301374084493758464 17
301374105477869570 17
301374784955117568 17
301374944313487361 17
301375527325945856 17
301375795773988864 17
301375812551200768 17
301375867093921792 17
301375921603100672 17
301376382976536577 17
301376877904420865 17
301376945009078272 17
301376999543435264 17
301377326686547968 121
301377339261063169 20
301377502843109377 17
301377519624544256 17
301377553170587648 17
301377985209057280 17
301378144600997888 17
301378740196360193 17
301379029569769472 17
301379197367099392 17
301379314795028480 17
301379314816004096 117
301379323175260160 17
301379730018553856 17
301380128494194689 17
301381458088570880 118
301381692986380289 17
301382632476930048 17
301383005799329793 17
301384482177568768 17
301384746401923072 20
301384830288031744 17
301384859685892097 17
301384981287141376 17
301384989705113601 17
301385170047602689 148
301385170051805184 20
301385279116296192 17
301385774010617856 20
301385803391696896 17
301385828557533184 20
301386398966108160 20
301386684182953984 17
301387032331177984 17
301387229463453696 20
301389142057697280 17
301389632782872576 17
301389880234225664 17
301390249328799744 20
301390408733298688 17
301390626828734464 17
301390681363079170 17
301390685569949698 17
301390790406569984 17
301390886883950592 17
301391222419910657 126
301391486652657664 17
301391784477589505 17
301392082239639552 17
301392094856089601 17
301393181168259073 17
301393294393487361 17
301393327973093377 17
301393520894300160 17
301394150039908352 17
301394447856455682 17
301394980512096256 49
301395190227275776 20
301395676762349568 17
301395790033723392 17
301395840365375490 17
301395890697023488 148
301395903279927297 17
301396092023611392 20
301396188484235265 17
301396305916350465 20
