314766857880092672 0
314767025664831488 0
314779726000558080 0
314784037757648896 0
314784113250942976 0
314784767558164480 0
314794573853499393 0
314799787381772288 0
314808134038327296 0
314808649946132480 0
314811535610499072 0
314813238493736960 0
314813406249119745 0
314818242310987776 0
314819383136505856 0
314823204164227072 0
314825511010447360 0
314825544577470465 0
314828262478082048 0
314831005565456384 0
314837183762677761 0
314846398669524992 0
314847719866920961 0
314848911053434880 0
314848965579382785 0
314850546811035648 0
314853881320443905 0
314855890383687681 0
314856653738631168 0
314857400337326080 0
314858474074931201 0
314861011612073984 0
314863192645959680 0
314864140588048386 0
314865159791341569 0
314868481684283392 0
314869668651347968 0
314871258288386049 0
314880494175154176 0
314881882468794370 0
314883295940849664 0
314887179870539776 0
314893471347527680 0
314899465012121600 0
314900794593906688 0
314904967918006273 0
314905525747855360 0
314913100690231297 0
314915436888219648 0
314916867150073856 0
314925163479199744 0
314934491632238593 0
314937897407094785 0
314946025972441088 0
314952720090005506 0
314953428902227968 0
314955744174804992 0
314959758119550976 0
314962123707002880 0
314967400145645568 0
314968188653821952 0
314971091145723904 0
314977768439959552 0
314978527625748480 0
314980251505659906 0
314984114430304256 0
314986190602379264 0
314986610066329600 0
314989885784199169 0
314993736193040386 0
314996944802025472 0
315000170230210560 0
315002644886343680 0
315007841612214272 0
315012522472243201 0
315019665350991872 0
315020286128971777 0
315029131911888896 0
315033296830607361 0
315034416743325697 0
315035347866238976 0
315035662439022593 0
315035922469122048 0
315037319197515776 0
315037545681526784 0
315037721825533952 0
315037734433599488 0
315037973504729088 0
315038069956956160 0
315038141272698881 0
315038409703960576 0
315038409716535297 0
315038447473676288 0
315038678156201984 0
315039525372047360 0
315039735099846656 0
315039814816780288 0
315040490095517697 0
315040594936332288 0
315040850788876288 0
315041031164944384 0
315041089847427072 0
315041433813938176 0
315041563816386561 0
315041647702450176 0
315042234913406976 0
315042310427664384 0
315042385891557376 0
315042574643630081 0
315042624971083776 0
315042692096741376 0
315042763387322368 0
315042859881488384 0
315043124097462273 0
315043388330242048 0
315043505791717377 0
315043560317652992 0
315043799367839744 0
315044353045303296 0
315044403364388864 0
315044525015961601 0
315044625662484480 0
315044936057753600 0
315045028303077376 0
315045091226030080 0
315045410005725184 0
315045535830650880 0
315045762323083264 0
315046190142074881 0
315046236266831872 0
315046274032357376 0
315046362121117697 0
315046966071549953 0
315047226143547393 0
315047381324419072 0
315047872066379776 0
315047914009415680 0
315048505410465792 0
315048606052794368 0
315049180659867648 0
315049826620416000 0
315050032111964160 0
315050044686491649 0
315050090828013571 0
315050283791183872 0
315050598368149505 0
315050929705598976 0
315051227509579776 0
315051294601658368 0
315051302998659072 0
315051407856263168 0
315051684667723776 0
315051802133417984 0
315052024427339776 0
315052695503384576 0
315052854907920384 0
315053014262108160 0
315053018456403968 0
315053064610525184 0
315053135905312769 0
315053240754511873 0
315053299478978561 0
315053337215119360 0
315054188679811072 0
315054490673897472 0
315054671033151488 0
315054851396603904 0
315055358869659648 0
315055874802585600 0
315057623798009856 0
315057875460435968 0
315058185868288000 0
315058416538230784 0
315058789822902272 0
315059343487807490 0
315059347686313984 0
315060136207069184 0
315060161360302082 0
315060589196111872 0
315060870222839809 0
315061318996598784 0
315061650350813184 0
315062208168095744 0
315062220755177472 0
315062585663844352 0
315062967349682176 0
315063210636095488 0
315063462264975360 0
315063512613400576 0
315064045298388992 0
315064468914728961 0
315064586372009984 0
315064909329215489 0
315065140007546880 0
315066104689078272 0
315066301808783360 0
315066452824690688 0
315066817708163072 0
315066884825432064 0
315067006451859456 0
315067073577508865 0
315067493028868096 0
315067543331164160 0
315067753050558464 0
315068185084841985 0
315068856144130048 0
315068973597212672 0
315069258814087168 0
315069707604606977 0
315069825049321473 0
315069871178276865 0
315071070736621568 0
315071263703986176 0
315071880254062594 0
315072396166053888 0
315072425530388481 0
315072576512724993 0
315072803000942592 0
315073105007616003 0
315073138541088770 0
315073163719495680 0
315074170323079169 0
315074191319760897 0
315074593956184064 0
315074656891703296 0
315074665288724481 0
315074791084285952 0
315074841411723264 0
315076527534514176 0
315076795961597952 0
315076963763113984 0
315076976316645376 0
315077207011762177 0
315077668372631554 0
315077781635600384 0
315077819388542977 0
315077974581972995 0
315078012305547264 0
315078146531684352 0
315078389818064897 0
315078419178192897 0
315078691820535809 0
315079128028160000 0
315079140611084289 0
315079316734095360 0
315079383863930880 0
315079383872331777 0
315079555813634048 0
315079631344635905 0
315079723581591553 0
315080101089927168 0
315080163983511552 0
315080247894757376 0
315080700879581186 0
315080809944064000 0
315081028035305472 0
315081107718696960 0
315081162244632576 0
315081199989182464 0
315082013696737282 0
315082554757771264 0
315082886111981569 0
315082898699075585 0
315084018557280257 0
315084354097397760 0
315085583028477953 0
315086090547650561 0
315086585479720960 0
315086853910982656 0
315086908432736256 0
315087072006397952 0
315087147520651268 0
315087592121065472 0
315087810212282368 0
315088418403135488 0
315088636498554880 0
315089584407056385 0
315089768952246273 0
315089911583748096 0
315089970299797504 0
315090045780500480 0
315090301637238784 0
315090742051753986 0
315090804970487808 0
315090863657189378 0
315091014673125376 0
315091165659664384 0
315091404730814464 0
315091757060734977 0
315092000338751490 0
315092298134323200 0
315092335874686976 0
315092386185351169 0
315092524609986561 0
315092637860372480 0
315092675630084096 0
315093682254655488 0
315093736772235264 0
315093904552775680 0
315094923764445186 0
315094944740155392 0
315095179621195776 0
315095267697389568 0
315095347389153280 0
315095548724146176 0
315095603229097985 0
315095934566551553 0
315096232366313472 0
315096257544744960 0
315096874099015681 0
315097301918035969 0
315097541001768960 0
315097650053648384 0
315097733943947264 0
315098153357541376 0
315099113878331392 0
315099151622868993 0
315100326019600386 0
315100640579829760 0
315100753859575809 0
315101672382803968 0
315102322495733760 0
315102850994798592 0
315103010386751489 0
315103270416834561 0
315103794704838656 0
315103886996287489 0
315103945716551681 0
315104243516334080 0
315104465797672960 0
315104482562306049 0
315104755208826881 0
315104767774978048 0
315104960729731073 0
315105518559563777 0
315105677934747648 0
315106319671640064 0
315106990781259776 0
315107003334791168 0
315107234021511168 0
315107536049143810 0
315108890788380672 0
315109079527849985 0
315109264094031874 0
315109872255520768 0
315110241350066176 0
315110878871707648 0
315111772266827776 0
315111868765175809 0
315113454212096000 0
315113865245507584 0
315113953300738050 0
315114628583653376 0
315114674750386178 0
315114787963023360 0
315115526164725760 0
315115735900901377 0
315115773624471552 0
315116780274196480 0
315117061300948992 0
315117665284927490 0
315118042755522562 0
315118365737893888 0
315118625755394048 0
315118739026747392 0
315118915187527680 0
315118986473926656 0
315119259120439297 0
315119766614454273 0
315120286733332481 0
315120609665372160 0
315120840360488960 0
315121394021187585 0
315121578557992960 0
315121758896267264 0
315121872167649280 0
315122140582137858 0
315122258035216384 0
315122291581280259 0
315122820080357376 0
315122987865100288 0
315123239498178560 0
315123398881705985 0
315123428262817792 0
315123533091057665 0
315123566679031808 0
315123776360689665 0
315123788956176384 0
315124657172914176 0
315124871082418176 0
315124971733123074 0
315124992742420482 0
315125294711316480 0
315125403784212480 0
315125772870369281 0
315125793820905474 0
315125806412226560 0
315125986763083777 0
315126171320868865 0
315126687232847873 0
315126951444619268 0
315127215698358272 0
315127463166476288 0
315128536891527170 0
315128872444239872 0
315128943764193281 0
315129124106682368 0
315129279295942656 0
315129308677042176 0
315129862320963587 0
315129925227122689 0
315130072023568385 0
315130164294086656 0
315130231415508993 0
315130357240451072 0
315130499850973185 0
315131091247833088 0
315131137368408064 0
315131233854177281 0
315131389047615489 0
315132336968724480 0
315133033223176192 0
315133477798440961 0
315133725249765376 0
315133737866260481 0
315134782243745792 0
315135000334958592 0
315135822418554880 0
315135868555902976 0
315136023753523202 0
315136166364065793 0
315136183107739648 0
315136346706546688 0
315137156219822080 0
315137240072327168 0
315137382712238080 0
315137944723800064 0
315138288665112578 0
315138359968284672 0
315138473218670592 0
315138838135721985 0
315138880066179074 0
315138896835014657 0
315139085566083072 0
315139505025847297 0
315140138365747202 0
315140205445267458 0
315140423553269760 0
315141090451795968 0
315141132394823680 0
315141241476104192 0
315141577020424192 0
315141585379655680 0
315141740598272000 0
315142822728712192 0
315143166623899648 0
315143296672464897 0
315143518970597376 0
315143527338221568 0
315143929999806465 0
315143942607884289 0
315144768864788480 0
315144978567409665 0
315144986968588288 0
315145196671213568 0
315145305723125761 0
315145532219723776 0
315146186547949568 0
315146647925579776 0
315146698240454656 0
315146803123208192 0
315147109273858048 0
315147168023453697 0
315147243516751872 0
315147587449663489 0
315147830710915072 0
315148434694864896 0
315149466468487168 0
315149634244849664 0
315149818815184896 0
315149885932441601 0
315150028509429760 0
315151999836491778 0
315152075338178563 0
315152406709166082 0
315152448635424768 0
315152503161356290 0
315153207804428288 0
315154264790024192 0
315154671608147969 0
315155074282303488 0
315155183330025472 0
315155363697659904 0
315155401429630976 0
315155585983201280 0
315155783102898177 0
315155866993164288 0
315156324184895488 0
315157335016357888 0
315157435654483968 0
315157825724768256 0
315158131929907201 0
315159235031867392 0
315160099066896384 0
315161239900790784 0
315161848079081472 0
315162288472588288 0
315162330398871554 0
315162456227987456 0
315163035067092992 0
315163915870945280 0
315164280771182593 0
315164347875880961 0
315164796670595073 0
315167069970767872 0
315167397122297857 0
315167560700162048 0
315168126960533504 0
315168810619506688 0
315169464922562562 0
315169737577492480 0
315170207339528192 0
315170282828599297 0
315170295382171648 0
315170618347753472 0
315170995860291584 0
315171151045328896 0
315171436241244161 0
315172610650562561 0
315173214626140160 0
315173600506306561 0
315173910884798464 0
315175362118160385 0
315175458582982658 0
315176255513321473 0
315176498787147776 0
315176553321488385 0
315176750416031745 0
315177522205716480 0
315178960814223360 0
315181095719149568 0
315181531956117504 0
315181682917523456 0
315182593110851584 0
315182819582296065 0
315184002405376000 0
315184052703477760 0
315184698622087168 0
315185831100952576 0
315185990488694784 0
315186250543939584 0
315186837746491392 0
315186862903930880 0
315189576631201792 0
315190298051481604 0
315191371797508096 0
315191547937296385 0
315193250841513984 0
315194538463469568 0
315194626539659264 0
315195054396436480 0
315195243127517184 0
315195817742987264 0
315196719522512896 0
315196841140555776 0
315197168317263872 0
315197466087677952 0
315197487080173568 0
315197587722493952 0
315198946681176065 0
315200301445545984 0
315200582455537664 0
315200817344958464 0
315204361527652352 0
315205158474768384 0
315205749854834688 0
315207314309271552 0
315207733739655169 0
315208627159977987 0
315208648123101184 0
315209906422706176 0
315210120332206080 0
315212251021844480 0
315214444638638080 0
315214872445083648 0
315215036043894785 0
315217263210942464 0
315217540043378689 0
315217640698281984 0
315219817537871872 0
315220354417172480 0
315220589285609472 0
315220689953124352 0
315221478490656768 0
315221751141396480 0
315221839184011265 0
315223521104101376 0
315228722041061377 0
315231628718919681 0
315231926489325569 0
315232446587228163 0
315232727597195265 0
315233163838377984 0
315235030278492163 0
315235328082448384 0
315235672011190275 0
315235797844516864 0
315237337166643200 0
315237370729492481 0
315237790147305472 0
315237903372529665 0
315238431871606784 0
315239379771723776 0
315239945994387457 0
315241145582096385 0
315243364377313280 0
315243930620948480 0
315244584923979777 0
315244765283229697 0
315245029507620865 0
315247252509687808 0
315248573711261696 0
315248858902953984 0
315249051840942080 0
315249689400320002 0
315250054283792384 0
315250733752676355 0
315251488752562177 0
315252684116590592 0
315252931580551168 0
315253791412846593 0
315254105973067776 0
315255360074170368 0
315258472268701696 0
315260166763315201 0
315262863709184000 0
315263396348051456 0
315263878726553600 0
315264998605746176 0
315266344956354560 0
315266365936238592 0
315266919601168384 0
315270400860880896 0
315271491375755264 0
315273244599009281 0
315273957618089985 0
315274435756179457 0
315275018785398785 0
315275559846440962 0
315280349737390082 0
315280634937495553 0
315280915985223681 0
315281071145099265 0
315282224616464388 0
315283889750949889 0
315284359504605186 0
315291124925337601 0
315295856096071681 0
315296153895854082 0
315299463184916480 0
315303502316441601 0
315304391479525376 0
315304789934215168 0
315306211807481857 0
315307709203353600 0
315308434788610048 0
315313946104053761 0
315314927566995456 0
315318199149268992 0
315321974006087680 0
315322326336016384 0
315324217971318786 0
315334267511115776 0
315335160910454784 0
315335869764599808 0
315338348594098179 0
315342983279046656 0
315344644231798784 0
315344874910130176 0
315351950709374976 0
315352403690012672 0
315353246753488897 0
315356442808954880 0
315356493123821569 0
315359219450798080 0
315359508845166592 0
315363476669349889 0
315364525220171776 0
315369654858170368 0
315371252913160193 0
315374033711546368 0
315377565328093184 0
315381235335704576 0
315381344400195585 0
315382686560681984 0
315382820786814976 0
315386847297667072 0
315387677790842880 0
315392975213584385 0
315393226846662656 0
315393507865026560 0
315393927316402177 0
315394183152148480 0
315394640339685377 0
315396519396249601 0
315398562013929472 0
315400042615824384 0
315400046772371456 0
315400197775704064 0
315400516572168192 0
315401867112886275 0
315404325000208384 0
315404719239622656 0
315405482598748161 0
315407470707228673 0
315408536064638976 0
315409597219348480 0
315410612257705984 0
315414387114512386 0
315414517125349376 0
315414584259379200 0
315417109226205184 0
315417851622223872 0
315418904400912384 0
315418908570050560 0
315419168616878080 0
315423153193111552 0
315423593607614464 0
315425703338328064 0
315427045540757505 0
315427636912459776 0
315428781965836289 0
315429528539389952 0
315430380012445697 0
315430732317224960 0
315431671862263809 0
315433206939787265 0
315433693500043264 0
315434750443651072 0
315437464187719682 0
315439380963680256 0
315441524278173698 0
315444565123411968 0
315446158971510784 0
315448637817765888 0
315449069818499072 0
315449610879516672 0
315450621723541504 0
315450776896016384 0
315451720618622980 0
315451917759287296 0
315453654188584962 0
315455587762712577 0
315455642271879168 0
315456279810306048 0
315458242740363264 0
315458494423769088 0
315458553127260160 0
315458750255337472 0
315461732434837504 0
315462822937124866 0
315463070413635584 0
315463754076798976 0
315463791838105600 0
315466543272169472 0
315467617039163394 0
315468783055671296 0
315469156344541185 0
315469361865449473 0
315470829867630593 0
315471555473846273 0
315472176247615488 0
315472952202248194 0
315473023476056064 0
315476945162891264 0
315477049999503362 0
315479201690042368 0
315479298179989505 0
315479512085299200 0
315481475006992386 0
315486982111371266 0
315490996064514048 0
315491075789824000 0
315491931415277568 0
315492673794494465 0
315493248405741568 0
315493521052291074 0
315493596553957376 0
315494397653446656 0
315494548635795456 0
315495932768702464 0
315500710101938176 0
315503432201031680 0
315505839710539776 0
315507211264737282 0
315509484581695489 0
315513028756004864 0
315513540448493571 0
315514500969271297 0
315514689717153792 0
315518967903051777 0
315523120259796993 0
315525682966962177 0
315527130010247168 0
315527952077029376 0
315529768206491651 0
315530242196393984 0
315531978625646592 0
315537825485422592 0
315542586012090370 0
315543412298350592 0
315543731061272576 0
315543835906289665 0
315544716739497984 0
315547283640950784 0
315549343044235264 0
315551528259833856 0
315553667371630592 0
315553692524883968 0
315554103579250689 0
315556313981657090 0
315556808884363264 0
315557698097790976 0
315558134288642048 0
315559052870578176 0
315559459713855488 0
315561376502382592 0
315562060161372160 0
315564723565379584 0
315565340107079681 0
315566007026593792 0
315567642788380675 0
315571249873031168 0
315576459207000065 0
315576924766343168 0
315577050603868162 0
315577516175785984 0
315579693006999552 0
315580460589785088 0
315581060387835904 0
315582423507283968 0
315582805197332480 0
315583115592613890 0
315585107866050561 0
315585971905261568 0
315586739437719554 0
315587737686253569 0
315589058900418560 0
315589151166705665 0
315589595758743552 0
315590631768592384 0
315592175259906048 0
315593819431243776 0
315594335360016386 0
315603692827066368 0
315605949387776000 0
315610001085444097 0
315617026540437505 0
315618163163271168 0
315618960110395392 0
315619329179799553 0
315620054794371072 0
315621552165101571 0
315621552190259200 0
315621560570490880 0
315623305384189952 0
315623473173102593 0
315623846449410048 0
315625058632609792 0
315629311635890176 0
315635271750258688 0
315640099406766080 0
315651092660760577 0
315657023419215875 0
315657602228969472 0
315658638226235393 0
315660877971988480 0
315661863616667648 0
315664917082550272 0
315665269429256192 0
315666414461665281 0
315667257520967680 0
315669358842109953 0
315670428414799873 0
315671095300726784 0
315671246299869184 0
315674463339429890 0
315675805495730176 0
315679056102309888 0
315683065827561472 0
315683741110530048 0
315684261220982785 0
315699662688493568 0
315699964682567681 0
315703177540403200 0
315713608778653696 0
315716427355144192 0
315717018718457858 0
315718704853827584 0
315719266861187072 0
315719581438197761 0
315722307765157889 0
315727101842046979 0
315732042727976960 0
315732483134083072 0
315735083594158080 0
315735142339592194 0
315735792444125184 0
315735796646817792 0
315742230675607553 0
315742318768553984 0
315746890555736064 0
315748236948279297 0
315750950646185985 0
315751428801048576 0
315752724836798464 0
315752750002601984 0
315752938758864896 0
315757514723581953 0
315758756258533376 0
315762736636243968 0
315763244168003585 0
315763906851250176 0
315764255003652096 0
315767920787587072 0
315768558326005761 0
315770617754443776 0
315778691798028288 0
315781464232980480 0
315781837509255170 0
315783074824716290 0
315784937087328256 0
315787604656287744 0
315787868897431553 0
315791207601168384 0
315793103388815360 0
315793313141760000 0
315797503234670592 0
315799101247733760 0
315799445197434880 0
315805946356043778 0
315807179481432064 0
315807275971395585 0
315807405969649664 0
315807674400911362 0
315807842189836288 0
315808093869068288 0
315808223863111680 0
315812074234200066 0
315813022151102464 0
315816339845570560 0
315818579624882177 0
315818768364347392 0
315819565252755456 0
315819707892629505 0
315824892052393984 0
315825529578221568 0
315825558938345472 0
315827354087862273 0
315827517690875905 0
315828348146286592 0
315829614826123265 0
315830394954067970 0
315834861908807680 0
315835486834925569 0
315837416218951681 0
315838020202950656 0
315838171189489665 0
315843812549337089 0
315849281913364480 0
315851530068709377 0
315852394103705600 0
315853023240912896 0
315853224542343169 0
315855330091356160 0
315859931247042561 0
315860329693327361 0
315860472299671552 0
315861474742509568 0
315862422663598080 0
315869511049940992 0
315874229629378560 0
315875924149145601 0
315876125463175168 0
315876138033504257 0
315879124394725377 0
315879464129155072 0
315879489303359488 0
315879963238735872 0
315882207195582465 0
315884652470607872 0
315885591994707969 0
315889744359854080 0
315890604217352192 0
315892059632443393 0
315892453901230081 0
315892948824887296 0
315897495433646080 0
315898938278420481 0
315901207401086978 0
315902029476294656 0
315903988203679745 0
315904403469123584 0
315906676756717568 0
315907826000203777 0
315908006376271873 0
315908211905531905 0
315908731999248384 0
315909440824033280 0
315910682338021377 0
315912158737203200 0
315914935366471680 0
315915887469293568 0
315916516610691073 0
315917103821639680 0
315918836069195776 0
315919087719026688 0
315919909811019776 0
315921134543577089 0
315922174714183680 0
315923277824532481 0
315925144273035264 0
315926343864946688 0
315927044305342465 0
315927245627740161 0
315927367287709696 0
315928516501831680 0
315930907250946050 0
315931171525623808 0
315938188558471169 0
315939828543926272 0
315941657268862976 0
315949387350175744 0
315950066831601664 0
315951195132948480 0
315954294698409984 0
315955712373170177 0
315960804283396097 0
315961655693553664 0
315962414866784256 0
315962427449683968 0
315963794784403456 0
315964793041350658 0
315968777642725377 0
315969482277412865 0
315970430185910273 0
315971558453686272 0
315972175024750592 0
315973013877170176 0
315973060022915072 0
315977002647691266 0
315977032028794882 0
315977212400660480 0
315978206429732864 0
315980790108413953 0
315981939381252096 0
315982509806583808 0
315986544701882369 0
315990743191789569 0
316014919164235780 0
316016651407618049 0
316024519947059203 0
316030375195455488 0
316035668402909185 0
316055427781636096 0
316057856279449600 0
316059227808493569 0
316063266898071553 0
316066119037358080 0
316067016622608384 0
316069583557652480 0
316070963466883072 0
316071936553795584 0
316076822922141696 0
316076890005856256 0
316078282527346688 0
316082279678087168 0
316086121664761856 0
316090093699993600 0
316093545582825472 0
316097907667378179 0
316101820944625665 0
316102106169896960 0
316102282330664960 0
316114034791428096 0
316118052930478080 0
316120997302525952 0
316135790621118464 0
316145961820905472 0
316156749545607168 0
316158880277200896 0
316160268570877952 0
316163003252891648 0
316163775042551808 0
316165310145245185 0
316171261871022081 0
316171777774608384 0
316171857445388288 0
316179184915460097 0
316183337276416002 0
316186378146820096 0
316187732873469952 0
316190018785931264 0
316191772021772288 0
316192929628708865 0
316193659437596672 0
316197451096784898 0
316200764605333504 0
316202610090708992 0
316203520246296576 0
316203948077891584 0
316205760025612288 0
316207311892905985 0
316208452756189186 0
316211371995959297 0
316212303135649793 0
316212441514127362 0
316212923896823808 0
316218481332846593 0
316220482011668480 0
316223485129142272 0
316223652926464000 0
316225225773703168 0
316230208585871361 0
316233186571063296 0
316233727640489985 0
316239926817607683 0
316242812486184961 0
316243210953424896 0
316243596833591296 0
316245400384331776 0
316245652013187072 0
316245681390116864 0
316245685596979200 0
316246021132931072 0
316246683816173568 0
316246683845550080 0
316247610761547777 0
316247686259040257 0
316248562872770561 0
316248583844290560 0
316248625791500288 0
316249301070249984 0
316249779216728064 0
316250349667225600 0
316250794242478081 0
316251511485251584 0
316252283207835650 0
316252937536036864 0
316254678172196864 0
316255059862241280 0
316255231841275905 0
316255697375490048 0
316255961620819969 0
316256058094018560 0
316256548823384064 0
316257211552776192 0
316257509344153601 0
316257916158111744 0
316258188796235776 0
316258633421844480 0
316258780209897473 0
316258788577517568 0
316259111559897088 0
316259241574924288 0
316259782627577856 0
316260038501093376 0
316260252402216960 0
316260323717959680 0
316260801839263747 0
316262689305411584 0
316264065020338178 0
316265440743673856 0
316266778751807489 0
316267420463538178 0
316267726647726080 0
316267915378827264 0
316268875899609089 0
316269282742923267 0
316269303693463552 0
316269437940539393 0
316269446303989760 0
316269718967287808 0
316269840597909504 0
316270033506553858 0
316270960460316672 0
316271040139497472 0
316272424276598785 0
316272642359427072 0
316272910803279872 0
316273607070326784 0
316274907300392960 0
316274928280301570 0
316274945061683200 0
316275649700577280 0
316277465817427969 0
316277654577885185 0
316278149509963777 0
316279357469491202 0
316279395197259777 0
316282410918633472 0
316286072546013186 0
316288186454249473 0
316290161971453952 0
316292485615869953 0
316295354524004352 0
316298357649833984 0
316299196527431680 0
316299477533208576 0
316300823888027648 0
316301742461550592 0
316302606484004864 0
316302849766199296 0
316309367723016192 0
316309652935700480 0
316310051369402368 0
316310684709298177 0
316310948950450176 0
316311515185684481 0
316311922028982272 0
316317261390557185 0
316317286564761601 0
316318121201905664 0
316321875108192257 0
316322634281394176 0
316327898153877504 0
316328929952681984 0
316329852678586368 0
316330645393653761 0
316332008567627776 0
316334441234591745 0
316336106385854464 0
316337645712195585 0
316337784120033280 0
316339788993163264 0
316341449933328385 0
316344205603655680 0
316344838947737600 0
316350111166906368 0
316351222644867072 0
316353311441842177 0
316355022709481473 0
316358839505149952 0
316359170876125184 0
316359862915325952 0
316360026505760768 0
316364208243617792 0
316373855142817792 0
316375708991639552 0
316375973262147584 0
316382537318535170 0
316385083282034688 0
316390795903111169 0
316391504757264384 0
316391534121598976 0
316393056666546178 0
316393379594383361 0
316393937449394178 0
316397339029954560 0
316405417276239872 0
316406566523924480 0
316407468299255809 0
316408655249547264 0
316410538492051457 0
316414971904933888 0
316416020464140288 0
316417366818947073 0
316419094909952000 0
316421871530811392 0
316422395810426880 0
316426107786260480 0
316430172041650177 0
316430847337185280 0
316432881578811392 0
316435666592489472 0
316437554041860096 0
316442348101988352 0
316448803144224768 0
316449260323360768 0
316450208240267264 0
316452569625030656 0
316454784221712384 0
316455811834601473 0
316462728229310464 0
316468998709592064 0
316472605815230464 0
316475374047481856 0
316477806756376576 0
316478851142266880 0
316486090494205953 0
316486392509259776 0
316499948499763200 0
316501051597524992 0
316502028866158593 0
316508093846523904 0
316512510431870976 0
316515593249488896 0
316516155269472256 0
316516213998108674 0
316523931534229505 0
316524149642260480 0
316525626037252096 0
316525797982756865 0
316528977286160384 0
316529442845495296 0
316529937781768192 0
316531250569572354 0
316532651458711553 0
316536216633888770 0
316538074710540288 0
316538821284093953 0
316541241401700353 0
316541253976215552 0
316541941854662657 0
316543187575529472 0
316545590903308288 0
316545670590894080 0
316547297980858368 0
316550775054688256 0
316553530724999168 0
316553698501353473 0
316555632062910464 0
316557699867353089 0
316557741818789889 0
316558144450985985 0
316565434172338176 0
316566575010426880 0
316568932226052097 0
316576825897791489 0
316578306461929473 0
316579736732184576 0
316580076466618368 0
316580831441330176 0
316583415140982784 0
316584933462265856 0
316586586047393794 0
316586686710693889 0
316587303248220162 0
316594613920092161 0
316595616354557953 0
316599621914857472 0
316599747752382465 0
316600095883796480 0
316601308037644288 0
316608132161884160 0
316608421568847872 0
316610925559963648 0
316611089171374080 0
316611252745027584 0
316611273720750080 0
316612532016132097 0
316615694496194560 0
316616025833619456 0
316619066708217856 0
316619964310237185 0
316620664750628864 0
316624410251509760 0
316630571692478464 0
316638205313163264 0
316638306005835776 0
316643485967060993 0
316646749123002368 0
316650226217803776 0
316653359358697472 0
316655682977923073 0
316656064697356288 0
316657394258165760 0
316658933563539456 0
316659537547522048 0
316661638902210560 0
316663949972103168 0
316664998548103168 0
316673743655149570 0
316675144582049793 0
316675408806424577 0
316676344123633664 0
316682597864456193 0
316682669142441985 0
316686473401364481 0
316687685530042368 0
316689237435109378 0
316697839956791296 0
316702814409736192 0
316703372252176384 0
316707855950544896 0
316711261700255744 0
316715636388659201 0
316716655596167168 0
316718433972654082 0
316724968698310656 0
316728361894424576 0
316728542257889282 0
316732392607997953 0
316734552703918080 0
316734930182881281 0
316741670442004481 0
316741678801244161 0
316748100276465664 0
316748800737824768 0
316749446652239872 0
316749983514771457 0
316751392817680384 0
316756417606459392 0
316756870599675904 0
316757751386759168 0
316764978155765760 0
316769143124807682 0
316780509697040384 0
316816056415027200 0
316816735888093184 0
316825925582995456 0
316828098257641472 0
316828450562387968 0
316834674905329664 0
316835308270415872 0
316843323555983361 0
316848046346498048 0
316849539539685377 0
316852525863149568 0
316854610444824576 0
316862827069571072 0
316867604394422272 0
316871203132428289 0
316873161872379904 0
316875980427911169 0
316876274024996864 0
316881521082499072 0
316886097068171265 0
316894422799368193 0
316895421014351872 0
316900206706839553 0
316901502780325889 0
316903998374416384 0
316904791081095169 0
316914156974522368 0
316915209753202688 0
316915520110735361 0
316915658556317696 0
316917705368293376 0
316919827669348353 0
316921576719265794 0
316926358192287744 0
316928212095619072 0
316935409538048001 0
316936097370345472 0
316936223195291649 0
316939712868802560 0
316940178436550657 0
316940610475012096 0
316941394784690176 0
316943470977748992 0
316944003633397761 0
316944897049522176 0
316946805424271360 0
316947422012125184 0
316948399272386561 0
316951456936775680 0
316952580985090048 0
316953654739496960 0
316955898704711680 0
316960122356240384 0
316966875189874688 0
316967055540768772 0
316967596614369280 0
316971363095154689 0
316973984539361280 0
316977335763087360 0
316978338222706688 0
316983031657279488 0
316984256373071872 0
316984394806087681 0
316984638054727681 0
316987402130452481 0
316996415681355776 0
316996969321082880 0
316997652984233984 0
316997887869464578 0
316997896279048192 0
316998051438919680 0
317000681296916480 0
317002858123915264 0
317003663417679872 0
317008205878267905 0
317009736778280961 0
317009891971719168 0
317009959093141504 0
317013847212978176 0
317016233767739394 0
317016594469486592 0
317017307513757696 0
317017861128351744 0
317019018777202689 0
317022554579685377 0
317022864937209856 0
317026660807479297 0
317030175604871168 0
317032105014083584 0
317036785861550080 0
317037507260866560 0
317038350315962368 0
317038828483407872 0
317040158077747200 0
317041286337142784 0
317041470899122178 0
317041676403220480 0
317043077317541889 0
317044293648908289 0
317056171909459968 0
317057346335555584 0
317062287234068480 0
317064329830727682 0
317065114173988865 0
317065982411681793 0
317066154348797952 0
317067639165964288 0
317068595450482688 0
317070575149383681 0
317077512540786689 0
317079962022711296 0
317080041689346048 0
317086874239897600 0
317087482384642048 0
317091529900580864 0
317092389753872384 0
317094713364713472 0
317099377430757377 0
317103357833658369 0
317113680003227648 0
317115148034781186 0
317115273868111872 0
317115663917395968 0
317115852661075969 0
317117316489945088 0
317118239236845569 0
317122395796283392 0
317122404184903680 0
317125512134791171 0
317126422328131584 0
317126682349821952 0
317126954992144384 0
317127772898226176 0
317150422127218688 0
317151202259369984 0
317155333669810179 0
317159033016561664 0
317159150452895744 0
317161847398735872 0
317169120342843392 0
317169560715407360 0
317171561415180289 0
317175785087696897 0
317175982199029760 0
317178150662586368 0
317178813383581696 0
317179723534974977 0
317180818252517376 0
317181363507847169 0
317212195853324288 0
317213689021337601 0
317213877744050176 0
317213890331160576 0
317214871789899777 0
317217983992844288 0
317219745575342080 0
317221796606799872 0
317226435494428672 0
317226699739766784 0
317226724905586688 0
317227366642491392 0
317228415197519872 0
317243778958245888 0
317246089994571776 0
317247302140039170 0
317255392960864256 0
317256798052700160 0
317256877773840384 0
317257444004864000 0
317259348202106880 0
317261504065974273 0
317262175162990592 0
317265266348285953 0
317266902131032064 0
317269842354909185 0
317271851434905600 0
317275399782535168 0
317283272507936769 0
317284274942386177 0
317284606317568000 0
317288444105728000 0
317288624448225281 0
317292109889679361 0
317298074215120897 0
317301001835147266 0
317301375144972289 0
317301761016733696 0
317302604071837696 0
317305917551042561 0
317310443209244672 0
317317716136587264 0
317321453274013698 0
317321981752131585 0
317322229195083776 0
317324263445118976 0
317327044247707648 0
317327283360768000 0
317331309884239874 0
317331448287870978 0
317331771266048000 0
317334048768929793 0
317336800223965185 0
317337039286714368 0
317338402435502080 0
317339346149707776 0
317347550212550656 0
317347621507317761 0
317349584454180865 0
317351056642289664 0
317354730848395264 0
317357687832723456 0
317359436857487360 0
317362314179383297 0
317364310647123970 0
317367498322345985 0
317368467214970881 0
317369402523799552 0
317374054011125762 0
317377292047376387 0
317384195842387968 0
317389224808693762 0
317392764797067264 0
317399832232857600 0
317401484792844289 0
317403401577172993 0
317403971998330880 0
317406450823614464 0
317408501834076160 0
317420958921142272 0
317421797794529280 0
317430203162980352 0
317433185329876993 0
317433931928580097 0
317438558241705984 0
317441259360894977 0
317442161119490048 0
317443469763280896 0
317443608187904000 0
317445231370989568 0
317447097832054784 0
317454651786162176 0
317454895022215170 0
317456111387160577 0
317456740532776960 0
317467729609256961 0
317478269878431744 0
317493746889547776 0
317498465456369664 0
317505599963275264 0
317507957170515968 0
317509009957609472 0
317514961662390273 0
317522402378674176 0
317528987419152385 0
317529260048908288 0
317532154131271680 0
317532682584215553 0
317540014244380673 0
317540182033309696 0
317541750703022080 0
317553666687135745 0
317558460776599552 0
317579650429751298 0
317580669616271360 0
317593386746007553 0
317601544692432896 0
317606758187143168 0
317611673936596994 0
317620255470002179 0
317627536794333184 0
317636130919047170 0
317637166907944961 0
317640690119106560 0
317642959258517504 0
317643449966936065 0
317645794595446784 0
317653478572978177 0
317663221907591169 0
317663645561679872 0
317666296370167808 0
317668863280037889 0
317680200462786561 0
317683362963787778 0
317687754391683072 0
317687926391705600 0
317692829512134658 0
317693752254808066 0
317693970354405377 0
317698252747186177 0
317698630226153473 0
317706834280579072 0
317707954168152065 0
317709854200442880 0
317711766815653888 0
317712270098579457 0
317714337923997697 0
317717303292743680 0
317720683910144001 0
317723330503405568 0
317728460141363201 0
317734256669511681 0
317738534867976192 0
317740518761185281 0
317748001412096002 0
317748445983174656 0
317751184888827905 0
317751377801654272 0
317754771010367488 0
317755819557019648 0
317763239284981760 0
317772064125763584 0
317773674709131265 0
317780943454760960 0
317785901122088960 0
317790259016511488 0
317790623895789569 0
317792633000980481 0
317792851100590080 0
317793182421221376 0
317799863968464897 0
317804137964249091 0
317806264472195072 0
317811557671251970 0
317815114470412288 0
317819413615214592 0
317820353143508992 0
317825117868679168 0
317825398866075650 0
317827286319628291 0
317831140901789697 0
317843388235911168 0
317843946107723777 0
317844122243313665 0
317846160691822593 0
317851181256962049 0
317852976448430080 0
317855690129555456 0
317866872152391680 0
317870445728776192 0
317871313932935168 0
317871838229299200 0
317876506489679872 0
317890398028701696 0
317890737767342080 0
317904419574398976 0
317905170371575808 0
317907561124880384 0
317911524716978177 0
317957926306340864 0
317961764098695168 0
317971545207230466 0
317977572413693953 0
317977761169948672 0
317983331205664768 0
317990348288827392 0
317993846338383872 0
317996270646071296 0
317998879473811456 0
317999047250149377 0
318002205565280258 0
318002339803971584 0
318005863006740482 0
318019519664758785 0
318021105094897665 0
318035260900265985 0
318043821466320897 0
318058094674460672 0
318058618958274561 0
318058849640792064 0
318060393174016000 0
318063639527579649 0
318064142848241665 0
318065220780167168 0
318067213095563266 0
318067716399448064 0
318070824370323456 0
318090856395591680 0
318100830433718272 0
318107138658557952 0
318114105410060289 0
318122682749177856 0
318126981940121600 0
318131067175456768 0
318131440468520961 0
318132694557007873 0
318133772518322176 0
318147869565652992 0
318171076645502976 0
318177602995122176 0
318186075484983297 0
318208196235911168 0
318209567769100289 0
318209760719671298 0
318209773310967808 0
318210196910505985 0
318263242298363905 0
318263699460747265 0
318285992178089984 0
318309216043532288 0
318312848302407680 0
318339758956896258 0
318367445586939904 0
318380116566749184 0
318425159210004480 0
318443081445826561 0
318463763571433472 0
622571762501451776 0
622573490537897984 0
622574534932074496 0
622575646443745280 0
622576397207379968 0
622582671881973761 0
622613730690400258 0
622623436309827584 0
622623738308227072 0
622623981602865153 0
622624686245982208 0
622627043436396544 0
622628142340046849 0
622633221658841088 0
622635436251348992 0
622639362086322176 0
622640888829743104 0
622642428147675136 0
622650627986976768 0
622699089004752896 0
622722090563706881 0
622749244471013376 0
622760980120862720 0
622762330707873792 0
622773651134283776 0
622796262643871744 0
622797378320363520 0
622797441234960384 0
622802763785875458 0
622831159223943168 0
622838813828579328 0
622843385628504065 0
622864633993555968 0
622872439559692288 0
622876256397340672 0
622876352845320192 0
622876784888029184 0
622878131234451456 0
622880870123339776 0
622889481029484544 0
622892479948423168 0
622894207993298944 0
622903800379109377 0
622909362026233856 0
622917691926540288 0
622918920844906496 0
622919088612864001 0
622920166570131456 0
622920292374024192 0
622920518866309120 0
622921642944000000 0
622921676498563072 0
622922276279750656 0
622922376968278016 0
622922548909469696 0
622923081586053124 0
622923161311539200 0
622923765286985728 0
622924612532350976 0
622925359122673664 0
622926231537741824 0
622926835496529920 0
622927825373278208 0
622929322714607616 0
622929821853728768 0
622930706860085248 0
622931017213440000 0
622931495380856832 0
622932690753318912 0
622933005305298944 0
622933227603382272 0
622933558974382080 0
622933634484342784 0
622933886113218561 0
622933957424848896 0
622934318143381504 0
622935186372603906 0
622936780204036097 0
622937325438398466 0
622937606473433088 0
622937648433381376 0
622937736517824513 0
622937853933162496 0
622938571155111936 0
622938629879394304 0
622938839582011392 0
622939674248544256 0
622940211144568833 0
622940647343943681 0
622940664137912320 0
622941775615803393 0
622942186649329664 0
622942392174272512 0
622943025535168514 0
622943314942275584 0
622943394617135104 0
622944027961331712 0
622944304760094720 0
622945219126927360 0
622945781184622593 0
622947744089423872 0
622947878340702211 0
622948129994899456 0
622948603942694912 0
622949014980268032 0
622949686068932608 0
622951330240266240 0
622951481251987457 0
622951665784778752 0
622952336852254721 0
622952844388343809 0
622953175721594880 0
622953209288597504 0
622953553234132992 0
622953670645157888 0
622953926506082305 0
622954358544543744 0
622955092510134272 0
622955109312499713 0
622955600045957120 0
622955700700884992 0
622955826517528576 0
622956514416787456 0
622956518590189568 0
622956594100350976 0
622956870899236864 0
622957286168895489 0
622957500049002496 0
622957974017994752 0
622958028552187904 0
622958498305982464 0
622958569596436481 0
622961149097717764 0
622961644038176768 0
622961950209671168 0
622962986207080448 0
622964772980391936 0
622965020456914944 0
622965167236616192 0
622965444069081088 0
622968380077637632 0
622968543668240384 0
622968594012442625 0
622969067947868160 0
622969093117775872 0
622970808571277312 0
622971722942279680 0
622971735512485892 0
622971743926222848 0
622971748124893184 0
622972452751040512 0
622973828487057408 0
622975137109794817 0
622976865146265600 0
622977381075144704 0
622977716590018560 0
622978479949086720 0
622978752599822336 0
622978924545335296 0
622979562100666368 0
622979838924582912 0
622980640049352704 0
622981663455186944 0
622982271625203712 0
622983462794993664 0
622984163252142081 0
622985299912736768 0
622986293966938112 0
622987409655992320 0
622989427103633412 0
622991352276615168 0
622991918532833281 0
622992606398693376 0
622992866449747968 0
622993227159891968 0
622994594465226753 0
622995567547949062 0
622996624533508096 0
622998193186426880 0
622998251927699456 0
622999589889703937 0
623000252606488576 0
623001166943789056 0
623001439590289408 0
623001519273676801 0
623002265880821760 0
