311230711480864768 59
311231223190147072 36
311231651017535488 36
311231932010725378 36
311232577958711296 36
311233077068300289 6
311233332929241088 36
311233358074089472 36
311234444415606784 36
311234960315019269 36
311235153269755904 36
311235404890267648 36
311236138906042368 56
311236503831465985 53
311237309129445376 22
311237493666222080 36
311237804036333568 13
311238886166773762 11
311239095911325696 36
311239372706045954 53
311239863435423745 38
311240186396831744 36
311241075606048768 36
311241490858909696 36
311241717330362368 18
311242036089085952 15
311242648486834176 36
311243323736195072 36
311243357294821377 52
311244171006603265 45
311244565258579968 36
311245001474592768 36
311245198590099456 38
311245513183866880 38
311245597057372160 36
311245752238219264 36
311245836136878080 38
311246041653575681 36
311246393979334656 36
311246435947515904 9
311246628864544768 14
311247207670099968 36
311247945876004866 45
311248465969680384 36
311250638627545088 20
311252320543469568 17
311252739986427906 36
311252832244346881 36
311252878381690880 36
311254992298328065 9
311255189447405568 13
311256481276252162 35
311256573563523073 9
311256774906875906 36
311256829416062977 36
311258356142731265 36
311259958375235584 45
311260818182389760 36
311261929689735168 4
311262273605881858 36
311262604964290560 36
311262902755676160 47
311262911148486656 38
311263074726313985 13
311263192154263552 36
311263221526953984 21
311264723108769793 15
311265180292104192 59
311265243206651905 36
311265532613644289 2
311265545179779073 36
311265742307852288 36
311267847831683075 36
311267902391214082 38
311271467549593600 38
311271530455781376 13
311272365122260992 45
311276244857663488 45
311276710396059648 14
311276773348347905 36
311279789019373569 36
311280132948115457 36
311280963458056193 36
311281080877604864 13
311281286419464194 45
311282313990377472 35
311282544710668288 4
311282947355443200 38
311283672974233600 36
311284453098000384 52
311284792832438274 52
311285803676487680 36
311286260851417088 36
311287519155220481 6
311287804359499778 36
311287884026109952 43
311288097948200962 38
311288106353573888 36
311289704366608384 15
311290065085153282 47
311290161549950976 36
311291679883804675 36
311300085260632064 36
311300114620755968 36
311300840260517891 38
311301955932811265 45
311302559908388864 17
311302694134501376 45
311304287944843265 36
311304313119072256 6
311305621737709568 36
311305974088613889 36
311307060379795457 36
311307953770729472 42
311309367267971072 45
311312882094702592 42
311313435734441984 36
311313817432883201 21
311316241736413185 36
311316321415606272 36
311317189653327872 36
311319882400681984 36
311322638045810688 39
311324189917343744 42
311326509400989696 56
311328296157724673 36
311329126617341952 52
311329541861818368 13
311330338800549888 36
311330988909264897 36
311331727110979587 42
311334747009871872 36
311336709931560960 36
311339021009842176 48
311340111516291072 36
311340166021255169 36
311341868917063680 36
311342821040877568 36
311342883951230977 7
311343768949370881 36
311344989508616192 36
311345408934821888 13
311346189050204160 38
311347472511422465 36
311349624214536192 48
311349766791507968 36
311351041876709377 36
311352014946848768 20
311360265163771904 39
311360315491221504 36
311362282615631873 20
311362647511691265 36
311370465673363456 18
311374345408749568 36
311378376139079681 38
311378556494176256 20
311379361808920576 45
311380100006424577 38
311382306206126080 36
311382767579586560 36
311385753919815680 38
311390082441547777 52
311391546278821888 38
311392880059088896 7
311394817814974464 48
311397548323635200 25
311400677261844481 36
311401193161244672 20
311402682155945984 38
311403957195001856 45
311407744651522049 36
311408646431055872 36
311409288163782656 51
311409590153654273 38
311410458391347200 36
311412027052654593 36
311412102550151169 13
311412819788701696 36
311414484927381504 36
311415978074443776 7
311416133276291072 40
311416590459600896 42
311419501306605568 39
311420445029195776 43
311420512129662976 7
311421174833901568 38
311421548126928897 51
311422173082431488 20
311423813051117568 42
311424354116325376 39
311425092305424384 36
311427692794892288 36
311428116398628864 36
311429253063397376 36
311429479539036161 38
311429508894949376 48
311430419058946048 9
311431975149924352 38
311433761931812864 38
311434714047197184 45
311435028594827264 39
311435464815017984 51
311435477385363456 51
311436257546878976 36
311436710531694593 36
311438920913149952 36
311439847883689985 36
311440208581238784 38
311443735969931267 39
311444247704379392 36
311446248379006977 36
311450396528885762 59
311451050840297472 51
311452741174177794 36
311453173174923264 39
311453240271175680 36
311453424841551872 1
311453814899240960 38
311455840735473664 38
311456172098068480 36
311456193086365696 36
311457946284482562 4
311458067944468480 6
311458395083374592 38
311459301048852480 36
311459997307518976 36
311460513206923265 36
311460911661600768 36
311461029106298881 36
311462027333865473 36
311462052499685376 38
311462836868104192 38
311462849430028288 9
311463616983465984 15
311463621165203456 35
311464388735401984 36
311464657179258881 36
311465869333110784 30
311466292953628672 4
311466326491291649 22
311467182137696257 9
311468373349392384 36
311469325439627264 36
311469342208434176 38
311470931870613507 64
311471686836969472 32
311471921730551808 36
311472240468295681 40
311472877998338048 36
311473997885865984 35
311475910496886786 36
311476053099036672 64
311476942291480576 36
311476988445593602 36
311478318031572992 64
311479379186290688 36
311480503238803458 36
311482189353205760 20
311482990473658368 13
311483409925033984 35
311484215206219777 38
311484362027843584 64
311484701753876481 64
311487428051496960 39
311488363381280769 36
311489953009922048 42
311490116583559169 7
311490208866656256 14
311490393416015872 45
311490443739267073 15
311490657673953281 14
311491781743243264 64
311492155053068291 22
311492482208763904 7
311493409116389376 32
311493669184237569 40
311493975347458048 36
311494147330699264 36
311494461899288576 64
311496101893136384 43
311496391279128576 14
311496408039555072 42
311496424846135296 35
311496445788303363 38
311496789737996288 22
311497037185155074 36
311499289547403264 64
311499750916620289 36
311499931267514368 64
311500094862135296 20
311500908557119488 48
311501915190087680 64
311504310125076480 38
311504318505308161 17
311505853633159169 6
311505908154892288 6
311508047266738176 4
311508110151925760 47
311508114358804481 51
311508496061452288 47
311510526100381697 6
311511213966241792 38
311512879075577856 64
311512908444098560 38
311513042682773504 38
311513701154967552 38
311514426786320384 20
311515928351363073 64
311517023056314369 36
311517031461711873 36
311517320839323648 38
311517517996769281 38
311518742725156864 64
311518805627133952 64
311519405437747200 43
311519938101788672 38
311520038773477377 59
311520521101660160 36
311520755991072768 38
311521393546235904 38
311521548714520577 59
311521791967371265 9
311522135917076480 38
311522219786395649 64
311522509197545472 39
311525256500232192 59
311525977916313601 38
311526418301464576 13
311526820963033089 64
311527001297137664 42
311528037286027264 59
311529723408838656 59
311530851697577986 42
311531166245195776 59
311531535369138176 38
311531732488814592 59
311532168679673856 59
311533246611599360 38
311535238943764480 59
311535457030774784 42
311535582868299776 59
311535612224208897 38
311535746450329600 64
311535910023999488 59
311536035844726784 59
311536157466976256 59
311536459452669952 53
311536484618481665 48
311536572711444480 45
311536644010434560 59
311538107818336256 38
311539919778635776 64
311540012023939074 45
311541022880591873 9
311541350032097280 59
311544642543951872 59
311545003258286080 59
311546131513487360 64
311546236396249088 45
311546475463204864 9
311546999772164098 45
311547469513236480 64
311547578548359168 59
311548677481168896 38
311549122077401089 42
311549147255812096 42
311549566656843777 15
311549977723817984 45
311550426505961472 50
311551080800604161 51
311551462507425792 59
311552242635399168 38
311554453033590784 42
311554796958146561 64
311554906026803204 59
311555522576928768 42
311556101382475776 36
311556541801197568 9
311556835410866176 64
311557187736580096 36
311557464560635904 7
311557812679475200 47
311557871382966272 47
311558513107283969 51
311559595258691584 64
311559746232647680 59
311560308298756096 64
311560379589341185 30
311560983577518080 38
311561319088283648 64
311562128588935168 21
311562313138323456 48
311562879386124289 59
311565991542939650 42
311567618953850882 59
311567858045964288 59
311568751424307200 48
311570387198676992 38
311572069097799680 59
311573268681334784 38
311575281938878465 36
311575399391961089 36
311576498295418881 9
311576544432762880 42
311577358123556864 47
311577458807803905 56
311577907564781568 59
311577970496126978 45
311578821918851072 59
311580910694838273 48
311582156407332865 12
311583762838343681 6
311585138540679168 7
311585197277712385 36
311586145211392000 59
311589148312080384 42
311589488059113472 42
311590498861191168 40
311590729573093377 45
311592457638924288 47
311593816555663361 38
311595141989294081 47
311595473335095297 45
311597188792864768 11
311598900081483776 36
311600108032643073 14
311600888173195264 14
311602775605800960 40
311603681592229888 36
311603836752105472 40
311604335882670081 42
311604717585321984 9
311605766140342272 36
311606286238232576 42
311606416249077762 45
311607401906307073 42
311607980728672257 47
311608299516731393 42
311608546955522048 36
311608756700061696 38
311609780080889856 59
311609805255102465 59
311610694472704000 59
311612741280464897 36
311613966025646080 38
311618076409991170 42
311619162734723072 36
311623017316896771 59
311625013809778690 18
311626985128464384 47
311627056414863360 20
311629812110340097 22
311630223147954176 15
311635600216322050 38
311636820762951681 59
311637093405306880 42
311637223428722690 56
311637512827330561 36
311640817951465473 42
311641149284700160 14
311643514863767553 30
311644206928109569 14
311645377164095488 14
311646262162235392 14
311646568346431488 52
311648682246283264 45
311651081421737984 39
311651270131851265 51
311651710571511808 14
311652868161695744 45
311657062469873667 14
311657481900281857 47
311658723439419392 59
311659411296899072 59
311662062109614081 25
311663173604347904 59
311664087924887552 59
311664268300914688 21
311664893252214787 36
311665191064592384 15
311667015578419200 51
311669322433060866 36
311669813158244353 59
311670131946307584 39
311671511863930881 47
311674171031707650 36
311676993827655680 59
311677639742062592 38
311679019651325952 14
311680143741575171 9
311682932970487808 36
311684384191299585 39
311685747310723072 50
311688154878976001 36
311690285551869952 42
311691090854019072 47
311691187348201475 59
311692428870578176 47
311696413450973184 42
311700897149353986 11
311706278445580289 59
311708023280250880 59
311710145593892864 36
311711445823942656 14
311711894627041280 14
311712045621989378 36
311712519557353472 42
311713769472540672 42
311714486698536961 14
311719838622040065 59
311720996262514688 47
311721788977594369 48
311725010228232193 47
311726083961655296 36
311733352694685696 56
311735898628820992 42
311739837088673792 59
311741053403267072 42
311743574205161473 22
311744903812087808 22
311747319701856256 39
311750800986742784 15
311751472083783680 15
311756341645541377 36
311760162673266688 59
311763849474879488 17
311767905337487360 39
311771743138242560 59
311772070306512897 35
311777782952759296 59
311777896198971394 59
311777959092563970 59
311779519382036481 43
311779930436403200 47
311780937052602369 13
311781671068372992 22
311782543479435264 32
311785831826345985 14
311792886612099072 38
311796296581255168 51
311798259544911873 42
311804844589596673 42
311809659650580480 12
311810183926009856 59
311810599187255296 59
311812717289811968 59
311813317079482368 13
311813413540069376 45
311814944461037570 14
311815917573136384 42
311816446021865472 59
311817326821507073 35
311817431708467200 45
311818509615263744 59
311822020268658688 42
311822343221702658 22
311822586516471808 6
311824721383677953 39
311827376378085376 59
311827825185411073 59
311829154783969280 38
311831830749917184 42
311834867413422080 59
311834934534864896 47
311836926825099264 42
311838927512272896 47
311839372100124672 13
311841225974095873 59
311841561543593984 42
311843046302023681 47
311843188920967169 59
311845290275663873 42
311846225580277760 47
311851204252676096 42
311852026306916354 38
311852617716342785 59
311852701581463553 39
311853024542855168 39
311854127678361600 59
311854589051805696 59
311857315328425984 59
311857806070403072 52
311859374752665601 42
311861459313389568 21
311861870363561986 36
311863745188069378 45
311864328200523777 38
311864869286715393 6
311865448100675584 39
311867616526495744 15
311869088756555776 32
311869122302590976 9
311869139084013568 42
311869705319247872 6
311869789188542464 21
311870250574569472 59
311871454323023876 13
311871852798676992 59
311873077543845888 59
311873480197021696 51
311873677304139776 51
311873752814206977 6
311874000257163264 59
311874763649867776 11
311875321492287489 45
311876537811099649 48
311877045321867264 42
311878718857564160 36
311880623084158976 56
311880811832029184 35
311881310958411777 42
311882875425390592 42
311883861091053568 13
311889582117490688 25
311893029852151808 25
311893361189597185 45
311893805777436673 45
311894929846710272 35
311897345774198784 13
311897505136787456 45
311899753283739648 48
311899937854062592 48
311900046922764288 42
311900093026549760 43
311900390847307778 51
311902710297407488 21
311903268135645186 48
311906313204555776 45
311906489335939072 45
311906774557011969 45
311907042988277760 45
311908016096178177 45
311909723152732160 15
311910813667573760 35
311913355445145600 30
311913502241611777 4
311914844389523456 35
311915209298161665 5
311917667160293376 5
311920850658000896 5
311920934527320064 47
311921555309481984 32
311923581149921280 36
311927905464758274 39
311929297977896961 53
311933664235749376 51
311935694283091968 42
311937988567384064 25
311939527881129985 39
311939997643198464 47
311945043403501569 21
311945286652137473 50
311948130415411201 39
311949606793646080 22
311949673898336258 28
311952479917068288 42
311953268421058560 36
311956888126377984 48
311957936685588482 24
311959211745636353 36
311960113529380864 69
311961271157284864 11
311966509855547392 48
311967747162664960 39
311972243464921088 45
311973459813093376 15
311978983694680064 9
311979629646839808 36
311980065829289984 39
311980376203616256 36
311981408006582272 50
311981848429486080 35
311982204928524288 21
311986747368148992 39
311988093731368960 14
311989763081125888 6
311992262890504192 48
311992741003415552 48
311994343265300480 15
311997228929671169 56
311997971338235904 39
312000164921495552 35
312002161414385664 42
312002228552597504 39
312004250211332097 22
312006552884244480 15
312007811158654976 42
312008285102407680 28
312012991136690176 13
312013385380282368 48
312016233329487872 14
312018225632268289 11
312020960280727555 47
312024789718032384 39
312026937168101377 15
312028740727209984 15
312033148932354048 13
312034159767998464 25
312036374364708864 9
312038983205023744 11
312041684345167872 42
312042137330016256 13
312042540008349696 60
312043320136310787 59
312053210300960768 47
312054464406237184 19
312055433298845698 4
312055559102795776 19
312057865965821952 28
312057882743042048 11
312066837582053376 25
312072764154597377 36
312092255064322048 14
312093702115979264 14
312093978956808192 14
312095786697625600 59
312105525842165761 40
312116959527440384 2
312119446732955648 19
312122772816011264 39
312123188064686080 19
312124559606300672 19
312124609950539776 35
312127533372026880 6
312136618226110465 50
312137188647264256 18
312137243189993472 18
312137587097751553 18
312137725518180352 18
312138086240882688 35
312139973677682688 38
312140636373516288 39
312141139710971904 50
312141252948807681 59
312142326686429184 50
312142335058276352 59
312142431523049472 32
312142746091655168 7
312146005070057473 50
312146160284471296 36
312146651013869569 50
312148169356107776 50
312148181922226176 50
312148622345109505 50
312148894941323264 50
312149163406147584 50
312150614610153472 50
312150782394920961 50
312151482860449792 50
312152271364431872 50
312152376222035968 50
312152418169270273 50
312153168970674176 50
312153512899407873 50
312153621959700480 42
312155467428278272 25
312155832349499392 48
312157027696799744 50
312158856413331456 50
312158856446877697 35
312158999049023488 50
312161230422949888 50
312161238798974977 50
312161549173276674 19
312161893089435648 50
312162874594295809 50
312163533100027904 50
312163705041338368 50
312164317397147648 50
312164682314158080 50
312164921393684481 50
312165235958095872 50
312167190520553472 50
312168314598219776 50
312171103810359296 35
312171691017138176 50
312172496319307777 50
312173012218687489 42
312173729453072384 50
312174035616288769 50
312174148858286081 50
312174849298690048 50
312175524610969602 39
312175910474354688 50
312176170538004480 18
312176241824382976 50
312176321524535296 18
312178557092777984 50
312179203002990592 50
312179312046514176 59
312179349803646977 59
312179475636944897 50
312180327076462592 59
312181916726087682 50
312182260650631168 50
312182457778720768 50
312185171497582593 50
312185272152514560 50
312185532224520192 59
312186027127214080 5
312186828230897664 50
312188032000339968 18
312188111704715264 18
312188824719601664 50
312189143507664896 50
312189218996748288 50
312189785240391680 18
312189948793077761 50
312190573744369664 50
312190749938704384 50
312190968029904897 19
312191496508026880 50
312191861399896067 50
312192935158480897 50
312193031635877888 18
312194440917811200 14
312194566730182656 50
312194713555988480 50
312196831675289601 18
312198438064361474 47
312201583792381952 39
312202418458877956 39
312202460401913856 35
312202544317345793 18
312203278307950594 18
312203618063368193 18
312203634819608577 50
312203777430142976 18
312204045844639747 56
312205388038684674 18
312205681656741889 50
312206000390283264 38
312206352716017664 18
312206679901106177 35
312207615209897984 50
312208915448352769 50
312209993392869376 56
312210026955698176 18
312210286998323200 38
312210593161551872 42
312210832228491264 50
312210979045920768 18
312211973104340994 42
312212656763310080 18
312213025887240192 50
312215093662347264 18
312216167383191552 50
312216372925038594 18
312217383756521472 50
312217597661835264 50
312218457481543680 51
312219405423607808 50
312221334786678786 50
312221783577206784 50
312221791953231872 50
312224044323852288 50
312224400835493888 50
312225701069717506 19
312227039031726080 38
312227131323207680 10
312227550745214977 18
312227743699976192 18
312228003713277954 39
312228662244175872 18
312229996016066560 50
312230088311726080 39
312230138609811456 18
312230570652479489 25
312230591624007680 50
312231027831631872 50
312232583914192897 15
312232772641107969 18
312233011729014784 22
312233338901520384 2
312233510838611968 50
312234420994179073 50
312234584605601795 50
312234974650699776 50
312236836934270976 50
312238451732910081 50
312238829211881472 18
312240829903290368 18
312241060581634048 50
312244747399995392 50
312244873224921088 50
312245468820287488 53
312245884039606272 50
312246739694391296 50
312247528223551488 25
312248371266080771 50
312248803291979776 50
312249277223141376 42
312249667293417473 59
312249805730623489 32
312249889620901889 50
312249952535474176 50
312251764453818372 50
312251768660705280 50
312252234224246784 50
312252800459497472 35
312253396046462976 52
312253706416562176 50
312254671106490369 50
312255723864211456 50
312256839582642176 15
312257540031389696 50
312257875558948864 2
312257967837806592 50
312259586847567872 50
312259876250337281 50
312260081775423488 50
312260211773685760 47
312260790616985600 11
312261046452772864 50
312263651128115201 60
312265446294441984 42
312266117366308865 10
312269862871384064 50
312271154712829953 50
312276020105453568 50
312276531814756352 50
312276657660645377 50
312277244863197184 50
312280050844192769 50
312281342681432064 50
312282697454198784 50
312284505190838272 32
312287088894697473 47
312288988897628160 13
312289181835608065 39
312290339480293376 35
312291283194482688 38
312291610362793984 17
312291828433043457 11
312295154549669888 59
312295443944071168 50
312296345706844161 50
312296345727819776 50
312296505115557888 50
312297461412687872 47
312297708885008384 43
312298556126003201 50
312299218817662976 50
312299613082222592 47
312302029001326595 39
312302398095900673 13
312302838502002688 2
312303111127572481 20
312303513801732098 48
312304155530240002 6
312304574931300353 47
312306911150239746 48
312307024429973504 20
312308463080439808 6
312308714734485504 50
312309364855808002 9
312309973025685504 50
312312946778853376 50
312314712568242178 39
312316583219453952 7
312319657644285952 11
312320681062846465 47
312323076014628864 48
312323931640066048 50
312324980220248065 43
312327383548055552 19
312327698146004992 18
312327853310083072 50
312328201470889986 50
312328218218725377 19
312329262617219072 50
312331804344475648 50
312333335265419264 39
312333796647239680 50
312335033996304385 11
312335457608400896 48
312335663125131264 38
312338871784448002 39
312340742444036096 50
312341652578635776 19
312342973813764097 10
312345377141579777 40
312346580902608896 19
312350099915276288 4
312350523552563200 50
312358996042461184 6
312367342707421184 50
312368693252325377 6
312369385312501761 13
312372505891446784 42
312372585574854656 19
312376993800937472 38
312378143015043073 50
312381699784835072 6
312382882582773761 13
312384350593380354 50
312385000710475777 39
312385889898737664 53
312389291483484160 7
312389966770622464 43
312393137681219584 50
312393301229711360 50
312394022666776577 6
312397592015278081 50
312398774809030656 32
312406920143179776 32
312409910707105793 6
312420262232604672 18
312421075935973378 50
312428151726804994 13
312428202071040002 39
312428269146357760 47
312431947571945474 6
312434191524585473 9
312435844067782656 18
312441590289412096 50
312445042184826880 6
312447109989289985 25
312454882038800384 50
312455796397047808 39
312455985111392256 6
312461072802123776 18
312461748089270272 50
312462763102449664 18
312467175535435777 50
312468677079478272 2
312471080432435200 18
312472774922883072 18
312476151325007872 50
312485252989874176 51
312485395583614976 38
312487345947553793 50
312488377729568768 50
312494673400823808 35
312496002957451264 50
312496116203679744 12
312497194143997952 28
312499832365404160 35
312507507950092288 50
312512159429062657 18
312519784690507776 50
312521051374510081 25
312521856664088576 28
312524541018656768 40
312524612334403584 40
312525958714388480 18
312526285870071808 6
312528882110705665 13
312536457040523265 6
312537274933997568 50
312537291690237952 50
312537438495051778 50
312538852004880385 18
312541058191990785 18
312541553107275776 50
312542714950479872 50
312543990002110464 32
312548305966084097 18
312548792467607552 40
312550046581288960 40
312550281466478592 39
312550663148146689 18
312551074168975361 39
312558602944667648 50
312559311815585793 39
312561224401428480 18
312561698345209858 39
312562105205284864 56
312562935681667072 6
312563250237689856 39
312563975852281856 6
312568241455247360 18
312571911475441665 18
312572515488788480 35
312575136895221760 50
312577531859591168 53
312579448635523073 32
312580262368272384 53
312580690178875392 39
312582271439872000 38
312583785550069760 20
312589938598215680 18
312593654768365569 47
312594229375426561 39
312594401367044096 40
312595340882743296 18
312595370238685184 15
312597425435078656 50
312597786153582593 39
312601305157885953 30
312601753965178880 18
312602135634255872 50
312602869658431490 15
312605755343781888 50
312607240106426368 28
312607936381857792 59
312608255123808257 38
312609945457668096 15
312610402632617984 18
312615754568699906 50
312615821639811072 18
312619718165032960 39
312622540919042049 39
312622893274116096 50
312622901658525696 50
312624088629792768 38
312625091089403905 38
312625544049078272 39
312625934115151872 32
312626546496139264 39
312626689089863680 18
312629037912711168 39
312635828478300160 50
312636004664242176 50
312639255245639680 20
312639309750624257 11
312644779118833666 18
312651213214736384 39
312652811215204353 21
312656103769010176 32
312656107938123776 25
312656539951448064 50
312658708406611968 24
312659308200472578 22
312660423902117888 18
312660482593021952 39
312663145997033474 18
312663578014527488 24
312669441655717889 28
312671081632776192 50
312675645006172161 50
312676353872908288 14
312681647080349696 25
312690098569371648 25
312690153103687680 39
312692099285913600 21
312692845838479360 43
312692938125750272 48
312693068149186563 39
312694821389205504 14
312695630885695488 4
312698717872463872 39
312698755616997376 20
312701410619838464 6
312705416167555072 7
312705730761334784 11
312707823702261761 47
312709388211208192 47
312710113813229568 39
312712479404875776 21
312714727547629571 32
312715121820565504 60
312716862444142592 51
312721111265710080 21
312722990313897984 39
312723791413403649 50
312724873560604672 38
312726832283783168 4
312727134294642688 25
312731483792084992 47
312735413850742784 28
312738865762947073 15
312742661599686657 14
312743378838233088 50
312748915327901696 28
312750366536130561 25
312752543384100864 32
312755055793172480 50
312766044865445889 43
312767970034204672 15
312775498818285568 50
312776681603604481 47
312777365296148481 50
312783023387058176 38
312785489642020864 15
312793001640480769 42
312794532553031682 32
312802728248229888 28
312811997639094272 39
312817295045054464 50
312823183864627200 42
312828103762272258 32
312830305797033984 28
312832612647440384 19
312839159976955904 32
312846260933640193 39
312848328704544769 38
312852116144279553 40
312872974447431680 39
312885326655926272 32
312885343433158656 32
312888703074848768 51
312899172061818881 2
312901244064780289 52
312902397481590785 53
312902569452257280 5
312902712062799873 21
312908122685571072 38
312922349798301698 32
312924203676467201 39
312926003028688897 50
312926330163449856 32
312927743643901952 56
312928746099314689 38
312932541961236481 32
312935280812363776 32
312936862085947393 39
312939894559354881 28
312944311165669376 51
312946664149229568 47
312947549151563776 25
312949923123441664 4
312951378559524864 13
312954369115041793 50
312956080370098176 43
312958248829472768 59
312959167365263361 47
312959943345070080 15
312964112462262272 38
312965148446961664 24
312969317589340160 13
312971410555432963 38
312984110903734272 59
312990914077405185 48
312995687178567681 35
313003132084961280 4
313006466556649472 39
313007867433201665 32
313010061070974976 50
313011386454269952 28
313015408821141504 51
313015597556445185 45
313015689814355969 32
313016675479994368 11
313017791164866560 43
313018126713380864 13
313018130920243201 21
313019171099258880 60
313025626141495296 39
313026578244325377 6
313032391524487169 15
313033003897061376 48
313033184285696000 32
313043133145419776 47
313043577762631681 21
313044739563872256 25
313059591590146048 47
313071910256791552 13
313077027311857665 15
313079514550906880 39
313080596698132480 39
313082073059557376 28
313085696971776000 38
313085994733809664 21
313086707773882368 35
313094140093140992 38
313096589566672897 53
313101710786711552 21
313102545478356993 38
313107603817373696 6
313116357329821696 21
313116785140453376 39
313120471937855489 21
313121675686330371 30
313130433414041600 20
313131624562823168 21
313132224352509952 50
313137056190713857 24
313145126035783682 42
313148330479861762 21
313150796734820353 38
313152814207598593 38
313167716582293504 47
313171340435791872 50
313172967825752064 50
313176147137531904 21
313178563048247296 38
313184640590561280 56
313189862478053376 35
313189988315574273 39
313192039330246657 21
313194836922605568 11
313198167199997952 21
313208300651024384 51
313215128994717698 39
313217423245467648 40
313218232758722560 51
313226248065282048 51
313227820954419200 51
313228114547318784 51
313235152581046272 50
313241842487541760 38
313245931954925568 15
313252017890000896 53
313252982558978048 38
313256665166278656 22
313268476343099393 50
313272268002308097 32
313277120778493952 22
313280400745193472 32
313284406309711872 32
313287040307437568 10
313289284293652480 22
313296167142309888 32
313297765151145984 38
313299908436320256 50
313303276454035456 59
313304383758680066 39
313308288659894272 20
313308431278817284 19
313309114941992960 32
313310092214820864 13
313310373245771776 13
313313472840605697 32
313314924036247552 32
313316060709388288 51
313317142860795904 42
313325799866527744 42
313326391275974656 20
313326936560640000 20
313327100121726977 20
313327272092385280 20
313327620219621377 20
313329834812116992 20
313329838989668352 20
313331906773135360 11
313332863074455553 13
313335761342697472 38
313337623643037697 20
313339934708752385 53
313347383788457984 48
313348272964112386 28
313349053113053184 2
313349472547663873 11
313350214931083264 50
313351968166928385 14
313352211415588865 39
313352374985035777 50
313355831112507392 48
313356917420470272 15
313357215211872257 15
313360788767264768 60
313361136902893569 50
313361719915339776 15
313364572046245888 15
313364945335107584 20
313373958890196992 48
313373971447947264 25
313376743912255489 25
313384528511123458 13
313385447097241600 15
313385493226201088 48
313386655061008384 15
313386671800455168 15
313387179323826176 39
313388940918927360 35
313392954884648960 38
313393919574540289 35
313394821366702081 11
313395362410950659 19
313399489631240192 60
313401549000937474 15
313402736001572864 6
313405164511969280 15
313406477320732673 32
313414559765520384 60
313414815588708353 60
313414844957216768 60
313414920471453696 60
313420574380658688 15
313422747025948672 48
313423107731890176 9
313423120319016960 50
313428501619408896 15
313429751526207488 39
313435036332470272 47
313440820298653696 38
313442565112344578 50
313446193176907780 48
313447405347561472 11
313449557000331265 28
313457844978606080 15
313458964845191168 15
313463154959085569 15
313466132893941760 53
313466166473539584 50
313468964078485504 17
313479294632460289 17
313518284903428096 56
313519413171220480 22
313520142963318784 56
313522659562500096 11
313524593124061184 32
313532813947334656 42
313533032055324672 53
313536400077230081 48
313537452864327680 38
313540258828533760 56
313541542298144769 51
313544956453191681 32
313549255631572993 22
313549716996624385 20
313552485245648896 38
313572156510453760 39
313574337573687296 69
313574572463099904 47
313574874432016384 13
313575528756039681 10
313584999494471682 20
313585125311004672 15
313590837948866560 11
313594524742070272 32
313594713506725888 13
313603924185739264 15
313606717579603969 39
313607036371865600 38
313608894452736000 30
313612300215013377 22
313613323633565696 25
313613378138550272 38
313614514807533568 15
313616960095154178 50
313621766771732480 52
313623259939733505 13
313624006492303360 69
313628192432877568 56
313628779618652160 22
313632881652166656 38
313640712438697984 32
313641098310463488 40
313643468075442176 15
313644600524959747 15
313647020642549762 32
313654071267561472 20
313655442838528000 39
313655669314166785 6
313656495587872768 6
313657376383315970 6
313657766453604352 43
313657841942687744 20
313660606005788672 40
313661457470459905 6
313663281984311298 69
313665093923663873 21
313666071175499776 39
313666683552288768 10
313667094594072578 32
313667555963305985 38
313669246272012289 21
313669346956304384 39
313670336786870272 17
313671234380525568 6
313671234384707585 6
313671523791667201 15
313672547210256385 25
313674946352148480 35
313675583856967680 38
313676171084718080 48
313679115456757764 15
313680843543552001 13
313681330061836288 13
313682223461191681 51
313682596724891650 69
313684358353526784 51
313685331436269570 51
313691287339552768 69
313693518696693760 15
313694261101084672 13
313694319829737473 38
313696089813446656 56
313696416969154561 38
313698069533310976 43
313699009049010178 51
313701622092034048 13
313703610192113664 15
313704969175982080 11
313706030330683392 39
313708798562926592 32
313709234787344384 15
313711088652926976 69
313714024657342464 15
313714649596043264 53
313714934833876993 38
313715131970379776 48
313717279454007296 15
313720324506140673 51
313722245480583169 51
313722362946269184 51
313722732019851265 32
313723260518924290 13
313725219246321664 39
313726993466273792 40
313729648456523776 38
313732248916611072 14
313733112955797505 15
313735868584169472 48
313737487619088385 51
313737605038616576 39
313741874823307265 22
313747692360699905 47
313748283728211969 35
313748682187104256 13
313749399408881665 39
313750338937171968 6
313750779339104256 25
313751915991298050 48
313752834556452864 21
313752876503666689 22
313757603475906560 69
313758404604731392 28
313760883409027072 32
313761684542062593 25
313761873277353985 6
313763664245186560 20
313763689398411265 21
313765111296823297 32
313765740421447680 69
313770169598087168 32
313776037467140098 43
313778960880259072 22
313780177224204289 15
313782165328494592 35
313782630883684353 59
313787504656539649 11
313788372898435072 32
313788607775272960 15
313789689918279681 39
313790700741337088 17
313798644753104896 69
313805653422505984 25
313812553065189377 39
313812930552532992 40
313814687940755456 20
313814763463385088 47
313818752233922561 56
313823978353459200 4
313824699748605953 40
313836737426247680 10
313837039411933184 48
313837261684891649 13
313838926861332480 6
313844140360208384 10
313847017656954881 38
313849605534138368 30
313855553073979392 69
313856681350152192 4
313863522255790081 25
313866252735115264 42
313868911940608001 39
313872875528531968 17
313877631881863169 56
313880064578170880 39
313880601440702464 56
313881343824121856 47
313889526940594176 43
313896816628342785 40
313897848410370049 6
313908648764121088 38
313908841676943360 35
313911144358227969 42
313911735771877376 39
313914348827451392 40
313916332703891456 51
313923949564157953 20
313926533251215361 21
313929481876303872 40
313929783857782784 38
313931218326532096 48
313934343083012096 20
313947316048498689 10
313949723562233857 13
313953154528075776 15
313954425406386176 13
313956056982245376 19
313957218783490048 19
313961073361444867 19
313962772062945282 39
313963191497547776 32
313964189712535553 19
313968212066844673 53
313975526933032961 10
313975615009193984 39
313979972903645184 39
313980631384199169 38
313981604496277506 19
313983772938874882 10
313986419527938048 19
313986419561476097 19
313986532782510082 13
313987065463316480 43
313987229062139904 19
313987233252261889 19
313988600574398464 51
313991666598027267 35
313992966836482050 19
313999228953305088 39
313999241548800003 19
314001313505632257 13
314012013166723072 19
314012306780585985 69
314013808362418176 30
314025732743512064 13
314026798126096385 19
314028568084611072 47
314030694630305794 19
314031281803505667 19
314031319556444160 13
314031843861200896 39
314034901513031681 13
314035065090879488 19
314035866190364674 39
314039737549733888 19
314039842373763072 10
314040672845983744 19
314041415258734592 38
314042447040749569 10
314042568675565569 13
314044514845196289 42
314045349515898880 32
314045886399381504 19
314046813332180993 19
314047744450887680 42
314048440709545984 19
314050915369893889 2
314053234807410688 13
314055378088390659 39
314056292463435776 25
314056426651799552 25
314056909013524480 19
314060281217167362 9
314061220774825987 15
314061241750544384 13
314072964800868352 19
314077347852738561 28
314081105940717568 39
314083110813843456 19
314087602917609473 17
314089259697049600 48
314097602167721984 43
314098629772197889 19
314101884518559745 11
314103574831431680 39
314104216589316096 15
314104636002930688 13
314104858284273664 22
314104958972731392 51
314108079509762048 48
314114995933827073 11
314115696382578690 39
314116119990521856 18
314122591801597952 48
314124382790381569 39
314124756087603200 4
314125565558939649 38
314127121679265792 25
314127159419613184 18
314127620797251585 39
314128744879120384 26
314133165667139585 52
314136437203292160 45
314137913610874880 38
314139465503346688 39
314139868152340483 11
314143135506767872 13
314143529800704000 10
314143752073670656 47
314148550353252352 56
314148848178188289 47
314149351465316354 11
314149997413277696 21
314150039360507905 48
314150051914080256 39
314150320370483201 21
314150970491826177 43
314156070736117760 10
314157849137778688 19
314158792839397377 19
314162995532029953 19
314163100397993985 21
314163939275575296 19
314167303107395585 43
314167605084708864 48
314168255193432064 48
314173330322239489 21
314178573172867073 25
314185334395117568 42
314190069781114880 40
314193240691703808 25
314193974665551872 10
314195157467684866 2
314196512236261377 38
314197132976459777 40
314205127340859392 39
314210806411689984 11
314214568694013952 40
314228489588965376 13
314230528050069504 19
314240900559691777 13
314241336750514176 18
314246432850849792 21
314247682745061376 4
314250291606347776 14
314250530660708352 21
314250530664882176 21
314268956259123200 15
314280935191351297 47
314284756210683904 42
314285305643556864 15
314287088205971456 48
314287880954593281 21
314305023049883648 51
314307938112114689 21
314308726628700160 19
314311809450524672 21
314312556040818688 21
314313193583419392 21
314315399791538176 39
314317983466004480 51
314319812199329792 51
314320093184143360 19
314320378405220352 51
314324765647196161 10
314328481796345857 4
314330432177045504 6
314330486669443072 35
314330591527047170 40
314330662859595776 38
314334337061486593 21
314335918330875904 39
314337449243451392 69
314337759630356480 56
314344218858496000 10
314345716191465472 10
314345774911741953 10
314348937412759553 21
314349428167299073 19
314350644523835395 11
314353395983060992 19
314353442133004288 48
314354356482875395 19
314354402599251969 13
314355543449948161 32
314356491379429376 51
314357493792911360 10
314358018093494272 21
314359335121731584 40
314359867781558272 39
314361356763672577 19
314361432248549376 30
314362455658729473 39
314364741562814465 9
314365085491556352 10
314367258149404673 10
314370613580013570 10
314370789761748993 10
314371276292640768 10
314372517806620673 19
314372748501725184 19
314373033722785792 10
314373830619586561 10
314374078108692481 19
314375508357943297 19
314376758252142592 19
314376775037747200 13
314378679255957504 15
314380470198616064 10
314382965838852096 15
314384408662654976 15
314385029407064064 10
314385058775572482 19
314386258338148352 21
314386317050003457 19
314386728100167680 11
314388988830048256 38
314390880486301696 10
314391861936664578 19
314391933227253760 10
314392709207035904 19
314393149604773888 21
314393355121487874 25
314393753571950593 43
314394818941956096 21
314395481621004288 25
314395947171983362 21
314396815392919554 13
314397650076188672 10
314397910106255361 19
314398035956363265 19
314400573522857984 10
314403018776907777 48
314404872680263680 19
314405992567808000 21
314406592349093888 51
314406596539187201 51
314408559448322050 35
314408865628295169 39
314409272496775168 39
314411235418468352 19
314411575178055681 18
314412577599938560 11
314412703450009601 38
314413194150027265 10
314413533897048064 19
314415303922696192 48
314416453124239360 13
314416654484373504 10
314416847388827648 13
314417275241390081 35
314424095146143744 21
314428394332909568 22
314428402729889792 10
314430483092103168 18
314430877348282369 15
314432676725678082 21
314433905627394049 35
314435323331481600 10
314435616936960000 21
314436367692222465 19
314436824892309504 11
314436875211403265 10
314437391098183682 32
314437735031111681 32
314437873455747073 11
314438334808223744 48
314441136632647680 10
314441220514512897 48
314442654979076096 38
314443556750245888 40
314446719255453696 2
314446903800651776 35
314447771992223744 15
314447772013174784 19
314447776215863297 18
314448283714072577 10
314448417927602176 19
314448489226596352 19
314448501826256896 19
314449089020452864 10
314449139360477185 21
314449277772517376 40
314449424581529600 42
314452134089330689 19
314453019087495169 18
314454088626622465 35
314455728586911744 19
314456315802050560 21
314457309839511552 21
314457410502799360 11
314457725079801856 19
314457926423166978 32
314458719142440960 19
314459901952933889 53
314460434604359681 11
314460728222416896 21
314461558682030081 38
314461877436551170 19
314462837932191745 21
314463383221067776 18
314463634858332160 19
314463727162363905 35
314465115447627776 18
314467409740304384 21
314469204889858049 18
314469855023734784 19
314470542881210368 24
314470568047038464 51
314473374036406272 10
314473550192984065 2
314473592148611072 6
314474867217022976 40
314474867229597696 40
314477073429307392 19
314477442519666689 21
314478063259877378 19
314478142985216000 19
314478709212057600 19
314479631929589761 40
314480495972982784 25
314481368375623680 21
314481498407444480 39
314482098201325568 21
314482257563889667 15
314482920284893184 19
314483297759670272 19
314484316992319488 30
314486594491002880 35
314489576653742080 25
314490507764060160 32
314493552841351169 52
314496115565273088 18
314498242085797888 35
314498300789288961 15
314501278736723968 40
314502390244048897 21
314503413645848576 21
314506471280898048 10
314511315731365888 47
314513840677191681 42
314516189495840768 21
314518328578289666 21
314518336992079872 21
314519268119162880 10
314523034595778562 39
314527522496843778 35
314529036669968384 48
314529321857478656 18
314535995016093696 32
314542257095204864 40
314543678985232384 2
314548930253824001 42
314550373094404096 41
314551828513710080 12
314551887229767680 10
314555246837899264 21
314562419110342658 38
314565837476487169 11
314566126870863872 39
314574104445480960 2
314576109335359488 35
314579150214164480 48
314579456398352386 42
314579804512989184 21
314581159281586176 21
314586649596141568 9
314588444783411200 13
314588855795851265 42
314589354943201281 11
314593494700261376 38
314603175174873088 60
314604991283359744 53
314621508473479168 39
314626449380347904 51
314627204321529856 51
314628164821319680 10
314629028847947776 51
314629444088242176 43
314629595099955201 42
314629993529475072 10
314630245208707072 10
314639548166569984 39
314639925679108096 51
314643616641466368 40
314644891718262785 10
314646934331740161 21
314653582328745984 48
314653783638556672 11
314656501564325888 7
314656711271141376 40
314660377088634880 40
314660515492270081 39
314661094318829568 22
314663648628989952 51
314663988375986178 35
314664323932889088 48
314666697917353986 38
314671760417112065 9
314677951205605376 48
314679041728864256 15
314679717011795968 40
314682820821917696 39
314683038921523200 42
314686385963540480 6
314687363240574976 51
314693310772023296 39
314697718993915904 35
314700990534258689 35
314701372215934976 35
314702672454369280 40
314703142216413185 47
314708380897931265 9
314708573844291584 4
314709232354222080 35
314711841207111680 11
314715385368829952 18
314716522037800960 18
314719072166244354 39
314719361581608960 21
314720372417241089 21
314724092752326656 35
314724453458251776 40
314725585924526081 15
314730296144715776 25
314731550224818178 21
314734805025705986 25
314736738595643393 21
314738651194068992 21
314739511001231360 2
314739821409075200 18
314740106625957888 47
314743348789391361 10
314744779047055360 39
314745387233730561 10
314747274657951744 18
314747471802798082 18
314748373582352384 51
314751464776007680 18
314754287551016961 18
314758335037583360 18
314758565753655297 28
314764718780846080 15
