301396402376933376 112
301396620480770048 12
301397023154905088 112
301397304181673985 112
301397492912775169 112
301397505491484672 112
301397899751874560 13
301398013023240194 112
301399233557299200 11
301399376172036097 11
301399661372129280 11
301400189841846272 112
301400399561240576 112
301400496042807296 112
301400663814975488 11
301400743498379264 112
301400789635698688 11
301401141953056768 112
301401238405255168 112
301401473319829506 112
301401666228473857 112
301401808838987776 112
301402337325481984 11
301402714821259265 112
301403004219822080 112
301403331396509696 112
301403746607435776 112
301404778402037762 167
301405877326462976 112
301405894086893569 112
301406061875843072 239
301406376465416193 13
301406498062495744 112
301406762312024064 11
301407185957707776 112
301407274025492480 112
301407441793470465 112
301407727031291904 11
301408754619011072 112
301408872046927872 67
301409341800579072 11
301409509593735169 112
301409668960514049 112
301409970979737600 112
301410205839802368 112
301410558148767744 112
301411124417552384 112
301411258610114560 112
301411367649427456 112
301411380236529664 112
301411577389805570 3
301411602551410688 112
301411606733148160 112
301411879371280385 112
301411933893033984 11
301412269424779266 112
301412621763096576 112
301412797932265472 112
301413049603067904 112
301413515133067264 112
301413645177479168 112
301414156899319808 292
301414702137880576 112
301414756676407297 112
301414974771851264 112
301415939449163777 112
301416023343632384 112
301416119821012995 112
301416350499368961 235
301416446972538880 5
301416820282372097 112
301416954474921984 112
301417159987437568 241
301417403261272064 112
301417449419599873 112
301417646556065793 112
301417747215183874 112
301418162430296065 12
301418166633000961 112
301418527334748160 112
301418791605264385 112
301418892264345600 112
301419437515481089 112
301419471065718785 235
301420226048827393 112
301420410577244161 112
301420658045370368 112
301420821623226369 112
301421215908761600 112
301421253661700096 112
301421874414489600 112
301422440611987456 112
301422826504740864 112
301422872650448896 235
301423476642832384 112
301423732457619457 112
301423975752417281 292
301424357429870594 112
301424378380443650 112
301425259192655873 235
301425485706063874 157
301425536037711875 236
301426362315591680 235
301429596119785472 292
301430367880097792 235
301431030584328193 11
301431747780943872 269
301431798120988674 11
301434272772943875 11
301436214718918656 11
301438341218435073 11
301439192666365952 11
301439427564163072 13
301439549203161090 167
301439582740824064 126
301439997972709376 235
301440102826143744 69
301440656486846465 11
301441306629140480 261
301447560336379904 11
301450131423780865 11
301450798322286594 235
301450873819779072 235
301451452642127874 11
301451511362379776 235
301451712659603456 126
301452010463571968 235
301452538941681664 167
301453176509444096 235
301453579141652481 11
301453717536903168 126
301453965009231873 235
301454145364299777 11
301456565494505472 13
301456640979394560 11
301458306143240192 240
301458507465633792 235
301458696196726785 11
301459639931908097 235
301460050944339970 235
301460902404837376 235
301461397311717376 69
301461422494318592 235
301462190043586564 235
301463767089287170 235
301464123609317377 235
301465071551393793 235
301467659428581376 235
301468166935154688 79
301468947092480001 13
301471342010703872 235
301472268943491072 235
301472818397339650 235
301472885518770176 235
301473795707899904 122
301474974277967872 12
301477822222970880 11
301479705478049793 11
301479743193231360 236
301485862707933184 239
301487552999878657 69
301500475671449600 12
301502119813464065 239
301503197778952192 11
301504921637908480 112
301504942601031680 235
301509292064907265 12
301509350785159168 239
301509480846327808 126
301509933818585088 12
301510109954195457 12
301510177084035073 236
301511473115561984 126
301511552819924992 11
301512475554242560 235
301515315106418689 167
301515403203575808 167
301519190643322882 235
301519417127350274 236
301519547163357184 11
301522273444179969 12
301523003253092352 67
301526505509515264 235
301526820065509376 240
301527478604800000 11
301529751900782593 11
301530242625978368 11
301531169588129792 11
301532306227724288 11
301533283504750592 241
301534185263362048 11
301537209385906176 235
301542771024617472 12
301543240774066178 11
301550249447661568 167
301551490974224387 235
301552753451343872 239
301556343775584256 236
301562471653715968 11
301562601668743168 12
301568633098887168 239
301574165381664768 11
301582553998053377 19
301594943972077568 240
301596596523630592 240
301604381147680768 11
301611469525643264 18
301612736201256960 12
301616712393031682 12
301617047949959168 79
301617052123291648 292
301620843799273472 11
301621993021796353 69
301623331025715200 12
301624924848668672 18
301637910422253568 0
301638157873602560 11
301657367785902080 12
301659578209275904 167
301660618371518464 5
301665567641849856 167
301666511360249857 235
301675235525152768 69
301684085489815552 11
301685574505488385 240
301691803046932484 16
301696165114683392 239
301696261566889985 13
301696588739399680 167
301698010579079169 241
301703136035348481 235
301704151056924672 13
301704193004167169 12
301704566301421568 235
301704671133831171 239
301705249964576769 12
301707330339356673 239
301707904979963904 240
301707997221097473 240
301709851137019904 4
301710354440937472 167
301710958420688896 241
301712858427834368 8
301715265958330369 11
301720005513457664 235
301720294924623874 269
301721171546750977 12
301722618585821184 235
301723402916470784 270
301732731040169985 12
301733611860815872 236
301737038615560192 236
301737546126336001 67
301738867319525376 11
301739186086633472 261
301742432465330176 12
301743875293315073 13
301745578197516290 292
301749638287994880 12
301750191952908289 12
301751437627625472 16
301753878729342977 12
301754562379923457 13
301758135956295680 235
301761315221946368 12
301769091469946880 240
301769833853366272 11
301771301855580160 261
301771406742532096 12
301772165886382082 13
301773000561274880 241
301773403193499649 309
301775206752600064 12
301776389546332161 79
301777240994217985 269
301778335715975168 12
301778339889307649 3
301778407010734081 79
301779338133659648 261
301779417838002178 235
301782232211783681 79
301784018993692673 12
301786225218576384 240
301789979087081473 235
301790788596146176 79
301791514231717888 6
301791677784416258 236
301792441151938562 12
301792558584041472 240
301792625709678592 309
301794131443871744 240
301797008757383168 241
301801932857696256 4
301802251616415744 235
301802838852505601 11
301803505734283265 16
301805632233799680 261
301806999572709376 235
301807398039986176 240
301807733584297986 235
301809100919042048 235
301810900292222977 12
301811361669840896 235
301811416179040256 12
301811634274447360 235
301812141806206977 11
301813702091489280 292
301814679360118784 240
301814876475621378 236
301815484649717760 239
301816029930217472 235
301819553120399360 157
301820052246781954 12
301820740146176000 8
301823067947159553 292
301826113037008897 239
301828147249291264 5
301829950812610560 240
301830718366023681 240
301831347524231168 235
301831389467258880 12
301831989265321984 292
301832127673159681 240
301832131867471872 167
301835432755331072 12
301835705401872384 235
301839920681611265 14
301840344314683392 240
301842089124171776 240
301843322262147073 240
301843326456434689 240
301843716526731264 240
301844601512275968 12
301846199542112256 235
301846644155105280 236
301850041545543681 126
301850452557963264 238
301851014619873281 235
301851861848322048 12
301852516189102081 235
301852587462893569 240
301852772041621504 240
301852868493840384 240
301852927230889984 240
301853006889107456 240
301853174686445568 240
301853631861366784 240
301854407799230464 235
301854701413089281 261
301856127463858176 240
301856437842362368 235
301856702091907072 239
301856785973772288 240
301857423516377088 240
301858618884632577 241
301858719547924480 240
301858979611570176 240
301859252224552961 126
301859537437204481 240
301859873002491905 12
301860699255226368 240
301860846051663872 270
301861198385799169 240
301862465057218560 240
301862867727155201 240
301863685616451584 240
301863765312430080 240
301863828197629952 240
301864113431273473 240
301864339915296768 240
301865149436923904 240
301865254265180160 6
301865367536537601 235
301865791131893760 13
301865816306106368 240
301866168631832576 240
301866403517042688 69
301867028476727298 241
301867242361065473 240
301867691159990272 236
301868811039170560 270
301869041730080768 240
301869113037447168 240
301870425858777089 240
301871126303371266 239
301871298274017280 240
301872137126412289 240
301873445740896256 235
301873609343897602 12
301874339140206592 240
301874339144425473 240
301874376876384256 240
301874762773311488 240
301874825683689474 13
301875018621665280 235
301875312197775362 240
301875664519323648 240
301875748426350592 292
301876495025070081 240
301876763443744769 240
301877384213299201 240
301877472268541953 240
301877547761823744 240
301877648450273280 235
301879296807555072 240
301881519805435904 240
301882182505480192 239
301883482739728384 240
301883554021904384 235
301883658866941953 240
301884770370064385 79
301889757384962049 240
301891355439947776 126
301892596928749568 235
301893809103568896 240
301894798934175744 240
301895545528659969 241
301896313082093569 240
301896367633207297 240
301898359902441473 5
301898947125981184 240
301899639165186048 235
301899660149284865 240
301900398363561984 241
301901170102915072 240
301901547573506048 240
301901639852388352 240
301901996380811265 240
301903128830291968 235
301904546496651265 235
301904575873548289 270
301904861077839872 240
301904936587890688 240
301906429764325376 240
301906748506259457 235
301906874352164864 235
301908933759614976 12
301909676138844161 240
301909797777846272 240
301911232225615872 3
301911471326117888 240
301912536666763265 240
301913014821593088 240
301913664942927873 240
301913811735158784 240
301914608661303296 240
301916475114024960 240
301917007778021376 240
301919616656101376 240
301921067864322048 269
301922502337261569 235
301923861287555074 11
301925736137228289 236
301926080082755584 292
301927887831969792 241
301929133531869184 13
301929146093809664 11
301929146093817857 11
301929146102210560 11
301929146114797568 11
301929276134006784 11
301941364109742081 19
301941494124789760 236
301942853075079168 240
301944925073842176 240
301944971198607361 240
301954123207700482 239
301954857210896384 126
301956476182859776 240
301957013066358785 16
301958120375197696 240
301958590116290560 236
301960985072250881 240
301965317784096768 240
301973114991022081 167
301973660246355968 69
301976512377278465 67
301977296716320768 235
301980903817756673 236
301981260316831744 12
301981906239635456 240
301982124381196288 241
301983634326433792 240
301989942530301952 235
301993776149315584 11
301994786951397376 11
301995114140676097 13
301995919447056384 240
301996712162107392 240
301998016569675778 5
302005931217149954 240
302006547809198080 240
302007546036764672 240
302007852216758272 12
302009592873902080 292
302011538997399552 12
302011820032524290 240
302014068166897664 240
302014676357754880 292
302019956990681089 240
302021185896599552 12
302021781487771649 240
302021919929143296 240
302022540694544384 240
302022859457458176 240
302023295656660993 240
302024344215879682 240
302024428131336192 270
302024834945257472 240
302025619301089281 240
302025686401548289 240
302026432975081472 240
302027800347566081 235
302029016678944768 240
302029310288617472 240
302029448709029888 240
302029893271691264 269
302030862155923456 240
302030958650085376 240
302031558414577664 240
302032279839047680 240
302032321773707264 240
302032372113760257 240
302033378759286784 239
302033752031379457 240
302033886265892864 240
302034351821041665 240
302038801985966081 240
302039770865999872 240
302040517473095682 240
302042119697211393 240
302044590125481984 240
302044590125506561 1
302045886152839168 235
302046439813574656 240
302046670512865281 240
302047651992567810 12
302047903625654273 12
302048306283036672 12
302048931225956354 3
302051661717848066 240
302051905008455680 235
302053251371651072 235
302053314282020865 240
302054501270032385 240
302054803264139264 12
302058636841201664 240
302058800452628480 240
302059907715317760 12
302060033548632064 240
302061438636265472 240
302062105534812161 3
302063531602350081 167
302063640641671169 240
302064290796556288 240
302066379551551488 240
302066689909063681 235
302068476695150592 240
302070544495431681 240
302071169421557760 240
302072721339207682 5
302072813605515264 240
302073446932819969 292
302073585374216194 12
302077116948815873 67
302077498622083072 240
302077662208344064 240
302079172149407745 12
302079272850432003 240
302080405299937280 240
302080707268849664 235
302081604870864896 235
302081634205843456 5
302081852330622977 240
302082204668919809 140
302082380825522176 12
302083475534651392 235
302083878183641089 240
302085677548437505 235
302085866262777856 235
302086445085126656 236
302089024590471168 239
302090316440272897 240
302091268555685888 240
302091495043895297 240
302091771863764993 240
302092195484299264 235
302092556206997504 12
302092640097300480 239
302092690428919808 12
302093910950432768 240
302094535893348352 235
302094582022299648 240
302095131488694273 240
302097622901075968 240
302099128664600576 236
302099321598377984 4
302100152095739904 240
302100957364359168 240
302101154517643264 240
302101620102152193 240
302102140162285569 239
302102727364841472 12
302103356531425280 240
302105004871909376 67
302106695184814080 292
302107877999534081 235
302107898971041794 240
302107945087422465 235
302108234515369984 240
302108511322636288 12
302109899645661184 235
302110151295528961 12
302111472492888064 240
302111770288476164 240
302112235872997376 12
302112588198719488 235
302112957293273088 236
302114031030902784 235
302114148475600896 12
302116291760754688 240
302117294178455553 235
302117461963206657 12
302117558427975680 235
302118711878373377 235
302118791549186049 67
302119433307033600 235
302120167301840897 240
302120884506857473 12
302123547889917952 235
302124063785107456 12
302125888319930368 235
302126999802085376 235
302127155016519680 240
302127461171351552 67
302127490531475456 240
302127704440967168 240
302127834502135808 235
302127939351367680 240
302129029841047552 235
302132825686163458 235
302133933007581184 240
302134180446355456 67
302136466375602176 235
302137452007669761 241
302137569456562176 270
302138274087055360 12
302138378969817088 12
302139314308018176 12
302140983624228864 235
302141004608319488 240
302141067522879488 240
302141361098981376 18
302141835084713984 235
302142422278885376 240
302142900421152768 79
302143848333840384 12
302143969968664576 67
302144624301047808 240
302145370870382592 240
302145693844398080 235
302145710588063745 67
302146784350838784 241
302147073749442560 235
302147585450340358 240
302147669332205568 235
302149623911428097 236
302150546620563456 12
302151414862454784 241
302151851070066688 12
302152639578263552 239
302153587499364352 12
302153889501814784 240
302153910481715201 240
302154015309983745 261
302154195702800384 240
302155177148944384 240
302155202331557888 12
302157442085711872 12
302157777613246464 12
302159094637264897 235
302159203680780288 240
302159954457006080 235
302160944337928192 5
302161082720587777 12
302161476997771264 235
302162529759682561 235
302164731777662978 235
302164849205579776 235
302164891148636160 235
302165398671990784 12
302167218987352064 235
302167869108654080 235
302168175313842176 12
302168338891677696 240
302168779272630273 240
302168968016302080 235
302169211294322688 235
302169987240579072 69
302170675110608897 240
302171958567636992 235
302174462571327489 269
302174785524359171 240
302174861005037568 235
302175649534185472 12
302175708279631873 235
302175771177394176 235
302175943131267072 12
302176719081713664 235
302176777835520000 235
302176882667974657 235
302176912040677377 235
302177125941776386 238
302177163690520577 235
302177717342838788 269
302177813790863362 235
302177847383048192 235
302178048688676864 12
302178170319278080 235
302178250023653376 12
302178421977526273 235
302178736537759744 235
302178954658340864 270
302179063701848064 235
302181081153675265 235
302181232186359809 235
302181345432584192 235
302181597053063170 235
302181810983555072 12
302181890658545664 235
302181899055542272 236
302182020698763265 235
302182192681996288 235
302182251377070081 235
302183044108918785 235
302183371247845376 235
302183631303106560 235
302184323354853376 235
302184365310488576 235
302184713446121474 235
302185078354743296 235
302185799762448384 235
302186592473346048 235
302187951440404482 235
302188047930388480 69
302188073087807488 241
302188295381733377 269
302188542841475072 12
302189117465309184 235
302189377491181568 235
302190468043780096 241
302191470461460480 235
302191558541864961 235
302192057659826177 235
302193940923285504 235
302194259686195200 235
302194280661938176 235
302195740246171648 235
302196478468833281 235
302196914655461377 235
302197279589281793 235
302199787778895873 235
302199926190911488 235
302200500806361088 235
302200735691595777 235
302200869884157953 235
302201767481974784 239
302202438570610688 235
302203579429703680 12
302204531515740160 240
302205190050807808 235
302205919838732289 156
302206083437568000 240
302206511223025664 235
302207840829964290 12
302208159580307457 12
302209136890871808 235
302210919436541952 240
302211762487451650 6
302212156777168897 236
302212441985654784 156
302212580380909568 240
302214052598398977 12
302214748848656384 235
302215063425671170 12
302218024583303168 12
302218028802768896 235
302219073184493569 12
302219933029392384 235
302221409390837760 235
302222764155211777 235
302223342981763073 16
302224001500057600 235
302225314287845376 12
302226035737513985 292
302229600883331074 12
302230129348849665 235
302230171308670976 235
302230292951867393 12
302231773549563904 235
302233207976386560 240
302233581286195200 12
302236450181742592 240
302238236938489856 240
302239809836032000 4
302242368327925761 5
302244138349375489 12
302245337899364352 13
302247254687883264 5
302249528017436672 12
302249658032455681 12
302250245239234560 12
302250303976259584 235
302250626929262592 240
302251604189515776 12
302251608413184000 241
302252967359303680 235
302253982351499264 12
302254963856375808 69
302255060304408576 269
302255160963497984 241
302256951952293888 12
302257052607213569 12
302257174237835264 12
302257539142262784 12
302259015528890369 12
302259019719000064 240
302259384627638272 12
302262270317170689 5
302262417126199296 12
302265290199269376 12
302265508307275777 240
302265655124705280 12
302266229756928001 241
302266745652125696 240
302267022446833664 12
302267928433283073 12
302268238811779072 240
302269094449774593 12
302269572587859968 8
302269698408591360 240
302271854301822976 12
302272932225351680 12
302273586549387264 79
302275360723185664 4
302276451275784192 240
302277898289704960 311
302278082851659777 12
302279504716509184 235
302280163226443776 67
302284407836921856 12
302286186230210560 67
302287218016407552 12
302287394185568256 311
302287520023076864 12
302287876559876097 311
302287981413277697 240
302288518271602688 240
302290183422877696 235
302290300859195392 311
302290380521631744 311
302290497991479296 311
302291072602746880 311
302291588493750272 240
302291689169645569 311
302292012105887744 311
302295086551666688 311
302295933805281280 311
302296122540584960 12
302296692970102784 240
302297137583116288 311
302297154347749376 311
302297716371910656 311
302298383270432769 311
302298655904387072 311
302299473806241793 311
302299624792813568 311
302301117956648960 311
302301122138349568 311
302301331857739776 311
302301495460765696 311
302301587731251200 240
302302791483944960 311
302302795674050560 311
302303546441871360 311
302304339182108674 235
302304746029588481 311
302305069007794176 311
302306054635675648 311
302306084020953089 311
302306776093704192 311
302306880938721280 311
302307342286983169 311
302307371684876288 311
302307614946099200 311
302307711389929472 311
302307887584268289 311
302308231487827969 311
302308390879768576 311
302308567044734976 311
302309238129172480 311
302309728850161664 311
302309728858542080 235
302309946974953472 311
302310378975678464 235
302310399942983680 311
302311410770255872 311
302311729541550080 12
302312790725623808 167
302314086748811264 4
302314980135563264 311
302315047231823872 311
302315064013225984 311
302315361813028864 311
302315365990551552 311
302315550577676288 311
302315907080925185 311
302316116775157761 311
302316930465923072 311
302317345702035457 311
302317542851084288 311
302318469809045505 235
302318985700077569 4
302319707095191552 311
302319950364803073 311
302320294310322177 311
302320415932563456 311
302321082852069376 311
302321091228098560 311
302321376453345280 311
302321766511046656 311
302322668278005761 311
302323263864987648 311
302323746247684096 311
302323880427675648 12
302324153074208768 311
302326921323220992 311
302328045379915777 311
302328942986162176 311
302328980705521665 311
302330176111509504 311
302330280960729088 62
302332789146124288 311
302332843680464896 12
302333544104075264 311
302333611229732865 311
302333976134180865 311
302334135500943360 311
302334450086322176 311
302334735303196672 240
302334777250443264 62
302335075037614080 311
302335200879316992 311
302335259578621952 311
302335947440263170 311
302336987627675648 311
302337834889658368 311
302338233373696000 311
302338560516833280 311
302338598244593664 12
302339613295509504 12
302340183704076289 12
302340577964474368 311
302341702033764352 311
302341806895546368 311
302342222156804098 311
302342645756342272 240
302342763213635584 240
302343329440473088 311
302343379755360257 311
302344046674857985 311
302344382194012160 69
302344625463644160 311
302344667431837697 311
302344839373135872 12
302345372045565952 311
302345690812657664 311
302345846035451904 240
302345929921548288 235
302345971835219968 12
302346009609138176 311
302346907181780993 311
302346991063670784 311
302347175613050880 12
302347360149856257 311
302347632771223553 311
302347670536724480 311
302347787973058561 240
302347943170691072 311
302348651999682560 311
302349432161193984 311
302351181156585472 311
302351453803147265 311
302351529292230656 311
302351952929505280 312
302352087122059265 311
302353429307719681 311
302353655825309696 240
302355941725175808 311
302356105269489664 311
302357443277635584 311
302358529581408256 311
302359116792352768 311
302359137776455680 235
302359657844981761 122
302359863365865472 311
302360924545769472 311
302361239126941697 311
302362551918944256 311
302363101376962560 311
302363139125682176 12
302363533402861568 311
302363894121381888 311
302364514844807168 240
302366469394669568 311
302367421531037696 311
302367450882789376 311
302367538954764289 311
302367899664936960 311
302368138761211904 311
302368482677374976 311
302368675611156480 236
302369191523147776 240
302370294612496384 311
302370512728911872 311
302370877624971264 311
302371531915395072 311
302371716498337794 311
302371850699292672 311
302374065287618560 311
302374077862129664 311
302374543438274560 312
302375013225476096 4
302375231291523072 312
302375583650828288 311
302375977890242560 311
302376212771262464 311
302376527348256769 311
302376661578559488 311
302376837714149376 311
302377110369075200 238
302377211011407872 269
302377227818004481 12
302378641290059776 311
302379505304076289 311
302380037976510464 12
302380042162413569 311
302380465782939648 311
302380507730157568 311
302380788782080001 311
302380855874183168 311
302382240007090177 311
302382353240702976 311
302382453887234048 312
302382709773316096 311
302383397634969600 311
302383414412193794 311
302384869818908672 311
302384970494771200 311
302385406685638656 311
302385930977824768 311
302387126341869570 311
302387206029455360 269
302387210253119488 240
302387407393783808 311
302387801645785088 240
302388040716918784 311
302388166558633984 13
302388791497330688 126
302388913148932096 311
302389462565015552 12
302389580039081985 311
302389605175533568 311
302389621973741568 311
302389621986308096 311
302390569890615296 311
302390787998621697 311
302391199044599808 311
302392440546025473 311
302392444727750657 311
302393870799470593 311
302394520933384193 12
302395342983421954 311
302395439452401664 311
302396014067855361 311
302396056023486464 311
302396576117178368 311
302396722942988288 311
302396777464733699 311
302396966212599809 12
302397171695759361 311
302397456912617472 311
302398056706498561 311
302398081884909568 311
302398480335380481 235
302398673277550592 235
302399692493430784 311
302399717667647488 309
302400107716943873 311
302400141271384065 235
302400296481591297 311
302400418099638273 11
302400606855892993 311
302400963380129792 12
302401533805469696 311
302401726709903360 311
302402410419220480 311
302403366720524288 311
302403479933169666 12
302403572216233985 311
302403580630011906 12
302404373319929856 311
302406101394141184 12
302406462083309568 311
302406575342112768 311
302406642455175168 311
302407200276615169 12
302407674262347776 311
302408051732926464 21
302408366330896384 311
302408760587067393 311
302409247130546176 311
302409310049292288 311
302410161476218882 311
302410295685570560 311
302410446672101376 12
302410631242457088 312
302410836754968576 311
302410861929168896 312
302413013615513600 311
302413156192509953 270
302413168804765698 311
302414284489625600 311
302414984930021377 235
302414993297649664 312
302415026856267778 311
302415433699577856 311
302416482300735490 311
302416520036880384 311
302417082073616384 311
302417220502429696 126
302417228886839298 311
302417581187420160 311
302418147439427584 311
302418533298610176 12
302418646569992193 311
302419921609048066 10
302419992941580289 311
302420232012722176 311
302420550767239168 311
302421221868445696 311
302421628720140288 311
302422203335577600 311
302422232691523584 311
302422283006377984 12
302422949888159744 311
302423121858801664 311
302423163814436865 311
302423209955958784 311
302423285440856065 311
302423419650183168 13
302423876854497280 240
302423893644304384 312
302424040432345088 311
302424040440725505 311
302424061395484672 12
302424560538615808 311
302424677974958080 126
302424954803212289 311
302425407788032000 236
302425672020791297 240
302426921910820865 311
302426934506291202 311
302426959667937280 311
302427479753252865 311
302427655922413569 311
302427790140112896 311
302428280869498880 311
302428574449815552 311
302428784190169088 11
302428821926313985 311
302428830323310592 311
302428922602196992 311
302429132292227073 12
302429367206830080 12
302429602079453184 311
302429979575209984 311
302430076044201984 311
302431204278427648 235
302431493685399552 311
302431787303444480 4
302431942509473792 311
302432038974279680 311
302432278024441859 311
302432382890418176 311
302432554882064385 311
302432911389515776 311
302433347580350464 311
302433381151567873 67
302433431453847552 311
302433678938759168 311
302434459083476992 235
302434513596862465 311
302434660418457600 311
302435260203941888 235
302435910295879680 311
302436363280723968 311
302436413624967169 311
302436765963264000 311
302437692870885378 311
302437705474777088 311
302437906813947905 311
302437982277865472 311
302438263317225473 311
302438376546643969 311
302438540141268992 235
302438540145467392 235
302438888264310784 311
302438925996285953 239
302439186072481792 311
302439651631841280 311
302440394027855874 312
302440503054573568 140
302440612119060480 311
302440842797412352 235
302440901517643776 311
302441648116334593 311
302441698435420160 311
302441790726868992 311
302441908167393280 12
302441992053460993 240
302442277257768960 311
302442277274533888 311
302442352759410690 311
302442377908469760 235
302442755412606978 236
302442851868999680 311
302442864456126464 311
302442910614441984 311
302442990297808897 311
302443455844589568 311
302444202455883777 311
302444793835958272 240
302445792080302080 311
302446513517379584 311
302446614180687873 311
302446840681467904 240
302447641764179969 240
302448249942450176 11
302448719717089280 311
302448723886211072 311
302448803611541504 311
302449520808173568 311
302449655030091776 311
302449822798073856 122
302450003161542656 311
302450196112109569 311
302450204488105984 269
302450368082747394 311
302450384864157696 12
302450523251015680 311
302450674241781760 311
302450942685638656 22
302451739590799361 12
302451886412419072 311
302451970281717761 311
302452070957600768 235
302452293251526656 311
302452448428179457 311
302453081805844481 311
302454281368371200 311
302454293955493888 311
302454298137206784 311
302454461719252993 311
302454814028206082 12
302455086678958080 311
302455116043280384 167
302455204115259392 235
302455455777701890 312
302455560635310081 311
302455665463529473 311
302455816492032000 311
302456382689513473 311
302456382697914369 311
302456877650948096 311
302456894428168192 311
302457104126586880 311
302457108316688384 240
302457242526023680 311
302457796186750976 312
302458710528258048 311
302458958021537792 311
302458999960371200 311
302459398406688769 311
302459822052356097 311
302459905913274369 311
302460061089943552 311
302460069499502592 261
302460170146025473 311
302460258243211264 312
302461717852585984 311
302462242161557506 311
302462393127141377 311
302462661591961601 311
302463076828057601 311
302463475261771777 311
302463567532261376 311
302463735312838656 4
302464330908192768 311
302464330929172480 240
302465010372861955 311
302465790509211648 311
302465819877732353 311
302466348364206081 311
302466524541767680 311
302467447259267072 16
302467447284453376 311
302467564712382465 12
302467694760955904 311
302467946410803200 12
302468676194545664 311
302469913535213570 10
302470685295509504 235
302471045972119552 311
302471289275314177 311
302471444456161280 311
302471515750944769 12
302471528346447873 311
302471545123639296 311
302471566086787074 311
302471599632822272 311
302471603831320577 311
302471960359755777 311
302472232993710080 311
302472316850421762 69
302472946008608768 235
302473793245437954 311
302474015564513280 311
302474304975671299 311
302474606957174784 311
302474720182407168 311
302474917327273984 311
302475076719226881 311
302475248681496576 311
302476733473517568 311
302478142751260673 311
302478381847543808 239
302478553809833984 12
302478717379309569 311
302479224873295873 269
302481007465095168 311
302481351385419778 3
302481695326732289 311
302483616313790464 235
302483784102715392 311
302483872162148353 240
302484027359764480 311
302484430012956672 12
302484740378865664 311
302484765574066176 311
302484941722243072 18
302485675742228481 167
302486229386158080 311
302486573298110464 236
302487177294651392 311
302487265362460673 311
302488204894953472 311
302489370911444992 311
302492407591739392 11
302492583723167744 167
302492868935835648 311
302493133189558273 311
302493506474233856 239
302493544222969856 311
302494093701967872 311
302494236287303680 311
302495863694032896 235
302497549800054784 311
302497646252273664 270
302497646256484353 311
302498657104695296 270
302498900349161473 311
302499248505774080 18
302501542769082368 15
302501945413865472 311
302502717182578688 236
302502780097134592 13
302505581883817984 311
302507154739458048 311
302509335798505473 311
302509851710468096 311
302510216577171457 311
302510363386208256 312
302511449727721474 311
302512053715877888 311
302512288580112388 235
302512846418362369 311
302513119064907776 311
302513634955894784 311
302513727222190080 311
302513970483458050 311
302514679337586688 311
302515606291365888 311
302516705203220481 12
302516747137863680 12
302517200126873601 311
302518340969189377 311
302518592610631681 311
302518785565413376 311
302519272083709952 311
302521394426683392 311
302521411187126272 311
302521453134364672 236
302521587335327744 311
302525727142723586 311
302525907506184193 311
302526683427241986 239
302527060914606081 235
302527069299044352 12
302527312598028288 235
302529531359674368 309
302529678147743745 235
302530026274951168 311
302530051478532096 311
302531771130593280 311
302531855004098562 311
302531905360908289 311
302532287013199872 311
302533566292717569 311
302533570474414081 311
302533759226482690 311
302534249960050688 311
302534254137602048 311
302534610661806081 311
302535919301455872 311
302537106268508161 311
302537580229038080 62
302538570084794368 311
302540272984809472 13
302541636141977600 311
302542219125071872 235
302542978294104064 13
302545855603408898 311
302546279219748865 311
302547982115536896 157
302548279911120896 269
302548388971438081 167
302548665774510080 311
302549315887448064 311
302550955864510464 311
302551639540236288 311
302554747502739456 311
302555418624937984 12
302555984822407168 12
302556555264540673 235
302556978893430786 311
302557322817982464 292
302559021515284480 311
302559357051224064 311
302560443388530691 311
302560518902775808 311
302561978520588288 311
302562876080664577 311
302563622654201856 311
302563681407995904 311
302564969029980160 270
302566093103435777 235
302566814523748353 311
302567418528661504 311
302568710378487809 241
302569289192464384 311
302569452749336576 235
302570052555792385 157
302570501342130177 16
302571382150152192 311
302572317450588160 311
302573437333934080 311
302574074872344578 235
302574213288587265 11
302574431404969984 311
302574871777533952 311
302574980862967808 312
302575006024609793 12
302577119932841985 311
302579435180269568 311
302579540054654976 312
302579774939885569 12
302581247136382976 269
302581926609448960 311
302582354432634880 126
302583323325263873 12
302586171257663488 269
302587152699621377 311
302587530207965184 240
302588314546999296 12
302588385837600768 240
302589870625415168 11
302589975478816769 235
302592252969107456 311
302592471077093376 3
302592680817467394 311
302594933167095808 11
302595159625986048 311
302596422111465472 311
302597428748627968 312
302602583539859456 311
302603267240763393 311
302603573399789568 235
302603971871268864 311
302604521333473280 112
302605020443066368 311
302605515366727681 312
302606371017334785 311
302606438142988288 14
302606496850653185 311
302613899809787906 311
302613916582813696 236
302614398923599872 311
302617146184323073 12
302617297187651584 311
302617800491548673 311
302618026988146690 312
302619151049031680 235
302620178674503680 311
302620426134224896 311
302621646680903680 6
302627946496139265 2
302627992646062080 235
302628701475049473 6
302628768588107778 112
302632782528659456 311
302633294271479809 311
302635013927759872 311
302635047457013760 311
302635752129433600 311
302635852759187456 311
302637723422949376 240
302640122573246465 235
302640382624296960 311
302640634299314178 240
302643213779496960 311
302643922604269569 235
302644098786025473 157
302646091067834368 311
302649429733826561 311
302649949844283393 311
302651216515719168 236
302652151828709376 311
302652453847965696 311
302652520931672065 235
302652617404866560 235
302652789375508481 314
302653900866084864 314
302654009934749696 314
302654177681739778 314
302654878143090689 314
302654962020786177 311
302655360496451585 235
302657063371284480 311
302658028061208576 311
302660972445831169 311
302661198950825985 311
302662776017522689 312
302664004956991488 312
302664126575017984 311
302667511382560768 311
302667935015661568 11
302668358644543488 311
302671642763595776 311
302672422908342272 314
302673458893029376 311
302673488253165568 311
302674020954939392 235
302674343891181568 311
302676701098430466 311
302676743045668864 311
302676881440919552 311
302677539971813376 311
302678223634956288 311
302682791248818176 312
302683273581191168 312
302684439589306368 261
302685777576488960 312
302687220438020096 235
302688180900089856 311
302688885559930880 311
302689556640178176 312
302689661501992961 314
302692761088430080 311
302696468844781569 311
302698888962400257 79
302700591858212864 311
302701841781772289 311
302702315733909504 6
302702986805780480 311
302703301366001664 311
302703641108811776 167
302705822151110656 311
302707655082905600 11
302709701878087680 240
302709802553966592 311
302711652237852672 311
302711778075365376 311
302711828394438656 311
302712625307979776 311
302717117436936192 311
302717574616068096 311
302717662667096064 311
302718614769922048 311
302719206191927297 311
302719256494223360 311
302719294247161857 311
302719738843394049 311
302721802453536768 311
302723446608121856 311
302723966735380480 311
302725061436121088 311
302725736723259392 311
302725875118534657 314
302726739140960257 3
302729599681454080 311
302733525520633856 311
302737430417641474 311
302739762463272960 69
302739976381136899 270
302741528282034179 311
302741620531539969 311
302741620539916288 311
302741620539916289 311
302744678208528384 79
302746523677122560 12
302747932954861568 235
302748318835027969 235
302748801200959489 12
302749182857474048 12
302749681996414978 0
302749853958688769 241
302750919316078592 311
302753222005760000 311
302753293271191552 311
302753389773717504 311
302753658192412672 311
302757764407631873 67
302758724920016896 311
302759052084129792 126
302762642374799360 311
302763196039692288 311
302766505362345984 12
302767914619129856 311
302769558794665987 311
302771425276723201 235
302772314477580288 12
302772478021877761 311
302773182673338368 235
302774298345631744 311
302775808324407297 311
302776164823465984 311
302776303243898881 311
302776718496763906 79
302776756211941376 311
302778316497248256 12
302778735940214784 311
302782309504000000 235
302782317875851265 241
302783815242371073 236
302784264037101570 311
302787573342949376 67
302787892101652480 311
302789121053696001 311
302789284623155201 312
302791457251663873 311
302791734079934464 241
302792245810167808 311
302792312914849792 311
302795894842093568 235
302796142289252352 241
302797656432984064 311
302798503682400258 62
302798696628748290 311
302799518724931586 62
302803767559073792 12
302806967808835585 62
302808125428350976 236
302808393842847745 311
302808490341179393 236
302809635390361602 67
302810998518194177 235
302812185514614784 12
302812936282456065 311
302815247352356865 269
302815826162118656 312
302816098808647681 312
302816732131753984 241
302817466147557376 11
302819072565993473 269
302819278095265793 269
302820121121026048 13
302821320687775745 269
302822121812398082 269
302824537752494080 311
302824969744822273 311
302824990724739072 311
302825817015209985 311
302826446139830272 311
302826634891894787 18
302826764898541568 311
302827939328819200 311
302829893853519872 236
302830090998382592 311
302830682407854080 235
302830883721838592 311
302831156330627074 126
302831181534208004 311
302832892772483072 311
302833597453332480 13
302835241607913472 235
302839775625359360 311
302840748703903744 311
302843047216029697 126
302844179657150464 311
302845077254987776 311
302845278552199169 235
302846574621507585 235
302848084579328000 311
302848407519784962 13
302849636459233280 311
302851586810597376 311
302854929649913858 311
302854963208536064 126
302856078914375680 236
302856687092629505 311
302856741610201088 311
302857756635975680 269
302858033468416000 314
302861976089026563 311
302862299042041856 311
302862584254705664 235
302862588478373890 235
302862647173447680 5
302862722696101888 5
302865952276623361 12
302867005067894785 5
302868431114469376 235
302868577915129856 235
302868649251848193 235
302868787638706176 235
302868900872343552 311
302869395812782080 5
302877142688083969 5
302877490815332352 4
302877511778455552 261
302880665928609792 311
302881580253327362 112
302882087789277184 311
302882108752416769 311
302884390445383680 269
302887792030142464 12
302889251664719872 311
302895840924688386 241
302896897859919872 311
302898986652680192 311
302903482929778688 12
302904644743598080 311
302905051595300864 235
302905617809547264 12
302905802367311872 12
302906037260918784 311
302907094238130176 311
302910948782530561 235
302911707955736576 236
302914505560694784 240
302917043097858048 235
302919190606643200 311
302920469873573889 311
302922621522149376 241
302924257309097985 241
302924345389486080 311
302924668371873792 11
302928661345095680 311
302930091606958080 311
302930125132009472 311
302931001745756161 311
302931362485248000 311
302931500867940352 311
302931693814312961 311
302932142600617984 311
302932322964082688 11
302939847532896256 126
302939931423150080 311
302940514418819073 311
302945220461486082 126
302950794674704386 311
302952510136651776 311
302953214779744256 311
302953600672481281 0
302957803377659905 6
302958096962162689 311
302958721900900352 3
302960949072121856 311
302962148655652865 270
302969463509241856 311
302970092667420673 311
302977969557762049 241
302979471122763776 167
302981178212888578 12
302983204053344257 240
302983304716640256 311
302987570353164288 240
302991047426990080 261
302997573768192000 11
303000832713048064 67
303005257724723200 311
303006792823230465 261
303007262593671169 311
303008567026397184 112
303010076959068160 261
303021137363861505 241
303028259292069888 311
303045292339634177 270
303050698822668289 311
303056377876721664 69
303062891639226368 311
303066158989455360 12
303066356125929472 311
303066934948294656 311
303067035619975168 311
303067295650050048 167
303072068772175873 311
303072614056865792 311
303072882492325888 240
303076359557767168 311
303077731078402048 167
303079463359479808 239
303089298993983488 6
303098086065049600 235
303100619424681984 167
303103375078203392 12
303108081083117568 235
303112904541093888 236
303115400139395072 311
303117602161569792 311
303117627327381504 311
303127882379718656 6
303128184356995072 240
303129199399542784 12
303129295864352770 312
303130868728344577 167
303138816947003393 69
303138967929380864 261
303141643891113986 1
303142835098628099 235
303147314598531072 0
303152452612538369 312
303155350893363200 235
303159574544912385 241
303159914291929088 311
303163143889223680 235
303164070834626560 292
303164544816119808 13
303169468916449281 236
303169930294095872 239
303172614652846080 311
303173059232268288 241
303177379361198080 235
303181804339343360 112
303183775691583488 314
303186082562973696 311
303186476819177474 12
303188070658871296 235
303188607500423168 311
303189001781780480 239
303189907743072256 311
303189928722972672 240
303190289441517568 240
303199277822390272 235
303201203033108480 239
303206424924794880 311
303209075716521984 69
303212271801335808 235
303212313727602688 235
303213408432570370 235
303215144899600384 311
303215979566100480 235
303218848465829889 16
303220798800424960 235
303224556905193472 314
303226683421499393 314
303240239403651073 22
303240566555164672 239
303251140382973952 240
303252302221963264 292
303253589890039811 67
303254088982872064 309
303255015928262656 13
303255607329300480 241
303261919756820480 13
303262699893170177 6
303263320675344384 261
303265052901904384 235
303270002189008897 69
303271575027863552 12
303271814136729600 292
303282945802776576 140
303283717567295488 236
303285206528450560 22
303288150938222592 13
303288801059557377 13
303290206130429952 235
303290231317225472 0
303294287196585984 0
303294727623671808 236
303299211322093568 67
303299475538063360 261
303302000525856768 122
303302449333161984 311
303309122441465858 241
303314642145513472 240
303317011960848384 12
303323555045728256 261
303331507450294272 11
303333906604752899 309
303339665396736001 311
303343914201534464 12
303348297236627456 311
303348553118523392 314
303349165474332675 270
303349522002747392 270
303349601690341376 270
303351463969697792 309
303353800180252674 270
303353913409695744 270
303353938579685376 270
303358061614080001 270
303359269565263874 270
303362645988356098 235
303362759230373889 270
303363132506648577 270
303363610661502976 239
303364378202370049 311
303366169170149376 270
303366349558804481 270
303366840283979777 270
303384196318126081 270
303385764954271744 311
303388747116974080 16
303390777151741952 311
303395713864318977 14
303398930903859200 270
303418853831110656 241
303420766421127168 241
303421357830578176 0
303421458510667776 16
303423585031188480 270
303424121864331266 292
303426193867284480 126
303426214855593984 16
303429050209271808 269
303437749170630658 235
303439175254949888 1
303444703326633985 235
303445118550159360 21
303449426133921792 69
303450885751713792 311
303454123750223872 311
303465465123061760 14
303467713290973184 2
303469965632225280 167
303481734857621504 270
303486503777075200 311
303487103562563585 0
303487929840455680 270
303488596734799872 16
303491767624429568 270
303493101413072899 270
303494074483220480 314
303494183522541568 16
303496595259928577 12
303497920672567297 12
303506175071236096 292
303507026502381568 140
303508381258362880 67
303509513716256768 167
303517986210316289 270
303518061716185088 236
303518841856729088 314
303519315821486081 235
303521152930807808 270
303521844990967808 311
303521849176895488 16
303522608320770048 235
303529029795971074 311
303529789002756096 311
303530363584643072 311
303530921464840192 311
303530925646573568 311
303535593915310080 235
303536386634563584 21
303538425041154048 270
303538626401300480 13
303540761285251072 270
