35055158849175552 29
35055288075681792 29
35055845284777984 8
35056355442163712 8
35056804098473984 23
35057122219655168 8
35057231418359808 8
35057300112805888 8
35057756725575680 31
35057840427114496 8
35058089283559424 29
35058338244853764 8
35058427151523840 8
35058668416278528 29
35059071853797376 8
35059180847108096 31
35059402453032960 13
35060229741744128 26
35061937414868992 21
35065226357379073 27
35066295103782912 8
35066441501900800 29
35066972253192192 2
35067085990133760 8
35067092726185984 12
35067946019590144 8
35068336094056449 8
35068585340571649 27
35069290097020928 8
35070902005665793 8
35071649602732032 23
35072594151481344 27
35073980729802752 13
35076009669693441 8
35077527735111680 13
35077822745673728 8
35078116594548736 0
35078123699572737 8
35078701460750336 31
35079045930553344 8
35079243503247360 8
35079645514829824 8
35082334201978880 27
35086388722401280 8
35086687973412864 8
35087142791159809 5
35087482475257856 8
35087494273826816 23
35088376390631424 27
35088534306033665 12
35092790660562945 27
35092866069962752 0
35093215149297664 23
35094611483426816 31
35095013121593344 27
35100073129934849 5
35100242865029120 27
35104330025541632 28
35105429532966912 27
35105993557807104 37
35107141077434368 27
35108366829232128 27
35109758973255680 5
35111217613766657 17
35114725998215168 23
35124912364457984 3
297132611371941888 64
297132623929675776 64
297134112899203072 0
297135677387190272 48
297136184918945797 31
297136210068008961 48
297138961539801088 50
297142975480336384 64
297144665793249280 25
297144925831720960 26
297145454334971904 0
297146674873237505 64
297146913919217664 64
297147018801995776 64
297147354316931072 29
297148100903067648 65
297149808014147584 0
297150651073433601 0
297151355703922688 16
297152140055543810 59
297155218641154048 64
297160620921479170 57
297167004656361472 64
297174789267804160 26
297175674265927680 63
297183282750169088 63
297185476358586368 64
297187359613648897 64
297187388952825858 45
297188462707216384 0
297188798264135680 0
297195727233368064 65
297202765271285761 65
297203432173993985 21
297205399323566080 4
297207051858358272 0
297214102508535809 63
297214903591256065 57
297215868297961472 3
297216111571767297 48
297218305171808256 63
297219949364146176 59
297222965056135168 59
297224269463703552 15
297240790835531776 6
297244301497339904 29
297244808982966274 57
297254510420717568 9
297254581728071680 57
297255743520919552 65
297256007783026688 26
297256385249427456 63
297257769386528768 26
297259459699437568 12
297261766541443072 0
297261976294420480 64
297272965366702081 0
297273514812141568 0
297281962136182784 26
297287171465961472 57
297290602406617089 59
297290690491215872 0
297292645007507456 59
297296658977419265 59
297300870050222080 59
297302103171411968 59
297302132552499200 59
297302266774441985 59
297302283551645697 59
297302950450167808 59
297303004967743489 59
297303009166254081 59
297303684445007872 59
297303705416511489 59
297303864795881472 59
297305001435484160 1
297305068556922880 1
297305240506621953 59
297305299222659072 1
297305458606227456 59
297305496363343872 0
297305550910267393 0
297305563493183488 59
297305659966386177 59
297306528170532864 1
297306716930981888 59
297306851119337473 59
297306981138579459 48
297306985362239488 59
297307161493647360 59
297307459326976000 59
297307505451749376 59
297307576742330368 59
297307656429899778 59
297307778068926464 59
297307811648520192 1
297307916468371457 59
297308054905561088 59
297308130382065664 59
297308226859458561 59
297308289782398976 59
297308344299974656 1
297308373676879872 59
297308478526091264 59
297308570788184064 1
297308759527673857 59
297308860190953472 59
297308885373575169 0
297309246100471808 1
297309493526687745 59
297309527089483776 59
297309598409453568 21
297309778768691201 1
297309841670676481 59
297309858447904768 1
297309862654787585 1
297309967508205568 59
297310370144600064 59
297310386930192384 1
297310961545658368 1
297311150310297600 1
297311305474379776 59
297311418749947904 1
297311464878907394 1
297311531962605569 1
297311569707151360 1
297311573914038272 59
297311628465156096 59
297311687156056065 59
297311775257423873 1
297311968203792385 1
297311989150121984 1
297312014328532992 59
297312362438983680 1
297312450548731904 59
297312496686088193 59
297313377468948480 59
297313545245315073 1
297313583006613505 1
297313650081939456 1
297313666896916482 1
297313679475621888 59
297313729794686976 1
297313817891840001 1
297313952076029952 59
297313960493973504 59
297314346353164288 64
297314354745982976 1
297314509939417089 26
297314543468695552 1
297314551886651393 59
297314564461195264 1
297314644161343491 59
297314728022245377 59
297314799350607872 59
297314920985423873 59
297315030016352258 59
297315319419133954 1
297315353007112192 59
297316489659293696 1
297316493845209089 59
297316883898707968 1
297316888088805378 1
297316938420469761 1
297316938428858369 1
297316976165023746 59
297317185884405760 59
297317299147378689 1
297317601128878080 26
297317735350808576 1
297317806649786369 59
297318242869968896 59
297318452585172992 59
297318519689846784 59
297318653907595264 59
297318662283599872 59
297318712644608000 1
297318746161291264 59
297318758748401664 59
297318897189789697 1
297319060738301952 59
297319203340439552 59
297319631167827969 48
297319748599939073 1
297319840878829568 1
297319954133442560 50
297320008659390464 59
297320214180265984 59
297320360993492992 1
297320432300867584 1
297320499397160960 1
297320671367790593 1
297320734273978371 59
297320956584660992 59
297321225020137472 1
297321325666660353 59
297321367634837505 59
297321388581220353 59
297321413751234561 59
297321417953906690 1
297321497662484480 1
297321724133908481 1
297321740915339264 1
297321749282947072 59
297321870947147777 1
297321959031709697 1
297322059695017984 1
297322110026649601 59
297322164548431872 59
297322298774519811 1
297322340704976897 59
297322441380872192 1
297322529431879680 59
297322672038223874 1
297322823041572865 48
297322860781903874 59
297323741589929984 59
297324051993608192 1
297324140048826368 59
297324202984349698 1
297324454642597888 1
297324697903824897 59
297325117313265664 1
297325431881883649 48
297325444468965376 48
297325524173336576 59
297325633221046274 59
297325897449611264 1
297325918458888192 59
297326216225095681 1
297326329492283393 1
297326723756863488 1
297326723765260288 1
297327180931801088 59
297327545848827905 59
297327612919939073 59
297328208536281090 59
297328405668573184 59
297328619578073088 1
297328745394618368 59
297329504563634177 59
297329768813195264 1
297329986929565696 1
297330385380052992 59
297330616066777088 1
297330800620343296 1
297331501069131776 1
297331782074892289 1
297332381864587265 1
297332402852859904 59
297332482519470080 59
297332562211258369 59
297332872593944576 59
297333166203621376 1
297333229101387777 3
297333241709473792 1
297333719855947776 59
297333812134825984 59
297334202179936258 1
297334294475595776 21
297334516769501184 1
297334780998074368 1
297334831321317376 59
297335158510612480 1
297335439528955904 59
297335452090920960 59
297335460471136256 1
297335460487897089 59
297336014148603904 59
297336165139365891 1
297336190301007872 65
297336248996098048 1
297336253186207744 1
297336601342799872 59
297336693613285377 59
297336743944933376 1
297336915911397376 59
297338555871662080 59
297338950148845568 59
297339013042409472 1
297339524772675584 59
297339583463563265 1
297339654779310081 59
297339826749988865 59
297340044837011456 59
297340162311081984 1
297340275527921664 26
297340346835283968 1
297340720140918784 1
297340875325988864 1
297340934037831681 59
297341022109831168 59
297341298950672386 1
297341647098880000 1
297341726752907264 59
297342414652325888 59
297342540473069568 48
297343194767691776 1
297343958126833664 59
297344088167051266 59
297344193037230080 64
297344335609987074 59
297344352391397377 1
297344423728140288 21
297344444674498561 59
297344511808512001 59
297345140937342977 1
297345396785676288 1
297345593909596160 3
297345749128187904 1
297345761706917888 59
297346474713436160 59
297346583769538562 1
297346634113773569 1
297346734764462080 1
297346868969623552 59
297347040969621504 1
297347095474618368 1
297347095499771907 1
297347376497176576 1
297347422634512385 1
297347699441823747 64
297347867234947072 59
297348206956802049 59
297348219543904256 59
297348299231469568 1
297348844507774978 1
297349268115701760 1
297350023094611969 0
297350023102988288 1
297350044061925376 59
297350044078723072 59
297350236999909376 59
297351105254408192 1
297351130411835392 0
297351679853092865 59
297351973466935297 1
297352019600105473 12
297352250265845762 59
297352610980184065 1
297352686481850370 1
297353357562089472 1
297353424696115201 1
297353630225428480 1
297354292921257984 1
297354682957979648 59
297355010147233792 59
297356348130217984 59
297356515889782784 57
297356654314414081 16
297356822090752000 65
297356830470967296 1
297356893372960768 1
297357103104921601 1
297357241504366593 1
297357501542830080 59
297357509923069953 57
297357736415465472 1
297357757416357888 1
297357765800779776 1
297357858058670081 59
297358160056963073 59
297358403330781185 48
297358885663174656 59
297359078613733377 59
297359397372432384 59
297359565140410369 1
297359649039060993 59
297359716160520192 5
297359976194781184 1
297360290767597568 63
297360391409909761 59
297360416609296386 1
297360601141886976 59
297360848618397697 1
297361096052981761 1
297362610221895681 65
297363205808848897 1
297363298087739393 59
297363310653894656 1
297363692360720384 59
297364115964448768 59
297364304724885504 1
297364854145159169 59
297365630120767488 59
297365764330123266 1
297366322176724992 57
297366389277196288 65
297367161029140481 1
297367446229250049 59
297367689507241984 1
297367802774450176 59
297367987328008192 1
297367995712421890 29
297368192827940864 1
297368457085874177 59
297368784224796672 59
297369228821028864 59
297369233023717376 14
297369425961697280 59
297370138993389568 1
297370512278048768 0
297370864620556288 59
297371397259395072 50
297371514737668096 59
297371518931963904 59
297371716026527744 59
297371728634597376 1
297371967714099201 59
297372592640229376 59
297373163061407746 21
297373595074695168 59
297373687349395456 1
297373863518535681 1
297373993571348480 59
297374056464908288 1
297374123561197568 59
297374266188500992 59
297374316511780865 59
297374668845887489 69
297375457349881857 59
297375482545065984 59
297375872594370561 1
297376296231657472 1
297376443011317761 0
297376644333703168 59
297376778572410880 0
297377361559687168 1
297377982354423808 59
297378519208574977 59
297379114782973952 59
297379290943741952 1
297379592950390786 1
297379869791232000 0
297380754755829761 59
297380775727341568 59
297380868031385600 1
297381912396316672 59
297382122115706880 59
297382398956539906 59
297382726103879680 48
297383070045184000 64
297383200039268352 1
297384248636231680 59
297385011970195459 13
297385251079090176 59
297385393681207296 57
297385666285801472 1
297385725014441984 59
297386194772307970 48
297386236727922688 59
297386597438074880 59
297386891056144385 0
297387633439563777 48
297388094787833857 59
297388916900761600 1
297389042734080000 59
297389151769219072 1
297389290198032385 1
297389369852035073 59
297389495702130688 57
297389520855371777 59
297389655064711168 59
297389852222185474 1
297390212919746561 1
297391441850806272 65
297391483798044673 59
297391525749485568 59
297392284914298880 64
297392771457753089 59
297392846946832385 1
297392893075808256 1
297393111179603969 29
297393648063115264 59
297393975206227969 59
297394012975927296 59
297394059092303872 3
297394726007603202 1
297395560657334272 59
297396953174650880 63
297396965753376768 59
297397158712315904 59
297397175460171779 57
297397255160348672 59
297397360026345473 48
297397599097475072 59
297397674607525888 29
297397750100803584 59
297397750100803585 59
297397989167755264 59
297398026924859393 1
297398047867023362 1
297398312145911809 59
297399054504194048 15
297399075479891968 1
297399381680848897 1
297400052761112576 59
297400530907566081 59
297400765801172994 48
297400862265991168 59
297400920973639680 57
297401000690610176 59
297401059415052288 59
297401193611804672 59
297401252344651777 1
297402338648412160 64
297402728714498048 63
297402762268913664 59
297405337588342784 50
297405476004569088 1
297406893687709697 59
297407220830834688 59
297407493468983298 59
297408638513995776 1
297408986641219585 1
297409804517904384 1
297410127466745856 45
297410559496826880 1
297410626618273792 59
297410676945739776 1
297410899222859776 5
297411276722806786 1
297411658404470784 1
297411666788884480 59
297411750662393857 15
297413281612713984 15
297414057529589760 59
297414435042115586 59
297414888005980161 26
297415303233675264 1
297415340999196672 15
297415978525003776 1
297416091792207872 15
297417450742509568 1
297417597517983744 65
297418046337859584 29
297418801291603969 59
297419069722857472 1
297419300426354690 26
297420831343144961 59
297421078798680064 57
297421460476141568 29
297421905072377856 59
297422009955135488 59
297422433575649280 59
297422509085708288 59
297422664258166784 59
297423251469131776 17
297423385661673472 3
297426426536280064 59
297426577539604480 59
297426606891364352 26
297426858574741504 15
297427059871989761 59
297427068289953792 1
297427131179343872 59
297428095894437888 1
297428490146430977 1
297428519485595648 1
297428980859035649 65
297429140242563072 1
297429538726608896 15
297429878461063169 59
297431115780726785 1
297431434556215297 26
297431963013378048 59
297433175171399681 1
297433313583456256 1
297434777416507392 59
297436144767991808 59
297436316705116160 1
297436492878462976 1
297436799066849280 29
297437264613605377 63
297437281403416576 59
297437302362357760 63
297437369471234048 1
297437738603532288 0
297438053138587648 45
297438418063994881 63
297438736810143744 1
297441064674004992 59
297441496699912192 1
297442335527149568 57
297442977255653377 59
297443056981012481 59
297443413459075072 59
297443463807500290 48
297443556090589184 1
297444894069383169 48
297444977938665473 59
297445095383396354 59
297445326065905664 48
297445602910932992 39
297446500466819073 59
297448157246279682 59
297448304034324483 48
297449159663960064 64
297449973367316481 63
297451235836043264 2
297451370057977856 59
297452221497503744 1
297452594819911680 3
297452666106286081 65
297453811163881472 1
297453857284423681 59
297455086244859905 1
297455425962532864 59
297456805896929283 48
297457028195037184 67
297457430856601600 63
297458479420030976 1
297459444097351681 63
297460773683339264 63
297462237516398592 26
297462568849653760 64
297462782780125184 50
297462887650312192 0
297463470620807168 64
297463814557937664 1
297464749908717569 64
297464804417867776 59
297465873982181377 59
297465962049990657 64
297466209509720064 59
297466297598480384 64
297466658329616385 63
297467111289257984 64
297467119665299456 13
297467497182007297 25
297467895636692992 1
297468390577172481 59
297468868690055168 59
297469313286295553 13
297469539778691072 64
297469657231790080 1
297470127010631680 48
297470240235851778 64
297470290580086784 25
297470642880671745 64
297470894538883073 59
297471376909017088 64
297472320635801600 1
297472735855144961 59
297472870064459776 64
297473721503985664 64
297474119996432384 64
297474468102696960 64
297474778502148096 64
297474799448489984 64
297475084648591360 64
297475256648597504 64
297476699480797184 64
297476821098848256 64
297476884013383680 64
297477051810717696 64
297477370577833984 64
297478943441813504 59
297479786492735490 48
297480516284846080 64
297481967505661952 0
297482378576797696 64
297482684735819776 64
297483099997081600 64
297484047901392896 0
297484341511061504 57
297485138407874560 64
297485604000784384 64
297485981488128000 59
297486816129470464 1
297487541735682048 59
297487617266708480 64
297487621440012288 59
297489500475637760 63
297489722786328579 0
297490238694125568 59
297490544869920769 10
297490628743405569 64
297491174028107776 59
297491551502880768 64
297492402938204160 64
297492784619847680 64
297493589934612480 64
297494013567705089 64
297494047109545984 63
297495821304352768 48
297495875817701376 64
297496404316786689 50
297496924389535744 1
297497046028517376 1
297497167688503296 39
297497704538439680 64
297498237219258368 59
297499680059838464 59
297499730378891264 59
297500586021113856 59
297502192460509188 59
297502230184083457 64
297503945692168194 59
297504297988526080 64
297505862472306689 25
297505883427049473 64
297506084787200001 59
297506298663165953 64
297507313714098176 64
297508102243225600 64
297508156756615169 63
297509247284039681 59
297510912414334976 15
297510920781959169 1
297511109529853952 59
297511919026323456 39
297513064104878080 64
297515001860722688 64
297515207360671746 0
297515274473717760 64
297515756818673666 59
297516205638574080 64
297516264325279747 0
297516344033812481 64
297518105633099776 64
297518495728549888 64
297518508286287872 59
297518743171518464 1
297518759969710081 16
297519665909997568 59
297520336994455552 64
297521029063012352 0
297522857787928577 67
297523277239300096 59
297526376813182976 59
297527559585931264 1
297527605752631297 63
297528977264898050 64
297530797601206272 59
297531258974638080 64
297531351274516483 64
297532202718228482 13
297532282393214978 1
297532521472749569 64
297533637165993984 63
297534056571228161 1
297535470060048384 1
297541610537877506 1
297542587798138880 64
297543346950385664 48
297545385386332160 21
297545574142595073 64
297545712554606592 64
297545960001789952 1
297546345877737472 1
297547469951205376 59
297548371743354880 59
297548971507847168 59
297549638427361280 1
297549856543760385 1
297549898486779904 64
297550175306645504 1
297551135768707074 64
297552649925042177 0
297552738018021376 63
297552972894842880 59
297553950176055297 64
297554432512638976 59
297554818392793088 50
297557867651821569 65
297558500991713280 0
297559461487337474 64
297559478239383552 59
297559876731805698 59
297560287769403392 26
297561248244060161 59
297561319572398080 16
297561420214710272 64
297562900795633664 64
297562925982429184 15
297563026633154560 15
297563076985765888 57
297565014745821185 48
297565111223205890 0
297565413217288192 0
297566713438928896 64
297571595608813568 15
297571834688311297 59
297572711272693760 59
297575315935481857 64
297575613739458560 59
297576989458579457 13
297578000285843456 1
297580575596883968 65
297587223585497088 23
297587676570329089 0
297590243463401472 48
297590964896284672 48
297591036182663168 0
297595029193629698 1
297596505559273472 29
297597419917561856 26
297600041370124288 0
297600850858229761 59
297601580671311872 59
297603216466661376 1
297603619103051776 21
297606181843791872 59
297612334875168768 64
297614599790931968 21
297618219504631808 65
297618521456791552 48
297619540710420480 64
297621138723459073 1
297623101657718784 64
297623701426421760 48
297625203004043266 59
297627178533785601 2
297627958644977664 0
297629082714243072 26
297629728670638080 26
297633503535828992 0
297633562230935552 2
297633671316385792 48
297633805538324480 63
297636607320801281 26
297636682822479872 59
297639430070624257 1
297639635612487681 63
297642244452777984 10
297643544687038464 63
297645922857398272 0
297646245827194880 57
297646321337262080 26
297657000031043586 0
297658119918612483 63
297658933575835648 59
297659726320246784 59
297661827653971968 64
297666676277800961 2
297667594851319808 0
297668647588069376 50
297669524193431552 1
297670052705079296 1
297670220477251584 59
297671118045716480 1
297673412338405376 59
297674112782962688 23
297678667792924672 64
297679221462024192 1
297682430066835456 21
297683491259297793 59
297683830976942081 63
297685278011826176 26
297685902975713280 50
297687748456882176 0
297688398599163906 15
297691712061595648 6
297692362212245504 29
297693951849271298 1
297694132208562177 0
297694144783069185 0
297696631988568064 29
297697286320959488 64
297697391174356992 21
297698045485805568 48
297698280375218176 63
297698452320681984 39
297700998263226368 0
297701522555432960 50
297706270503342080 59
297708304757583872 64
297709730816724992 1
297710775211012096 59
297710812938764288 1
297711265927794689 29
297715003044265984 1
297715032404406272 1
297716571739148288 59
297717821637533696 1
297717871973384193 1
297718182326726656 1
297718773711007744 1
297721810395467777 25
297725195194613760 59
297725748872105984 1
297725937582231553 1
297726243778998273 1
297726998753734657 48
297727955071795201 1
297728571626110977 1
297728626131083264 12
297728668095107072 1
297728869438484480 25
297728974266699776 1
297729645384708096 63
297730639417970689 63
297731994190757890 1
297732187103563776 1
297734636577124354 59
297736322712498176 59
297737283208114177 1
297738717634887681 64
297738918978256896 37
297739309040164864 59
297740038861627392 64
297740856755097602 1
297741129359691776 1
297741179682975745 0
297741435573268480 1
297742496732160000 64
297743272661630976 1
297744300245143554 39
297745470476910592 57
297746896548683776 64
297746930107297793 1
297746988823351296 63
297747836076953603 48
297748528111951874 0
297748687491305472 48
297750080012824576 1
297750923051139072 1
297751048888676353 48
297751178933055488 1
297753049584254976 1
297753351578329091 13
297753842307715072 1
297754446279110656 0
297756719604453377 57
297762960712015873 25
297764105752813568 59
297764961386643457 48
297766869828501504 64
297767389897060352 64
297768027456434177 64
297768870490562561 64
297771689054457857 0
297772670542573568 15
297772951560925184 21
297774381806002176 59
297774520234819584 0
297774532809347072 59
297775707231232000 64
297775820443893760 64
297778328654446593 0
297783080809287680 39
297783462478372864 59
297786230714810368 59
297788793438752768 48
297790475354664960 65
297792446660747264 57
297795550458286081 0
297795978277289985 48
297798855586627584 57
297806975759183872 2
297811237146861568 26
297811266519592960 26
297811887293333504 63
297812013126647808 48
297812474483331073 8
297812583526846465 37
297813170737790978 26
297813359468896256 63
297813867009032193 0
297814554845511681 25
297817952256937984 0
297817960632954881 21
297819055358894081 59
297819432850440192 59
297820544341004288 25
297821509026725888 64
297822985392386048 63
297824163995987968 6
297826290520694784 26
297828270248980480 48
297834108720123904 67
297834234511491072 65
297835887084064768 59
297837925511622657 57
297839817155289088 64
297840467276619776 59
297843227137028096 0
297847136219975680 25
297849707336724480 63
297853213745508355 2
297853868069502977 67
297854442693337090 64
297854975344791553 63
297856514683707392 50
297856732762353665 57
297859048022364160 64
297871190528249856 39
297872738259959808 59
297873803579629569 64
297875108012384256 63
297876370506280961 59
297878845162401792 63
297879063262023680 57
297881877610639363 23
297883089764491264 48
297885623124111360 48
297887376359960577 57
297887896445263872 59
297897014878941186 63
297897098752425984 39
297897211990274048 39
297901406319435776 0
297903314710966272 64
297905567056404480 25
297908045894275072 31
297909132198019075 11
297917566964334594 57
297919727018336256 65
297924772766040064 63
297925091545739264 31
297926546965032960 64
297928916738400256 59
297939373134057472 59
297942711821008896 48
297945668805349378 0
297947459785736192 48
297956603360055297 26
297957194744352769 25
297966988456759297 57
297969077199196161 1
297972210373644288 15
297974513033957376 1
297974659826200577 1
297975502893887489 1
297976522101366785 64
297977914589323265 1
297978887693033473 1
297981030965596161 1
297981056123023361 1
297981291012427776 1
297982415098494976 1
297983392379707392 1
297983669195378688 1
297983937635037184 5
297984185086390272 1
297984407397097472 1
297984537420509185 1
297984826827493376 1
297985221079494656 1
297985816670650368 1
297987020444295168 1
297988303918096385 1
297989855810560000 1
297990078075121664 1
297990182966284288 1
297990409458679808 1
297990690468679680 1
297990757581721600 1
297991864857030656 1
297994872198164480 1
297994901541494784 13
297999397835395072 1
297999691424088064 1
298001897619615744 1
298002354828103680 1
298003994800959488 63
298006725271908352 65
298011112505475072 63
298011309650358272 64
298014270820589568 59
298016951014416384 59
298023884161179648 4
298034327999115264 63
298036781679509505 67
298041986777235457 63
298047045116260352 63
298047590371586048 59
298050299887751168 64
298051348488937472 4
298052267028918272 4
298055626691592192 4
298062287246352384 16
298074467475795968 65
298076292014804994 59
298077206381486080 63
298077244113420290 0
298079945232617473 4
298083015471529987 63
298084269581037569 4
298085234279317505 4
298085536252452864 25
298088589705748480 63
298090640732987392 63
298091739649032192 63
298094021316841472 57
298096336568475648 59
298096676336459777 63
298106461626695680 65
298106881069690880 65
298110169416626176 0
298111750639865857 63
298112081985679360 57
298112702751047680 15
298117194846445568 57
298118033711448065 57
298118864187826178 63
298119346541174785 0
298120013414535168 57
298123444355219456 15
298125960941817856 31
298126065832972288 57
298126275543982081 31
298127433163497473 15
298130717278343168 39
298131749093924864 31
298131900072067072 31
298132101411254272 31
298132508271341569 26
298135129719701504 50
298140192244654081 63
298141354062655489 25
298142180315369473 0
298148006232981504 21
298151298757431296 39
298153936974671874 13
298159301485264897 69
298162862440988673 63
298163235734052866 50
298163961361227777 26
298165517439614979 39
298166314374139905 23
298166528250097664 63
298171729216413696 64
298174971417612290 14
298175839613370368 59
298176309371236352 21
298176456180248576 57
298178066805555200 48
298178230362443776 63
298181904581160961 48
298186270855798784 59
298186472182394882 26
298188141494423552 63
298189244625723392 4
298192549724684288 15
298194172928749568 63
298194244219314176 63
298201080922263553 4
298202720928681985 50
298203702395809792 3
298205845676781568 57
298207582097649664 15
298210069315739648 31
298213936489181184 12
298215920382377984 64
298217023505317889 10
298217220633399296 59
298221121323560960 59
298222501262159873 59
298224350946021377 67
298226083185164289 13
298226565542715393 64
298226888487346177 67
298229119857090560 31
298233137996107776 29
298233305759903744 37
298233381290913793 15
298236774478667776 57
298243925775351810 37
298244127068413952 37
298244240339763201 37
298244420703244289 37
298244445864869888 37
298244722672144384 37
298245079204757504 37
298245158863003650 37
298245884498567168 37
298246010327674881 37
298246069056335873 50
298246165500153857 37
298246186488459264 37
298246207476756480 37
298246278754754561 37
298246509441466371 64
298246740119805952 37
298246819815763971 45
298247075676688385 37
298247461556871168 37
298247482519977984 37
298247495107096576 37
298247549624676353 37
298247801295474688 37
298247918723428352 37
298248027783692288 37
298248162005614593 37
298248619201527809 37
298248807941025795 37
298249462218907651 37
298249852310142979 37
298249852322721795 37
298250087191162881 37
298250653418024961 37
298250821173403648 37
298250829570396162 37
298251068654108672 48
298251194466439168 37
298251278373498880 37
298252188541648897 37
298252188550062081 37
298252222108672001 37
298252247253528576 64
298252905746673664 37
298253572645191680 37
298253769790091264 37
298253824324427777 37
298254017270779904 37
298254084362887169 37
298254403125780480 37
298255325885247488 37
298255493636452352 37
298256252801253376 37
298256273772793856 0
298257775342018562 37
298258802971668480 37
298259528565280768 37
298259859927883777 48
298260832981250048 12
298260879152123904 15
298260900090097665 37
298260963029827584 37
298260979786055681 37
298261336293511168 37
298261604758323200 37
298263110496710656 37
298264150684082177 37
298265966830305282 37
298266700812517376 15
298269729133563906 5
298270752539570177 37
298272686092742656 0
298273868911607808 37
298276800730128385 48
298276884612005888 48
298276960113664001 63
298277543121940483 37
298277736022147072 37
298277945775104000 6
298278897852764160 50
298278918820085761 63
298279665406193664 63
298281515119431681 63
298282093912395776 48
298282811159355392 63
298283951993257984 37
298284031697625089 63
298285331927691264 63
298286162383093760 37
298287810761330688 50
298289526231691264 37
298289551401693185 37
298291166191964160 63
298292428698419200 37
298292525146460160 63
298292625805565953 25
298293733131169792 37
298294924313501696 37
298296304210161664 37
298298653049753600 63
298300070711939072 37
298300188144062464 59
298300632752869376 37
298301538701557760 63
298303241601556480 63
298307259761565698 37
298307414917259264 37
298307477861175296 37
298308882961420288 37
298310204167176192 21
298310715868065793 37
298313874174791681 15
298316164235395073 29
298319918141698048 37
298321570705858561 37
298326515815419904 37
298327606321897472 63
298339807548035073 67
298340885479948289 57
298351614497001472 21
298354433065111552 12
298359025861537792 59
298361487917985792 26
298362024784711680 15
298362393858289665 50
298367821287682048 15
298371252236738560 59
298373353608200192 21
298374733509046272 59
298374892909379585 31
298376117625171968 57
298381461189439490 50
298381817675919361 59
298383638033227776 50
298385173119119360 50
298385424785752065 59
298387421274460160 4
298388826357895170 57
298390751547641856 50
298391787561689089 37
298391980491304961 59
298392148259258368 59
298392848716423170 50
298393175884693504 59
298393641456640000 4
298395176571899904 65
298396116062441472 59
298401723863670785 37
298402344637431808 67
298402470445588480 57
298410653541085185 63
298410695484121088 21
298411320431214595 26
298412222214967298 45
298412385771864064 59
298412675208187905 37
298412939424174080 50
298421239951806464 48
298422804422995968 37
298423181906169858 63
298423181910364160 37
298423894971404288 50
298424012399316992 50
298424050143870976 37
298427913081069568 37
298431037850148866 50
298431285305688066 67
298432883339694080 31
298434015810170880 31
298435026637451265 14
298435899035881473 50
298436452700811267 59
298437174100111360 25
298437346079154177 48
298437400600932353 59
298437417378136064 50
298439204160016384 57
298443591385239552 29
298444639969607680 39
298445659193896960 59
298446263182032896 0
298446871351947264 37
298447311758049282 59
298448721027411970 59
298449345982902272 0
298449706701430784 50
298450855932338176 63
298451199852675072 37
298454358167781376 59
298454492419063808 59
298454668554690560 63
298454869902245888 59
298454945387143170 29
298454999929864193 59
298457470358147072 37
298458476970123264 23
298459512967426048 0
298460381217710080 29
298461182312988672 59
298461333307924481 17
298461899538956288 4
298461920497917955 59
298462079906611200 59
298462155395698689 15
298462193140252674 6
298464420298903552 65
298466634920767488 59
298466962063892481 0
298467381481713665 59
298469893882400768 59
298471991017623552 63
298472116850925570 37
298472334971523072 37
298473324839837696 37
298474117567504385 0
298474348245839872 0
298475241619980289 23
298475770119086080 26
298475887563792384 0
298475900138291201 0
298476374103052289 59
298477275844853760 27
298478307664613376 12
298478525755826176 59
298478588695556096 59
298478643196342272 59
298478966170329090 59
298480983643136001 59
298481310765309953 65
298481403048382465 59
298482162229997568 2
298484397798215681 48
298486536863903744 37
298486868218085376 4
298488256545308673 27
298491704246423552 26
298492144652517380 65
298492798968156161 50
298492798976532480 50
298493121942126592 37
298494136980496384 15
298494338286108672 50
298495881806741504 0
298498385802059776 59
298500449399627776 59
298500541657513985 26
298501959344869376 59
298503309923328002 59
298505432232771584 7
298506354979659776 37
298506719854751744 0
298508296946581505 0
298508871566249984 4
298510473765203968 50
298510742217428992 50
298511623021289472 2
298512881320865795 59
298513992798834688 63
298514148000681986 25
298514269631303680 59
298514617750134784 37
298514848432680962 50
298515527926697987 57
298516278711287809 48
298516530352750592 29
298521206989127681 59
298523090235817984 57
298524239462539265 37
298525552279707648 50
298525866869284866 57
298527179682234370 63
298527624291045377 37
298530040189173761 37
298530946192396289 1
298531688584187905 63
298532808434016257 63
298532837823500289 63
298535094350663680 64
298535689916674049 29
298536222593277954 26
298536373584011264 63
298536721728016384 57
298536906273206273 29
298537988416208896 63
298538823082704896 57
298538944692379648 59
298540697924026368 37
298542472135581696 63
298543822701490176 26
298544116290187265 59
298544468590739460 57
298544485401497602 57
298544502178738177 57
298544544096595969 57
298544565059719168 50
298547257819684864 57
298549661176836096 48
298550130934697984 37
298550168670859264 26
298550277718556673 23
298550890099511296 37
298552416817799170 63
298553498931441665 50
298553985479110656 50
298556489495351296 64
298557403853627394 64
298558423044341760 59
298560411169607680 63
298562915169095680 57
298563804340572160 4
298564022469537793 15
298564521591709696 50
298564664198037504 59
298564823564828672 67
298565268182011904 64
298565725352771584 12
298566379643224064 37
298566421607247872 25
298570834023440385 4
298570955641475072 64
298572125848088576 15
298573761639227392 21
298573925187743746 37
298574428516790273 74
298574793442226176 59
298576710243332096 64
298576781512945664 57
298577028985262081 29
298582615819157505 29
298583865692389376 63
298584138317979648 39
298585199493656577 57
298585551806816256 48
298585958679474176 4
298586742993321985 37
298589880353685504 37
298592766013874177 4
298593109942599681 37
298593994970116096 57
298594120799232000 37
298594980610572288 64
298595223867621377 28
298599233626456065 59
298602807202807808 57
298605193724051456 63
298607395737833473 23
298607743898619904 16
298608528212512768 16
298609916527132672 28
298610411467571200 12
298611782984019968 59
298612449874153473 50
298612961591832576 64
298613007712399360 59
298613112603545601 50
298614232470147072 64
298616472215896065 29
298618057666998272 14
298620536525836288 59
298624579801317377 64
298625078952882177 63
298627285156786177 64
298627507446497280 63
298633194897559553 50
298633568203206657 59
298634734211325953 67
298635568877801472 4
298635694706917376 28
298641659003023361 63
298643202540462080 50
298646889333665792 37
298648223101353984 63
298653956710756353 29
298657526059261953 64
298658620768403457 48
298658880848809985 15
298660235600601088 64
298661611319750656 67
298663083512041472 4
298664211809198080 67
298664538952323072 29
298670847172956160 57
298671694439141376 57
298680980611403776 4
298685019747147777 66
298687905419902976 37
298699418788564992 64
298699842413264896 66
298703529219072000 59
298707736080814080 0
298708042260819968 50
298714954477998080 48
298719010374184960 12
298726497223598080 4
298730007830872064 4
298731723322179584 4
298732834795950080 25
298738555851784192 4
298738962686681089 48
298741949031120896 48
298742259422203904 4
298742985015840768 67
298746684408733696 50
298753193947590656 4
298754041209565186 4
298754791998377984 4
298756398387429376 37
298756629069975553 69
298757379875561472 4
298758000611586049 65
298758319391248384 50
298765894295900161 4
298765990760701953 4
298766204670185472 4
298767014196047872 39
298767190335823873 50
298767848833179648 57
298768033416093697 50
298769543357145088 11
298770466108223488 4
298771313340862464 65
298773095920058368 31
298773305643634688 63
298773486011305984 59
298774823998476288 9
298775503475728384 50
298779337069580289 4
298779760685895682 4
298780624708325376 48
298782482768216064 37
298783632036884481 4
298784068219322368 37
298784923857321985 50
298787620815794177 50
298791475385344000 4
298792721081065473 4
298792733659779072 25
298792846922743808 4
298792876245123072 4
298793413128642560 23
298794272977735681 4
298794746942484480 4
298796139430424576 4
298796558869229568 2
298797028610301952 4
298797628399943680 2
298799180321800192 4
298799398404620290 2
298800023351734272 2
298801826927628288 2
298802120499531777 4
298803391373668352 63
298804066677563392 2
298804297351716866 2
298805538878287872 26
298805736002187264 2
298805970866417665 26
298805970879008768 26
298806306435903488 50
298807954805768192 26
298807958962323456 26
298808344859267073 2
298808399376834560 59
298808688787984384 64
298808919495684096 29
298808999149715456 2
298810135822860288 2
298810194564108290 26
298810853053042688 2
298810915980189697 2
298812551754575872 26
298812782449680384 59
298813059235971072 26
298813680009740289 57
298813898134519809 26
298814141378994176 26
298814548222308352 26
298814753738981377 26
298815571653431296 26
298816091734552576 26
298816171443093504 26
298817182270386177 4
298817350029955073 26
298817450684866561 26
298818390208937985 26
298818876773371904 26
298819283604086784 26
298819531059634176 57
298819967258861569 59
298820541912059904 26
298820680307310592 50
298821670142111745 26
298821821153820672 66
298822207033991168 67
298822890697134080 66
298823272370421760 4
298823591141732353 26
298823700193607681 66
298824128012623873 29
298824404845092865 26
298824685855059969 26
298824731984023553 26
298826019635343360 66
298826866909925376 64
298827227620077568 50
298827294712156161 37
298828926304800769 66
298828934697594880 26
298829190529175554 64
298829358301323264 26
298829458981412864 29
298829614162255873 26
298829744202465281 26
298830247527317505 26
298830448853934081 26
298830524343005187 57
298830595633590272 26
298831317045489664 57
298831426101575682 2
298831719711260674 66
298831765865377792 26
298831900074704897 26
298831925219569665 26
298832134943154176 26
298832143323377666 26
298832285950685184 4
298833103818985472 29
298833149981495296 67
298833313555177472 26
298833611329781760 25
298833766539988993 26
298834781561581569 37
298835138052247552 64
298835293266657280 57
298836236997636096 26
298837633688285185 26
298837713354887169 26
298838149596073986 26
298838166343925760 2
298838304789504003 26
298838673884073985 26
298838703210655745 26
298838929740820480 26
298839332377206785 26
298839374307663872 26
298839701463375872 26
298839953142583296 57
298840548712775680 64
298841152696758273 26
298841836364103680 26
298842104791195648 4
298843027559038976 2
298843920941600768 26
298844055176110080 26
298844176815120385 26
298844327780691968 57
298844969517592576 26
298845800010743809 66
298846001312178176 29
298846122963779584 26
298846693389119488 4
298847171539775490 26
298847637082365952 2
298847741965127681 26
298849566478987264 2
298850229187379201 4
298850292097757184 66
298852364092321792 63
298852389245571072 59
298852875793219584 66
298853144237047810 66
298853307798151169 26
298855191036432385 26
298855853740670976 26
298856017297559553 59
298856021500243968 26
298856034112507904 66
298856105415700481 26
298856587727097856 26
298856755503452161 66
298857053315796994 26
298857325928804352 50
298857472746205184 63
298857984442908672 50
298858282234290177 66
298859150463610880 4
298859200791056385 4
298859506979463169 26
298859838312681473 26
298859989307650048 26
298860702339309568 50
298860891082989568 21
298860899479994369 65
298861272794025984 26
298861419594661888 26
298861578953043968 26
298861834805587968 25
298861914509946880 26
298861918691663873 57
298862262632984576 6
298862442996453378 2
298862623326347264 57
298862820479619072 26
298864519176929280 66
298864896639127552 2
298865404179267584 65
298866121409445888 64
298866578555031552 57
298867371316215808 26
298868969308295169 4
298869275500879872 25
298869397144104960 57
298869514572013569 59
298869833360109569 16
298869992718479361 50
298870160515796992 0
298870370243588097 26
298870579950387201 4
298870647034105856 2
298870684791238657 26
298871796298571777 26
298871859213123584 26
298872228295110656 4
298872526103257088 4
298872924557963264 4
298873041998454784 4
298873180423090176 4
298873373335887872 4
298873792795643904 4
298873918603792384 66
298874031845830656 4
298874119947161600 4
298874275136434177 26
298874551939518464 4
298874648412700672 2
298874732311375872 4
298874874905108480 26
298874912645468160 4
298875160138752000 50
298875172717486082 64
298875332096819200 57
298875365634494464 2
298875378229985280 4
298875839616008192 4
298875868955168768 25
298876170953428992 4
298876732973395968 4
298876745568882688 26
298877051769851904 4
298877156593917952 50
298877395673440256 4
298877651538558978 48
298877693494165504 26
298877903205199872 2
298878188417851394 4
298878725297143808 4
298878750462976001 4
298878893052526594 4
298878989529931776 4
298879048245977088 57
298879182438531072 4
298879186637049858 4
298879220225036288 4
298879337627791360 65
298879417344733185 4
298879643832942592 4
298879912285196289 4
298880105193799681 26
298880189088292864 4
298880239419932672 26
298880285553094657 4
298880323293429761 4
298880549802610688 4
298880570782527488 4
298880574968455169 26
298880713376280576 4
298880839222165505 4
298881703248797697 4
298881761943908352 4
298882206540103680 2
298882269446279169 21
298882349167435777 4
298882491748585472 4
298882655355813889 4
298882726650589184 4
298882839888404480 4
298883007652188162 26
298883754229919744 4
298884018496221184 2
298884567945838592 4
298884630860402689 2
298884966413135873 64
298885025104007169 4
298885088031174656 4
298885205484249090 4
298885582963228672 26
298885830422958080 4
298886300176613376 26
298886522470539265 4
298886757385125890 4
298887017427783680 4
298887671739215872 4
298888078590898176 26
298888107938435072 4
298888351203880962 26
298889429140000769 4
298890519654830081 4
298890578383482880 4
298890746172432384 4
298891308188180480 4
298891790524772354 4
298891819880677376 50
298892138664587264 4
298892197372260352 26
298892235129356288 4
298892440662835201 26
298892956570644480 4
298893120119132160 66
298893124334407680 4
298893224980914176 4
298893313078087681 4
298893879300726784 66
298894026118135808 26
298894055465689089 26
298894084821639168 4
298894097387778050 4
298894831416115201 66
298895846437711872 26
298896429416591361 4
298896538485272576 4
298899537395847169 66
298900766343704576 4
298900913148538880 67
298901206758203392 4
298901269676969985 65
298901311594835968 4
298901332566343680 4
298901500334309376 26
298901680701980672 16
298902314058657792 21
298902448272199680 4
298903106765348864 4
298903224201670656 4
298903350026567683 4
298903513629597697 4
298903580721696769 66
298903840764358656 4
298904339899113473 2
298904616702185473 4
298904822252457985 4
298904893526245378 48
298905371689504769 66
298905396859527169 4
298905472344420352 4
298905782718713856 4
298905837257256960 59
298906013405437952 4
298906860659015681 4
298906961343283203 4
298907481416036352 4
298907535967145984 2
298907686928535552 4
298908009906712576 66
298908131541528576 26
298908366422560768 4
298908580336246784 4
298908936831127554 26
298909280772435969 64
298909511471726593 26
298910627148226561 4
298911214350786560 26
298911608602759168 66
298912313271017472 4
298912392954400769 26
298912866931720192 4
