308646340727013376 22
308647351587856384 22
308648081375776768 65
308648316273561600 65
308649318687064064 65
308649444520366080 53
308649973002674176 65
308650405032763392 15
308650509881991168 65
308650954457247744 65
308651755602866177 47
308651784937824256 48
308652581876559872 65
308653420707983364 65
308653760471769089 65
308653760471777280 6
308654490263879682 47
308654528021032960 47
308655094243655680 65
308655475933712385 65
308656331580141568 41
308656390279421954 65
308657136882298880 65
308657623400591361 22
308658072195321856 24
308659141759614977 15
308659586360020992 47
308660475548274688 65
308661356339527680 41
308661364740730880 7
308661415051403264 65
308661452800131072 11
308661624770813952 65
308663654826516480 65
308664053302185985 65
308664107807166464 65
308664418173059072 41
308664602722463744 41
308665319952625664 65
308666146255695872 41
308666163024498689 47
308666624389570560 50
308667014455635968 65
308669057081688064 65
308669614940905472 65
308669736563134464 65
308670550249705472 65
308670646752260096 39
308670680298291201 65
308670759960711168 45
308671338808242177 47
308671795953803264 6
308673356234891264 43
308674350318489600 65
308674828452380672 65
308676195799683072 65
308676573278642177 65
308676581684043777 12
308677907054727171 65
308678490079764480 48
308678901108965376 48
308679287005904897 6
308679911932063744 51
308680285225107456 65
308680490771169281 50
308680771781132291 65
308680809546653696 8
308681921016258560 41
308681975529611264 65
308682076213878784 65
308682319470936064 65
308682520818491393 21
308683212874465280 65
308684362109550592 21
308685104488792064 65
308685364560814080 2
308685914018836480 65
308686023062343680 65
308686345994387457 65
308686576685314049 65
308686643806732289 24
308686836757323776 65
308687361028521984 41
308687361032724482 41
308687361053716480 41
308687767880224768 65
308688799670628354 41
308689009402601473 24
308689953104228353 24
308690053763309568 24
308690133480259584 65
308690238342062080 24
308691769237848065 45
308691895075360769 50
308691937022574593 12
308692054454710272 2
308692486455431169 15
308692666814697473 65
308693866402430976 22
308694625567252480 22
308694793335209984 47
308694919189495809 21
308695623794839554 65
308695779000848384 65
308696844341481472 41
308697507062505473 41
308698383672016896 21
308698828264075265 8
308699885211893761 65
308701231583490048 7
308704708686655489 41
308706747105812480 65
308706940060569600 15
308707242054660097 47
308707321733844992 53
308708324185092096 27
308710295495385089 32
308712166146580480 2
308712187118096384 65
308714087137820673 65
308715211215499264 65
308715982954827776 65
308717304181571585 54
308718033994665984 24
308718310801932288 65
308718344364756992 65
308719132881321984 65
308719204205473792 65
308719636222976001 41
308722438013874176 65
308724308648288258 41
308725717942804481 15
308726707819528192 65
308726900740718592 65
308728687501651969 43
308729048211783681 65
308731057300180993 21
308731447378857985 0
308733498376732672 65
308734022685716480 35
308735117373882368 65
308735792665206785 48
308736170169364480 65
308736530879500289 65
308736929334169600 45
308737403265372161 53
308738795791073280 41
308739592700436481 65
308740150555451392 6
308741153002508290 45
308742784548999169 32
308743807984349184 45
308745854808883200 41
308751206711431168 50
308753119322460163 15
308753249354276867 13
308753354207674368 48
308755296183017473 41
308755975643492353 65
308757921821491200 13
308759687615094784 65
308764964053721088 53
308765727404478464 65
308766910202408960 50
308770651508977664 22
308773189058707456 65
308778230641487872 65
308779602149531648 65
308779937702232064 65
308781296648331264 65
308782647230988288 11
308782877921910784 11
308782898885050368 53
308783020515680256 11
308783347667197953 65
308788015923339264 65
308788619940864000 12
308793523078049792 21
308795179798769664 11
308795209167302657 45
308795221737611265 6
308796647809368065 50
308797864186892288 6
308799546102800384 50
308801047634276352 65
308801613890465793 15
308801739719602179 41
308802826035933184 35
308805153878835200 65
308805892055388160 47
308807884362350592 15
308808211530645505 43
308808425435959297 65
308808492515459073 65
308808702264233984 53
308809054589943809 45
308809104900632576 11
308811642462949377 45
308815471858302976 65
308817745150087168 65
308818152010162176 11
308821587157725184 48
308821616517869568 48
308822052738056193 65
308826108621635585 65
308828461617774592 45
308829812192075776 65
308830038688690176 22
308834069385453569 48
308834329440681985 65
308834966966525953 41
308843946992345089 45
308848522990592000 65
308849902904033280 65
308855800082874368 65
308859403015184386 15
308862632629260288 47
308866080330350593 21
308873172885856256 8
308875542688575488 65
308883709006839808 39
308884568801411072 65
308885785166360577 35
308886460466089984 9
308888842818166784 15
308889115452129281 65
308890545701388288 65
308890767986946048 43
308891082555523073 43
308891543954145280 24
308895620821835777 45
308896472240386049 27
308903883588120576 11
308905481601183744 65
308906190442749952 24
308908623151632385 65
308908879020961792 65
308911559181209600 48
308912309932261376 7
308916307137544194 48
308916831396192256 65
308922690855657472 22
308924150477619200 65
308927300387352577 65
308928609006006272 65
308929640821571585 65
308933428282281984 65
308934472638820354 65
308934619447820289 48
308935995171168256 48
308937140237123586 65
308939182846390272 65
308940533437440001 45
308941988827385856 8
308945126200332288 65
308947516953608193 39
308948787802562561 41
308951325356478464 39
308952071959351297 53
308952378114179073 65
308952537514512384 65
308953544164265984 65
308953653203582978 27
308953804202713088 45
308954332693397504 65
308954559173242880 45
308955385451122688 14
308958367609667584 41
308958539580334080 17
308960238260858880 27
308961014194503680 65
308961345536151552 47
308962855493980160 16
308962884870864896 24
308963602075885568 45
308964365472768001 27
308965414044573697 48
308965602792464384 65
308965854421323777 27
308966533923749888 16
308967465034059777 48
308971252503154688 21
308971575477149696 48
308971936183099397 48
308972053602631680 54
308972548543102977 65
308975883031560193 43
308977183257403393 48
308978596708507648 53
308979318132989952 15
308979708236812289 16
308979838222475266 10
308981176218038272 16
308981398532931584 65
308981658579771392 27
308983457944592384 3
308984200307019776 65
308984816873914368 8
308985055970226176 65
308985878037012480 45
308986003853565953 65
308986557518471169 41
308987618660610050 32
308988218479611905 15
308989048926638080 11
308989157995327489 8
308990290428047361 32
308991020249518082 11
308991938806308865 51
308993410994413568 15
308994212110663681 45
308994459570434050 45
308997924094898176 39
308999018795638784 39
309000637788585984 11
309002361634959360 39
309002592351043585 6
309003196314050560 9
309004622364827648 41
309005163438419969 41
309005989720494080 41
309006409159294979 35
309007034106380291 27
309007587767099392 16
309007642301431808 41
309007721955487744 41
309008367886684161 9
309008774750928896 50
309010423108218881 17
309011329065287680 32
309012193083539457 22
309012495111172097 65
309013220692209665 48
309013585609248768 16
309014818717835264 16
309015116551188480 43
309015166882824194 53
309016735544139778 1
309017901543874560 65
309018044150190080 13
309018186769125376 53
309020418138845184 27
309021131157950464 8
309021902926671872 41
309021999374692353 8
309023140254736384 41
309024528548376576 16
309027426820841472 65
309028349550936064 65
309029121298661379 8
309030316700483584 16
309030769664335875 16
309031570801565696 43
309031839220264960 65
309032069894397954 27
309033181414318081 8
309033252692295680 65
309033424671367168 17
309033592422547456 41
309033906999541761 45
309034540373008385 39
309035379233800192 17
309035693789827072 54
309037866447675392 63
309038772387995648 8
309039875494146048 65
309040378827378688 53
309041251225829376 39
309041838424219650 24
309041955873099776 17
309043218354405378 27
309044208210178049 17
309044946428633089 1
309047211365367808 16
309048394146512897 35
309048507401117696 41
309048939410239489 9
309049031676534784 16
309050017325412352 0
309050227032223744 21
309051527274844160 65
309051611160907777 35
309052466815709184 41
309052651344117760 16
309052718465564672 41
309053737698209794 24
309053800616960003 24
309055981655031808 45
309059139957563392 9
309059630678560768 45
309059857175175169 21
309061228729344000 16
309061618787041281 16
309061727813779459 15
309061866255163393 16
309062491206479873 21
309062608630214658 16
309062688321970176 16
309062755439226880 16
309062910611705856 16
309063283908956162 16
309063342620803074 16
309063808188571648 16
309063904657563650 16
309063984374489088 16
309064047280660480 17
309064240227024898 16
309064487695175680 16
309064789680848897 16
309064944878501889 16
309065100034195456 16
309065209111252993 16
309065255231840258 16
309065511075971073 16
309065905357336576 16
309066006037401600 16
309066937164505089 16
309068556161671168 16
309069101429583872 16
309069143347449856 16
309069906740117504 16
309070242250883072 10
309071383109971968 16
309071450223022082 10
309071836111581185 16
309071894823464960 16
309073161507459072 16
309073622889295872 24
309074516280217600 51
309074843431743488 16
309074939896557568 45
309075241865461761 16
309075862639214593 51
309076529529380865 16
309077083198455809 16
309077494240251905 16
309077792035860480 32
309080413454876672 41
309080652521824256 16
309083500483584000 32
309084993647427584 16
309086696530644992 16
309087665393901570 16
309087690559741954 7
309088084853673984 0
309088617500925954 27
309088986612256771 16
309089968100352000 16
309090878234972160 16
309092090384629760 35
309092233011920898 16
309092241400553473 16
309093218677583872 16
309094284026593282 16
309095445840400385 16
309096964195237889 16
309100319630036992 28
309100609045401600 65
309100881645826050 65
309101204619812864 2
309101238191026176 16
309102790083489792 48
309104677503512576 22
309106762055839744 45
309107584139395072 65
309108024541319169 48
309108372668547072 41
309109203174318080 27
309110184637251586 16
309111161910079489 50
309111199650439168 0
309112701228044289 53
309113124835950592 41
309113464570400769 22
309113519117316096 22
309113607164149761 16
309114064368435200 12
309114806743474176 43
309114919977095171 16
309114932580982784 45
309115096158846977 53
309119089123667968 0
309119110111961088 32
309121270182731779 16
309121555403796480 16
309124453659459584 54
309125623840919552 0
309127658086739969 16
309128404693819392 45
309128815743995904 32
309131093213327360 7
309131126767775744 6
309136399028850688 43
309136461926658048 24
309137741201944577 65
309138982724313088 65
309139863511396352 50
309139959980388352 65
309140110987890688 65
309143059579412480 65
309145542598991872 27
309146742190907393 32
309146922550181888 41
309149187461742592 16
309149334274981888 16
309152500966105089 16
309155302773772289 51
309156779147800576 53
309159677395095552 39
309162751828303873 35
309163758461284352 11
309163859153940480 16
309165683646791680 16
309169840202059776 65
309171299845042177 22
309172306465411072 53
309172411314618368 48
309175548649816064 65
309178790842626048 47
309179378078720001 22
309186197979267074 16
309186210587365376 16
309190128046329856 17
309193106014744576 65
309194490147643393 45
309195865883570176 17
309197019291996161 16
309197312905859072 16
309199410062053376 16
309199431012593664 45
309200081133907968 50
309200768991379456 65
309202249584881664 16
309203939893575680 16
309205470843904000 45
309209694508036096 5
309218389283459072 16
309219031024553984 16
309219379143397377 16
309220759052627969 0
309222654886420480 50
309224152244559872 50
309225326674841600 24
309226090017198081 41
309227356688637954 16
309234096964505600 48
309239562117455873 42
309239671177752576 16
309240560353415168 16
309240853975670784 16
309241416016621568 16
309243458634256385 16
309244943426265089 16
309245299921141761 16
309251989831823361 48
309253894075215872 16
309254820995411968 16
309255907341135872 16
309256188338507779 16
309259954831888384 24
309263243153661953 16
309268536390471680 41
309270000202551296 5
309273313698516992 16
309275943527129090 17
309287536587591681 27
309287628837117953 16
309288983605682176 15
309290371932889090 48
309290959131254784 65
309291764446015488 3
309297992958083072 32
309298160738631682 16
309300094308610049 22
309302040482435073 65
309302514422005763 16
309303248450359296 16
309303370085183489 27
309303655281070082 24
309304460579049472 7
309305165251485696 48
309307195282051072 27
309310382936309760 48
309311863550791680 16
309311888704032770 65
309312278774312961 8
309314510139842560 2
309314774380982273 16
309315055407738881 48
309317781696950272 15
309318037566259200 17
309318956106272770 0
309318993871777792 21
309319199367516161 32
309320356995399680 65
309321019716415488 65
309322064072933376 5
309322709999951872 65
309323603390889985 45
309324006056656898 48
309327193731899393 8
309328615571611651 16
309328821121851392 27
309330234589720576 27
309330616279769088 27
309330863752101888 16
309331048284688385 27
309331077657403392 27
309332595974496256 45
309334206599811073 50
309334521180983296 24
309337658491019266 45
309339235570286592 8
309339755680780288 16
309342779773952000 48
309342909780615170 36
309345279574945792 11
309346407846920192 27
309346542064640001 48
309347179582087168 48
309348970549899264 16
309353571697164289 2
309355077435523072 32
309355085853519873 32
309357417878130689 5
309357476589993984 48
309358294470893569 17
309359187861860352 45
309362757243920384 43
309363541570371585 39
309363822592937984 45
309364057478144000 54
309364091003219969 39
309364250407747584 16
309365324157960192 9
309366225895567360 48
309367219983372288 16
309368520217604096 13
309368687985565696 17
309369421967790080 65
309372177612935168 5
309372798407680000 16
309373951824519168 45
309374299947532288 2
309374715192020992 39
309375126208671745 6
309376330007449600 10
309379563815841792 32
309381275096080385 32
309381715477008384 65
309382902473445376 53
309383401591410690 48
309383649059545089 21
309385163215888385 24
309385238696574978 16
309387117744750592 43
309390418657816577 16
309391425307570176 16
309392545190920192 45
309392641630547971 51
309395342770724864 7
309395372114079745 15
309396483617202176 17
309398173917515776 17
309398807265824768 21
309399188930715648 48
309399717429776384 48
309399797138325505 48
309400833106259968 17
309400904405245954 17
309400950563553281 17
309402439516299264 41
309406415737483264 48
309406759649423360 17
309407153947557889 53
309407321698738177 3
309410127700709376 16
309410484208140288 17
309410865885634560 16
309411302089035777 65
309411910284099584 9
309412610716094464 2
309412770091241472 48
309413218902740992 16
309414263267663872 65
309414468813717508 32
309414921781792768 17
309416620487483393 65
309418528904196096 50
309419556491890688 35
309421926290452480 24
309423918563876864 16
309424463835959296 27
309424652579639296 39
309426510643748866 6
309429677355831296 3
309431015309455360 25
309431468319453184 27
309432890163339264 24
309433011823329281 10
309435033477869570 45
309436136579821569 41
309436136583987200 45
309436358865321984 48
309439953392238592 27
309441874375106560 45
309446706230079489 7
309446743957856257 42
309452053959303168 45
309453123485843456 45
309453714916265984 1
309454004293885952 16
309454281143115776 22
309455329727479808 17
309460971057995777 17
309461822489124864 17
309463311483822081 50
309464116765011968 45
309466142626422784 24
309466159403655168 24
309466411057688577 0
309467673547399169 65
309470387249504256 50
309471083508150272 54
309472346010431488 45
309473084199542784 15
309474669654859776 50
309475890193113089 45
309478972989784064 50
309479161733459968 65
309479404994707456 7
309480671703887872 9
309482559132286977 48
309482886300577794 27
309489966281547777 21
309490352161705984 21
309493833434021888 65
309495699886702593 11
309495867637895169 6
309499441184927744 39
309500296831324161 16
309507154509963264 15
309507704001540098 45
309507834008190978 27
309509457191243776 32
309515706708398081 22
309517392826990593 16
309519544483995648 16
309529870889779200 7
309532446175678464 45
309533507342987264 13
309537374508036097 65
309537559044825088 16
309539043841044480 65
309539501003378688 16
309543351382839296 16
309545775686381568 45
309547147202805761 17
309548233552707586 45
309550984999362560 16
309551253459968000 48
309553228939403264 45
309555737154166784 39
309556873827323904 16
309562355778453504 15
309572002673463296 7
309572245922123777 16
309574712185483264 43
309575320372133888 43
309576759010004993 65
309579409814351872 50
309579908911353856 16
309580265431384065 24
309581238518284288 16
309581360169877507 43
309587366409027584 17
309589354483957760 27
309590767960207360 35
309599039157047296 15
309600863649939458 11
309601325044359168 51
309605187985735681 16
309607322890665984 11
309612330910617600 65
309614792971284482 51
309619830309392384 48
309620660798369792 16
309621088617390080 6
309622162346606593 48
309628638347800576 13
309632174162837505 43
309637328933117953 8
309637500924735488 45
309638755021619201 7
309639342199021569 24
309642097852571649 6
309642425008275457 48
309642911581085699 7
309643976913334273 16
309645465912221697 50
309647634367385601 65
309647810498801666 16
309650532606300161 17
309650905907740672 16
309650905911926784 16
309652206154563585 11
309652864660279296 45
309655611912626176 32
309656496910761984 15
309658090758864896 21
309659558744322048 48
309660653466042368 45
309661907583913984 16
309663446872518658 39
309665950884569088 45
309667360179101697 32
309667838300405760 11
309676260483817472 24
309678705746276352 50
309681138455175168 21
309681494983573508 27
309683134939668480 43
309685404058128385 48
309686372929789953 11
309686670746345472 16
309687702545125376 11
309689778725593089 45
309690495934803969 48
309690911200247808 6
309692681175580672 43
309692765074255872 32
309695130649128960 16
309696917410025473 8
309700067361685505 32
309701183017209857 16
309702068032118787 11
309702378427400192 8
309702873317527552 48
309703682855940096 11
309706551726313473 1
309706761458315264 15
309706908267327490 16
309707541598859264 39
309709533876453376 16
309709571629391873 16
309711324844277761 53
309711962412027904 16
309712063045984256 43
309715691148283904 8
309718383887253504 45
309719499555364865 48
309719864480780288 11
309721013694914560 39
309722829832732672 39
309724734050951169 53
309725623255982080 17
309726139142791170 11
309726139151159296 48
309728869617909760 6
309730337628499969 45
309730979382177792 11
309733609185619968 0
309733969904140289 65
309734460646125568 21
309734510977748992 65
309734947193749504 6
309734959772487680 6
309735853134053376 6
309736201269690368 16
309736213844197376 45
309736536801431552 27
309737467957878787 6
309738843681210368 6
309740114567917568 27
309742505329565696 6
309744560542715904 0
309745210638876672 27
309745214854139904 27
309745311302156288 27
309745990771027970 5
309746594771787778 6
309746842239913984 51
309749014876803072 48
309749316845715456 65
309749878920196097 48
309750793253289984 6
309754429706477569 2
309755868348575744 45
309756820472336384 6
309759710335205376 27
309759852958343169 50
309761664914452482 50
309762906415824898 24
309763636237328384 16
309764122763984896 54
309766702269362176 65
309772209382100993 32
309773153100496896 45
309774545601060864 45
309777041211932673 48
309777590678335488 2
309778769286164480 48
309780258238902272 44
309782581891702784 45
309786214146400256 12
309786662953705472 43
309791247315369984 50
309793218655051776 7
309794913145470977 27
309796737663512576 11
309796737663528960 11
309798474122153986 24
309799476556603392 11
309801380770639873 11
309801984721039360 24
309805000429826049 11
309806090969829376 16
309806304862552064 24
309806464237719553 16
309808951485161473 3
309809190535327744 32
309811245748473857 35
309811862315364352 43
309812780876320768 27
309813477122392064 16
309813733000085505 16
309814416667447296 21
309815461049147392 11
309816060834619392 45
309817050698747904 27
309817591751397376 39
309817667253043200 0
309818178937180160 16
309818971681611777 3
309818971689975809 35
309819110102024193 17
309819714048253954 45
309822654263738368 48
309823287620431872 16
309824814347087872 53
309829868491767808 21
309831214850785280 16
309839481815576576 39
309841390236487682 16
309841583161868288 17
309845035061485568 50
309847224488165376 24
309847711044210690 48
309854719726211073 16
309857303396499457 50
309857735434989568 21
309863326425427969 22
309866858025213954 50
309869273948495874 50
309877431861379073 27
309880233690021890 22
309883333276487681 9
309883618476580865 6
309887200407994369 50
309895354130767873 16
309901523968745472 27
309902220206428160 24
309904233476542464 2
309905466593521664 43
309906737467645952 14
309907945435582465 27
309909589594353664 54
309910181003808770 45
309915436487671808 35
309917646860718080 45
309921925067579394 27
309929147646488576 32
309944599474999299 15
309960164537139200 53
309963264102658048 16
309963725492854784 42
309963985552277504 16
309964279145181184 16
309964287537991680 2
309964690166001664 16
309970323124649984 16
309971765969440768 16
309971908596744192 45
309987263905947648 6
309987935011364864 16
309989398819266560 51
309990883598692352 45
309991793783631872 3
309995245695799296 16
309998953460551681 16
310000085905846272 13
310001214190387201 45
310001977528565760 42
310003927892520960 27
310005320422420480 7
310007568540000257 6
310007887307087873 48
310010009650089984 16
310011565741068288 16
310011955798753281 16
310012282937683969 43
310014279422193664 27
310018331136626688 53
310022827426340864 39
310025427878047744 2
310032113619591168 45
310033124459438081 32
310035557155753986 16
310037977273344002 45
310038866461609986 45
310039571108855809 27
310042146394742785 45
310044847513948160 48
310045162111922177 16
310045178884919296 48
310045283738341377 48
310045304688898048 27
310046118379659264 48
310046621717118976 16
310046688809193472 16
310047347323310080 48
310050140725604352 32
310050740523659266 48
310052846043267072 50
310054813171851264 24
310054947389595648 6
310056931307974656 48
310057732424212480 24
310057761801134081 65
310058235728109569 70
310058361573998594 16
310061222068383744 27
310061574419275776 2
310061859631947776 24
310062769774944256 1
310063893877760000 48
310065697390723072 2
310067974918770689 48
310068943811395585 16
310072643191713792 27
310072836121309186 1
310075365282435073 6
310075390444056577 43
310076174799880192 1
310079404397195264 2
310079727366967297 24
310080490713538560 21
310080624956436480 5
310082248147865600 43
310083728716230656 45
310084311732846593 6
310084483682545664 43
310085284807180288 1
310086283051552769 39
310088069837631488 39
310088371810754561 39
310088879342493696 1
310090963903201280 39
310091337175293952 48
310092813574479873 39
310093090411118593 27
310094063489650688 27
310096340979957762 39
310101038596247552 27
310101344780419073 48
310101718090264576 63
310104591209467904 48
310104935125626880 16
310106034029068288 27
310106080162234369 21
310106197611147265 6
310107518812692480 1
310108496077135874 45
310114753999687680 2
310115282452619265 2
310115374752485376 1
310115873866264576 6
310116238758129664 2
310117132157460480 51
310119153824563202 1
310120693125763073 21
310123436208963584 45
310124367352836097 6
310124430246436864 50
310125998920327169 10
310126040867540992 48
310129043964051457 50
310129056580501505 32
310129182409625600 1
310129593438842880 45
310129736053571584 21
310132210680336384 27
310132391056392192 1
310132554613260288 43
310132974031085570 5
310133468988313602 43
310133938737782784 1
310136539185299457 50
310137717788901376 28
310138833469595648 1
310138997064208385 6
310141001954119680 9
310141748519247872 48
310141933093789696 48
310142407050137600 1
310143468200685568 6
310143652737454080 27
310146135786409984 1
310146697802174464 14
310147486356475906 45
310148769775763456 1
310148782362865665 1
310149445071278080 45
310154230763753473 1
310156223066562560 13
310158001459830785 54
310158638989848576 1
310158827750309889 13
310159251349831680 13
310159582716637184 45
310159666615308289 45
310159674978729984 13
310161726001803264 8
310162732651528193 1
310163038831509504 13
310166176170901505 6
310166394253754369 50
310172178219925508 13
310172232750092289 6
310173751050387456 16
310173772038680576 14
310173793022799872 45
310173927215362048 13
310175881777782784 45
310176468959371264 17
310178859721056257 63
310180956864663552 6
310185344127619072 53
310185855824306176 45
310187399323975680 50
310188384989630464 45
310188917687205888 21
310189974656016384 1
310190238884573184 13
310191434257006592 45
310195095901184000 1
310197214024720384 13
310198061274107904 45
310198065447448576 45
310198673642496000 45
310199134982373376 45
310199239844167680 45
310200506549153792 45
310200909206540288 6
310201605444206594 13
310205690692136963 43
310205824909856768 1
310206059807657985 2
310207129350991872 45
310207410365153280 2
310208404415193088 22
310210522551316481 2
310210547691945984 27
310210711257235457 2
310211768259592193 1
310212158308876288 13
310214104478515201 39
310214431609081856 39
310218697220452352 6
310218869212065792 16
310219942949691392 45
310220198781284352 35
310220844729253888 24
310221708730720256 50
310221884908261377 39
310222606303375361 10
310222711181950976 45
310223101260619776 42
310223558431346689 16
310224258863349760 45
310225059996381185 25
310227622699343872 27
310228063113850880 24
310231355659284480 43
310234803360374784 1
310234975326855168 1
310238674686205952 45
310238993461702656 45
310240289493237761 6
310240797037576192 39
310241837208186880 6
310246329311956992 45
310247654707843073 24
310248237699321856 1
310249621840613377 9
310251819630739456 6
310255196083208194 45
310255665820086274 45
310260359263027201 45
310265488875868160 7
310268492010123265 1
310271998431473664 1
310276612174254082 39
310277367148982272 1
310277664965525504 35
310280298984267776 17
310283952218832896 6
310283989975961600 15
310288658206965760 45
310289513853366273 16
310291560698892288 54
310292856701063168 1
310294647681466369 6
310300322570579968 10
310302625239298048 2
310304781124136962 48
310305259257995264 25
310308052702224384 2
310308996395458560 2
310309415830040576 45
310309663285604352 2
310310032409522176 2
310312662225547265 2
310312792248954880 2
310312888709566464 0
310313845023457282 2
310317464695214081 53
310317687014293504 2
310318114820747264 2
310318458770444288 2
310319138226704384 2
310319184359854080 2
310322892137193472 2
310322900500627456 16
310323110224220160 2
310323189920194560 2
310330840322306049 2
310330848719273985 2
310331343668125697 48
310331356225871872 39
310332027306135552 2
310333461783261184 2
310335869322145793 2
310335911244222464 27
310336670404849664 2
310337588965801985 2
310339589653032960 51
310340021649551360 2
310340835361312769 1
310341695185248257 45
310341707772338178 2
310341942670139392 1
310342366290657280 45
310343918166372353 2
310344266293592065 45
310344329224916992 2
310346581566169088 2
310347240055111681 35
310347542036627457 13
310350893310681089 2
310351073674145792 2
310351090430394370 2
310351123984838657 2
310351576982253568 1
310351870583504896 2
310354198434824192 6
310354240352710659 2
310354332644155392 6
310354559107219457 45
310355091800612864 45
310355523818123265 2
310356681429241856 2
310357956501860352 2
310358556299898881 2
310359151886884865 2
310359328064417792 9
310360171085975553 45
310360229818798080 2
310360888324521984 2
310360909308645377 2
310361920148480001 2
310362977113096193 45
310363660776267776 16
310363883074379776 2
310364176679833600 2
310364273153028096 48
310365695022092288 2
310366412210327554 2
310366898787323904 1
310367095907049472 2
310368819774382081 2
310370665272311808 2
310370673644163073 2
310370828833402880 6
310371063718629376 2
310371176948051968 2
310371206329167872 2
310371256652427264 2
310371315364265985 6
310371734794682370 1
310372024197455872 1
310374339465842688 2
310375199281389568 48
310377753616715776 2
310377808155258882 2
310379330691821568 2
310380001793028096 24
310380211478880257 2
310381721424105472 16
310382002476040192 2
310383860527529984 2
310384116367495168 2
310385118839721985 2
310387161457389568 2
310387501191811072 2
310387853525917696 13
310388843364880385 2
310388931466256385 3
310389313147924480 2
310390240055525376 48
310390827291643905 2
310391489979092992 2
310391812923736064 2
310392291074379776 2
310392643400134657 2
310392953803796481 2
310393691997081601 6
310394451136753665 2
310395034170187778 2
310395898184220672 1
310396179202576384 35
310404056092913665 1
310404735582748672 3
310405557657939968 1
310405666709831681 2
310407612896251906 22
310409361891684353 21
310412201439662081 21
310412557968097280 3
310413929518100480 24
310415078740611073 2
310416106361860096 2
310417825997156353 2
310417960210681857 45
310419554042003458 2
310420422275526657 48
310423429612462081 2
310424914375081985 48
310425426088562689 2
310425640002285569 16
310426051056631809 36
310426910884757505 1
310430908027138050 2
310431172293439489 1
310431478473424896 2
310432879383572480 48
310433206526697474 1
310434036994695172 39
310434125079248896 2
310434712277622784 2
310435144286756864 16
310436083794079746 1
310437958681493504 27
310438231281905666 43
310439971913879553 45
310440806580375553 1
310441611899326464 45
310442060685639680 7
310442400428486656 2
310442631119384576 45
310443822322679810 1
310444069757267968 1
310444682142433280 5
310444946383593473 1
310447240651100160 1
310449912439533568 1
310450600313778176 2
310451552391417856 2
310454542930165761 50
310455394399047680 1
310458808549912576 17
310459446096719872 48
310460222017789952 15
310461371290624002 2
310464005279993856 45
310464005313548289 1
310464441487605762 2
310464563130818560 35
310464730919759874 45
310465141961535489 50
310466651910979584 1
310466811286147073 27
310475560616865792 45
310475678032220160 17
310477167026921472 2
310481495527657472 35
310482858684858369 24
310484016337940480 2
310484096021307392 0
310484423160262656 16
310485060719620097 45
310485832471552001 16
310487384355651584 2
310487510184759296 45
310489531843493888 17
310491528332181504 45
310498679616323584 45
310500546073227264 45
310501422670151680 45
310501854687670272 45
310502316056915969 2
310502513210167296 6
310503385621221377 25
310504027341348865 51
310504639692959745 16
310505306625024000 1
310507852538191872 16
310507999368204289 16
310509274424025088 16
310509278622515200 9
310509710610677760 10
310512797622620160 16
310512856338685953 1
310513552597319680 1
310514722803949569 2
310515507151380480 45
310517050655260672 2
310517507834384384 16
310517642035343360 16
310518640313253888 2
310518963262074880 16
310519386865799168 22
310519391060107264 45
310519634342330368 16
310520997482737664 2
310521886675181568 39
310523124003270656 16
310524290028158976 45
310525305062313984 8
310527431545077761 16
310529725833564161 16
310529847480958976 45
310530338222923777 45
310531449721860098 45
310532355657973760 45
310532670251737088 45
310533295207243776 16
310533609759068161 16
310534633198596097 2
310534926770515969 45
310535669170708481 50
310536323503124480 13
310536411570909185 16
310536625472012289 45
310537640506163201 16
310537653076508673 45
310539326607998976 43
310539410485690369 16
310540882682183681 16
310540912033935360 16
310541499270041601 25
310541646045540353 16
310546817630756864 1
310547350290563072 6
310547694261256193 16
310548830917623808 43
310549581660291072 16
310554459665207297 45
310555730518372353 45
310556997202354176 45
310557043327107072 45
310558238741495808 45
310563896836620289 16
310564169462210562 1
310567185187741696 45
310572801331433472 6
310573665379053568 25
310577905795231745 45
310579835204427776 50
310582582444183553 16
310584557978152960 16
310585828856459264 16
310586067914997760 8
310586323780124674 1
310589754712420352 25
310591839298265088 43
310593441526583296 45
310597208003203072 1
310602987745726466 45
310604912918671360 48
310611799970029568 45
310613284749447168 53
310613788095299584 16
310614572400791552 45
310614610162118656 45
310615503561424896 45
310617437135585280 16
310619513328640001 45
310619576222224384 45
310623992811769856 28
310624705851838465 1
310626089988943872 45
310630699537408000 45
310630808585138177 51
310642917511409664 45
310643496342130688 45
310643668300226560 1
310644188393914368 45
310644599431499776 14
310646889529880576 45
310652556038791169 16
310653382329262080 16
310656431592464385 16
310664174248275968 36
310668142059847680 2
310670708978114560 45
310688568345493504 45
310688983573204992 25
310697514770776065 2
310701218345406465 63
310703273545957376 2
310709359476867072 2
310709959262339072 2
310712572338913281 2
310714719835144192 53
310718758912155648 16
310718930891182080 39
310721497801031681 16
310724706451984386 45
310744503566864385 43
310748362330750978 15
310749314420989953 16
310750170067394560 42
310751122170212352 39
310752737002389504 6
310753819116056576 13
310756721578627074 45
310756805452120064 2
310760626475646977 10
310765705769406465 10
310767719047892992 48
310769749065879552 16
310771485516128257 48
310775960838483968 1
310776363516850177 63
310779114946719746 35
310780008362803200 24
310781958714187776 43
310782906618478592 3
310785704227647488 50
310787163824480257 45
310787381957623809 45
310795191751696384 45
310796445844381696 50
310796760421380096 45
310798865932640257 35
310799222440079361 45
310800677901312000 45
310800988271439873 45
310801311232831488 3
310801806148116480 53
310802015846555648 0
310802116543389696 17
310802686951972864 45
310803626459279361 45
310804125589860354 45
310805794939600896 45
310806071772053504 45
310806080148082688 45
310807439102590976 13
310808001130950657 43
310811666940039170 43
310812187050532865 45
310813483090468864 24
310813495673360384 42
310816075182903297 24
310817278918799361 45
310817899700961280 15
310818667262775298 6
310820013638578176 45
310823448748359680 43
310825084556292097 45
310825206170136577 63
310826321838211072 3
310828062482759680 63
310828200915771392 48
310828951687798785 13
310829194944864258 8
310831258563391488 48
310835452875780096 1
310835507397525504 1
310835633214078976 12
310837235425611777 25
310838946714251264 16
310840133710667776 27
310843203928588289 53
310843904389963778 16
310844613235707904 45
310852645315305473 16
310853643551248384 27
310853702263132160 45
310854805390254080 50
310855539380854784 5
310857095455055875 50
310861507854475264 25
310866218078842880 45
310867233096216576 45
310868373963694081 45
310869267337867264 48
310870806630658049 41
310880134771113984 1
310883888673202177 25
310884069028294656 25
310884865954426880 45
310886396854403073 5
310888074605379586 25
310888200409333760 25
310889035084230656 45
310890427609915392 25
310890805084708864 45
310892147257798657 45
310892159836491778 45
310894236029571073 39
310895494316580864 1
310895662105505792 1
310898363224702976 16
310900032566075392 25
310900640735977472 25
310901106303717376 16
310901450211475456 45
310902435898081280 24
310905279627800577 45
310906567274921984 45
310908236612112384 45
310914280620969985 0
310914511311863808 13
310916042224447489 0
310917275328868352 35
310919326347718657 5
310922753106661376 45
310924065898647552 0
310925164835663872 2
310926259536420865 45
310927740134100994 0
310927769494253568 25
310927920464007168 45
310929854067515392 1
310930252534784001 32
310931062014496769 0
310931527578046465 43
310931540152557568 43
310932341281398784 16
310933209502343168 27
310936791442132992 45
310936829174104064 45
310938309775982593 48
310939790361100288 45
310939895235477504 43
310940738273828864 5
310941589734305793 45
310953090494894080 25
310954789179650048 16
310955217032187904 15
310957028967321601 16
310957611946237953 0
310958979293532163 48
310963337187958785 27
310964658389520384 0
310968928182603776 45
310970056450400257 45
310984627491835904 14
310988347835289600 24
310990424011583488 16
310993498419642368 16
310996702880464896 51
310996807733870592 50
310999647260925952 24
311002180633112576 50
311008639844499457 2
311008849584865281 25
311009625531113472 1
311011118686556161 36
311011936605188096 1
311012494435041280 16
311014746772099073 2
311015774355591168 53
311017020080668672 16
311023915503857665 70
311026285319168000 1
311027845591879680 1
311028151784448000 25
311029871411355648 70
311029972112379904 70
311031393964662784 48
311033688248942593 1
311035055600463872 48
311036309684768768 1
311036926260047872 6
311037182091620352 6
311037211455938561 39
311037739946627075 1
311038394237063169 1
311038926930448384 48
311040113935273984 1
311040394928467968 1
311040470442713088 1
311046870954823681 1
311047026123087872 45
311047948890935296 1
311050712937291777 1
311052138983849984 45
311053967704596480 27
311058937959034880 45
311059466437140481 45
311059944592011265 45
311060020076900352 45
311060892496302080 45
311061601342078976 25
311062364688617472 2
311064042422812672 43
311069063025676288 24
311071260807405568 1
311071533466542080 54
311073366364811264 1
311073458626887680 48
311074322678706176 1
311075253805797376 45
311076189139779584 43
311078496006987776 54
311078810554601472 45
311084162511671297 43
311088029647384577 21
311088797209223168 51
311092362375995394 1
311093037629591552 25
311093041828098050 25
311093104755224577 1
311093939413344257 13
311094123983679489 43
311095638131630080 13
311095893971582976 24
311095923327516673 1
311097756221583360 27
311099467526987777 53
311099677237968896 1
311100436419588098 7
311101392695746560 1
311101501764403200 1
311102554526326784 45
311102919443357696 45
311103292719628288 32
311103556965003265 45
311106803356295169 1
311107973575475203 24
311108380402016256 1
311108422357630976 54
311108812415315969 24
311110439834624001 16
311111907811655681 63
311112989946286080 48
311113107391000576 53
311113988211617793 1
311115544273227778 45
311117725323915265 16
311118132175581187 54
311118224458657792 45
311118337692278784 51
311118643859689472 51
311120267076308993 45
311120610984071168 1
311120925573656576 51
311122372625330177 3
311123127579058176 51
311123639271579649 51
311124436218675200 45
311124788544413696 45
311125455426174978 39
311126940188807168 24
311127099584954368 50
311127309325328384 24
311127464485220352 45
311127590322704384 8
311127925850271746 1
311128034918944769 1
311128253026930688 63
311128374678540288 51
311128395650064387 51
311128404000915458 51
311129318392741889 7
311129448399400960 1
311129570042601472 1
311129792315531264 51
311130459226660864 9
311130471805353986 45
311132434743848961 43
311132728349315072 22
311132946432159744 51
311133885956227073 45
311134099874136065 54
311134699651211264 51
311135106515476480 63
311135341409079297 45
311135614009483264 1
311136679375294464 51
311140689146687488 0
311140752031879168 48
311141070828359682 2
311142148739330048 13
311142492680646656 50
311143289619361793 1
311144292053823488 1
311146468880822274 48
311149182616473601 12
311150046613745664 1
311150407319711746 1
311150520574304256 1
311151342662082564 51
311152248648519680 1
311152257037135873 54
311153091695222786 21
311154450666516480 8
311154891039047680 5
311155016876568576 22
311155184652918784 22
311156325499412482 8
311156388397191168 53
311156707193651200 0
311156732363681792 51
311156799472541696 51
311156891713675265 51
311158087128072192 51
311158451994783744 51
311159295066644480 51
311159555100921856 51
311159651574104067 25
311159907439235072 16
311160201048907777 21
311160469488558081 21
311161392218636288 1
311161794888626176 50
311162017153163264 50
311162403054305281 51
311162851832242176 48
311163011207426048 25
311163174818816001 51
311163237704024064 42
311163631997960192 50
311163770376445952 51
311163770384826368 51
311164651192872961 45
311164957381251072 43
311165099966595073 51
311165720752959489 17
311165804634853377 1
311166186295525376 51
311167285198987265 24
311167771755020289 1
311168845484281856 42
311169457848479744 1
311170762289577984 21
311174050611359744 16
311174189035962368 45
311174704926953472 42
311175883526393856 7
311178211381874688 7
311178920206667777 51
311181562614009856 51
311181587775619072 24
311182284034277376 8
311182976090263554 48
311183861113569280 51
311184028881539072 16
311184330884009984 8
311185614320066560 39
311186348335828993 1
311186855846637568 9
311187182998130689 51
311187623408447489 1
311188042847227904 54
311190492316594176 10
311191255650533377 51
311193654821785600 50
311193763873701888 42
311195059880083456 25
311195089269563392 42
311195248640524288 42
311196083294457856 42
311196087522308096 42
311196334956879872 42
311196343362285568 42
311196368523907072 42
311196465009668097 42
311196557284343808 42
311196615983644672 42
311196783751614466 42
311196859257462786 42
311197102527111168 42
311197429682819073 42
311197622633365505 42
311198016864391169 42
311198432138244096 54
311198629266329600 42
311198729929621504 42
311198813790535680 42
311198973203476480 42
311199170314784769 10
311199300342394882 50
311199346471358464 45
311199652655550465 42
311200160157954048 42
311200558650359809 42
311200671867219969 42
311201271656894465 42
311201414271610880 42
311201460408946688 42
311202014069653504 42
311202458665906176 42
311203242971365376 42
311203305890136064 42
311203406570205184 42
311203482059292672 42
311203620483899392 42
311203733734301696 42
311203779859079168 21
311204283162980352 42
311204283167150081 42
311204283175555072 1
311204396404985857 42
311204492878163968 42
311204845229060096 42
311204979417440256 42
311205050724802561 42
311205172347027457 42
311205549867945986 42
311205767963353088 42
311206208348499968 8
311207022056071169 42
311207047238656000 42
311207147868409856 42
311207185638096897 42
311207651205853184 45
311208217411723264 42
311208280351465473 42
311208913666207745 54
311209651863691264 42
311209765114101761 42
311209815466725376 42
311209815475093504 50
311210469773946881 42
311210599776411648 1
311211002429595648 42
311211451253653505 42
311211522540072960 42
311211690320609281 42
311211732276240384 42
311211862291275777 42
311211958747684864 42
311212055220846593 42
311212260724965376 21
311212428530696192 42
311212487229976577 42
311213753893011456 42
311214273995079682 42
311214290780692481 48
311214945108914176 0
311215737807204352 21
311215876236001280 21
311218019529523200 50
311218518655913984 21
311219202306478080 21
311219248448032769 8
311219344933785600 42
311219374298124288 48
311219617567752192 42
311219860837384192 42
311220284462080000 48
311220473205776384 48
311220506726649856 42
311221257515450368 21
311221530132631552 42
311221685342830592 42
311221945406468097 54
311222830383648770 51
311222922662514689 42
311223581176647680 42
311224336159764481 42
311225208566595585 50
311225229533913089 1
311225313403228160 51
311225439249117184 21
311226596872830976 50
311227708363395072 42
311227980997345280 53
311228769530675200 45
311229277012115457 42
311229792924098561 42
311230103298400256 54
311230279454949378 42
311230300447449089 5
311230497554563072 42
