30394131587006464 3
30394202042925056 11
30396111764066304 5
30398100472336385 3
30400409612853249 13
30401574056493056 2
30402208474333184 11
30404278992510976 2
30404296335958016 0
30404459720871936 0
30405193854091264 11
30405450293846016 9
30406089992310786 2
30406773076664320 7
30406955428216832 8
30407444110778369 0
30407494970900482 11
30407607617323008 3
30408437502312449 15
30408707682607105 4
30409874428919808 1
30410134425436161 7
30410295151169538 12
30410427095588864 11
30410542388609024 7
30410847616499712 11
30411347749507072 7
30411467085844481 5
30412963919699969 7
30414963528962048 2
30416908838772737 2
30417452680609792 13
30418069784367104 2
30418510702186496 4
30419324359417857 3
30419457826357248 12
30419510313877504 16
30419535756533762 1
30420445060669440 7
30421875943284738 0
30422510541479936 14
30422846366814209 1
30423259409289216 16
30423743528439808 15
30424035380699136 13
30424818289475584 8
30424834911510530 4
30424957825589248 0
30425952878075904 14
30427146451165184 0
30428029847080961 9
30428075191701504 2
30428482223734785 0
30429182278246400 14
30429664170213377 3
30429676585353216 6
30429702262886401 12
30430409875521536 4
30430799341817857 2
30431564932325376 2
30431589796151296 11
30432405177245697 1
30433013120634881 2
30433695596814338 7
30436694226378752 2
30437370604036096 11
30438372140908544 7
30439179359879168 9
30439920199798787 7
30440791239299072 11
30440960940834816 7
30441473379934208 9
30442043301953536 8
30444102684254208 0
30447887317995520 3
30448953891749888 2
30450989928554496 4
30452220143079424 11
30453671854612480 3
30455347827183616 2
30456490821156864 12
30458775651487745 2
30459074709557248 7
30460023981215744 2
30461512313208833 11
30463111500664832 11
30463763110957056 2
30464679839006720 13
30467526097895424 2
30467978906574849 12
30468165997690880 2
30468336726839296 14
30470388030906368 8
30471649639796736 2
30472788686929920 1
30472790909915136 4
30473143420190720 11
30473227012673536 12
30473698460827648 11
30475778487488512 9
30477678087770113 8
30478670644649985 2
30480639975227392 1
30481155169984512 10
30481547861688320 2
30483070356295680 11
30483402603888640 7
30483897565319168 2
30484140813975552 11
30484142076465153 12
30485744480944128 9
30486017530142721 2
30486674869846017 2
30488264842412032 0
30489791292252160 6
30490739947343872 7
30491845029011457 6
30494588875571200 3
30494895642775553 4
30496069259370496 8
30497056829210624 1
30497269086158848 1
30497840182591488 11
30499716567408641 2
30500268705583104 2
30502858264674304 11
30505402755981312 11
30505596528623616 3
30506925409968128 8
30507036248641536 13
30509900467544064 1
30510620902162433 2
30511580726697984 11
30512734403567617 5
30513117570015232 7
30514003763535872 11
30514793148321792 7
30515000489541632 8
30515437863178240 8
30515965208829952 3
30516341437890560 5
30517151785820160 9
30517355016622080 8
30517481307111424 9
30517822215954433 0
30519207938494464 14
30519362016247808 5
30519843119702016 4
30521128367689728 9
30521472812318720 5
30521804636295168 2
30522327510818816 14
30522653617954816 11
30522904919674880 1
30522982673686529 10
30523230930345984 3
30523878992252928 8
30524726552043521 3
30525698133196800 3
30526250707591170 8
30526264926281728 12
30526334815965185 14
30526954549547008 11
30527259790020608 2
30527280530857984 14
30527799424983041 3
30530005184286720 8
30533114522505217 8
30534154814750722 11
30536204508209152 8
30536217355358208 14
30536477695807488 8
30538645840596992 0
30538724529938432 2
30543224477065216 0
30544174625333249 3
30544903666663424 2
30545019244912640 3
30545151508094976 3
30545481935360000 2
30546563214348288 2
30547340561481728 2
30548386033696769 0
30548764452200448 7
30550652635582465 2
30550707274776576 1
30550858202615808 7
30551131616706560 13
30554037510213632 3
30555539452723200 7
30558796480774144 7
30561539077439488 0
30562259365269505 10
30562965165965312 0
30563119608635393 0
30564289693614080 2
30564389102813184 0
30565841099563009 4
30565953972477952 2
30566403673165824 4
30567532691726337 7
30567972326080512 14
30569342814916608 13
30570299074289664 7
30571851667210240 7
30572012694933504 10
30573100659638272 2
30573254447988736 2
30573552751087616 4
30574540144775168 2
30575014923210752 6
30576362389504000 1
30579096920526849 1
30579313057202176 2
30581002782908416 8
30581469411803137 12
30581701998546945 0
30582751925112832 1
30583068972548096 6
30583328172154880 13
30585243689811968 2
30586103354359808 0
30587022007603200 5
30587270037774337 3
30587682639847424 5
30587685898817536 0
30588669546987521 11
30589582479196160 5
30589797806379008 4
30589863128473600 2
30590163398696962 7
30591435266854912 4
30592623563509760 4
30592728618246144 4
30595032692035584 9
30595216985559040 4
30595305447628801 2
30595338775568384 11
30595496607219712 4
30596907529146368 3
30596941884686336 4
30597380348837889 11
30597453803683840 11
30597951457853442 13
30598702481539073 0
30598852146888705 0
30599022376919043 11
30599622661505024 10
30600106524807168 11
30600631047688192 4
30601061328756736 4
30601504758964224 4
30601574359236608 4
30601638104272896 8
30604010075455488 11
30604291001556992 2
30604356764049408 4
30605376395157504 8
30606523621187584 9
30607467759013889 4
30608387918004224 13
30608814784905217 4
30609760164249600 4
30610163136208897 4
30610832643596288 9
30612864184098816 4
30612876720869376 2
30612914654154753 16
30614030007664641 3
30614420178608128 2
30614560461291520 4
30614953798930432 12
30615506033577986 5
30615587910586368 8
30615948226465792 14
30616053729988609 0
30617632570875905 5
30617750103658496 0
30618672548544512 11
30618896893476864 12
30619096106143744 4
30619675389853697 8
30619741349478400 4
30620268149866496 4
30620671297986560 0
30621101021204481 1
30621165881917440 3
30621207644610560 11
30623517682704385 8
30623652437295104 9
30623689372340224 8
30625618529878016 0
30625784481714178 4
30626856424177664 1
30628460376363008 0
30631313245470722 0
30631645262385152 2
30632759630241792 8
30633192612438017 8
30633266906136576 8
30633267564650497 8
30633783929606144 2
30633937722155009 3
30634433082036225 11
30635254607773696 0
30635609009684480 2
30635802346131456 2
30635932134670337 2
30636685423280128 7
30636864566206464 0
30636957327425536 0
30637090941181952 11
30637444080607233 3
30638299320160256 8
30638368878497792 11
30638928268632064 14
30640030691098624 0
30640574671355905 0
30641734190895104 5
30642168938889216 2
30642236995674112 2
30642254842433536 2
30642412799922177 2
30642989122461696 4
30643478249603073 11
30643688136773633 9
30644248546119680 0
30644328925757442 6
30644440372617216 11
30645241832800256 2
30646843612336128 7
30646884209000448 0
30647283783565315 0
30647647756881920 0
30647808595857408 0
30648625222656000 4
30648899844706305 11
30649439165087744 7
30649612721197056 7
30650131585966081 14
30650358351007744 0
30650642112450560 2
30650789974245376 3
30651305655533568 13
30651755398168577 5
30651873035821058 3
30652307230162946 0
30652426038022145 13
30652469818163200 12
30652616639782912 0
30652775805231104 8
30653164818534400 3
30654010809651200 9
30655398331551745 1
30655509635792898 1
30655752150458368 5
30655803581009920 11
30656014466416640 11
30656300463427584 2
30656489479737344 1
30657495219306497 0
30658222981386240 3
30658825623179265 4
30658867457167361 2
30659286824648704 4
30660131339378688 8
30661460132634624 4
30661645986430976 0
30661896084398081 6
30662708818870272 8
30662992135725058 11
30663550510825472 11
30665425624760320 4
30665945395503104 7
30666356126912512 13
30667222271660032 5
30667277003137024 7
30667873680625664 4
30667917641129984 10
30668107966062593 9
30668394940334082 3
30670049274499073 0
30670377176801280 4
30670629837479936 2
30671913017671680 10
30672144434204672 2
30672774355746816 3
30673075070566400 0
30674081439285248 11
30674139169693696 4
30674320539787264 0
30675536665649153 9
30676047032754176 2
30676488235782144 2
30677307916029953 5
30678113146896384 13
30678791273586688 3
30679835969851392 0
30679899958153216 4
30680440994009088 4
30681449719930880 9
30681793300537345 17
30681838317993984 8
30681987794608129 4
30682519665909760 11
30682713602129920 9
30682863334596608 0
30683314293571584 2
30684138470121472 2
30684726008221696 3
30685454885986304 2
30685769240682496 7
30685922668322817 2
30686640804462593 12
30686906152914944 2
30687382806200320 11
30687510287876096 4
30687676050968576 0
30688418593767425 9
30690244298801152 2
30690750979121152 3
30690905920905217 4
30691049823272960 2
30692826006159361 2
30692963696779264 7
30692965663899648 9
30693301371797504 0
30693949492432896 2
30693955515457536 0
30694014181179392 2
30694279877754880 2
30694308940087296 2
30694341957656577 2
30694362178392064 2
30694599844429824 4
30694625152864256 2
30694705004027905 2
30695206714089472 2
30696004445544448 2
30696271408799744 4
30696903955976192 0
30697038798651393 11
30697835959689216 5
30698289095507968 5
30698291976998912 6
30698300843761664 2
30700109821902848 2
30700392937426944 5
30700828272631810 6
30701010049572864 15
30701401030000640 9
30702025264074752 9
30702141668589568 9
30702222312472576 9
30702331435683841 10
30704132692123648 1
30704571940605952 2
30705239468277760 3
30705516032303104 2
30707908433940480 15
30708356368834560 2
30708440749842432 4
30709282534072320 2
30710163916718080 2
30710400962007040 9
30710955126034432 0
30711295409917952 5
30711690580463616 4
30711726592753664 9
30712242315988992 2
30713349721292800 0
30714203610284032 13
30714235914813440 8
30714733577379840 2
30714909889138688 5
30715531464019968 4
30717644617285633 15
30717679631343616 11
30717788247035904 11
30718627057500160 0
30719112057458688 3
30719835499397120 5
30720214500900864 13
30721287810711552 15
30722018458468352 8
30722713739862016 4
30723301865168898 1
30723400687165441 10
30723587551797248 8
30723941496520705 2
30724717266599936 4
30724724736655361 13
30725193940865024 11
30725724151218176 4
30725780250038272 1
30726678577676288 4
30726960552345600 9
30727022598692865 15
30727039271047169 11
30727184507211776 15
30727342653444098 9
30727849589608448 10
30728757538988032 0
30728915328696320 0
30730850555400192 3
30730965840035840 13
30731514387898368 5
30731833859645441 6
30732007998754817 2
30733025167806464 2
30733728082825216 2
30733920714629120 2
30734117633007616 0
30738531445903360 1
30738883704524804 1
30739970184450048 4
30740770164051969 16
30740860484194305 2
30741349401624576 14
30741431043760128 6
30741828105928705 2
30742243136503809 14
30742388892762113 2
30743339112341504 6
30744276954517504 15
30745569156665345 13
30746843432357889 2
30747420539224065 3
30747501699010560 6
30747642342408192 14
30749550717173761 4
30749631398805504 6
30751177817722880 5
30752379854917632 5
30752754582421505 14
30752887374090240 6
30753110859186177 2
30753435431206912 11
30754443725115393 5
30754794272464896 8
30755448344805376 2
30755499901198336 3
30755695221547009 6
30756756170743808 11
30757517512417280 10
30758000822063104 3
30759655357546497 11
30759670763233280 0
30760799676923904 1
30761666429849601 2
30762024019431424 7
30762245684207616 10
30763473105321985 4
30764163454214144 6
30764349832306689 6
30764363740618753 5
30764752242221056 6
30765010984636416 15
30765094837166080 2
30765413604265984 15
30766283096072193 15
30766415304728576 7
30767162398347264 2
30767633527742465 6
30768499169169410 6
30768650319306752 15
30768879231832064 0
30769192563113984 6
30769389959651328 3
30769474357432321 15
30769480061685760 15
30769590342520832 9
30769661930905601 6
30769994920890369 6
30770321975939072 6
30770417580904448 6
30771167350493184 6
30771207527735296 14
30771299412353025 6
30771878641532928 2
30772067800449024 15
30772936331755520 2
30773099582464000 6
30773173859393536 11
30773571605241856 8
30773824219783169 2
30774027257647104 1
30775368881283072 5
30775556672851968 3
30775875972632576 8
30775893412548608 10
30776915782533120 7
30777394444902400 15
30777895618088960 6
30778510737940482 6
30779211341893633 11
30779809588051968 6
30780680245870592 15
30783565595680768 2
30784370889461760 4
30784787199303680 3
30784884444237826 6
30786145579180032 8
30786150633308160 6
30786465180942337 2
30786660539043840 2
30786779879575553 4
30786975921340416 15
30787730694733825 6
30788420263481345 13
30788874045235200 15
30789460249550848 2
30789479836950528 6
30790504476053505 9
30792108231098368 2
30792302746148865 11
30792615909662720 6
30793840872923137 6
30793871919157248 2
30794679930851328 8
30794765645651969 11
30794785610530816 6
30795007745069056 5
30795493609050114 0
30795816356544513 15
30796220553236482 6
30796264580849664 10
30797038568341504 3
30798171567292416 1
30798218992287745 12
30798300072378368 6
30799302041280512 7
30799400179597312 7
30799418651316224 1
30799516428935168 6
30799530383380480 14
30799946957455360 8
30800704616538113 2
30800937832415232 8
30800973278478337 15
30801558824296448 4
30802679919804416 5
30802764497948673 13
30803091490086912 13
30804602349690881 4
30804962472632320 3
30805240047472641 2
30806167512948736 6
30806290825478144 6
30809053655470080 0
30809380861517824 15
30809400276946944 2
30809856231342080 10
30810435741556736 2
30810599508152322 11
30810994859053056 6
30811039540969472 13
30811245200277504 5
30811330365628416 2
30811692007034880 4
30812119582638081 15
30812570696818688 6
30812919910375424 15
30813082452238336 11
30814181259218945 12
30814638606123008 0
30814672844234752 0
30814936187801601 13
30815462040272897 6
30815506499899392 11
30817335593926656 2
30818430751875072 2
30820829377855488 6
30821047011905536 0
30821340269252609 6
30821805958635520 1
30821876708147201 8
30824505316220928 11
30825725640577024 6
30826402152452097 3
30826476634902528 6
30826845066764288 0
30827081088638976 6
30828059540062208 6
30828837197578241 6
30829574321348609 3
30829945810845696 7
30831823445561344 10
30832275302129664 14
30835299768602624 6
30836390203756544 15
30837239881670656 4
30837766195515393 0
30838167116447744 2
30838480187686913 2
30838682105683968 1
30841105708744704 2
30841242736660480 6
30841911602315264 9
30843661369475072 0
30844978678734848 2
30845288147066880 3
30846724134150144 2
30846813036617728 6
30848387767083009 3
30848491068588034 15
30848811400175616 7
30850469203025920 6
30853143038267392 6
30853353982394369 1
30853481984172033 1
30855995433426944 11
30856188946022400 1
30859094680145920 1
30859325845020672 9
30861237927542784 4
30862456993615872 1
30862580280983552 14
30863974702518272 8
30866478949466112 4
30867592214220800 13
30868827214446592 2
30869360079806464 12
30869628771115008 6
30873156688285696 4
30877629548597248 12
30879660090855424 5
30880212254199808 15
30881939376316416 7
30882016325009409 7
30882540759810048 6
30883051328241664 1
30883172178726912 2
30884120213065728 4
30885547757019137 7
30886602393788416 11
30887092338827264 0
30887683228172288 5
30888289225408512 11
30888675101384704 13
30889281832615937 4
30889954028552192 12
30889992091860992 0
30893229247303680 5
30894590957461504 4
30897152850919424 0
30897264503296000 4
30898468339847168 15
30899786374709248 2
30899867677102080 6
30900163576864768 2
30900201635979264 10
30900281470357505 15
30901455317630976 0
30901599693963264 1
30901618283126784 1
30901994185039872 4
30902834127966208 2
30906004711415808 2
30906101285261312 10
30906776094244864 9
30907638732554240 5
30907702188179456 11
30908718753255424 4
30909554422194177 5
30909763394994176 1
30909778985222144 11
30909954219053056 0
30911885272424448 7
30912007314083840 12
30914542103957506 6
30915093449416704 15
30917381039591424 15
30918262418046976 2
30918931124322304 10
30919347245416448 2
30920494291099648 0
30922563710357505 1
30922877704339456 3
30922899971899392 0
30924642650689536 3
30925155819593730 0
30925397151449088 1
30926810753540096 2
30928608558059520 8
30929131730378752 3
30930536184684544 7
30931191146221568 2
30932402738044929 15
30933644491100161 6
30933944996200448 1
30937150102966272 11
30940485400928257 1
30941177725329408 0
30941202039701504 7
30943433900171264 15
30944520879210496 2
30945164574859265 0
30947181829562368 2
30947664312934400 6
30949399253229569 4
30950381580189696 2
30950530419261440 0
30950664595046401 9
30950817078968320 3
30951279899451393 8
30952121918558209 2
30953552272687104 4
30953903105249280 2
30954320551747584 0
30955137207898112 16
30955643955318784 0
30958344684445696 1
30958583155793920 8
30958635953692672 2
30959520830197760 2
30960624460636160 1
30960864022503424 0
30964881050046464 8
30965007487336448 2
30965261251117056 0
30965474883801088 6
30965491879120896 0
30965554693021696 4
30965603900588032 4
30965801007714304 4
30965883492900864 4
30965912911745024 4
30965919140290560 4
30965997460520960 4
30966243016052736 4
30966287513423873 4
30966333579468800 11
30966722299170816 0
30967193713774592 4
30967515932790784 0
30967993412354048 15
30968591931154432 13
30968784990773248 4
30969612254318593 1
30969685075828736 4
30970130141810690 2
30972398136205314 4
30972462355189760 4
30973115597062144 2
30973373026668544 4
30973853450637314 0
30974100771966977 11
30974941620862979 4
30975093987344384 10
30975935201157120 4
30976917108690944 6
30978068348669952 4
30978683426570240 4
30979001044439040 4
30979125250363392 4
30979854593691649 8
30980749117095937 4
30981257949085696 1
30981650468835329 0
30982361281728512 6
30982428747108352 11
30982438305927168 13
30982557902307328 0
30983170572685312 9
30983191900721152 0
30984078123601920 1
30984263960633344 13
30984556509138944 9
30984641087283200 2
30985168126746626 5
30986508492087297 10
30986862751387648 4
30986944829718528 9
30986955508424704 9
30987245456461824 3
30987549543497728 13
30987991069491201 15
30988086536052736 15
30988222540554241 15
30991621130555392 0
30991683206250496 6
30993728348880896 6
30994784835346432 9
30994802350751744 3
30995050531913728 0
30995353041895424 14
30996863431745536 7
30996955274420224 15
30997096152694784 11
30997594171768833 0
30997718914568192 6
30998150332289025 6
30998595251478528 3
31000008140529664 12
31000463302205441 0
31000764365152256 4
31000791112220673 15
31001570321633280 1
31002172166504448 2
31003042060963840 2
31004787692535809 0
31006409738948610 0
31006950024028160 11
31007791548207104 9
31007837429698560 4
31008096289558528 0
31008319246172160 2
31009872048824320 0
31009999022981120 8
31010185665323008 15
31010364237815808 4
31010708799885312 8
31011128637128704 8
31011134693711872 15
31011164343238656 4
31011836841164800 2
31012102047006721 15
31012345664765952 13
31012396382298112 8
31012699076825088 9
31012906489348097 11
31013162908123136 9
31013541624414208 4
31013576655249408 11
31013591524057088 11
31013667185098752 11
31013827193606144 11
31013841781395456 11
31013859800129536 9
31013951194013697 11
31014334557589504 15
31014687294357505 4
31014876402950144 0
31014946573647872 4
31015040563814400 15
31015267429523456 8
31015788127191040 11
31016423132233728 0
31017281295224833 9
31017491043975168 9
31017840668573696 2
31018159435681792 1
31018234127843328 8
31018244877852672 8
31018698110148608 4
31018836186628097 6
31019356867526656 9
31019360352993280 8
31019396239466496 8
31019648199688193 9
31019797906989056 11
31020198379130880 8
31021244371435520 9
31021529835765760 15
31021687252193280 3
31021967737884673 0
31022047308021760 0
31023781514321921 11
31023837533446146 9
31023870030913537 8
31024106895843330 0
31024114823077888 8
31024641724125185 7
31025236015058945 0
31025621903609856 10
31025641658785792 0
31025643072258048 1
31025916150816768 0
31026158963265536 0
31026201132802048 15
31026341839114241 0
31026545933942784 9
31027421830447105 15
31028061164019712 9
31028767937789952 0
31029060939288577 11
31029504864423936 0
31030035276111872 8
31030124962914304 0
31030150850158593 9
31030487795367936 0
31030494665637892 4
31030924468559872 4
31031718513213440 8
31031759911002112 8
31032997956288515 9
31034134478458881 8
31034174752169984 10
31034679394045952 6
31035097440329729 4
31035749952397312 9
31036127410388992 1
31037174539354113 15
31037520846262272 8
31037694935040001 0
31037925034565632 0
31038184691335168 8
31038272813662208 7
31038670572093441 16
31039496002736128 9
31039534988795905 4
31039688655507456 1
31040417793310720 0
31041352833695744 7
31041984353280000 15
31042306303852544 16
31042449660973056 9
31042518963453952 0
31042778481819648 12
31043176684851200 9
31043823626878976 0
31044465690939392 0
31045108283482112 8
31045240588603392 4
31045366132514816 8
31045393429037056 8
31046395154669568 8
31046551061139457 8
31046593557831680 6
31046849024499712 7
31048071110467586 9
31048166426025986 15
31048353655558144 0
31049104964452352 0
31050271983411200 8
31051246827737090 4
31051852053221376 0
31052423128686592 0
31052452727885824 8
31052570369728512 11
31052725697384449 5
31052864197496832 9
31053474338709504 15
31053656509911040 0
31055301985697792 8
31055459574087681 0
31055778429276160 1
31055989058830337 12
31056295876362240 1
31056912183205888 0
31057351620431872 17
31057439944089600 0
31058203127062529 4
31058541116657664 2
31058594338181121 13
31059718105468928 2
31059921093009408 7
31061904994603009 7
31062559175999488 15
31063615565987840 1
31065622423011328 8
31066063718322176 5
31066504539676673 1
31067024973103104 12
31067596199563264 12
31068538898747392 3
31068571312324608 0
31068858617954304 9
31069597247475712 7
31070296945459200 11
31071789631143937 1
31072009869852672 14
31072039590690816 15
31072347490361345 7
31072348505374721 7
31072366792544257 6
31072472556118017 8
31072897015480320 15
31073305100296192 2
31073318543032320 10
31074798310268929 4
31075092746215424 9
31075146924036096 8
31075313429516288 8
31076061462659072 8
31076332137881600 8
31076425310142464 9
31078625642029056 0
31079228757770240 9
31079386023198721 0
31080347219263488 9
31081790139531265 14
31082026941554688 5
31082325320138752 1
31082773166956544 7
31083514283692033 9
31083518196977664 4
31083523758620673 5
31084250191101952 9
31084675116048384 17
31085134354583552 9
31086604953059328 17
31086874403540992 9
31087044226711552 4
31087418727735296 16
31087671757512704 5
31087921217937408 15
31087996493111296 6
31088441139666944 4
31088604361003008 9
31090208116056064 8
31090279184343040 2
31091019378335744 2
31091400284049408 13
31091994977632256 2
31092826821369857 8
31094703621414912 0
31094934228439040 8
31095346109095937 4
31095382507266048 8
31096345146163200 12
31097874544599040 0
31098415081332736 4
31098607977369601 8
31099222732316673 5
31099423782084608 2
31099538177531904 15
31100236550119424 9
31100738906099714 2
31101132273098752 12
31101134374436864 2
31101259872215040 9
31101750245068801 0
31102256325599233 9
31104992857300992 8
31105170322489344 4
31105781336121345 8
31106823008288769 0
31107918388535296 9
31108442777198592 8
31109802788659200 15
31110638814109697 8
31110803671224321 2
31111680507256833 8
31111880143540224 2
31112518961201152 15
31113395839180800 0
31114000670400512 4
31114540473122816 9
31115816892112897 7
31115844079587328 4
31116011696553984 15
31116681023586305 15
31116779371630592 0
31117215788965889 4
31117687467802624 2
31118228382031873 5
31118649196544000 11
31119405844795394 9
31119543506046977 2
31119573893775361 3
31120562348625920 11
31121223412883456 9
31122825305657344 13
31123228814483456 0
31124672380674048 14
31124991944687616 2
31125701058895874 9
31125930910949377 7
31128320552738816 11
31128517605326848 15
31129009882402817 15
31129345066012672 9
31129479409569792 15
31130243469152256 3
31130387040174080 1
31131371611103232 0
31131445204357121 15
31131687672881153 6
31132710705565696 13
31133324697141249 5
31135430875291649 15
31135460042477568 15
31137005664468992 16
31139501162102784 10
31139661069942785 2
31140736409796609 12
31143839632728064 2
31144464038764544 2
31144800455495681 2
31147431294926848 0
31147614292418560 2
31147677928394752 3
31147902940217346 9
31149429419413504 14
31150167855996928 1
31150854518087680 12
31152254899724288 0
31153333771177984 8
31155431632019457 4
31155803561926656 5
31156154063134721 11
31156659652927488 15
31157697839628288 9
31160647492304897 11
31160749384540161 13
31160987822333952 15
31162151691358208 9
31162181697413120 15
31164008929173504 15
31164377784651776 11
31167200224092160 15
31167797417484289 11
31168112128692224 7
31168737197424640 14
31171333400305664 12
31173198477266945 2
31175122647785472 2
31175267573571584 0
31175455365144577 4
31175798983491584 15
31176393446391808 15
31178972884635648 1
31180229808488449 11
31180699922866177 5
31182195607470080 0
31183953457057793 10
31185246959439872 2
31185471144992768 0
31185639047172097 6
31186539111260161 5
31187010144182272 12
31187069468413952 2
31187141350400000 3
31188443958611969 0
31191421952204801 15
31192640489783296 5
31193526230323200 12
31193849732796416 2
31193943542603777 9
31196853986926592 0
31198473860685824 2
31198665850753025 11
31198962056695809 5
31199726539902977 3
31200356755046400 12
31201613666320385 7
31201852355772416 14
31203980398821376 7
31204939556454400 8
31205944025161728 0
31206369348558848 5
31206920995999746 3
31206941996875776 9
31206989136666625 16
31207938504790017 9
31208344513417217 8
31209867557470208 15
31210617436119040 0
31210659614031872 12
31211512802574336 7
31211938725761024 8
31213116251447296 2
31214698540048384 1
31214716097400833 2
31216070039699456 12
31216127501672448 15
31218888129650688 7
31219949385023488 5
31220608494739456 3
31220914683121664 12
31221921399963648 12
31222767160401923 0
31222961499283456 2
31223664930193409 2
31225212070535168 3
31226577924653056 17
31227454337056768 0
31228067758215169 3
31228698111770624 11
31228836662214656 0
31230245910618112 11
31230268593414144 2
31230480170876928 0
31234119782367233 9
31235101018820608 15
31235152201912320 15
31235518612119553 2
31237205229830144 0
31239223256293376 1
31239414566879232 9
31240250109984768 2
31240623314964480 3
31241976984641536 11
31243779268677632 5
31244303820918784 8
31244843439095808 1
31246627213676545 3
31247389662646273 1
31247776054517760 4
31249687239467008 5
31249821952118784 1
31249887840436224 12
31254361870958592 12
31255257963044864 12
31256160044589057 1
31256750145409024 13
31259521435308032 8
31260408840986624 3
31260417296695296 3
31260439643947009 3
31260442315726848 3
31260442705793024 3
31260461554999298 3
31260794079416320 1
31261786745339904 11
31263364470538240 9
31263743979552768 15
31263929590091776 13
31264716974194689 2
31265066254864384 12
31265161838858240 15
31265427015335936 0
31268819217424384 8
31269345250246656 2
31269520672825344 3
31271537130602496 1
31273563319173122 0
31274798323601409 2
31275425594347520 0
31276298647113728 15
31276607888957440 15
31280039735595009 9
31280399111950336 13
31280613415723008 2
31283912407785472 15
31283916992155649 15
31284810353741825 9
31284921209200641 0
31285491366100993 15
31286090224635904 7
31286109472292864 15
31287055673729024 7
31289241761746944 9
31290428993052672 8
31290850642235392 9
31291004959072256 9
31292040750829568 9
31293731701260288 0
31295548401131520 2
31296654984355840 9
31296678459875328 9
31299916881993728 13
31299921579610112 0
31300012923166720 0
31300161028235265 13
31301399597817856 9
31303419125825536 9
31303874081984512 0
31304742340661248 7
31306557291503616 2
31312198722658305 15
31313035649875969 2
31313048425725952 1
31314236164542464 1
31315354999324672 0
31315497316257792 3
31315702530965506 11
31316259006054401 3
31318938021265408 15
31319628084936704 9
31319916309127168 2
31324492491923456 13
31324914770255872 8
31329095719591936 2
31330125442191360 0
31330499074981888 17
31330501872586753 13
31331264925540352 4
31331279676903424 4
31331500536369152 1
31331870423650304 4
31338264753340416 15
31340035500408832 9
31340071860834304 4
31340540746268672 9
31340983396335616 0
31343165118087169 10
31343482496880640 9
31345998840209409 4
31347221337219072 0
31347593162268672 15
31348236769820672 4
31352119541891073 1
31352723509092352 1
31354920925929473 9
31355051209396224 8
31359062411055104 12
31359592764014592 4
31360085192089600 8
31361239879778304 2
31362489916592128 17
31363167950999552 1
31363349748912128 2
31365951563763712 8
31366458361520130 2
31367523815395329 15
31367888132636672 16
31368070408708096 15
31368638988558337 5
31370453759033344 12
31370691341193217 0
31371147513692160 13
31372058491359232 1
31372223163932672 1
31372703940214784 2
31373776805437440 2
31375726355685377 5
31377104851435520 5
31377999555207168 4
31378267915161600 0
31378604751331328 0
31379582183538689 8
31380634714775552 12
31381838840733696 3
31381901876920320 2
31382407521239041 0
31382608390660096 8
31382773830782976 10
31384843216486400 5
31386765759614977 4
31387358490267648 9
31387404828934144 8
31387551839293441 13
31389209428234242 0
31389468770435073 8
31389896627195904 1
31393500272529408 11
31394346062315520 8
31394628003434497 9
31394797096800256 8
31395475361890304 3
31395755189075968 0
31396276645924864 2
31396671703220224 8
31396975362445313 0
31397676553605120 2
31397693683142658 1
31398370350206977 15
31398611271024641 4
31399339309932545 0
31400130095616001 12
31402465458917377 8
31405044901355520 8
31406410256355328 8
31407484170145792 0
31408746303332353 1
31409578230943744 8
31409606391500800 8
31410105647894528 8
31411367932067840 5
31413608780931072 10
31413650270986241 6
31414231677009920 15
31414777767010304 0
31414860923277312 8
31415047490117634 0
31415088246169600 10
31415194911506432 12
31416044081913856 8
31416196981067776 10
31417341728260096 5
31418086171082752 0
31418487326908416 8
31418997807259649 8
31419091105357824 9
31420193662042112 1
31421122289336321 15
31421364304875520 14
31424021111246849 8
31424967899873280 9
31424975139250176 8
31425369449963520 16
31425604452614146 4
31426539723689984 8
31426798810046465 8
31426832662265857 14
31427033556848641 12
31427759045611520 9
31428420801925120 5
31428493468237824 8
31428546798813184 0
31431335247609856 2
31431536888782849 14
31432727026733056 0
31432945419952128 14
31433327906922496 2
31433632128172032 15
31434793199599616 4
31435262596747264 8
31437204932788225 5
31437237254094848 18
31437407396040705 15
31441099969003520 0
31442088453210113 1
31442614079197185 4
31442910696177665 10
31443107291598848 8
31447361003720704 1
31448339769724929 9
31449595846336512 12
31450065537073152 1
31450267119525888 9
31450686512173056 9
31452420420665344 4
31452422190665728 12
31452522002513920 12
31452799485087744 2
31453275672805376 15
31455723212775424 3
31455815084802048 12
31456126100836352 0
31456453080383488 10
31456542574252032 5
31456595212767232 0
31457280905973760 4
31457316683386880 4
31457406059810816 4
31458812468658176 15
31459972197908480 13
31461069528502272 0
31464165482692608 1
31464675170328576 9
31464809216090112 4
31467121900789760 15
31467184836317184 1
31467302188748800 10
31467680355586048 9
31467720469905408 4
31468490040803328 2
31468756320391168 8
31469968528769025 13
31471387839303680 0
31471733798076416 17
31473669091893248 9
31473705490063360 10
31476880397836288 9
31477961861373952 4
31481606854152192 5
31482127098839040 7
31484405264424960 9
31485497012396032 5
31488592257744896 0
31491223910879234 9
31492039682039808 2
31492400543178752 2
31493461895020544 4
31494358188425218 11
31494433346158592 4
31495605129838592 4
31496694457704448 19
31498848211828736 2
31501865678016512 5
31503072236670976 15
31503592129040384 3
31506974361260032 4
31507810986496001 1
31508580809052161 2
31508627588120576 12
31508788771037184 4
31523385842335744 12
31524647337988096 4
31527343109443585 12
31528624356069376 6
31528642743894016 15
31528807936565248 1
31532143444230144 9
31533473051185152 6
31533605201121280 4
31535593183772673 12
31536020499468289 5
31537684090462208 7
31539440006463488 7
31540846591479808 1
31541787378065409 13
31542354045308929 16
31546173600829441 4
31546270132740096 0
31547140597620738 13
31548936007196673 0
31549322411646976 4
31549597696393216 2
31549742353747968 8
31553007199985664 2
31553156345233408 1
31554061517979648 19
31555900334407680 15
31557043903012864 9
31559113523597312 2
31559175330856960 4
31559868326350849 5
31562402864570368 9
31562758805782528 4
31562782507802625 0
31563924398669825 2
31565204835794944 12
31568963183845376 4
31569527422586881 4
31570912188825600 9
31574200246341633 4
31574865592979456 13
31575391466426368 4
31577262197317633 4
31579382669639680 13
31580700553519104 0
31582344502575104 10
31582648186961921 15
31585147258146816 7
31585270302253056 0
31587174298165248 0
31587601542545408 2
31587866031165440 0
31588307586519040 2
31588433650515969 1
31588589909315584 0
31589908644626432 9
31590126110904320 5
31590322957975552 5
31590445049970688 14
31591003676737536 0
31591444397424640 2
31591858408787968 15
31592177809227776 3
31592707545636865 1
31593201001299970 3
31594108174737408 0
31594123525881856 0
31594358910226432 0
31594475058892801 4
31595126736289793 12
31595212220399616 4
31596255645798400 13
31599782774439936 12
31600749309861889 0
31609210277990401 14
31609386329710593 14
31610154927521792 4
31612106658816000 4
31613004512493568 4
31615062405808128 3
31615359102492672 3
31617061889249280 10
31617379486142464 2
31619459839954944 0
31622713848107008 5
31622888691867648 12
31627404900311040 0
31627673281232896 4
31628886605299712 4
31629001239830528 14
31629044269191168 4
31629235835637760 4
31629248502435840 4
31629662966784000 4
31631535366995968 4
31632553471377408 4
31632894636068864 4
31633604350058496 3
31634565726470144 3
31636328948965376 5
31636393063096320 15
31637593485484032 8
31638843664891904 2
31639213241794560 4
31639242950053888 0
31640927348981761 8
31642136910757888 2
31643428668313600 4
31643748362362880 4
31644368326631424 4
31647223557128192 4
31647814786228224 10
31648201748520961 4
31648402789896192 8
31648931624525824 4
31650454555328512 1
31650972241502208 4
31651067670302720 4
31652021882851328 4
31652159686705152 2
31653032269709312 4
31653095016497153 4
31653409140514816 3
31653516321759232 4
31653948410560512 4
31654224773251072 4
31654912601358336 2
31655045367861249 4
31655251593404416 7
31655260195921921 7
31655267053604864 7
31655567781011456 4
31656691342770176 13
31657587443245056 3
31657763553677312 4
31657852259016705 4
31658343235854336 4
31658757616308224 4
31659605524226048 4
31660595627425792 6
31661116648067072 16
31661587676798976 4
31662105904021504 6
31663375410798592 4
31664292503756800 4
31664959955927040 3
31665631019405312 9
31665824276156416 4
31666932327383040 4
31668642445791232 3
31668993525813249 5
31669571555430400 8
31669649288470529 4
31670225099300864 19
31672576916856832 4
31672753975197696 4
31672985840517120 13
31673221942091777 4
31673243798609920 4
31673636943306752 4
31673673651855360 4
31673680954138624 4
31673744418152448 4
31673993819856896 4
31673999100477440 4
31674021217046528 4
31674306199035905 4
31674396498202624 4
31674409378910209 4
31674451988848641 4
31674849906659328 11
31675031993982977 4
31675229210152960 4
31675360097599488 4
31675432579375104 4
31675539873857537 4
31677899845148672 4
31677930400645120 7
31678562608091136 4
31679285982920704 4
31679425338679296 14
31679542569472000 4
31679701269348352 8
31679783616118784 4
31680131110010880 4
31681152569835520 4
31681793237188608 12
31682953595584513 13
31683709740519424 8
31684419873935361 4
31684842953375744 1
31685731671875584 13
31686032277639169 4
31686265921343489 3
31686276293853184 7
31688182005235712 14
31688661296742400 2
31689430863450112 10
31689854869835776 3
31689881163931648 5
31690834835415040 4
31691436936138752 14
31692185296441344 4
31692655704412161 3
31693234325426177 8
31694473117306880 3
31694530558296064 7
31694965050449921 0
31695509810839552 14
31695880826396672 3
31696221231915008 4
31697432387526656 2
31699819923767296 11
31700342240444418 16
31700382858092544 5
31702927013838848 1
31703050271850498 4
31707233054101504 7
31708419303931905 0
31709059719634945 4
31711079461552128 8
31711154204053504 0
31715048300744704 12
31715391927484418 16
31716826710802432 7
31717825269731328 10
31718977201774592 17
31719526622040064 3
31720687227895808 8
31720767683043328 15
31721475786416129 16
31722157654417409 10
31724837294571520 13
31724937890762752 15
31726486222274560 0
31726872656084992 15
31728925046476802 1
31729684089675777 1
31729824913424384 5
31730063380582401 0
31730139196817408 10
31730185619378176 5
31730879315316736 3
31731638631137281 13
31732480914489344 2
31735139432144896 16
31735455657500672 12
31735910097756161 5
31736465394241536 3
31736590074118145 16
31737924319969280 4
31737979026280448 3
31740806834425856 13
31744066563604480 17
31744449365155840 3
31745086442184704 16
31745096726609920 16
31745508766646273 2
31746913468424193 8
31747239311314944 9
31749443879440384 16
31749813007548416 3
31751008367419392 1
31751433325903872 16
31752954860011520 1
31753400517398528 14
31754236366688256 4
31757312548937728 2
31759478898561025 16
31760140914925569 16
31760876486795264 10
31762855594303488 5
31763145265520640 0
31763149904412672 0
31763182657740801 16
31763804341673985 2
31764477875585024 19
31765042370187264 17
31767856039329792 13
31768073216204800 0
31769205439205376 1
31769395265019904 13
31769479050432512 4
31769523052875777 8
31770091230076929 1
31771605050855424 8
31773184512495616 0
31774912318283777 8
31776820869206016 16
31776979199991808 2
31777091523444736 13
31777427092938752 9
31777476736716800 9
31777488208142336 16
31777782535028736 3
31778373868978177 0
31778698306781184 2
31780127859802112 0
31780569960415232 3
31781089181704192 8
31781229795745792 7
31781548416049152 8
31783210920706048 4
31785455397638144 10
31786830126911488 0
31787064592699392 3
31787173657190400 12
31787373297668096 13
31789024293167104 3
31789477273804800 9
31789696912723969 10
31790456400510979 12
31791078399025153 2
31792129172840448 2
31793296351174656 2
31793298611904512 3
31793758529921024 4
31795576903303169 12
31795708822552576 12
31800150301081600 12
31801180061433856 2
31802123293294592 0
31803411594739713 3
31803419240960000 12
31803439788855297 3
31803718215139328 3
31804215198224384 12
31806612809187328 3
31807173218537472 2
31807230709866496 8
31807594473459712 12
31808292451786752 7
31809671195009024 3
31810488266399744 3
31810603328741376 16
31811055877365761 9
31811254737702913 12
31811330562334720 9
31811864388177920 7
31812598013894656 0
31814327216377856 5
31816947943346176 3
31816986417700864 12
31817694814670850 5
31818985011945472 5
31820162705399808 10
31820266728329216 5
31821748101976066 3
31821797401821184 8
31824265858777088 16
31824638501724160 3
31824794554994688 12
31824817023885312 5
31825453668900864 2
31826421026398208 16
31827324445917184 16
31828141269848064 4
31830108431982592 3
31831410260058113 7
31836139568500736 13
31836755116171264 12
31837272005419008 0
31838446431510528 8
31839368880590850 1
31839946834714624 16
31840187944280064 12
31841010615058432 6
31841332263649280 12
31841375750193152 4
31841982963777536 4
31842252955324417 12
31844361520025600 16
31844731885457409 2
31845325505306624 8
31845403099926528 2
31845404345630720 12
31845488307208192 8
31845789533736960 12
31846049488310272 6
31847913957105665 12
31849548460597249 0
31849691155013632 2
31849694669840384 12
31849942708391936 12
31851486715576320 2
31852394992115712 12
31853087438143490 15
31853505325047808 7
31853848926621697 3
31854246383058944 3
31856209573187584 1
31857122555723776 12
31858497041735680 13
31858896867954688 16
31859055030964224 3
31861291236724738 10
31861590575816705 8
31861702156877824 1
31862468191977472 8
31864469529305088 5
31865568277569536 12
31865841687470080 4
31866849633243136 0
31868819316146176 8
31869348700229632 10
31870844829442048 2
31871158500458496 6
31872613319970816 10
31872977108738048 12
31873295653539840 2
31875281820061696 8
31876829782478848 10
31877108653367296 13
31878654489264128 2
31879597431726080 4
31879763714904064 7
31880216670380032 7
31881538727575552 3
31882212055973888 5
31882977344491520 7
31883171909869570 3
31883368232656896 7
31883562986766336 4
31883690422308864 0
31884272092585984 7
31885326528020480 7
31885627276394496 8
31885657626378240 3
31885777986129920 4
31885796969545728 12
31885983020482560 3
31886068898861056 1
31887568748417024 7
31888385719144448 9
31888462969839617 7
31889401910923264 0
31890053449908225 11
31890241614782464 7
31891056119255040 9
