314766857880092672 9
314767025664831488 90
314779726000558080 87
314784037757648896 38
314784113250942976 87
314784767558164480 32
314794573853499393 4
314799787381772288 90
314808134038327296 16
314808649946132480 4
314811535610499072 1
314813238493736960 87
314813406249119745 87
314818242310987776 2
314819383136505856 0
314823204164227072 17
314825511010447360 9
314825544577470465 16
314828262478082048 1
314831005565456384 87
314837183762677761 1
314846398669524992 27
314847719866920961 1
314848911053434880 101
314848965579382785 14
314850546811035648 2
314853881320443905 17
314855890383687681 19
314856653738631168 146
314857400337326080 1
314858474074931201 101
314861011612073984 146
314863192645959680 101
314864140588048386 16
314865159791341569 19
314868481684283392 14
314869668651347968 90
314871258288386049 16
314880494175154176 1
314881882468794370 2
314883295940849664 101
314887179870539776 4
314893471347527680 84
314899465012121600 155
314900794593906688 146
314904967918006273 112
314905525747855360 1
314913100690231297 4
314915436888219648 14
314916867150073856 17
314925163479199744 16
314934491632238593 0
314937897407094785 16
314946025972441088 4
314952720090005506 30
314953428902227968 30
314955744174804992 45
314959758119550976 1
314962123707002880 87
314967400145645568 84
314968188653821952 87
314971091145723904 84
314977768439959552 4
314978527625748480 84
314980251505659906 84
314984114430304256 4
314986190602379264 2
314986610066329600 84
314989885784199169 84
314993736193040386 1
314996944802025472 87
315000170230210560 17
315002644886343680 16
315007841612214272 33
315012522472243201 90
315019665350991872 86
315020286128971777 112
315029131911888896 29
315033296830607361 29
315034416743325697 29
315035347866238976 29
315035662439022593 29
315035922469122048 29
315037319197515776 29
315037545681526784 29
315037721825533952 29
315037734433599488 29
315037973504729088 29
315038069956956160 29
315038141272698881 29
315038409703960576 29
315038409716535297 29
315038447473676288 29
315038678156201984 29
315039525372047360 29
315039735099846656 29
315039814816780288 29
315040490095517697 29
315040594936332288 29
315040850788876288 29
315041031164944384 29
315041089847427072 29
315041433813938176 16
315041563816386561 29
315041647702450176 29
315042234913406976 29
315042310427664384 29
315042385891557376 29
315042574643630081 29
315042624971083776 29
315042692096741376 29
315042763387322368 29
315042859881488384 29
315043124097462273 29
315043388330242048 29
315043505791717377 29
315043560317652992 29
315043799367839744 29
315044353045303296 29
315044403364388864 29
315044525015961601 29
315044625662484480 29
315044936057753600 29
315045028303077376 29
315045091226030080 29
315045410005725184 29
315045535830650880 29
315045762323083264 29
315046190142074881 29
315046236266831872 29
315046274032357376 29
315046362121117697 29
315046966071549953 38
315047226143547393 29
315047381324419072 29
315047872066379776 29
315047914009415680 29
315048505410465792 29
315048606052794368 29
315049180659867648 29
315049826620416000 29
315050032111964160 29
315050044686491649 29
315050090828013571 29
315050283791183872 29
315050598368149505 45
315050929705598976 29
315051227509579776 29
315051294601658368 29
315051302998659072 29
315051407856263168 29
315051684667723776 29
315051802133417984 29
315052024427339776 29
315052695503384576 29
315052854907920384 29
315053014262108160 29
315053018456403968 29
315053064610525184 29
315053135905312769 29
315053240754511873 29
315053299478978561 29
315053337215119360 29
315054188679811072 29
315054490673897472 29
315054671033151488 29
315054851396603904 2
315055358869659648 29
315055874802585600 29
315057623798009856 29
315057875460435968 29
315058185868288000 29
315058416538230784 29
315058789822902272 29
315059343487807490 29
315059347686313984 29
315060136207069184 29
315060161360302082 29
315060589196111872 29
315060870222839809 29
315061318996598784 29
315061650350813184 29
315062208168095744 29
315062220755177472 29
315062585663844352 29
315062967349682176 29
315063210636095488 29
315063462264975360 29
315063512613400576 29
315064045298388992 29
315064468914728961 29
315064586372009984 29
315064909329215489 29
315065140007546880 29
315066104689078272 29
315066301808783360 29
315066452824690688 29
315066817708163072 29
315066884825432064 29
315067006451859456 29
315067073577508865 50
315067493028868096 29
315067543331164160 29
315067753050558464 29
315068185084841985 29
315068856144130048 29
315068973597212672 29
315069258814087168 29
315069707604606977 29
315069825049321473 29
315069871178276865 2
315071070736621568 29
315071263703986176 29
315071880254062594 29
315072396166053888 29
315072425530388481 29
315072576512724993 29
315072803000942592 29
315073105007616003 9
315073138541088770 87
315073163719495680 84
315074170323079169 29
315074191319760897 29
315074593956184064 29
315074656891703296 29
315074665288724481 29
315074791084285952 29
315074841411723264 29
315076527534514176 29
315076795961597952 29
315076963763113984 29
315076976316645376 29
315077207011762177 29
315077668372631554 29
315077781635600384 29
315077819388542977 29
315077974581972995 29
315078012305547264 29
315078146531684352 29
315078389818064897 29
315078419178192897 29
315078691820535809 29
315079128028160000 146
315079140611084289 29
315079316734095360 29
315079383863930880 29
315079383872331777 29
315079555813634048 29
315079631344635905 29
315079723581591553 4
315080101089927168 29
315080163983511552 29
315080247894757376 29
315080700879581186 29
315080809944064000 29
315081028035305472 29
315081107718696960 29
315081162244632576 29
315081199989182464 29
315082013696737282 29
315082554757771264 29
315082886111981569 29
315082898699075585 29
315084018557280257 29
315084354097397760 29
315085583028477953 29
315086090547650561 15
315086585479720960 29
315086853910982656 29
315086908432736256 188
315087072006397952 90
315087147520651268 29
315087592121065472 29
315087810212282368 29
315088418403135488 29
315088636498554880 29
315089584407056385 29
315089768952246273 29
315089911583748096 29
315089970299797504 1
315090045780500480 29
315090301637238784 29
315090742051753986 29
315090804970487808 29
315090863657189378 29
315091014673125376 29
315091165659664384 29
315091404730814464 16
315091757060734977 29
315092000338751490 29
315092298134323200 29
315092335874686976 29
315092386185351169 2
315092524609986561 29
315092637860372480 29
315092675630084096 2
315093682254655488 29
315093736772235264 29
315093904552775680 29
315094923764445186 29
315094944740155392 29
315095179621195776 29
315095267697389568 29
315095347389153280 29
315095548724146176 29
315095603229097985 29
315095934566551553 29
315096232366313472 29
315096257544744960 29
315096874099015681 29
315097301918035969 29
315097541001768960 29
315097650053648384 29
315097733943947264 29
315098153357541376 29
315099113878331392 29
315099151622868993 29
315100326019600386 2
315100640579829760 29
315100753859575809 29
315101672382803968 29
315102322495733760 29
315102850994798592 29
315103010386751489 29
315103270416834561 29
315103794704838656 29
315103886996287489 29
315103945716551681 29
315104243516334080 29
315104465797672960 29
315104482562306049 29
315104755208826881 29
315104767774978048 29
315104960729731073 29
315105518559563777 29
315105677934747648 29
315106319671640064 29
315106990781259776 29
315107003334791168 29
315107234021511168 29
315107536049143810 29
315108890788380672 29
315109079527849985 29
315109264094031874 29
315109872255520768 29
315110241350066176 29
315110878871707648 29
315111772266827776 90
315111868765175809 2
315113454212096000 29
315113865245507584 29
315113953300738050 29
315114628583653376 29
315114674750386178 29
315114787963023360 29
315115526164725760 19
315115735900901377 12
315115773624471552 12
315116780274196480 29
315117061300948992 29
315117665284927490 14
315118042755522562 90
315118365737893888 29
315118625755394048 29
315118739026747392 12
315118915187527680 12
315118986473926656 29
315119259120439297 12
315119766614454273 12
315120286733332481 29
315120609665372160 29
315120840360488960 29
315121394021187585 12
315121578557992960 29
315121758896267264 29
315121872167649280 29
315122140582137858 29
315122258035216384 12
315122291581280259 29
315122820080357376 12
315122987865100288 29
315123239498178560 12
315123398881705985 29
315123428262817792 29
315123533091057665 29
315123566679031808 12
315123776360689665 12
315123788956176384 12
315124657172914176 12
315124871082418176 29
315124971733123074 29
315124992742420482 12
315125294711316480 12
315125403784212480 29
315125772870369281 29
315125793820905474 29
315125806412226560 29
315125986763083777 12
315126171320868865 29
315126687232847873 112
315126951444619268 12
315127215698358272 12
315127463166476288 12
315128536891527170 29
315128872444239872 12
315128943764193281 29
315129124106682368 29
315129279295942656 29
315129308677042176 12
315129862320963587 12
315129925227122689 12
315130072023568385 29
315130164294086656 29
315130231415508993 12
315130357240451072 12
315130499850973185 7
315131091247833088 12
315131137368408064 12
315131233854177281 29
315131389047615489 29
315132336968724480 12
315133033223176192 29
315133477798440961 29
315133725249765376 29
315133737866260481 29
315134782243745792 29
315135000334958592 12
315135822418554880 12
315135868555902976 29
315136023753523202 12
315136166364065793 29
315136183107739648 29
315136346706546688 12
315137156219822080 12
315137240072327168 9
315137382712238080 29
315137944723800064 12
315138288665112578 29
315138359968284672 12
315138473218670592 29
315138838135721985 29
315138880066179074 12
315138896835014657 12
315139085566083072 146
315139505025847297 29
315140138365747202 12
315140205445267458 29
315140423553269760 12
315141090451795968 15
315141132394823680 12
315141241476104192 188
315141577020424192 12
315141585379655680 29
315141740598272000 12
315142822728712192 4
315143166623899648 29
315143296672464897 12
315143518970597376 12
315143527338221568 4
315143929999806465 29
315143942607884289 29
315144768864788480 29
315144978567409665 29
315144986968588288 29
315145196671213568 12
315145305723125761 12
315145532219723776 29
315146186547949568 29
315146647925579776 29
315146698240454656 4
315146803123208192 29
315147109273858048 29
315147168023453697 29
315147243516751872 12
315147587449663489 12
315147830710915072 29
315148434694864896 12
315149466468487168 29
315149634244849664 29
315149818815184896 4
315149885932441601 29
315150028509429760 1
315151999836491778 29
315152075338178563 1
315152406709166082 29
315152448635424768 29
315152503161356290 12
315153207804428288 30
315154264790024192 12
315154671608147969 2
315155074282303488 29
315155183330025472 9
315155363697659904 12
315155401429630976 29
315155585983201280 4
315155783102898177 29
315155866993164288 29
315156324184895488 29
315157335016357888 29
315157435654483968 29
315157825724768256 12
315158131929907201 12
315159235031867392 29
315160099066896384 4
315161239900790784 38
315161848079081472 29
315162288472588288 29
315162330398871554 12
315162456227987456 29
315163035067092992 12
315163915870945280 29
315164280771182593 29
315164347875880961 208
315164796670595073 29
315167069970767872 29
315167397122297857 29
315167560700162048 29
315168126960533504 5
315168810619506688 16
315169464922562562 29
315169737577492480 12
315170207339528192 29
315170282828599297 12
315170295382171648 4
315170618347753472 29
315170995860291584 29
315171151045328896 12
315171436241244161 12
315172610650562561 12
315173214626140160 29
315173600506306561 12
315173910884798464 12
315175362118160385 12
315175458582982658 29
315176255513321473 29
315176498787147776 12
315176553321488385 2
315176750416031745 29
315177522205716480 29
315178960814223360 29
315181095719149568 12
315181531956117504 4
315181682917523456 29
315182593110851584 29
315182819582296065 29
315184002405376000 155
315184052703477760 1
315184698622087168 29
315185831100952576 29
315185990488694784 29
315186250543939584 29
315186837746491392 32
315186862903930880 29
315189576631201792 12
315190298051481604 29
315191371797508096 29
315191547937296385 29
315193250841513984 9
315194538463469568 12
315194626539659264 29
315195054396436480 45
315195243127517184 2
315195817742987264 32
315196719522512896 29
315196841140555776 29
315197168317263872 16
315197466087677952 29
315197487080173568 29
315197587722493952 1
315198946681176065 29
315200301445545984 29
315200582455537664 12
315200817344958464 29
315204361527652352 29
315205158474768384 155
315205749854834688 29
315207314309271552 12
315207733739655169 29
315208627159977987 29
315208648123101184 29
315209906422706176 29
315210120332206080 29
315212251021844480 146
315214444638638080 29
315214872445083648 29
315215036043894785 2
315217263210942464 29
315217540043378689 29
315217640698281984 27
315219817537871872 29
315220354417172480 29
315220589285609472 12
315220689953124352 29
315221478490656768 29
315221751141396480 29
315221839184011265 29
315223521104101376 29
315228722041061377 4
315231628718919681 29
315231926489325569 87
315232446587228163 12
315232727597195265 29
315233163838377984 38
315235030278492163 16
315235328082448384 29
315235672011190275 29
315235797844516864 2
315237337166643200 29
315237370729492481 29
315237790147305472 29
315237903372529665 12
315238431871606784 29
315239379771723776 29
315239945994387457 5
315241145582096385 29
315243364377313280 29
315243930620948480 29
315244584923979777 12
315244765283229697 12
315245029507620865 63
315247252509687808 189
315248573711261696 1
315248858902953984 12
315249051840942080 29
315249689400320002 29
315250054283792384 84
315250733752676355 29
315251488752562177 29
315252684116590592 12
315252931580551168 29
315253791412846593 87
315254105973067776 38
315255360074170368 29
315258472268701696 29
315260166763315201 29
315262863709184000 12
315263396348051456 101
315263878726553600 29
315264998605746176 12
315266344956354560 188
315266365936238592 29
315266919601168384 29
315270400860880896 2
315271491375755264 14
315273244599009281 29
315273957618089985 29
315274435756179457 29
315275018785398785 84
315275559846440962 1
315280349737390082 29
315280634937495553 12
315280915985223681 27
315281071145099265 29
315282224616464388 12
315283889750949889 12
315284359504605186 29
315291124925337601 29
315295856096071681 4
315296153895854082 12
315299463184916480 29
315303502316441601 113
315304391479525376 29
315304789934215168 29
315306211807481857 29
315307709203353600 85
315308434788610048 12
315313946104053761 29
315314927566995456 188
315318199149268992 29
315321974006087680 16
315322326336016384 29
315324217971318786 113
315334267511115776 29
315335160910454784 113
315335869764599808 188
315338348594098179 113
315342983279046656 29
315344644231798784 16
315344874910130176 29
315351950709374976 29
315352403690012672 29
315353246753488897 29
315356442808954880 29
315356493123821569 29
315359219450798080 29
315359508845166592 17
315363476669349889 2
315364525220171776 12
315369654858170368 29
315371252913160193 29
315374033711546368 29
315377565328093184 12
315381235335704576 29
315381344400195585 29
315382686560681984 29
315382820786814976 29
315386847297667072 16
315387677790842880 29
315392975213584385 12
315393226846662656 2
315393507865026560 2
315393927316402177 12
315394183152148480 29
315394640339685377 29
315396519396249601 29
315398562013929472 5
315400042615824384 12
315400046772371456 12
315400197775704064 12
315400516572168192 12
315401867112886275 12
315404325000208384 146
315404719239622656 29
315405482598748161 29
315407470707228673 12
315408536064638976 29
315409597219348480 29
315410612257705984 29
315414387114512386 188
315414517125349376 2
315414584259379200 2
315417109226205184 29
315417851622223872 29
315418904400912384 12
315418908570050560 2
315419168616878080 29
315423153193111552 29
315423593607614464 12
315425703338328064 29
315427045540757505 12
315427636912459776 84
315428781965836289 29
315429528539389952 29
315430380012445697 29
315430732317224960 29
315431671862263809 12
315433206939787265 29
315433693500043264 4
315434750443651072 12
315437464187719682 16
315439380963680256 17
315441524278173698 12
315444565123411968 29
315446158971510784 29
315448637817765888 12
315449069818499072 29
315449610879516672 17
315450621723541504 84
315450776896016384 32
315451720618622980 29
315451917759287296 90
315453654188584962 12
315455587762712577 5
315455642271879168 5
315456279810306048 5
315458242740363264 29
315458494423769088 12
315458553127260160 12
315458750255337472 12
315461732434837504 12
315462822937124866 29
315463070413635584 84
315463754076798976 101
315463791838105600 29
315466543272169472 88
315467617039163394 29
315468783055671296 29
315469156344541185 12
315469361865449473 90
315470829867630593 12
315471555473846273 155
315472176247615488 29
315472952202248194 12
315473023476056064 29
315476945162891264 188
315477049999503362 29
315479201690042368 12
315479298179989505 188
315479512085299200 29
315481475006992386 0
315486982111371266 9
315490996064514048 12
315491075789824000 86
315491931415277568 4
315492673794494465 84
315493248405741568 17
315493521052291074 4
315493596553957376 12
315494397653446656 29
315494548635795456 29
315495932768702464 22
315500710101938176 12
315503432201031680 12
315505839710539776 12
315507211264737282 12
315509484581695489 2
315513028756004864 12
315513540448493571 29
315514500969271297 29
315514689717153792 32
315518967903051777 146
315523120259796993 29
315525682966962177 29
315527130010247168 14
315527952077029376 29
315529768206491651 12
315530242196393984 1
315531978625646592 9
315537825485422592 12
315542586012090370 12
315543412298350592 12
315543731061272576 12
315543835906289665 12
315544716739497984 84
315547283640950784 29
315549343044235264 17
315551528259833856 12
315553667371630592 12
315553692524883968 5
315554103579250689 5
315556313981657090 5
315556808884363264 5
315557698097790976 12
315558134288642048 29
315559052870578176 4
315559459713855488 84
315561376502382592 12
315562060161372160 15
315564723565379584 155
315565340107079681 29
315566007026593792 12
315567642788380675 90
315571249873031168 29
315576459207000065 12
315576924766343168 101
315577050603868162 87
315577516175785984 84
315579693006999552 30
315580460589785088 101
315581060387835904 12
315582423507283968 29
315582805197332480 12
315583115592613890 84
315585107866050561 15
315585971905261568 15
315586739437719554 12
315587737686253569 15
315589058900418560 155
315589151166705665 15
315589595758743552 29
315590631768592384 29
315592175259906048 29
315593819431243776 12
315594335360016386 15
315603692827066368 15
315605949387776000 29
315610001085444097 112
315617026540437505 155
315618163163271168 15
315618960110395392 15
315619329179799553 15
315620054794371072 29
315621552165101571 1
315621552190259200 1
315621560570490880 4
315623305384189952 15
315623473173102593 15
315623846449410048 15
315625058632609792 29
315629311635890176 15
315635271750258688 86
315640099406766080 30
315651092660760577 12
315657023419215875 4
315657602228969472 2
315658638226235393 32
315660877971988480 2
315661863616667648 188
315664917082550272 15
315665269429256192 33
315666414461665281 15
315667257520967680 188
315669358842109953 38
315670428414799873 12
315671095300726784 17
315671246299869184 9
315674463339429890 12
315675805495730176 17
315679056102309888 101
315683065827561472 2
315683741110530048 112
315684261220982785 113
315699662688493568 85
315699964682567681 29
315703177540403200 84
315713608778653696 84
315716427355144192 29
315717018718457858 87
315718704853827584 32
315719266861187072 29
315719581438197761 29
315722307765157889 12
315727101842046979 84
315732042727976960 29
315732483134083072 29
315735083594158080 1
315735142339592194 1
315735792444125184 190
315735796646817792 1
315742230675607553 87
315742318768553984 29
315746890555736064 29
315748236948279297 190
315750950646185985 190
315751428801048576 29
315752724836798464 190
315752750002601984 190
315752938758864896 2
315757514723581953 190
315758756258533376 190
315762736636243968 188
315763244168003585 86
315763906851250176 191
315764255003652096 12
315767920787587072 190
315768558326005761 9
315770617754443776 15
315778691798028288 146
315781464232980480 190
315781837509255170 190
315783074824716290 12
315784937087328256 84
315787604656287744 190
315787868897431553 190
315791207601168384 190
315793103388815360 12
315793313141760000 27
315797503234670592 2
315799101247733760 29
315799445197434880 190
315805946356043778 190
315807179481432064 29
315807275971395585 190
315807405969649664 190
315807674400911362 190
315807842189836288 190
315808093869068288 12
315808223863111680 29
315812074234200066 190
315813022151102464 9
315816339845570560 4
315818579624882177 190
315818768364347392 12
315819565252755456 190
315819707892629505 190
315824892052393984 190
315825529578221568 190
315825558938345472 5
315827354087862273 190
315827517690875905 90
315828348146286592 29
315829614826123265 1
315830394954067970 87
315834861908807680 12
315835486834925569 190
315837416218951681 190
315838020202950656 17
315838171189489665 5
315843812549337089 190
315849281913364480 190
315851530068709377 12
315852394103705600 29
315853023240912896 29
315853224542343169 190
315855330091356160 190
315859931247042561 190
315860329693327361 190
315860472299671552 12
315861474742509568 190
315862422663598080 29
315869511049940992 84
315874229629378560 190
315875924149145601 190
315876125463175168 17
315876138033504257 12
315879124394725377 17
315879464129155072 190
315879489303359488 190
315879963238735872 84
315882207195582465 90
315884652470607872 84
315885591994707969 38
315889744359854080 190
315890604217352192 190
315892059632443393 190
315892453901230081 16
315892948824887296 190
315897495433646080 29
315898938278420481 38
315901207401086978 190
315902029476294656 190
315903988203679745 9
315904403469123584 86
315906676756717568 29
315907826000203777 190
315908006376271873 90
315908211905531905 15
315908731999248384 2
315909440824033280 5
315910682338021377 190
315912158737203200 12
315914935366471680 84
315915887469293568 38
315916516610691073 45
315917103821639680 2
315918836069195776 15
315919087719026688 190
315919909811019776 190
315921134543577089 2
315922174714183680 190
315923277824532481 190
315925144273035264 12
315926343864946688 15
315927044305342465 15
315927245627740161 15
315927367287709696 15
315928516501831680 15
315930907250946050 29
315931171525623808 15
315938188558471169 2
315939828543926272 12
315941657268862976 29
315949387350175744 2
315950066831601664 38
315951195132948480 17
315954294698409984 90
315955712373170177 32
315960804283396097 4
315961655693553664 29
315962414866784256 84
315962427449683968 33
315963794784403456 16
315964793041350658 90
315968777642725377 29
315969482277412865 14
315970430185910273 9
315971558453686272 2
315972175024750592 30
315973013877170176 2
315973060022915072 15
315977002647691266 12
315977032028794882 29
315977212400660480 2
315978206429732864 17
315980790108413953 15
315981939381252096 146
315982509806583808 90
315986544701882369 101
315990743191789569 101
316014919164235780 84
316016651407618049 30
316024519947059203 101
316030375195455488 1
316035668402909185 101
316055427781636096 15
316057856279449600 9
316059227808493569 29
316063266898071553 29
316066119037358080 17
316067016622608384 101
316069583557652480 15
316070963466883072 29
316071936553795584 146
316076822922141696 84
316076890005856256 15
316078282527346688 84
316082279678087168 84
316086121664761856 29
316090093699993600 189
316093545582825472 29
316097907667378179 146
316101820944625665 146
316102106169896960 146
316102282330664960 2
316114034791428096 4
316118052930478080 146
316120997302525952 12
316135790621118464 15
316145961820905472 12
316156749545607168 155
316158880277200896 12
316160268570877952 12
316163003252891648 87
316163775042551808 28
316165310145245185 2
316171261871022081 12
316171777774608384 15
316171857445388288 146
316179184915460097 84
316183337276416002 9
316186378146820096 84
316187732873469952 112
316190018785931264 90
316191772021772288 2
316192929628708865 32
316193659437596672 27
316197451096784898 38
316200764605333504 16
316202610090708992 15
316203520246296576 15
316203948077891584 15
316205760025612288 90
316207311892905985 191
316208452756189186 2
316211371995959297 4
316212303135649793 27
316212441514127362 17
316212923896823808 4
316218481332846593 12
316220482011668480 15
316223485129142272 16
316223652926464000 15
316225225773703168 17
316230208585871361 9
316233186571063296 27
316233727640489985 17
316239926817607683 2
316242812486184961 15
316243210953424896 15
316243596833591296 15
316245400384331776 15
316245652013187072 15
316245681390116864 15
316245685596979200 15
316246021132931072 15
316246683816173568 15
316246683845550080 15
316247610761547777 15
316247686259040257 2
316248562872770561 15
316248583844290560 146
316248625791500288 15
316249301070249984 5
316249779216728064 15
316250349667225600 12
316250794242478081 15
316251511485251584 15
316252283207835650 15
316252937536036864 87
316254678172196864 15
316255059862241280 15
316255231841275905 15
316255697375490048 15
316255961620819969 15
316256058094018560 15
316256548823384064 15
316257211552776192 27
316257509344153601 15
316257916158111744 15
316258188796235776 90
316258633421844480 15
316258780209897473 15
316258788577517568 15
316259111559897088 15
316259241574924288 15
316259782627577856 15
316260038501093376 87
316260252402216960 15
316260323717959680 15
316260801839263747 15
316262689305411584 15
316264065020338178 15
316265440743673856 84
316266778751807489 15
316267420463538178 15
316267726647726080 50
316267915378827264 15
316268875899609089 15
316269282742923267 15
316269303693463552 15
316269437940539393 15
316269446303989760 146
316269718967287808 15
316269840597909504 15
316270033506553858 15
316270960460316672 15
316271040139497472 15
316272424276598785 15
316272642359427072 15
316272910803279872 15
316273607070326784 87
316274907300392960 12
316274928280301570 15
316274945061683200 8
316275649700577280 15
316277465817427969 15
316277654577885185 15
316278149509963777 15
316279357469491202 15
316279395197259777 15
316282410918633472 15
316286072546013186 87
316288186454249473 15
316290161971453952 15
316292485615869953 15
316295354524004352 15
316298357649833984 86
316299196527431680 15
316299477533208576 15
316300823888027648 15
316301742461550592 15
316302606484004864 38
316302849766199296 84
316309367723016192 8
316309652935700480 15
316310051369402368 15
316310684709298177 1
316310948950450176 84
316311515185684481 15
316311922028982272 15
316317261390557185 146
316317286564761601 15
316318121201905664 15
316321875108192257 1
316322634281394176 15
316327898153877504 15
316328929952681984 15
316329852678586368 15
316330645393653761 15
316332008567627776 15
316334441234591745 15
316336106385854464 5
316337645712195585 38
316337784120033280 15
316339788993163264 84
316341449933328385 15
316344205603655680 4
316344838947737600 15
316350111166906368 12
316351222644867072 63
316353311441842177 188
316355022709481473 2
316358839505149952 63
316359170876125184 63
316359862915325952 63
316360026505760768 90
316364208243617792 87
316373855142817792 63
316375708991639552 86
316375973262147584 15
316382537318535170 90
316385083282034688 15
316390795903111169 38
316391504757264384 1
316391534121598976 15
316393056666546178 86
316393379594383361 15
316393937449394178 17
316397339029954560 112
316405417276239872 2
316406566523924480 15
316407468299255809 15
316408655249547264 2
316410538492051457 2
316414971904933888 0
316416020464140288 188
316417366818947073 15
316419094909952000 15
316421871530811392 188
316422395810426880 15
316426107786260480 15
316430172041650177 146
316430847337185280 2
316432881578811392 15
316435666592489472 15
316437554041860096 63
316442348101988352 146
316448803144224768 15
316449260323360768 84
316450208240267264 188
316452569625030656 15
316454784221712384 15
316455811834601473 146
316462728229310464 112
316468998709592064 15
316472605815230464 15
316475374047481856 15
316477806756376576 112
316478851142266880 2
316486090494205953 146
316486392509259776 15
316499948499763200 12
316501051597524992 155
316502028866158593 9
316508093846523904 15
316512510431870976 87
316515593249488896 9
316516155269472256 9
316516213998108674 9
316523931534229505 87
316524149642260480 17
316525626037252096 17
316525797982756865 84
316528977286160384 15
316529442845495296 15
316529937781768192 9
316531250569572354 188
316532651458711553 90
316536216633888770 90
316538074710540288 9
316538821284093953 15
316541241401700353 4
316541253976215552 4
316541941854662657 15
316543187575529472 146
316545590903308288 146
316545670590894080 87
316547297980858368 9
316550775054688256 16
316553530724999168 2
316553698501353473 86
316555632062910464 86
316557699867353089 155
316557741818789889 86
316558144450985985 87
316565434172338176 17
316566575010426880 86
316568932226052097 15
316576825897791489 2
316578306461929473 8
316579736732184576 15
316580076466618368 146
316580831441330176 15
316583415140982784 45
316584933462265856 87
316586586047393794 90
316586686710693889 146
316587303248220162 38
316594613920092161 15
316595616354557953 86
316599621914857472 84
316599747752382465 16
316600095883796480 9
316601308037644288 84
316608132161884160 112
316608421568847872 15
316610925559963648 86
316611089171374080 15
316611252745027584 87
316611273720750080 15
316612532016132097 9
316615694496194560 4
316616025833619456 84
316619066708217856 188
316619964310237185 30
316620664750628864 188
316624410251509760 15
316630571692478464 38
316638205313163264 188
316638306005835776 15
316643485967060993 9
316646749123002368 2
316650226217803776 45
316653359358697472 90
316655682977923073 15
316656064697356288 45
316657394258165760 2
316658933563539456 4
316659537547522048 2
316661638902210560 112
316663949972103168 15
316664998548103168 15
316673743655149570 1
316675144582049793 1
316675408806424577 1
316676344123633664 9
316682597864456193 84
316682669142441985 63
316686473401364481 84
316687685530042368 2
316689237435109378 2
316697839956791296 30
316702814409736192 155
316703372252176384 4
316707855950544896 63
316711261700255744 15
316715636388659201 32
316716655596167168 0
316718433972654082 87
316724968698310656 84
316728361894424576 14
316728542257889282 27
316732392607997953 101
316734552703918080 63
316734930182881281 36
316741670442004481 87
316741678801244161 87
316748100276465664 16
316748800737824768 15
316749446652239872 84
316749983514771457 87
316751392817680384 63
316756417606459392 15
316756870599675904 7
316757751386759168 2
316764978155765760 4
316769143124807682 2
316780509697040384 2
316816056415027200 146
316816735888093184 188
316825925582995456 86
316828098257641472 146
316828450562387968 146
316834674905329664 15
316835308270415872 15
316843323555983361 33
316848046346498048 2
316849539539685377 15
316852525863149568 146
316854610444824576 86
316862827069571072 2
316867604394422272 87
316871203132428289 16
316873161872379904 15
316875980427911169 2
316876274024996864 86
316881521082499072 2
316886097068171265 90
316894422799368193 87
316895421014351872 86
316900206706839553 16
316901502780325889 1
316903998374416384 87
316904791081095169 15
316914156974522368 9
316915209753202688 15
316915520110735361 15
316915658556317696 15
316917705368293376 86
316919827669348353 2
316921576719265794 33
316926358192287744 16
316928212095619072 9
316935409538048001 2
316936097370345472 32
316936223195291649 45
316939712868802560 4
316940178436550657 90
316940610475012096 4
316941394784690176 2
316943470977748992 84
316944003633397761 45
316944897049522176 84
316946805424271360 38
316947422012125184 84
316948399272386561 84
316951456936775680 38
316952580985090048 146
316953654739496960 188
316955898704711680 155
316960122356240384 1
316966875189874688 15
316967055540768772 90
316967596614369280 63
316971363095154689 2
316973984539361280 90
316977335763087360 38
316978338222706688 2
316983031657279488 84
316984256373071872 2
316984394806087681 16
316984638054727681 38
316987402130452481 38
316996415681355776 84
316996969321082880 2
316997652984233984 2
316997887869464578 2
316997896279048192 90
316998051438919680 2
317000681296916480 90
317002858123915264 1
317003663417679872 112
317008205878267905 84
317009736778280961 38
317009891971719168 16
317009959093141504 84
317013847212978176 2
317016233767739394 84
317016594469486592 14
317017307513757696 84
317017861128351744 5
317019018777202689 84
317022554579685377 2
317022864937209856 84
317026660807479297 2
317030175604871168 1
317032105014083584 2
317036785861550080 84
317037507260866560 38
317038350315962368 2
317038828483407872 9
317040158077747200 63
317041286337142784 38
317041470899122178 84
317041676403220480 112
317043077317541889 16
317044293648908289 155
317056171909459968 84
317057346335555584 2
317062287234068480 30
317064329830727682 84
317065114173988865 4
317065982411681793 45
317066154348797952 2
317067639165964288 84
317068595450482688 2
317070575149383681 90
317077512540786689 45
317079962022711296 33
317080041689346048 2
317086874239897600 33
317087482384642048 112
317091529900580864 63
317092389753872384 84
317094713364713472 84
317099377430757377 90
317103357833658369 2
317113680003227648 2
317115148034781186 2
317115273868111872 84
317115663917395968 84
317115852661075969 2
317117316489945088 16
317118239236845569 84
317122395796283392 84
317122404184903680 84
317125512134791171 33
317126422328131584 38
317126682349821952 17
317126954992144384 15
317127772898226176 84
317150422127218688 84
317151202259369984 33
317155333669810179 84
317159033016561664 45
317159150452895744 33
317161847398735872 33
317169120342843392 84
317169560715407360 84
317171561415180289 33
317175785087696897 84
317175982199029760 84
317178150662586368 84
317178813383581696 2
317179723534974977 2
317180818252517376 189
317181363507847169 84
317212195853324288 84
317213689021337601 84
317213877744050176 33
317213890331160576 33
317214871789899777 84
317217983992844288 84
317219745575342080 84
317221796606799872 84
317226435494428672 84
317226699739766784 84
317226724905586688 84
317227366642491392 84
317228415197519872 84
317243778958245888 30
317246089994571776 16
317247302140039170 112
317255392960864256 33
317256798052700160 2
317256877773840384 112
317257444004864000 4
317259348202106880 189
317261504065974273 33
317262175162990592 2
317265266348285953 112
317266902131032064 33
317269842354909185 2
317271851434905600 2
317275399782535168 146
317283272507936769 84
317284274942386177 33
317284606317568000 33
317288444105728000 2
317288624448225281 2
317292109889679361 38
317298074215120897 32
317301001835147266 2
317301375144972289 5
317301761016733696 33
317302604071837696 84
317305917551042561 90
317310443209244672 33
317317716136587264 155
317321453274013698 38
317321981752131585 17
317322229195083776 2
317324263445118976 33
317327044247707648 33
317327283360768000 33
317331309884239874 32
317331448287870978 17
317331771266048000 2
317334048768929793 33
317336800223965185 33
317337039286714368 2
317338402435502080 14
317339346149707776 33
317347550212550656 84
317347621507317761 155
317349584454180865 33
317351056642289664 33
317354730848395264 33
317357687832723456 33
317359436857487360 84
317362314179383297 33
317364310647123970 191
317367498322345985 2
317368467214970881 33
317369402523799552 2
317374054011125762 33
317377292047376387 155
317384195842387968 4
317389224808693762 84
317392764797067264 84
317399832232857600 2
317401484792844289 2
317403401577172993 1
317403971998330880 16
317406450823614464 146
317408501834076160 84
317420958921142272 16
317421797794529280 17
317430203162980352 13
317433185329876993 112
317433931928580097 15
317438558241705984 113
317441259360894977 2
317442161119490048 4
317443469763280896 84
317443608187904000 112
317445231370989568 15
317447097832054784 2
317454651786162176 63
317454895022215170 84
317456111387160577 112
317456740532776960 1
317467729609256961 63
317478269878431744 2
317493746889547776 17
317498465456369664 4
317505599963275264 27
317507957170515968 4
317509009957609472 4
317514961662390273 90
317522402378674176 4
317528987419152385 4
317529260048908288 146
317532154131271680 30
317532682584215553 188
317540014244380673 88
317540182033309696 188
317541750703022080 155
317553666687135745 2
317558460776599552 146
317579650429751298 2
317580669616271360 84
317593386746007553 15
317601544692432896 2
317606758187143168 4
317611673936596994 14
317620255470002179 90
317627536794333184 4
317636130919047170 4
317637166907944961 189
317640690119106560 4
317642959258517504 4
317643449966936065 188
317645794595446784 188
317653478572978177 4
317663221907591169 16
317663645561679872 90
317666296370167808 17
317668863280037889 155
317680200462786561 146
317683362963787778 4
317687754391683072 146
317687926391705600 146
317692829512134658 4
317693752254808066 4
317693970354405377 146
317698252747186177 4
317698630226153473 4
317706834280579072 146
317707954168152065 188
317709854200442880 16
317711766815653888 188
317712270098579457 188
317714337923997697 188
317717303292743680 84
317720683910144001 188
317723330503405568 4
317728460141363201 17
317734256669511681 146
317738534867976192 84
317740518761185281 188
317748001412096002 16
317748445983174656 146
317751184888827905 63
317751377801654272 155
317754771010367488 84
317755819557019648 155
317763239284981760 188
317772064125763584 4
317773674709131265 188
317780943454760960 2
317785901122088960 4
317790259016511488 2
317790623895789569 155
317792633000980481 188
317792851100590080 17
317793182421221376 188
317799863968464897 4
317804137964249091 189
317806264472195072 4
317811557671251970 16
317815114470412288 4
317819413615214592 188
317820353143508992 84
317825117868679168 84
317825398866075650 84
317827286319628291 84
317831140901789697 4
317843388235911168 15
317843946107723777 19
317844122243313665 188
317846160691822593 63
317851181256962049 155
317852976448430080 4
317855690129555456 16
317866872152391680 84
317870445728776192 4
317871313932935168 17
317871838229299200 4
317876506489679872 4
317890398028701696 1
317890737767342080 146
317904419574398976 84
317905170371575808 146
317907561124880384 146
317911524716978177 2
317957926306340864 16
317961764098695168 17
317971545207230466 2
317977572413693953 2
317977761169948672 2
317983331205664768 188
317990348288827392 84
317993846338383872 155
317996270646071296 2
317998879473811456 2
317999047250149377 2
318002205565280258 30
318002339803971584 2
318005863006740482 84
318019519664758785 188
318021105094897665 63
318035260900265985 112
318043821466320897 63
318058094674460672 5
318058618958274561 5
318058849640792064 5
318060393174016000 5
318063639527579649 5
318064142848241665 5
318065220780167168 5
318067213095563266 5
318067716399448064 5
318070824370323456 2
318090856395591680 17
318100830433718272 84
318107138658557952 84
318114105410060289 63
318122682749177856 2
318126981940121600 16
318131067175456768 5
318131440468520961 5
318132694557007873 5
318133772518322176 5
318147869565652992 15
318171076645502976 90
318177602995122176 2
318186075484983297 5
318208196235911168 84
318209567769100289 5
318209760719671298 5
318209773310967808 5
318210196910505985 17
318263242298363905 189
318263699460747265 113
318285992178089984 112
318309216043532288 5
318312848302407680 189
318339758956896258 5
318367445586939904 84
318380116566749184 5
318425159210004480 9
318443081445826561 38
318463763571433472 32
622571762501451776 88
622573490537897984 88
622574534932074496 88
622575646443745280 88
622576397207379968 88
622582671881973761 88
622613730690400258 88
622623436309827584 188
622623738308227072 188
622623981602865153 188
622624686245982208 188
622627043436396544 188
622628142340046849 5
622633221658841088 188
622635436251348992 188
622639362086322176 188
622640888829743104 188
622642428147675136 188
622650627986976768 188
622699089004752896 5
622722090563706881 88
622749244471013376 5
622760980120862720 155
622762330707873792 188
622773651134283776 188
622796262643871744 19
622797378320363520 188
622797441234960384 19
622802763785875458 9
622831159223943168 88
622838813828579328 188
622843385628504065 28
622864633993555968 9
622872439559692288 9
622876256397340672 112
622876352845320192 112
622876784888029184 112
622878131234451456 16
622880870123339776 5
622889481029484544 5
622892479948423168 5
622894207993298944 112
622903800379109377 5
622909362026233856 5
622917691926540288 112
622918920844906496 3
622919088612864001 14
622920166570131456 208
622920292374024192 14
622920518866309120 4
622921642944000000 9
622921676498563072 9
622922276279750656 28
622922376968278016 0
622922548909469696 11
622923081586053124 28
622923161311539200 36
622923765286985728 9
622924612532350976 9
622925359122673664 19
622926231537741824 36
622926835496529920 188
622927825373278208 172
622929322714607616 36
622929821853728768 9
622930706860085248 28
622931017213440000 188
622931495380856832 28
622932690753318912 8
622933005305298944 188
622933227603382272 9
622933558974382080 28
622933634484342784 28
622933886113218561 9
622933957424848896 9
622934318143381504 84
622935186372603906 28
622936780204036097 9
622937325438398466 86
622937606473433088 36
622937648433381376 28
622937736517824513 36
622937853933162496 36
622938571155111936 5
622938629879394304 9
622938839582011392 9
622939674248544256 9
622940211144568833 2
622940647343943681 10
622940664137912320 188
622941775615803393 208
622942186649329664 9
622942392174272512 9
622943025535168514 28
622943314942275584 188
622943394617135104 9
622944027961331712 1
622944304760094720 28
622945219126927360 28
622945781184622593 28
622947744089423872 63
622947878340702211 189
622948129994899456 17
622948603942694912 9
622949014980268032 36
622949686068932608 16
622951330240266240 172
622951481251987457 9
622951665784778752 189
622952336852254721 0
622952844388343809 28
622953175721594880 28
622953209288597504 28
622953553234132992 9
622953670645157888 9
622953926506082305 189
622954358544543744 28
622955092510134272 28
622955109312499713 28
622955600045957120 9
622955700700884992 208
622955826517528576 28
622956514416787456 81
622956518590189568 101
622956594100350976 11
622956870899236864 28
622957286168895489 9
622957500049002496 28
622957974017994752 28
622958028552187904 0
622958498305982464 5
622958569596436481 10
622961149097717764 101
622961644038176768 28
622961950209671168 101
622962986207080448 172
622964772980391936 172
622965020456914944 28
622965167236616192 22
622965444069081088 30
622968380077637632 63
622968543668240384 22
622968594012442625 10
622969067947868160 0
622969093117775872 172
622970808571277312 28
622971722942279680 36
622971735512485892 28
622971743926222848 36
622971748124893184 16
622972452751040512 9
622973828487057408 16
622975137109794817 86
622976865146265600 11
622977381075144704 7
622977716590018560 208
622978479949086720 9
622978752599822336 189
622978924545335296 191
622979562100666368 9
622979838924582912 87
622980640049352704 5
622981663455186944 191
622982271625203712 9
622983462794993664 16
622984163252142081 28
622985299912736768 191
622986293966938112 188
622987409655992320 9
622989427103633412 6
622991352276615168 28
622991918532833281 9
622992606398693376 16
622992866449747968 8
622993227159891968 189
622994594465226753 28
622995567547949062 28
622996624533508096 28
622998193186426880 28
622998251927699456 172
622999589889703937 36
623000252606488576 81
623001166943789056 191
623001439590289408 81
623001519273676801 191
623002265880821760 28
