308646340727013376 15
308647351587856384 116
308648081375776768 17
308648316273561600 17
308649318687064064 17
308649444520366080 168
308649973002674176 17
308650405032763392 11
308650509881991168 17
308650954457247744 17
308651755602866177 191
308651784937824256 165
308652581876559872 17
308653420707983364 17
308653760471769089 17
308653760471777280 166
308654490263879682 191
308654528021032960 191
308655094243655680 17
308655475933712385 17
308656331580141568 272
308656390279421954 17
308657136882298880 17
308657623400591361 116
308658072195321856 235
308659141759614977 11
308659586360020992 191
308660475548274688 17
308661356339527680 272
308661364740730880 76
308661415051403264 17
308661452800131072 33
308661624770813952 17
308663654826516480 17
308664053302185985 17
308664107807166464 17
308664418173059072 272
308664602722463744 272
308665319952625664 17
308666146255695872 272
308666163024498689 191
308666624389570560 0
308667014455635968 17
308669057081688064 17
308669614940905472 17
308669736563134464 17
308670550249705472 17
308670646752260096 175
308670680298291201 17
308670759960711168 175
308671338808242177 191
308671795953803264 166
308673356234891264 76
308674350318489600 17
308674828452380672 17
308676195799683072 17
308676573278642177 17
308676581684043777 84
308677907054727171 17
308678490079764480 165
308678901108965376 165
308679287005904897 166
308679911932063744 84
308680285225107456 17
308680490771169281 76
308680771781132291 17
308680809546653696 18
308681921016258560 272
308681975529611264 17
308682076213878784 17
308682319470936064 17
308682520818491393 165
308683212874465280 17
308684362109550592 50
308685104488792064 17
308685364560814080 9
308685914018836480 17
308686023062343680 17
308686345994387457 17
308686576685314049 17
308686643806732289 116
308686836757323776 17
308687361028521984 272
308687361032724482 272
308687361053716480 272
308687767880224768 17
308688799670628354 272
308689009402601473 54
308689953104228353 54
308690053763309568 54
308690133480259584 17
308690238342062080 54
308691769237848065 175
308691895075360769 234
308691937022574593 84
308692054454710272 9
308692486455431169 11
308692666814697473 17
308693866402430976 116
308694625567252480 116
308694793335209984 191
308694919189495809 50
308695623794839554 17
308695779000848384 17
308696844341481472 272
308697507062505473 272
308698383672016896 50
308698828264075265 18
308699885211893761 17
308701231583490048 151
308704708686655489 272
308706747105812480 17
308706940060569600 11
308707242054660097 191
308707321733844992 168
308708324185092096 168
308710295495385089 165
308712166146580480 9
308712187118096384 17
308714087137820673 17
308715211215499264 17
308715982954827776 17
308717304181571585 233
308718033994665984 235
308718310801932288 17
308718344364756992 17
308719132881321984 17
308719204205473792 17
308719636222976001 272
308722438013874176 17
308724308648288258 272
308725717942804481 11
308726707819528192 17
308726900740718592 17
308728687501651969 165
308729048211783681 17
308731057300180993 50
308731447378857985 191
308733498376732672 17
308734022685716480 84
308735117373882368 17
308735792665206785 165
308736170169364480 17
308736530879500289 17
308736929334169600 175
308737403265372161 168
308738795791073280 272
308739592700436481 17
308740150555451392 166
308741153002508290 175
308742784548999169 14
308743807984349184 175
308745854808883200 164
308751206711431168 105
308753119322460163 11
308753249354276867 165
308753354207674368 30
308755296183017473 272
308755975643492353 17
308757921821491200 165
308759687615094784 17
308764964053721088 168
308765727404478464 17
308766910202408960 175
308770651508977664 168
308773189058707456 17
308778230641487872 17
308779602149531648 17
308779937702232064 17
308781296648331264 17
308782647230988288 33
308782877921910784 33
308782898885050368 168
308783020515680256 33
308783347667197953 17
308788015923339264 17
308788619940864000 23
308793523078049792 50
308795179798769664 33
308795209167302657 175
308795221737611265 166
308796647809368065 76
308797864186892288 166
308799546102800384 76
308801047634276352 17
308801613890465793 11
308801739719602179 272
308802826035933184 84
308805153878835200 17
308805892055388160 191
308807884362350592 11
308808211530645505 1
308808425435959297 17
308808492515459073 17
308808702264233984 116
308809054589943809 5
308809104900632576 33
308811642462949377 5
308815471858302976 17
308817745150087168 17
308818152010162176 33
308821587157725184 30
308821616517869568 30
308822052738056193 17
308826108621635585 17
308828461617774592 175
308829812192075776 17
308830038688690176 116
308834069385453569 30
308834329440681985 17
308834966966525953 272
308843946992345089 175
308848522990592000 17
308849902904033280 17
308855800082874368 17
308859403015184386 11
308862632629260288 191
308866080330350593 50
308873172885856256 18
308875542688575488 17
308883709006839808 163
308884568801411072 17
308885785166360577 84
308886460466089984 272
308888842818166784 11
308889115452129281 17
308890545701388288 17
308890767986946048 76
308891082555523073 76
308891543954145280 116
308895620821835777 175
308896472240386049 168
308903883588120576 33
308905481601183744 17
308906190442749952 23
308908623151632385 17
308908879020961792 17
308911559181209600 23
308912309932261376 76
308916307137544194 165
308916831396192256 17
308922690855657472 221
308924150477619200 17
308927300387352577 17
308928609006006272 17
308929640821571585 17
308933428282281984 17
308934472638820354 17
308934619447820289 30
308935995171168256 165
308937140237123586 17
308939182846390272 17
308940533437440001 175
308941988827385856 18
308945126200332288 17
308947516953608193 175
308948787802562561 272
308951325356478464 163
308952071959351297 116
308952378114179073 17
308952537514512384 17
308953544164265984 17
308953653203582978 168
308953804202713088 175
308954332693397504 17
308954559173242880 175
308955385451122688 2
308958367609667584 272
308958539580334080 77
308960238260858880 168
308961014194503680 17
308961345536151552 191
308962855493980160 9
308962884870864896 54
308963602075885568 175
308964365472768001 168
308965414044573697 165
308965602792464384 17
308965854421323777 168
308966533923749888 9
308967465034059777 30
308971252503154688 50
308971575477149696 30
308971936183099397 165
308972053602631680 233
308972548543102977 17
308975883031560193 76
308977183257403393 165
308978596708507648 116
308979318132989952 11
308979708236812289 6
308979838222475266 13
308981176218038272 6
308981398532931584 17
308981658579771392 168
308983457944592384 15
308984200307019776 17
308984816873914368 18
308985055970226176 17
308985878037012480 175
308986003853565953 17
308986557518471169 272
308987618660610050 165
308988218479611905 11
308989048926638080 33
308989157995327489 18
308990290428047361 165
308991020249518082 33
308991938806308865 175
308993410994413568 11
308994212110663681 175
308994459570434050 175
308997924094898176 163
308999018795638784 163
309000637788585984 33
309002361634959360 163
309002592351043585 163
309003196314050560 221
309004622364827648 272
309005163438419969 272
309005989720494080 272
309006409159294979 84
309007034106380291 168
309007587767099392 6
309007642301431808 272
309007721955487744 272
309008367886684161 0
309008774750928896 175
309010423108218881 235
309011329065287680 165
309012193083539457 116
309012495111172097 17
309013220692209665 165
309013585609248768 6
309014818717835264 6
309015116551188480 76
309015166882824194 116
309016735544139778 105
309017901543874560 17
309018044150190080 165
309018186769125376 116
309020418138845184 7
309021131157950464 18
309021902926671872 272
309021999374692353 18
309023140254736384 272
309024528548376576 6
309027426820841472 17
309028349550936064 17
309029121298661379 166
309030316700483584 6
309030769664335875 6
309031570801565696 151
309031839220264960 17
309032069894397954 168
309033181414318081 18
309033252692295680 17
309033424671367168 235
309033592422547456 272
309033906999541761 175
309034540373008385 163
309035379233800192 77
309035693789827072 233
309037866447675392 114
309038772387995648 166
309039875494146048 17
309040378827378688 168
309041251225829376 175
309041838424219650 54
309041955873099776 235
309043218354405378 168
309044208210178049 221
309044946428633089 105
309047211365367808 6
309048394146512897 84
309048507401117696 272
309048939410239489 221
309049031676534784 6
309050017325412352 191
309050227032223744 197
309051527274844160 17
309051611160907777 84
309052466815709184 272
309052651344117760 6
309052718465564672 272
309053737698209794 54
309053800616960003 54
309055981655031808 175
309059139957563392 197
309059630678560768 175
309059857175175169 50
309061228729344000 6
309061618787041281 6
309061727813779459 11
309061866255163393 6
309062491206479873 50
309062608630214658 6
309062688321970176 6
309062755439226880 6
309062910611705856 6
309063283908956162 6
309063342620803074 6
309063808188571648 6
309063904657563650 6
309063984374489088 6
309064047280660480 235
309064240227024898 6
309064487695175680 6
309064789680848897 6
309064944878501889 6
309065100034195456 6
309065209111252993 6
309065255231840258 6
309065511075971073 6
309065905357336576 6
309066006037401600 6
309066937164505089 6
309068556161671168 6
309069101429583872 6
309069143347449856 6
309069906740117504 6
309070242250883072 165
309071383109971968 6
309071450223022082 165
309071836111581185 6
309071894823464960 6
309073161507459072 6
309073622889295872 54
309074516280217600 197
309074843431743488 6
309074939896557568 175
309075241865461761 6
309075862639214593 23
309076529529380865 6
309077083198455809 6
309077494240251905 6
309077792035860480 165
309080413454876672 272
309080652521824256 6
309083500483584000 165
309084993647427584 6
309086696530644992 6
309087665393901570 6
309087690559741954 76
309088084853673984 191
309088617500925954 168
309088986612256771 6
309089968100352000 6
309090878234972160 6
309092090384629760 84
309092233011920898 6
309092241400553473 6
309093218677583872 6
309094284026593282 6
309095445840400385 6
309096964195237889 6
309100319630036992 20
309100609045401600 17
309100881645826050 17
309101204619812864 198
309101238191026176 6
309102790083489792 165
309104677503512576 15
309106762055839744 175
309107584139395072 17
309108024541319169 30
309108372668547072 272
309109203174318080 7
309110184637251586 6
309111161910079489 175
309111199650439168 221
309112701228044289 168
309113124835950592 272
309113464570400769 15
309113519117316096 15
309113607164149761 6
309114064368435200 84
309114806743474176 1
309114919977095171 6
309114932580982784 175
309115096158846977 116
309119089123667968 221
309119110111961088 221
309121270182731779 6
309121555403796480 6
309124453659459584 233
309125623840919552 221
309127658086739969 6
309128404693819392 175
309128815743995904 165
309131093213327360 76
309131126767775744 23
309136399028850688 165
309136461926658048 54
309137741201944577 17
309138982724313088 17
309139863511396352 175
309139959980388352 17
309140110987890688 17
309143059579412480 17
309145542598991872 168
309146742190907393 221
309146922550181888 272
309149187461742592 6
309149334274981888 6
309152500966105089 6
309155302773772289 84
309156779147800576 168
309159677395095552 163
309162751828303873 84
309163758461284352 116
309163859153940480 6
309165683646791680 6
309169840202059776 17
309171299845042177 15
309172306465411072 168
309172411314618368 165
309175548649816064 17
309178790842626048 191
309179378078720001 15
309186197979267074 6
309186210587365376 6
309190128046329856 77
309193106014744576 17
309194490147643393 175
309195865883570176 77
309197019291996161 6
309197312905859072 6
309199410062053376 6
309199431012593664 175
309200081133907968 175
309200768991379456 17
309202249584881664 6
309203939893575680 6
309205470843904000 175
309209694508036096 3
309218389283459072 6
309219031024553984 6
309219379143397377 6
309220759052627969 191
309222654886420480 175
309224152244559872 16
309225326674841600 0
309226090017198081 272
309227356688637954 6
309234096964505600 151
309239562117455873 13
309239671177752576 6
309240560353415168 6
309240853975670784 6
309241416016621568 6
309243458634256385 6
309244943426265089 6
309245299921141761 6
309251989831823361 165
309253894075215872 6
309254820995411968 6
309255907341135872 6
309256188338507779 6
309259954831888384 235
309263243153661953 6
309268536390471680 272
309270000202551296 3
309273313698516992 6
309275943527129090 235
309287536587591681 168
309287628837117953 6
309288983605682176 11
309290371932889090 165
309290959131254784 17
309291764446015488 5
309297992958083072 165
309298160738631682 6
309300094308610049 116
309302040482435073 17
309302514422005763 6
309303248450359296 6
309303370085183489 168
309303655281070082 116
309304460579049472 33
309305165251485696 30
309307195282051072 168
309310382936309760 165
309311863550791680 6
309311888704032770 17
309312278774312961 14
309314510139842560 198
309314774380982273 6
309315055407738881 23
309317781696950272 11
309318037566259200 221
309318956106272770 20
309318993871777792 151
309319199367516161 165
309320356995399680 17
309321019716415488 17
309322064072933376 18
309322709999951872 17
309323603390889985 175
309324006056656898 168
309327193731899393 166
309328615571611651 6
309328821121851392 168
309330234589720576 168
309330616279769088 168
309330863752101888 6
309331048284688385 168
309331077657403392 168
309332595974496256 175
309334206599811073 175
309334521180983296 54
309337658491019266 175
309339235570286592 18
309339755680780288 6
309342779773952000 23
309342909780615170 54
309345279574945792 33
309346407846920192 168
309346542064640001 165
309347179582087168 30
309348970549899264 6
309353571697164289 9
309355077435523072 165
309355085853519873 165
309357417878130689 3
309357476589993984 165
309358294470893569 235
309359187861860352 175
309362757243920384 76
309363541570371585 163
309363822592937984 175
309364057478144000 233
309364091003219969 163
309364250407747584 6
309365324157960192 221
309366225895567360 191
309367219983372288 6
309368520217604096 165
309368687985565696 221
309369421967790080 17
309372177612935168 3
309372798407680000 6
309373951824519168 175
309374299947532288 54
309374715192020992 175
309375126208671745 163
309376330007449600 197
309379563815841792 165
309381275096080385 165
309381715477008384 17
309382902473445376 168
309383401591410690 165
309383649059545089 50
309385163215888385 116
309385238696574978 6
309387117744750592 165
309390418657816577 6
309391425307570176 6
309392545190920192 175
309392641630547971 84
309395342770724864 0
309395372114079745 175
309396483617202176 221
309398173917515776 221
309398807265824768 151
309399188930715648 30
309399717429776384 165
309399797138325505 30
309400833106259968 221
309400904405245954 221
309400950563553281 221
309402439516299264 272
309406415737483264 165
309406759649423360 221
309407153947557889 168
309407321698738177 5
309410127700709376 6
309410484208140288 221
309410865885634560 6
309411302089035777 17
309411910284099584 15
309412610716094464 9
309412770091241472 165
309413218902740992 6
309414263267663872 17
309414468813717508 165
309414921781792768 221
309416620487483393 17
309418528904196096 175
309419556491890688 84
309421926290452480 82
309423918563876864 6
309424463835959296 168
309424652579639296 76
309426510643748866 166
309429677355831296 5
309431015309455360 165
309431468319453184 168
309432890163339264 54
309433011823329281 197
309435033477869570 175
309436136579821569 272
309436136583987200 175
309436358865321984 165
309439953392238592 168
309441874375106560 175
309446706230079489 14
309446743957856257 0
309452053959303168 175
309453123485843456 175
309453714916265984 105
309454004293885952 6
309454281143115776 116
309455329727479808 235
309460971057995777 221
309461822489124864 221
309463311483822081 175
309464116765011968 175
309466142626422784 235
309466159403655168 235
309466411057688577 191
309467673547399169 17
309470387249504256 10
309471083508150272 233
309472346010431488 175
309473084199542784 11
309474669654859776 13
309475890193113089 10
309478972989784064 168
309479161733459968 17
309479404994707456 76
309480671703887872 197
309482559132286977 165
309482886300577794 168
309489966281547777 151
309490352161705984 50
309493833434021888 17
309495699886702593 33
309495867637895169 168
309499441184927744 168
309500296831324161 6
309507154509963264 11
309507704001540098 175
309507834008190978 168
309509457191243776 221
309515706708398081 116
309517392826990593 6
309519544483995648 6
309529870889779200 76
309532446175678464 175
309533507342987264 165
309537374508036097 17
309537559044825088 6
309539043841044480 17
309539501003378688 6
309543351382839296 6
309545775686381568 175
309547147202805761 221
309548233552707586 175
309550984999362560 6
309551253459968000 30
309553228939403264 175
309555737154166784 175
309556873827323904 6
309562355778453504 11
309572002673463296 76
309572245922123777 6
309574712185483264 76
309575320372133888 76
309576759010004993 17
309579409814351872 234
309579908911353856 6
309580265431384065 54
309581238518284288 6
309581360169877507 76
309587366409027584 221
309589354483957760 168
309590767960207360 84
309599039157047296 18
309600863649939458 33
309601325044359168 197
309605187985735681 6
309607322890665984 33
309612330910617600 17
309614792971284482 197
309619830309392384 165
309620660798369792 6
309621088617390080 163
309622162346606593 165
309628638347800576 165
309632174162837505 105
309637328933117953 18
309637500924735488 175
309638755021619201 77
309639342199021569 116
309642097852571649 163
309642425008275457 165
309642911581085699 77
309643976913334273 6
309645465912221697 175
309647634367385601 17
309647810498801666 6
309650532606300161 221
309650905907740672 6
309650905911926784 6
309652206154563585 33
309652864660279296 175
309655611912626176 165
309656496910761984 11
309658090758864896 197
309659558744322048 191
309660653466042368 175
309661907583913984 6
309663446872518658 166
309665950884569088 175
309667360179101697 168
309667838300405760 33
309676260483817472 116
309678705746276352 234
309681138455175168 50
309681494983573508 168
309683134939668480 168
309685404058128385 165
309686372929789953 33
309686670746345472 6
309687702545125376 33
309689778725593089 175
309690495934803969 14
309690911200247808 163
309692681175580672 168
309692765074255872 165
309695130649128960 6
309696917410025473 166
309700067361685505 165
309701183017209857 6
309702068032118787 33
309702378427400192 18
309702873317527552 165
309703682855940096 33
309706551726313473 105
309706761458315264 11
309706908267327490 6
309707541598859264 163
309709533876453376 6
309709571629391873 6
309711324844277761 168
309711962412027904 6
309712063045984256 168
309715691148283904 77
309718383887253504 175
309719499555364865 165
309719864480780288 33
309721013694914560 76
309722829832732672 4
309724734050951169 168
309725623255982080 221
309726139142791170 33
309726139151159296 165
309728869617909760 163
309730337628499969 175
309730979382177792 33
309733609185619968 53
309733969904140289 17
309734460646125568 151
309734510977748992 17
309734947193749504 163
309734959772487680 163
309735853134053376 163
309736201269690368 6
309736213844197376 175
309736536801431552 13
309737467957878787 163
309738843681210368 163
309740114567917568 168
309742505329565696 163
309744560542715904 53
309745210638876672 13
309745214854139904 13
309745311302156288 13
309745990771027970 3
309746594771787778 163
309746842239913984 197
309749014876803072 165
309749316845715456 17
309749878920196097 165
309750793253289984 163
309754429706477569 198
309755868348575744 175
309756820472336384 163
309759710335205376 13
309759852958343169 175
309761664914452482 175
309762906415824898 54
309763636237328384 6
309764122763984896 233
309766702269362176 30
309772209382100993 165
309773153100496896 175
309774545601060864 175
309777041211932673 30
309777590678335488 198
309778769286164480 165
309780258238902272 191
309782581891702784 175
309786214146400256 84
309786662953705472 76
309791247315369984 175
309793218655051776 15
309794913145470977 168
309796737663512576 33
309796737663528960 33
309798474122153986 235
309799476556603392 33
309801380770639873 33
309801984721039360 235
309805000429826049 33
309806090969829376 6
309806304862552064 235
309806464237719553 6
309808951485161473 5
309809190535327744 165
309811245748473857 84
309811862315364352 168
309812780876320768 168
309813477122392064 6
309813733000085505 6
309814416667447296 50
309815461049147392 33
309816060834619392 175
309817050698747904 168
309817591751397376 175
309817667253043200 191
309818178937180160 6
309818971681611777 5
309818971689975809 84
309819110102024193 221
309819714048253954 175
309822654263738368 20
309823287620431872 6
309824814347087872 168
309829868491767808 50
309831214850785280 6
309839481815576576 116
309841390236487682 6
309841583161868288 221
309845035061485568 105
309847224488165376 191
309847711044210690 165
309854719726211073 6
309857303396499457 151
309857735434989568 50
309863326425427969 116
309866858025213954 175
309869273948495874 0
309877431861379073 168
309880233690021890 168
309883333276487681 197
309883618476580865 163
309887200407994369 2
309895354130767873 6
309901523968745472 168
309902220206428160 116
309904233476542464 9
309905466593521664 165
309906737467645952 2
309907945435582465 13
309909589594353664 175
309910181003808770 175
309915436487671808 84
309917646860718080 175
309921925067579394 168
309929147646488576 165
309944599474999299 11
309960164537139200 168
309963264102658048 6
309963725492854784 0
309963985552277504 6
309964279145181184 6
309964287537991680 9
309964690166001664 6
309970323124649984 6
309971765969440768 6
309971908596744192 175
309987263905947648 163
309987935011364864 6
309989398819266560 197
309990883598692352 175
309991793783631872 5
309995245695799296 6
309998953460551681 6
310000085905846272 165
310001214190387201 175
310001977528565760 0
310003927892520960 168
310005320422420480 23
310007568540000257 163
310007887307087873 191
310010009650089984 6
310011565741068288 6
310011955798753281 6
310012282937683969 1
310014279422193664 168
310018331136626688 116
310022827426340864 76
310025427878047744 9
310032113619591168 175
310033124459438081 165
310035557155753986 15
310037977273344002 175
310038866461609986 175
310039571108855809 168
310042146394742785 175
310044847513948160 20
310045162111922177 6
310045178884919296 30
310045283738341377 30
310045304688898048 168
310046118379659264 30
310046621717118976 6
310046688809193472 6
310047347323310080 30
310050140725604352 165
310050740523659266 30
310052846043267072 76
310054813171851264 116
310054947389595648 163
310056931307974656 165
310057732424212480 116
310057761801134081 191
310058235728109569 235
310058361573998594 6
310061222068383744 168
310061574419275776 9
310061859631947776 235
310062769774944256 1
310063893877760000 30
310065697390723072 198
310067974918770689 165
310068943811395585 6
310072643191713792 168
310072836121309186 1
310075365282435073 163
310075390444056577 76
310076174799880192 1
310079404397195264 9
310079727366967297 235
310080490713538560 50
310080624956436480 3
310082248147865600 76
310083728716230656 175
310084311732846593 163
310084483682545664 76
310085284807180288 105
310086283051552769 76
310088069837631488 18
310088371810754561 18
310088879342493696 1
310090963903201280 18
310091337175293952 20
310092813574479873 18
310093090411118593 168
310094063489650688 168
310096340979957762 18
310101038596247552 168
310101344780419073 30
310101718090264576 114
310104591209467904 30
310104935125626880 6
310106034029068288 168
310106080162234369 50
310106197611147265 163
310107518812692480 105
310108496077135874 175
310114753999687680 9
310115282452619265 9
310115374752485376 105
310115873866264576 163
310116238758129664 9
310117132157460480 76
310119153824563202 105
310120693125763073 50
310123436208963584 175
310124367352836097 163
310124430246436864 234
310125998920327169 2
310126040867540992 20
310129043964051457 175
310129056580501505 165
310129182409625600 105
310129593438842880 175
310129736053571584 197
310132210680336384 168
310132391056392192 105
310132554613260288 76
310132974031085570 3
310133468988313602 76
310133938737782784 105
310136539185299457 175
310137717788901376 105
310138833469595648 105
310138997064208385 163
310141001954119680 166
310141748519247872 165
310141933093789696 165
310142407050137600 105
310143468200685568 163
310143652737454080 84
310146135786409984 105
310146697802174464 2
310147486356475906 175
310148769775763456 105
310148782362865665 105
310149445071278080 175
310154230763753473 105
310156223066562560 197
310158001459830785 233
310158638989848576 105
310158827750309889 197
310159251349831680 197
310159582716637184 175
310159666615308289 175
310159674978729984 197
310161726001803264 18
310162732651528193 1
310163038831509504 197
310166176170901505 163
310166394253754369 76
310172178219925508 197
310172232750092289 163
310173751050387456 6
310173772038680576 2
310173793022799872 175
310173927215362048 197
310175881777782784 175
310176468959371264 15
310178859721056257 13
310180956864663552 163
310185344127619072 168
310185855824306176 175
310187399323975680 175
310188384989630464 175
310188917687205888 197
310189974656016384 105
310190238884573184 197
310191434257006592 175
310195095901184000 105
310197214024720384 197
310198061274107904 175
310198065447448576 175
310198673642496000 175
310199134982373376 175
310199239844167680 175
310200506549153792 175
310200909206540288 163
310201605444206594 197
310205690692136963 76
310205824909856768 105
310206059807657985 9
310207129350991872 175
310207410365153280 9
310208404415193088 116
310210522551316481 9
310210547691945984 168
310210711257235457 9
310211768259592193 105
310212158308876288 197
310214104478515201 18
310214431609081856 18
310218697220452352 163
310218869212065792 6
310219942949691392 175
310220198781284352 22
310220844729253888 54
310221708730720256 175
310221884908261377 163
310222606303375361 168
310222711181950976 175
310223101260619776 13
310223558431346689 6
310224258863349760 175
310225059996381185 114
310227622699343872 168
310228063113850880 54
310231355659284480 76
310234803360374784 1
310234975326855168 105
310238674686205952 175
310238993461702656 175
310240289493237761 163
310240797037576192 18
310241837208186880 163
310246329311956992 175
310247654707843073 54
310248237699321856 105
310249621840613377 50
310251819630739456 163
310255196083208194 5
310255665820086274 175
310260359263027201 175
310265488875868160 77
310268492010123265 105
310271998431473664 1
310276612174254082 163
310277367148982272 1
310277664965525504 84
310280298984267776 15
310283952218832896 163
310283989975961600 11
310288658206965760 175
310289513853366273 6
310291560698892288 234
310292856701063168 1
310294647681466369 163
310300322570579968 165
310302625239298048 9
310304781124136962 20
310305259257995264 114
310308052702224384 9
310308996395458560 9
310309415830040576 175
310309663285604352 9
310310032409522176 9
310312662225547265 9
310312792248954880 9
310312888709566464 14
310313845023457282 9
310317464695214081 116
310317687014293504 9
310318114820747264 9
310318458770444288 9
310319138226704384 9
310319184359854080 9
310322892137193472 9
310322900500627456 6
310323110224220160 9
310323189920194560 9
310330840322306049 9
310330848719273985 9
310331343668125697 20
310331356225871872 116
310332027306135552 9
310333461783261184 9
310335869322145793 9
310335911244222464 13
310336670404849664 9
310337588965801985 9
310339589653032960 84
310340021649551360 9
310340835361312769 1
310341695185248257 175
310341707772338178 9
310341942670139392 105
310342366290657280 175
310343918166372353 9
310344266293592065 168
310344329224916992 9
310346581566169088 9
310347240055111681 84
310347542036627457 197
310350893310681089 9
310351073674145792 9
310351090430394370 9
310351123984838657 9
310351576982253568 105
310351870583504896 9
310354198434824192 163
310354240352710659 9
310354332644155392 163
310354559107219457 175
310355091800612864 175
310355523818123265 9
310356681429241856 9
310357956501860352 9
310358556299898881 9
310359151886884865 9
310359328064417792 4
310360171085975553 168
310360229818798080 9
310360888324521984 9
310360909308645377 9
310361920148480001 9
310362977113096193 175
310363660776267776 6
310363883074379776 9
310364176679833600 9
310364273153028096 30
310365695022092288 9
310366412210327554 9
310366898787323904 105
310367095907049472 9
310368819774382081 9
310370665272311808 9
310370673644163073 9
310370828833402880 163
310371063718629376 9
310371176948051968 9
310371206329167872 9
310371256652427264 9
310371315364265985 163
310371734794682370 105
310372024197455872 105
310374339465842688 9
310375199281389568 165
310377753616715776 9
310377808155258882 9
310379330691821568 9
310380001793028096 54
310380211478880257 9
310381721424105472 6
310382002476040192 9
310383860527529984 9
310384116367495168 9
310385118839721985 9
310387161457389568 9
310387501191811072 9
310387853525917696 197
310388843364880385 9
310388931466256385 23
310389313147924480 9
310390240055525376 20
310390827291643905 9
310391489979092992 9
310391812923736064 9
310392291074379776 9
310392643400134657 9
310392953803796481 9
310393691997081601 163
310394451136753665 9
310395034170187778 9
310395898184220672 105
310396179202576384 84
310404056092913665 105
310404735582748672 168
310405557657939968 105
310405666709831681 9
310407612896251906 0
310409361891684353 50
310412201439662081 50
310412557968097280 5
310413929518100480 54
310415078740611073 9
310416106361860096 9
310417825997156353 9
310417960210681857 175
310419554042003458 9
310420422275526657 165
310423429612462081 9
310424914375081985 165
310425426088562689 9
310425640002285569 6
310426051056631809 54
310426910884757505 105
310430908027138050 9
310431172293439489 1
310431478473424896 9
310432879383572480 165
310433206526697474 105
310434036994695172 163
310434125079248896 9
310434712277622784 9
310435144286756864 6
310436083794079746 105
310437958681493504 168
310438231281905666 165
310439971913879553 175
310440806580375553 105
310441611899326464 175
310442060685639680 76
310442400428486656 9
310442631119384576 175
310443822322679810 105
310444069757267968 105
310444682142433280 3
310444946383593473 105
310447240651100160 105
310449912439533568 105
310450600313778176 9
310451552391417856 9
310454542930165761 4
310455394399047680 105
310458808549912576 15
310459446096719872 165
310460222017789952 11
310461371290624002 9
310464005279993856 175
310464005313548289 105
310464441487605762 9
310464563130818560 84
310464730919759874 175
310465141961535489 76
310466651910979584 105
310466811286147073 168
310475560616865792 175
310475678032220160 221
310477167026921472 9
310481495527657472 84
310482858684858369 54
310484016337940480 9
310484096021307392 191
310484423160262656 6
310485060719620097 175
310485832471552001 6
310487384355651584 9
310487510184759296 175
310489531843493888 15
310491528332181504 175
310498679616323584 175
310500546073227264 175
310501422670151680 175
310501854687670272 175
310502316056915969 9
310502513210167296 163
310503385621221377 114
310504027341348865 14
310504639692959745 6
310505306625024000 105
310507852538191872 6
310507999368204289 6
310509274424025088 6
310509278622515200 165
310509710610677760 76
310512797622620160 6
310512856338685953 105
310513552597319680 105
310514722803949569 9
310515507151380480 175
310517050655260672 9
310517507834384384 6
310517642035343360 6
310518640313253888 198
310518963262074880 6
310519386865799168 116
310519391060107264 175
310519634342330368 6
310520997482737664 9
310521886675181568 163
310523124003270656 6
310524290028158976 175
310525305062313984 18
310527431545077761 6
310529725833564161 6
310529847480958976 175
310530338222923777 175
310531449721860098 175
310532355657973760 175
310532670251737088 175
310533295207243776 6
310533609759068161 6
310534633198596097 9
310534926770515969 175
310535669170708481 76
310536323503124480 197
310536411570909185 6
310536625472012289 175
310537640506163201 6
310537653076508673 175
310539326607998976 168
310539410485690369 6
310540882682183681 6
310540912033935360 6
310541499270041601 114
310541646045540353 6
310546817630756864 105
310547350290563072 163
310547694261256193 6
310548830917623808 165
310549581660291072 6
310554459665207297 175
310555730518372353 175
310556997202354176 175
310557043327107072 175
310558238741495808 175
310563896836620289 6
310564169462210562 105
310567185187741696 175
310572801331433472 163
310573665379053568 114
310577905795231745 175
310579835204427776 175
310582582444183553 6
310584557978152960 6
310585828856459264 6
310586067914997760 18
310586323780124674 105
310589754712420352 114
310591839298265088 76
310593441526583296 175
310597208003203072 105
310602987745726466 175
310604912918671360 165
310611799970029568 175
310613284749447168 168
310613788095299584 6
310614572400791552 175
310614610162118656 175
310615503561424896 175
310617437135585280 6
310619513328640001 175
310619576222224384 175
310623992811769856 105
310624705851838465 105
310626089988943872 175
310630699537408000 175
310630808585138177 175
310642917511409664 175
310643496342130688 175
310643668300226560 105
310644188393914368 175
310644599431499776 2
310646889529880576 175
310652556038791169 6
310653382329262080 6
310656431592464385 6
310664174248275968 0
310668142059847680 9
310670708978114560 175
310688568345493504 175
310688983573204992 114
310697514770776065 9
310701218345406465 13
310703273545957376 9
310709359476867072 9
310709959262339072 9
310712572338913281 9
310714719835144192 168
310718758912155648 6
310718930891182080 163
310721497801031681 9
310724706451984386 175
310744503566864385 76
310748362330750978 221
310749314420989953 6
310750170067394560 53
310751122170212352 116
310752737002389504 163
310753819116056576 165
310756721578627074 175
310756805452120064 9
310760626475646977 168
310765705769406465 168
310767719047892992 165
310769749065879552 6
310771485516128257 20
310775960838483968 105
310776363516850177 13
310779114946719746 84
310780008362803200 116
310781958714187776 76
310782906618478592 13
310785704227647488 175
310787163824480257 175
310787381957623809 175
310795191751696384 175
310796445844381696 163
310796760421380096 175
310798865932640257 84
310799222440079361 175
310800677901312000 175
310800988271439873 175
310801311232831488 13
310801806148116480 116
310802015846555648 221
310802116543389696 13
310802686951972864 175
310803626459279361 175
310804125589860354 175
310805794939600896 175
310806071772053504 175
310806080148082688 175
310807439102590976 1
310808001130950657 76
310811666940039170 76
310812187050532865 175
310813483090468864 23
310813495673360384 168
310816075182903297 82
310817278918799361 175
310817899700961280 11
310818667262775298 163
310820013638578176 175
310823448748359680 165
310825084556292097 175
310825206170136577 13
310826321838211072 0
310828062482759680 13
310828200915771392 165
310828951687798785 197
310829194944864258 13
310831258563391488 20
310835452875780096 105
310835507397525504 105
310835633214078976 84
310837235425611777 114
310838946714251264 6
310840133710667776 168
310843203928588289 165
310843904389963778 6
310844613235707904 175
310852645315305473 6
310853643551248384 168
310853702263132160 175
310854805390254080 175
310855539380854784 3
310857095455055875 175
310861507854475264 114
310866218078842880 175
310867233096216576 175
310868373963694081 175
310869267337867264 165
310870806630658049 197
310880134771113984 105
310883888673202177 114
310884069028294656 114
310884865954426880 175
310886396854403073 3
310888074605379586 114
310888200409333760 114
310889035084230656 175
310890427609915392 114
310890805084708864 175
310892147257798657 175
310892159836491778 175
310894236029571073 18
310895494316580864 105
310895662105505792 105
310898363224702976 6
310900032566075392 114
310900640735977472 114
310901106303717376 197
310901450211475456 175
310902435898081280 82
310905279627800577 175
310906567274921984 175
310908236612112384 175
310914280620969985 15
310914511311863808 197
310916042224447489 15
310917275328868352 84
310919326347718657 3
310922753106661376 175
310924065898647552 191
310925164835663872 9
310926259536420865 175
310927740134100994 15
310927769494253568 114
310927920464007168 175
310929854067515392 105
310930252534784001 165
310931062014496769 15
310931527578046465 76
310931540152557568 76
310932341281398784 6
310933209502343168 168
310936791442132992 175
310936829174104064 175
310938309775982593 165
310939790361100288 175
310939895235477504 76
310940738273828864 3
310941589734305793 175
310953090494894080 114
310954789179650048 6
310955217032187904 11
310957028967321601 6
310957611946237953 191
310958979293532163 165
310963337187958785 221
310964658389520384 15
310968928182603776 175
310970056450400257 175
310984627491835904 2
310988347835289600 82
310990424011583488 6
310993498419642368 6
310996702880464896 22
310996807733870592 175
310999647260925952 82
311002180633112576 13
311008639844499457 9
311008849584865281 114
311009625531113472 105
311011118686556161 54
311011936605188096 105
311012494435041280 6
311014746772099073 9
311015774355591168 168
311017020080668672 6
311023915503857665 15
311026285319168000 1
311027845591879680 1
311028151784448000 114
311029871411355648 15
311029972112379904 15
311031393964662784 14
311033688248942593 1
311035055600463872 14
311036309684768768 1
311036926260047872 163
311037182091620352 165
311037211455938561 76
311037739946627075 1
311038394237063169 1
311038926930448384 30
311040113935273984 1
311040394928467968 1
311040470442713088 1
311046870954823681 1
311047026123087872 175
311047948890935296 1
311050712937291777 1
311052138983849984 175
311053967704596480 168
311058937959034880 175
311059466437140481 175
311059944592011265 175
311060020076900352 175
311060892496302080 175
311061601342078976 114
311062364688617472 9
311064042422812672 76
311069063025676288 0
311071260807405568 1
311071533466542080 233
311073366364811264 1
311073458626887680 14
311074322678706176 1
311075253805797376 175
311076189139779584 76
311078496006987776 15
311078810554601472 175
311084162511671297 168
311088029647384577 50
311088797209223168 22
311092362375995394 1
311093037629591552 114
311093041828098050 114
311093104755224577 105
311093939413344257 197
311094123983679489 76
311095638131630080 197
311095893971582976 116
311095923327516673 1
311097756221583360 168
311099467526987777 168
311099677237968896 1
311100436419588098 105
311101392695746560 1
311101501764403200 1
311102554526326784 175
311102919443357696 175
311103292719628288 165
311103556965003265 175
311106803356295169 1
311107973575475203 82
311108380402016256 1
311108422357630976 233
311108812415315969 82
311110439834624001 6
311111907811655681 13
311112989946286080 165
311113107391000576 168
311113988211617793 1
311115544273227778 175
311117725323915265 197
311118132175581187 15
311118224458657792 175
311118337692278784 175
311118643859689472 175
311120267076308993 175
311120610984071168 1
311120925573656576 175
311122372625330177 5
311123127579058176 22
311123639271579649 175
311124436218675200 175
311124788544413696 175
311125455426174978 18
311126940188807168 54
311127099584954368 166
311127309325328384 82
311127464485220352 175
311127590322704384 166
311127925850271746 1
311128034918944769 1
311128253026930688 13
311128374678540288 175
311128395650064387 175
311128404000915458 175
311129318392741889 105
311129448399400960 1
311129570042601472 1
311129792315531264 175
311130459226660864 221
311130471805353986 175
311132434743848961 76
311132728349315072 166
311132946432159744 175
311133885956227073 175
311134099874136065 233
311134699651211264 175
311135106515476480 13
311135341409079297 175
311135614009483264 105
311136679375294464 175
311140689146687488 197
311140752031879168 165
311141070828359682 15
311142148739330048 16
311142492680646656 175
311143289619361793 105
311144292053823488 105
311146468880822274 165
311149182616473601 221
311150046613745664 1
311150407319711746 1
311150520574304256 1
311151342662082564 175
311152248648519680 105
311152257037135873 233
311153091695222786 50
311154450666516480 233
311154891039047680 3
311155016876568576 116
311155184652918784 116
311156325499412482 166
311156388397191168 168
311156707193651200 15
311156732363681792 175
311156799472541696 175
311156891713675265 175
311158087128072192 175
311158451994783744 175
311159295066644480 175
311159555100921856 175
311159651574104067 114
311159907439235072 6
311160201048907777 50
311160469488558081 50
311161392218636288 105
311161794888626176 50
311162017153163264 175
311162403054305281 175
311162851832242176 165
311163011207426048 114
311163174818816001 175
311163237704024064 53
311163631997960192 175
311163770376445952 175
311163770384826368 175
311164651192872961 175
311164957381251072 76
311165099966595073 175
311165720752959489 15
311165804634853377 105
311166186295525376 175
311167285198987265 82
311167771755020289 1
311168845484281856 53
311169457848479744 1
311170762289577984 50
311174050611359744 6
311174189035962368 175
311174704926953472 53
311175883526393856 76
311178211381874688 76
311178920206667777 175
311181562614009856 175
311181587775619072 0
311182284034277376 0
311182976090263554 165
311183861113569280 175
311184028881539072 6
311184330884009984 166
311185614320066560 175
311186348335828993 1
311186855846637568 4
311187182998130689 175
311187623408447489 105
311188042847227904 233
311190492316594176 2
311191255650533377 175
311193654821785600 76
311193763873701888 53
311195059880083456 114
311195089269563392 53
311195248640524288 53
311196083294457856 53
311196087522308096 53
311196334956879872 53
311196343362285568 53
311196368523907072 53
311196465009668097 53
311196557284343808 53
311196615983644672 53
311196783751614466 53
311196859257462786 53
311197102527111168 53
311197429682819073 53
311197622633365505 53
311198016864391169 53
311198432138244096 233
311198629266329600 53
311198729929621504 53
311198813790535680 53
311198973203476480 53
311199170314784769 151
311199300342394882 50
311199346471358464 175
311199652655550465 53
311200160157954048 53
311200558650359809 53
311200671867219969 53
311201271656894465 53
311201414271610880 53
311201460408946688 53
311202014069653504 53
311202458665906176 53
311203242971365376 53
311203305890136064 53
311203406570205184 53
311203482059292672 53
311203620483899392 53
311203733734301696 53
311203779859079168 50
311204283162980352 53
311204283167150081 53
311204283175555072 105
311204396404985857 53
311204492878163968 53
311204845229060096 53
311204979417440256 53
311205050724802561 53
311205172347027457 53
311205549867945986 53
311205767963353088 53
311206208348499968 18
311207022056071169 53
311207047238656000 53
311207147868409856 53
311207185638096897 53
311207651205853184 175
311208217411723264 53
311208280351465473 53
311208913666207745 233
311209651863691264 53
311209765114101761 53
311209815466725376 53
311209815475093504 76
311210469773946881 53
311210599776411648 105
311211002429595648 53
311211451253653505 53
311211522540072960 53
311211690320609281 53
311211732276240384 53
311211862291275777 53
311211958747684864 53
311212055220846593 53
311212260724965376 50
311212428530696192 53
311212487229976577 53
311213753893011456 53
311214273995079682 53
311214290780692481 165
311214945108914176 15
311215737807204352 50
311215876236001280 50
311218019529523200 76
311218518655913984 50
311219202306478080 151
311219248448032769 166
311219344933785600 53
311219374298124288 165
311219617567752192 53
311219860837384192 53
311220284462080000 165
311220473205776384 165
311220506726649856 53
311221257515450368 50
311221530132631552 53
311221685342830592 53
311221945406468097 233
311222830383648770 175
311222922662514689 53
311223581176647680 53
311224336159764481 53
311225208566595585 175
311225229533913089 105
311225313403228160 175
311225439249117184 50
311226596872830976 175
311227708363395072 53
311227980997345280 116
311228769530675200 175
311229277012115457 53
311229792924098561 53
311230103298400256 233
311230279454949378 53
311230300447449089 3
311230497554563072 53
