311230711480864768 85
311231223190147072 50
311231651017535488 50
311231932010725378 50
311232577958711296 50
311233077068300289 84
311233332929241088 50
311233358074089472 50
311234444415606784 50
311234960315019269 50
311235153269755904 50
311235404890267648 50
311236138906042368 188
311236503831465985 84
311237309129445376 155
311237493666222080 50
311237804036333568 101
311238886166773762 14
311239095911325696 50
311239372706045954 112
311239863435423745 81
311240186396831744 50
311241075606048768 50
311241490858909696 50
311241717330362368 22
311242036089085952 2
311242648486834176 50
311243323736195072 50
311243357294821377 8
311244171006603265 86
311244565258579968 50
311245001474592768 50
311245198590099456 155
311245513183866880 112
311245597057372160 50
311245752238219264 50
311245836136878080 84
311246041653575681 50
311246393979334656 50
311246435947515904 88
311246628864544768 33
311247207670099968 50
311247945876004866 88
311248465969680384 50
311250638627545088 112
311252320543469568 33
311252739986427906 50
311252832244346881 50
311252878381690880 50
311254992298328065 88
311255189447405568 0
311256481276252162 15
311256573563523073 12
311256774906875906 50
311256829416062977 50
311258356142731265 50
311259958375235584 88
311260818182389760 50
311261929689735168 188
311262273605881858 50
311262604964290560 50
311262902755676160 90
311262911148486656 33
311263074726313985 101
311263192154263552 50
311263221526953984 112
311264723108769793 2
311265180292104192 63
311265243206651905 50
311265532613644289 38
311265545179779073 50
311265742307852288 50
311267847831683075 50
311267902391214082 84
311271467549593600 84
311271530455781376 101
311272365122260992 88
311276244857663488 88
311276710396059648 30
311276773348347905 50
311279789019373569 50
311280132948115457 50
311280963458056193 50
311281080877604864 101
311281286419464194 88
311282313990377472 45
311282544710668288 19
311282947355443200 84
311283672974233600 50
311284453098000384 8
311284792832438274 8
311285803676487680 50
311286260851417088 50
311287519155220481 33
311287804359499778 50
311287884026109952 17
311288097948200962 84
311288106353573888 50
311289704366608384 2
311290065085153282 90
311290161549950976 50
311291679883804675 50
311300085260632064 50
311300114620755968 45
311300840260517891 84
311301955932811265 88
311302559908388864 33
311302694134501376 88
311304287944843265 50
311304313119072256 113
311305621737709568 50
311305974088613889 50
311307060379795457 50
311307953770729472 191
311309367267971072 86
311312882094702592 191
311313435734441984 50
311313817432883201 17
311316241736413185 50
311316321415606272 50
311317189653327872 50
311319882400681984 50
311322638045810688 87
311324189917343744 191
311326509400989696 188
311328296157724673 50
311329126617341952 50
311329541861818368 101
311330338800549888 50
311330988909264897 50
311331727110979587 85
311334747009871872 50
311336709931560960 50
311339021009842176 16
311340111516291072 50
311340166021255169 50
311341868917063680 50
311342821040877568 50
311342883951230977 7
311343768949370881 50
311344989508616192 50
311345408934821888 101
311346189050204160 84
311347472511422465 50
311349624214536192 16
311349766791507968 50
311351041876709377 50
311352014946848768 112
311360265163771904 87
311360315491221504 50
311362282615631873 85
311362647511691265 50
311370465673363456 1
311374345408749568 50
311378376139079681 90
311378556494176256 112
311379361808920576 88
311380100006424577 84
311382306206126080 50
311382767579586560 50
311385753919815680 84
311390082441547777 8
311391546278821888 84
311392880059088896 7
311394817814974464 16
311397548323635200 90
311400677261844481 50
311401193161244672 112
311402682155945984 84
311403957195001856 88
311407744651522049 50
311408646431055872 50
311409288163782656 146
311409590153654273 84
311410458391347200 50
311412027052654593 50
311412102550151169 101
311412819788701696 50
311414484927381504 50
311415978074443776 7
311416133276291072 84
311416590459600896 85
311419501306605568 90
311420445029195776 29
311420512129662976 7
311421174833901568 84
311421548126928897 146
311422173082431488 112
311423813051117568 113
311424354116325376 87
311425092305424384 50
311427692794892288 50
311428116398628864 50
311429253063397376 50
311429479539036161 84
311429508894949376 16
311430419058946048 88
311431975149924352 84
311433761931812864 155
311434714047197184 88
311435028594827264 45
311435464815017984 146
311435477385363456 146
311436257546878976 50
311436710531694593 50
311438920913149952 50
311439847883689985 50
311440208581238784 84
311443735969931267 87
311444247704379392 50
311446248379006977 50
311450396528885762 63
311451050840297472 146
311452741174177794 50
311453173174923264 87
311453240271175680 50
311453424841551872 32
311453814899240960 84
311455840735473664 84
311456172098068480 50
311456193086365696 50
311457946284482562 14
311458067944468480 84
311458395083374592 84
311459301048852480 50
311459997307518976 50
311460513206923265 50
311460911661600768 50
311461029106298881 50
311462027333865473 50
311462052499685376 84
311462836868104192 84
311462849430028288 90
311463616983465984 2
311463621165203456 45
311464388735401984 50
311464657179258881 50
311465869333110784 9
311466292953628672 19
311466326491291649 86
311467182137696257 88
311468373349392384 50
311469325439627264 50
311469342208434176 84
311470931870613507 10
311471686836969472 85
311471921730551808 50
311472240468295681 84
311472877998338048 50
311473997885865984 15
311475910496886786 50
311476053099036672 10
311476942291480576 50
311476988445593602 50
311478318031572992 10
311479379186290688 50
311480503238803458 50
311482189353205760 112
311482990473658368 101
311483409925033984 45
311484215206219777 84
311484362027843584 10
311484701753876481 10
311487428051496960 87
311488363381280769 50
311489953009922048 85
311490116583559169 7
311490208866656256 30
311490393416015872 88
311490443739267073 2
311490657673953281 30
311491781743243264 10
311492155053068291 86
311492482208763904 7
311493409116389376 85
311493669184237569 87
311493975347458048 50
311494147330699264 50
311494461899288576 10
311496101893136384 17
311496391279128576 30
311496408039555072 191
311496424846135296 38
311496445788303363 84
311496789737996288 86
311497037185155074 50
311499289547403264 10
311499750916620289 50
311499931267514368 10
311500094862135296 112
311500908557119488 16
311501915190087680 10
311504310125076480 84
311504318505308161 33
311505853633159169 113
311505908154892288 155
311508047266738176 188
311508110151925760 90
311508114358804481 146
311508496061452288 90
311510526100381697 113
311511213966241792 84
311512879075577856 10
311512908444098560 84
311513042682773504 84
311513701154967552 84
311514426786320384 29
311515928351363073 10
311517023056314369 50
311517031461711873 50
311517320839323648 84
311517517996769281 84
311518742725156864 10
311518805627133952 10
311519405437747200 17
311519938101788672 84
311520038773477377 63
311520521101660160 50
311520755991072768 155
311521393546235904 84
311521548714520577 63
311521791967371265 88
311522135917076480 84
311522219786395649 10
311522509197545472 45
311525256500232192 63
311525977916313601 84
311526418301464576 101
311526820963033089 10
311527001297137664 101
311528037286027264 63
311529723408838656 63
311530851697577986 191
311531166245195776 63
311531535369138176 84
311531732488814592 63
311532168679673856 63
311533246611599360 84
311535238943764480 63
311535457030774784 191
311535582868299776 63
311535612224208897 84
311535746450329600 10
311535910023999488 63
311536035844726784 63
311536157466976256 63
311536459452669952 84
311536484618481665 16
311536572711444480 88
311536644010434560 63
311538107818336256 84
311539919778635776 10
311540012023939074 88
311541022880591873 112
311541350032097280 63
311544642543951872 63
311545003258286080 63
311546131513487360 10
311546236396249088 88
311546475463204864 88
311546999772164098 88
311547469513236480 10
311547578548359168 63
311548677481168896 84
311549122077401089 191
311549147255812096 191
311549566656843777 2
311549977723817984 88
311550426505961472 33
311551080800604161 146
311551462507425792 63
311552242635399168 84
311554453033590784 191
311554796958146561 10
311554906026803204 63
311555522576928768 113
311556101382475776 50
311556541801197568 16
311556835410866176 10
311557187736580096 50
311557464560635904 7
311557812679475200 90
311557871382966272 90
311558513107283969 146
311559595258691584 10
311559746232647680 63
311560308298756096 10
311560379589341185 19
311560983577518080 84
311561319088283648 10
311562128588935168 112
311562313138323456 2
311562879386124289 63
311565991542939650 191
311567618953850882 63
311567858045964288 63
311568751424307200 16
311570387198676992 84
311572069097799680 63
311573268681334784 84
311575281938878465 50
311575399391961089 50
311576498295418881 88
311576544432762880 191
311577358123556864 90
311577458807803905 188
311577907564781568 63
311577970496126978 88
311578821918851072 63
311580910694838273 16
311582156407332865 38
311583762838343681 29
311585138540679168 7
311585197277712385 50
311586145211392000 63
311589148312080384 191
311589488059113472 191
311590498861191168 84
311590729573093377 8
311592457638924288 90
311593816555663361 84
311595141989294081 90
311595473335095297 88
311597188792864768 14
311598900081483776 50
311600108032643073 33
311600888173195264 30
311602775605800960 84
311603681592229888 50
311603836752105472 32
311604335882670081 191
311604717585321984 88
311605766140342272 50
311606286238232576 191
311606416249077762 88
311607401906307073 191
311607980728672257 90
311608299516731393 191
311608546955522048 50
311608756700061696 84
311609780080889856 63
311609805255102465 63
311610694472704000 63
311612741280464897 50
311613966025646080 84
311618076409991170 191
311619162734723072 50
311623017316896771 63
311625013809778690 22
311626985128464384 90
311627056414863360 112
311629812110340097 86
311630223147954176 2
311635600216322050 84
311636820762951681 63
311637093405306880 191
311637223428722690 188
311637512827330561 50
311640817951465473 191
311641149284700160 30
311643514863767553 19
311644206928109569 30
311645377164095488 30
311646262162235392 30
311646568346431488 38
311648682246283264 86
311651081421737984 45
311651270131851265 146
311651710571511808 30
311652868161695744 88
311657062469873667 30
311657481900281857 90
311658723439419392 63
311659411296899072 63
311662062109614081 90
311663173604347904 63
311664087924887552 63
311664268300914688 14
311664893252214787 50
311665191064592384 2
311667015578419200 191
311669322433060866 50
311669813158244353 63
311670131946307584 63
311671511863930881 90
311674171031707650 50
311676993827655680 63
311677639742062592 84
311679019651325952 30
311680143741575171 12
311682932970487808 50
311684384191299585 87
311685747310723072 33
311688154878976001 50
311690285551869952 191
311691090854019072 90
311691187348201475 63
311692428870578176 90
311696413450973184 191
311700897149353986 14
311706278445580289 63
311708023280250880 63
311710145593892864 50
311711445823942656 30
311711894627041280 30
311712045621989378 0
311712519557353472 85
311713769472540672 191
311714486698536961 30
311719838622040065 63
311720996262514688 90
311721788977594369 16
311725010228232193 90
311726083961655296 50
311733352694685696 188
311735898628820992 191
311739837088673792 63
311741053403267072 191
311743574205161473 86
311744903812087808 86
311747319701856256 87
311750800986742784 2
311751472083783680 2
311756341645541377 50
311760162673266688 63
311763849474879488 188
311767905337487360 87
311771743138242560 63
311772070306512897 45
311777782952759296 63
311777896198971394 63
311777959092563970 63
311779519382036481 17
311779930436403200 90
311780937052602369 101
311781671068372992 86
311782543479435264 85
311785831826345985 30
311792886612099072 84
311796296581255168 146
311798259544911873 191
311804844589596673 85
311809659650580480 63
311810183926009856 63
311810599187255296 63
311812717289811968 63
311813317079482368 101
311813413540069376 88
311814944461037570 30
311815917573136384 191
311816446021865472 63
311817326821507073 45
311817431708467200 88
311818509615263744 63
311822020268658688 191
311822343221702658 86
311822586516471808 90
311824721383677953 16
311827376378085376 63
311827825185411073 63
311829154783969280 84
311831830749917184 191
311834867413422080 63
311834934534864896 90
311836926825099264 191
311838927512272896 90
311839372100124672 101
311841225974095873 63
311841561543593984 191
311843046302023681 29
311843188920967169 63
311845290275663873 191
311846225580277760 90
311851204252676096 113
311852026306916354 84
311852617716342785 63
311852701581463553 30
311853024542855168 87
311854127678361600 63
311854589051805696 63
311857315328425984 63
311857806070403072 191
311859374752665601 191
311861459313389568 146
311861870363561986 50
311863745188069378 88
311864328200523777 84
311864869286715393 113
311865448100675584 87
311867616526495744 45
311869088756555776 85
311869122302590976 88
311869139084013568 85
311869705319247872 113
311869789188542464 146
311870250574569472 63
311871454323023876 101
311871852798676992 63
311873077543845888 63
311873480197021696 146
311873677304139776 146
311873752814206977 113
311874000257163264 63
311874763649867776 14
311875321492287489 85
311876537811099649 16
311877045321867264 191
311878718857564160 50
311880623084158976 188
311880811832029184 45
311881310958411777 85
311882875425390592 113
311883861091053568 101
311889582117490688 90
311893029852151808 90
311893361189597185 113
311893805777436673 88
311894929846710272 45
311897345774198784 101
311897505136787456 88
311899753283739648 12
311899937854062592 16
311900046922764288 191
311900093026549760 17
311900390847307778 146
311902710297407488 146
311903268135645186 16
311906313204555776 88
311906489335939072 88
311906774557011969 88
311907042988277760 88
311908016096178177 88
311909723152732160 2
311910813667573760 15
311913355445145600 9
311913502241611777 4
311914844389523456 15
311915209298161665 3
311917667160293376 3
311920850658000896 3
311920934527320064 90
311921555309481984 85
311923581149921280 50
311927905464758274 32
311929297977896961 11
311933664235749376 146
311935694283091968 191
311937988567384064 17
311939527881129985 87
311939997643198464 90
311945043403501569 38
311945286652137473 33
311948130415411201 87
311949606793646080 86
311949673898336258 27
311952479917068288 191
311953268421058560 50
311956888126377984 16
311957936685588482 112
311959211745636353 50
311960113529380864 172
311961271157284864 16
311966509855547392 63
311967747162664960 87
311972243464921088 88
311973459813093376 2
311978983694680064 12
311979629646839808 50
311980065829289984 87
311980376203616256 50
311981408006582272 33
311981848429486080 38
311982204928524288 38
311986747368148992 32
311988093731368960 30
311989763081125888 113
311992262890504192 16
311992741003415552 16
311994343265300480 2
311997228929671169 188
311997971338235904 45
312000164921495552 15
312002161414385664 191
312002228552597504 45
312004250211332097 86
312006552884244480 2
312007811158654976 63
312008285102407680 27
312012991136690176 101
312013385380282368 16
312016233329487872 30
312018225632268289 14
312020960280727555 90
312024789718032384 87
312026937168101377 2
312028740727209984 2
312033148932354048 101
312034159767998464 101
312036374364708864 12
312038983205023744 88
312041684345167872 191
312042137330016256 101
312042540008349696 17
312043320136310787 63
312053210300960768 90
312054464406237184 1
312055433298845698 19
312055559102795776 1
312057865965821952 27
312057882743042048 14
312066837582053376 101
312072764154597377 50
312092255064322048 30
312093702115979264 30
312093978956808192 30
312095786697625600 63
312105525842165761 4
312116959527440384 12
312119446732955648 1
312122772816011264 87
312123188064686080 1
312124559606300672 1
312124609950539776 15
312127533372026880 155
312136618226110465 33
312137188647264256 22
312137243189993472 22
312137587097751553 22
312137725518180352 22
312138086240882688 45
312139973677682688 84
312140636373516288 87
312141139710971904 33
312141252948807681 63
312142326686429184 33
312142335058276352 63
312142431523049472 85
312142746091655168 7
312146005070057473 33
312146160284471296 50
312146651013869569 33
312148169356107776 33
312148181922226176 33
312148622345109505 33
312148894941323264 33
312149163406147584 33
312150614610153472 33
312150782394920961 33
312151482860449792 33
312152271364431872 33
312152376222035968 33
312152418169270273 33
312153168970674176 33
312153512899407873 33
312153621959700480 85
312155467428278272 87
312155832349499392 63
312157027696799744 33
312158856413331456 33
312158856446877697 38
312158999049023488 33
312161230422949888 33
312161238798974977 33
312161549173276674 1
312161893089435648 33
312162874594295809 33
312163533100027904 33
312163705041338368 33
312164317397147648 33
312164682314158080 33
312164921393684481 33
312165235958095872 33
312167190520553472 33
312168314598219776 33
312171103810359296 38
312171691017138176 33
312172496319307777 33
312173012218687489 191
312173729453072384 33
312174035616288769 33
312174148858286081 33
312174849298690048 33
312175524610969602 45
312175910474354688 33
312176170538004480 22
312176241824382976 33
312176321524535296 22
312178557092777984 33
312179203002990592 33
312179312046514176 63
312179349803646977 63
312179475636944897 33
312180327076462592 63
312181916726087682 33
312182260650631168 33
312182457778720768 33
312185171497582593 33
312185272152514560 33
312185532224520192 63
312186027127214080 3
312186828230897664 33
312188032000339968 22
312188111704715264 22
312188824719601664 33
312189143507664896 33
312189218996748288 33
312189785240391680 22
312189948793077761 33
312190573744369664 33
312190749938704384 33
312190968029904897 3
312191496508026880 33
312191861399896067 33
312192935158480897 33
312193031635877888 22
312194440917811200 30
312194566730182656 33
312194713555988480 33
312196831675289601 22
312198438064361474 84
312201583792381952 87
312202418458877956 87
312202460401913856 15
312202544317345793 22
312203278307950594 22
312203618063368193 22
312203634819608577 33
312203777430142976 22
312204045844639747 188
312205388038684674 22
312205681656741889 33
312206000390283264 84
312206352716017664 22
312206679901106177 15
312207615209897984 33
312208915448352769 33
312209993392869376 155
312210026955698176 22
312210286998323200 84
312210593161551872 85
312210832228491264 33
312210979045920768 22
312211973104340994 101
312212656763310080 22
312213025887240192 33
312215093662347264 22
312216167383191552 33
312216372925038594 22
312217383756521472 33
312217597661835264 33
312218457481543680 146
312219405423607808 33
312221334786678786 33
312221783577206784 33
312221791953231872 33
312224044323852288 33
312224400835493888 33
312225701069717506 1
312227039031726080 84
312227131323207680 10
312227550745214977 22
312227743699976192 22
312228003713277954 87
312228662244175872 22
312229996016066560 33
312230088311726080 32
312230138609811456 22
312230570652479489 112
312230591624007680 33
312231027831631872 33
312232583914192897 16
312232772641107969 22
312233011729014784 33
312233338901520384 113
312233510838611968 33
312234420994179073 33
312234584605601795 33
312234974650699776 33
312236836934270976 33
312238451732910081 33
312238829211881472 22
312240829903290368 22
312241060581634048 33
312244747399995392 33
312244873224921088 33
312245468820287488 84
312245884039606272 33
312246739694391296 33
312247528223551488 90
312248371266080771 33
312248803291979776 33
312249277223141376 85
312249667293417473 63
312249805730623489 85
312249889620901889 33
312249952535474176 33
312251764453818372 33
312251768660705280 33
312252234224246784 33
312252800459497472 15
312253396046462976 8
312253706416562176 33
312254671106490369 33
312255723864211456 33
312256839582642176 2
312257540031389696 33
312257875558948864 38
312257967837806592 33
312259586847567872 33
312259876250337281 33
312260081775423488 33
312260211773685760 90
312260790616985600 45
312261046452772864 33
312263651128115201 17
312265446294441984 85
312266117366308865 1
312269862871384064 33
312271154712829953 33
312276020105453568 33
312276531814756352 33
312276657660645377 33
312277244863197184 33
312280050844192769 33
312281342681432064 33
312282697454198784 33
312284505190838272 17
312287088894697473 90
312288988897628160 101
312289181835608065 32
312290339480293376 38
312291283194482688 84
312291610362793984 38
312291828433043457 90
312295154549669888 63
312295443944071168 33
312296345706844161 33
312296345727819776 33
312296505115557888 33
312297461412687872 90
312297708885008384 17
312298556126003201 33
312299218817662976 33
312299613082222592 90
312302029001326595 87
312302398095900673 0
312302838502002688 38
312303111127572481 112
312303513801732098 16
312304155530240002 113
312304574931300353 90
312306911150239746 16
312307024429973504 112
312308463080439808 113
312308714734485504 33
312309364855808002 12
312309973025685504 33
312312946778853376 33
312314712568242178 87
312316583219453952 7
312319657644285952 29
312320681062846465 90
312323076014628864 16
312323931640066048 33
312324980220248065 17
312327383548055552 1
312327698146004992 22
312327853310083072 33
312328201470889986 33
312328218218725377 1
312329262617219072 33
312331804344475648 33
312333335265419264 87
312333796647239680 33
312335033996304385 16
312335457608400896 16
312335663125131264 84
312338871784448002 87
312340742444036096 33
312341652578635776 1
312342973813764097 1
312345377141579777 90
312346580902608896 1
312350099915276288 17
312350523552563200 33
312358996042461184 113
312367342707421184 33
312368693252325377 29
312369385312501761 101
312372505891446784 14
312372585574854656 1
312376993800937472 84
312378143015043073 33
312381699784835072 113
312382882582773761 101
312384350593380354 33
312385000710475777 81
312385889898737664 84
312389291483484160 7
312389966770622464 113
312393137681219584 33
312393301229711360 33
312394022666776577 9
312397592015278081 33
312398774809030656 85
312406920143179776 85
312409910707105793 113
312420262232604672 22
312421075935973378 33
312428151726804994 101
312428202071040002 32
312428269146357760 90
312431947571945474 113
312434191524585473 12
312435844067782656 22
312441590289412096 33
312445042184826880 113
312447109989289985 90
312454882038800384 33
312455796397047808 33
312455985111392256 113
312461072802123776 22
312461748089270272 33
312462763102449664 22
312467175535435777 33
312468677079478272 38
312471080432435200 22
312472774922883072 22
312476151325007872 33
312485252989874176 146
312485395583614976 84
312487345947553793 33
312488377729568768 33
312494673400823808 38
312496002957451264 33
312496116203679744 22
312497194143997952 27
312499832365404160 38
312507507950092288 33
312512159429062657 22
312519784690507776 33
312521051374510081 90
312521856664088576 88
312524541018656768 4
312524612334403584 4
312525958714388480 22
312526285870071808 113
312528882110705665 101
312536457040523265 9
312537274933997568 33
312537291690237952 33
312537438495051778 33
312538852004880385 22
312541058191990785 22
312541553107275776 33
312542714950479872 33
312543990002110464 85
312548305966084097 22
312548792467607552 4
312550046581288960 4
312550281466478592 87
312550663148146689 22
312551074168975361 87
312558602944667648 33
312559311815585793 32
312561224401428480 22
312561698345209858 87
312562105205284864 188
312562935681667072 113
312563250237689856 32
312563975852281856 113
312568241455247360 22
312571911475441665 22
312572515488788480 155
312575136895221760 33
312577531859591168 84
312579448635523073 85
312580262368272384 112
312580690178875392 87
312582271439872000 84
312583785550069760 16
312589938598215680 22
312593654768365569 90
312594229375426561 87
312594401367044096 4
312595340882743296 22
312595370238685184 2
312597425435078656 33
312597786153582593 32
312601305157885953 90
312601753965178880 22
312602135634255872 33
312602869658431490 2
312605755343781888 33
312607240106426368 27
312607936381857792 63
312608255123808257 84
312609945457668096 2
312610402632617984 22
312615754568699906 33
312615821639811072 22
312619718165032960 32
312622540919042049 32
312622893274116096 33
312622901658525696 33
312624088629792768 84
312625091089403905 84
312625544049078272 30
312625934115151872 85
312626546496139264 12
312626689089863680 22
312629037912711168 30
312635828478300160 33
312636004664242176 33
312639255245639680 86
312639309750624257 14
312644779118833666 22
312651213214736384 32
312652811215204353 112
312656103769010176 85
312656107938123776 101
312656539951448064 33
312658708406611968 5
312659308200472578 86
312660423902117888 22
312660482593021952 87
312663145997033474 22
312663578014527488 63
312669441655717889 2
312671081632776192 45
312675645006172161 33
312676353872908288 30
312681647080349696 38
312690098569371648 90
312690153103687680 32
312692099285913600 17
312692845838479360 17
312692938125750272 16
312693068149186563 87
312694821389205504 30
312695630885695488 19
312698717872463872 32
312698755616997376 112
312701410619838464 19
312705416167555072 7
312705730761334784 14
312707823702261761 84
312709388211208192 84
312710113813229568 45
312712479404875776 112
312714727547629571 85
312715121820565504 17
312716862444142592 146
312721111265710080 112
312722990313897984 87
312723791413403649 33
312724873560604672 86
312726832283783168 17
312727134294642688 90
312731483792084992 90
312735413850742784 27
312738865762947073 2
312742661599686657 30
312743378838233088 33
312748915327901696 27
312750366536130561 90
312752543384100864 85
312755055793172480 33
312766044865445889 188
312767970034204672 2
312775498818285568 33
312776681603604481 90
312777365296148481 33
312783023387058176 84
312785489642020864 2
312793001640480769 17
312794532553031682 85
312802728248229888 27
312811997639094272 87
312817295045054464 33
312823183864627200 113
312828103762272258 85
312830305797033984 27
312832612647440384 1
312839159976955904 85
312846260933640193 32
312848328704544769 84
312852116144279553 4
312872974447431680 30
312885326655926272 85
312885343433158656 85
312888703074848768 146
312899172061818881 38
312901244064780289 8
312902397481590785 84
312902569452257280 3
312902712062799873 17
312908122685571072 84
312922349798301698 85
312924203676467201 87
312926003028688897 33
312926330163449856 85
312927743643901952 188
312928746099314689 84
312932541961236481 85
312935280812363776 85
312936862085947393 87
312939894559354881 27
312944311165669376 146
312946664149229568 90
312947549151563776 90
312949923123441664 4
312951378559524864 101
312954369115041793 33
312956080370098176 112
312958248829472768 63
312959167365263361 90
312959943345070080 16
312964112462262272 112
312965148446961664 63
312969317589340160 101
312971410555432963 84
312984110903734272 63
312990914077405185 16
312995687178567681 45
313003132084961280 14
313006466556649472 45
313007867433201665 85
313010061070974976 33
313011386454269952 27
313015408821141504 146
313015597556445185 2
313015689814355969 85
313016675479994368 14
313017791164866560 17
313018126713380864 101
313018130920243201 17
313019171099258880 17
313025626141495296 87
313026578244325377 9
313032391524487169 2
313033003897061376 16
313033184285696000 85
313043133145419776 90
313043577762631681 17
313044739563872256 90
313059591590146048 90
313071910256791552 101
313077027311857665 2
313079514550906880 30
313080596698132480 45
313082073059557376 27
313085696971776000 84
313085994733809664 112
313086707773882368 15
313094140093140992 84
313096589566672897 84
313101710786711552 17
313102545478356993 84
313107603817373696 9
313116357329821696 17
313116785140453376 32
313120471937855489 17
313121675686330371 112
313130433414041600 112
313131624562823168 17
313132224352509952 33
313137056190713857 11
313145126035783682 85
313148330479861762 17
313150796734820353 84
313152814207598593 84
313167716582293504 90
313171340435791872 33
313172967825752064 33
313176147137531904 17
313178563048247296 84
313184640590561280 188
313189862478053376 45
313189988315574273 87
313192039330246657 17
313194836922605568 27
313198167199997952 17
313208300651024384 146
313215128994717698 87
313217423245467648 4
313218232758722560 146
313226248065282048 146
313227820954419200 146
313228114547318784 146
313235152581046272 33
313241842487541760 84
313245931954925568 2
313252017890000896 112
313252982558978048 84
313256665166278656 86
313268476343099393 33
313272268002308097 85
313277120778493952 86
313280400745193472 85
313284406309711872 85
313287040307437568 38
313289284293652480 86
313296167142309888 9
313297765151145984 84
313299908436320256 33
313303276454035456 63
313304383758680066 87
313308288659894272 112
313308431278817284 50
313309114941992960 85
313310092214820864 101
313310373245771776 101
313313472840605697 85
313314924036247552 85
313316060709388288 146
313317142860795904 85
313325799866527744 191
313326391275974656 112
313326936560640000 112
313327100121726977 112
313327272092385280 112
313327620219621377 112
313329834812116992 112
313329838989668352 112
313331906773135360 14
313332863074455553 101
313335761342697472 84
313337623643037697 112
313339934708752385 84
313347383788457984 16
313348272964112386 27
313349053113053184 87
313349472547663873 90
313350214931083264 33
313351968166928385 30
313352211415588865 32
313352374985035777 33
313355831112507392 16
313356917420470272 2
313357215211872257 2
313360788767264768 14
313361136902893569 87
313361719915339776 2
313364572046245888 2
313364945335107584 112
313373958890196992 16
313373971447947264 101
313376743912255489 101
313384528511123458 101
313385447097241600 2
313385493226201088 16
313386655061008384 2
313386671800455168 2
313387179323826176 30
313388940918927360 38
313392954884648960 84
313393919574540289 84
313394821366702081 14
313395362410950659 1
313399489631240192 14
313401549000937474 2
313402736001572864 19
313405164511969280 2
313406477320732673 85
313414559765520384 14
313414815588708353 14
313414844957216768 14
313414920471453696 14
313420574380658688 2
313422747025948672 16
313423107731890176 12
313423120319016960 87
313428501619408896 2
313429751526207488 87
313435036332470272 90
313440820298653696 84
313442565112344578 33
313446193176907780 16
313447405347561472 14
313449557000331265 16
313457844978606080 2
313458964845191168 2
313463154959085569 2
313466132893941760 112
313466166473539584 33
313468964078485504 33
313479294632460289 33
313518284903428096 188
313519413171220480 86
313520142963318784 188
313522659562500096 17
313524593124061184 85
313532813947334656 85
313533032055324672 84
313536400077230081 16
313537452864327680 84
313540258828533760 188
313541542298144769 146
313544956453191681 85
313549255631572993 86
313549716996624385 112
313552485245648896 84
313572156510453760 87
313574337573687296 172
313574572463099904 90
313574874432016384 113
313575528756039681 1
313584999494471682 112
313585125311004672 2
313590837948866560 45
313594524742070272 85
313594713506725888 101
313603924185739264 2
313606717579603969 87
313607036371865600 84
313608894452736000 12
313612300215013377 86
313613323633565696 112
313613378138550272 84
313614514807533568 2
313616960095154178 33
313621766771732480 8
313623259939733505 101
313624006492303360 0
313628192432877568 188
313628779618652160 155
313632881652166656 84
313640712438697984 85
313641098310463488 4
313643468075442176 2
313644600524959747 2
313647020642549762 9
313654071267561472 112
313655442838528000 87
313655669314166785 9
313656495587872768 9
313657376383315970 9
313657766453604352 29
313657841942687744 112
313660606005788672 4
313661457470459905 9
313663281984311298 0
313665093923663873 17
313666071175499776 32
313666683552288768 113
313667094594072578 85
313667555963305985 84
313669246272012289 16
313669346956304384 87
313670336786870272 188
313671234380525568 9
313671234384707585 9
313671523791667201 2
313672547210256385 90
313674946352148480 38
313675583856967680 84
313676171084718080 16
313679115456757764 2
313680843543552001 101
313681330061836288 101
313682223461191681 146
313682596724891650 190
313684358353526784 146
313685331436269570 146
313691287339552768 0
313693518696693760 2
313694261101084672 101
313694319829737473 84
313696089813446656 188
313696416969154561 84
313698069533310976 17
313699009049010178 146
313701622092034048 101
313703610192113664 2
313704969175982080 2
313706030330683392 87
313708798562926592 85
313709234787344384 2
313711088652926976 190
313714024657342464 2
313714649596043264 84
313714934833876993 84
313715131970379776 16
313717279454007296 2
313720324506140673 146
313722245480583169 146
313722362946269184 146
313722732019851265 85
313723260518924290 101
313725219246321664 32
313726993466273792 4
313729648456523776 84
313732248916611072 30
313733112955797505 2
313735868584169472 16
313737487619088385 146
313737605038616576 87
313741874823307265 86
313747692360699905 112
313748283728211969 45
313748682187104256 101
313749399408881665 87
313750338937171968 9
313750779339104256 90
313751915991298050 16
313752834556452864 17
313752876503666689 86
313757603475906560 0
313758404604731392 88
313760883409027072 85
313761684542062593 12
313761873277353985 9
313763664245186560 112
313763689398411265 17
313765111296823297 85
313765740421447680 0
313770169598087168 85
313776037467140098 17
313778960880259072 86
313780177224204289 2
313782165328494592 38
313782630883684353 113
313787504656539649 5
313788372898435072 85
313788607775272960 2
313789689918279681 32
313790700741337088 16
313798644753104896 0
313805653422505984 4
313812553065189377 45
313812930552532992 4
313814687940755456 191
313814763463385088 90
313818752233922561 101
313823978353459200 17
313824699748605953 4
313836737426247680 1
313837039411933184 16
313837261684891649 27
313838926861332480 45
313844140360208384 1
313847017656954881 84
313849605534138368 19
313855553073979392 0
313856681350152192 4
313863522255790081 32
313866252735115264 113
313868911940608001 87
313872875528531968 33
313877631881863169 188
313880064578170880 12
313880601440702464 188
313881343824121856 90
313889526940594176 112
313896816628342785 4
313897848410370049 9
313908648764121088 84
313908841676943360 45
313911144358227969 85
313911735771877376 87
313914348827451392 4
313916332703891456 146
313923949564157953 112
313926533251215361 188
313929481876303872 4
313929783857782784 84
313931218326532096 16
313934343083012096 191
313947316048498689 1
313949723562233857 101
313953154528075776 2
313954425406386176 101
313956056982245376 1
313957218783490048 1
313961073361444867 1
313962772062945282 87
313963191497547776 85
313964189712535553 1
313968212066844673 84
313975526933032961 1
313975615009193984 32
313979972903645184 87
313980631384199169 84
313981604496277506 1
313983772938874882 1
313986419527938048 1
313986419561476097 1
313986532782510082 101
313987065463316480 17
313987229062139904 1
313987233252261889 1
313988600574398464 146
313991666598027267 38
313992966836482050 1
313999228953305088 87
313999241548800003 1
314001313505632257 101
314012013166723072 1
314012306780585985 0
314013808362418176 19
314025732743512064 101
314026798126096385 1
314028568084611072 90
314030694630305794 1
314031281803505667 1
314031319556444160 101
314031843861200896 87
314034901513031681 101
314035065090879488 1
314035866190364674 32
314039737549733888 1
314039842373763072 1
314040672845983744 1
314041415258734592 84
314042447040749569 1
314042568675565569 101
314044514845196289 191
314045349515898880 85
314045886399381504 1
314046813332180993 1
314047744450887680 191
314048440709545984 1
314050915369893889 63
314053234807410688 101
314055378088390659 87
314056292463435776 101
314056426651799552 90
314056909013524480 1
314060281217167362 12
314061220774825987 2
314061241750544384 101
314072964800868352 1
314077347852738561 2
314081105940717568 32
314083110813843456 1
314087602917609473 38
314089259697049600 16
314097602167721984 14
314098629772197889 1
314101884518559745 2
314103574831431680 32
314104216589316096 2
314104636002930688 101
314104858284273664 86
314104958972731392 146
314108079509762048 16
314114995933827073 17
314115696382578690 45
314116119990521856 1
314122591801597952 16
314124382790381569 87
314124756087603200 14
314125565558939649 84
314127121679265792 90
314127159419613184 1
314127620797251585 32
314128744879120384 17
314133165667139585 8
314136437203292160 2
314137913610874880 84
314139465503346688 87
314139868152340483 38
314143135506767872 101
314143529800704000 1
314143752073670656 90
314148550353252352 188
314148848178188289 90
314149351465316354 38
314149997413277696 112
314150039360507905 113
314150051914080256 30
314150320370483201 112
314150970491826177 17
314156070736117760 1
314157849137778688 1
314158792839397377 1
314162995532029953 1
314163100397993985 112
314163939275575296 1
314167303107395585 17
314167605084708864 16
314168255193432064 16
314173330322239489 112
314178573172867073 101
314185334395117568 63
314190069781114880 4
314193240691703808 12
314193974665551872 1
314195157467684866 113
314196512236261377 112
314197132976459777 4
314205127340859392 87
314210806411689984 14
314214568694013952 4
314228489588965376 101
314230528050069504 1
314240900559691777 101
314241336750514176 1
314246432850849792 112
314247682745061376 17
314250291606347776 30
314250530660708352 112
314250530664882176 112
314268956259123200 2
314280935191351297 90
314284756210683904 17
314285305643556864 2
314287088205971456 16
314287880954593281 146
314305023049883648 146
314307938112114689 188
314308726628700160 1
314311809450524672 38
314312556040818688 112
314313193583419392 112
314315399791538176 87
314317983466004480 146
314319812199329792 146
314320093184143360 1
314320378405220352 146
314324765647196161 1
314328481796345857 0
314330432177045504 85
314330486669443072 155
314330591527047170 4
314330662859595776 112
314334337061486593 17
314335918330875904 32
314337449243451392 27
314337759630356480 188
314344218858496000 1
314345716191465472 1
314345774911741953 1
314348937412759553 17
314349428167299073 1
314350644523835395 85
314353395983060992 1
314353442133004288 16
314354356482875395 1
314354402599251969 101
314355543449948161 113
314356491379429376 146
314357493792911360 1
314358018093494272 17
314359335121731584 4
314359867781558272 87
314361356763672577 1
314361432248549376 19
314362455658729473 87
314364741562814465 112
314365085491556352 1
314367258149404673 1
314370613580013570 1
314370789761748993 1
314371276292640768 1
314372517806620673 1
314372748501725184 1
314373033722785792 1
314373830619586561 1
314374078108692481 1
314375508357943297 1
314376758252142592 1
314376775037747200 101
314378679255957504 2
314380470198616064 1
314382965838852096 2
314384408662654976 2
314385029407064064 1
314385058775572482 1
314386258338148352 17
314386317050003457 1
314386728100167680 14
314388988830048256 84
314390880486301696 1
314391861936664578 1
314391933227253760 1
314392709207035904 1
314393149604773888 17
314393355121487874 17
314393753571950593 14
314394818941956096 17
314395481621004288 17
314395947171983362 17
314396815392919554 101
314397650076188672 1
314397910106255361 1
314398035956363265 1
314400573522857984 1
314403018776907777 16
314404872680263680 1
314405992567808000 17
314406592349093888 146
314406596539187201 146
314408559448322050 15
314408865628295169 87
314409272496775168 32
314411235418468352 1
314411575178055681 1
314412577599938560 63
314412703450009601 17
314413194150027265 1
314413533897048064 1
314415303922696192 16
314416453124239360 101
314416654484373504 1
314416847388827648 101
314417275241390081 45
314424095146143744 17
314428394332909568 28
314428402729889792 1
314430483092103168 1
314430877348282369 2
314432676725678082 17
314433905627394049 15
314435323331481600 1
314435616936960000 17
314436367692222465 1
314436824892309504 17
314436875211403265 1
314437391098183682 85
314437735031111681 85
314437873455747073 16
314438334808223744 30
314441136632647680 1
314441220514512897 16
314442654979076096 84
314443556750245888 17
314446719255453696 113
314446903800651776 155
314447771992223744 2
314447772013174784 1
314447776215863297 1
314448283714072577 1
314448417927602176 1
314448489226596352 1
314448501826256896 1
314449089020452864 1
314449139360477185 17
314449277772517376 17
314449424581529600 85
314452134089330689 1
314453019087495169 1
314454088626622465 15
314455728586911744 1
314456315802050560 17
314457309839511552 17
314457410502799360 17
314457725079801856 1
314457926423166978 85
314458719142440960 1
314459901952933889 84
314460434604359681 17
314460728222416896 17
314461558682030081 112
314461877436551170 1
314462837932191745 17
314463383221067776 1
314463634858332160 1
314463727162363905 15
314465115447627776 1
314467409740304384 38
314469204889858049 1
314469855023734784 1
314470542881210368 38
314470568047038464 146
314473374036406272 1
314473550192984065 14
314473592148611072 191
314474867217022976 17
314474867229597696 4
314477073429307392 1
314477442519666689 112
314478063259877378 1
314478142985216000 1
314478709212057600 1
314479631929589761 4
314480495972982784 90
314481368375623680 85
314481498407444480 87
314482098201325568 17
314482257563889667 2
314482920284893184 1
314483297759670272 1
314484316992319488 19
314486594491002880 155
314489576653742080 90
314490507764060160 85
314493552841351169 8
314496115565273088 1
314498242085797888 15
314498300789288961 2
314501278736723968 4
314502390244048897 17
314503413645848576 17
314506471280898048 1
314511315731365888 90
314513840677191681 85
314516189495840768 17
314518328578289666 17
314518336992079872 17
314519268119162880 1
314523034595778562 8
314527522496843778 15
314529036669968384 16
314529321857478656 1
314535995016093696 85
314542257095204864 4
314543678985232384 9
314548930253824001 85
314550373094404096 87
314551828513710080 17
314551887229767680 1
314555246837899264 17
314562419110342658 17
314565837476487169 17
314566126870863872 87
314574104445480960 22
314576109335359488 15
314579150214164480 16
314579456398352386 85
314579804512989184 17
314581159281586176 17
314586649596141568 12
314588444783411200 101
314588855795851265 85
314589354943201281 2
314593494700261376 84
314603175174873088 17
314604991283359744 84
314621508473479168 87
314626449380347904 146
314627204321529856 146
314628164821319680 1
314629028847947776 146
314629444088242176 113
314629595099955201 85
314629993529475072 1
314630245208707072 1
314639548166569984 87
314639925679108096 146
314643616641466368 4
314644891718262785 1
314646934331740161 15
314653582328745984 16
314653783638556672 84
314656501564325888 7
314656711271141376 4
314660377088634880 4
314660515492270081 87
314661094318829568 29
314663648628989952 146
314663988375986178 45
314664323932889088 16
314666697917353986 84
314671760417112065 33
314677951205605376 16
314679041728864256 2
314679717011795968 4
314682820821917696 87
314683038921523200 113
314686385963540480 45
314687363240574976 146
314693310772023296 0
314697718993915904 45
314700990534258689 45
314701372215934976 15
314702672454369280 4
314703142216413185 2
314708380897931265 33
314708573844291584 14
314709232354222080 38
314711841207111680 17
314715385368829952 1
314716522037800960 1
314719072166244354 32
314719361581608960 112
314720372417241089 112
314724092752326656 15
314724453458251776 4
314725585924526081 2
314730296144715776 90
314731550224818178 17
314734805025705986 101
314736738595643393 17
314738651194068992 22
314739511001231360 32
314739821409075200 1
314740106625957888 90
314743348789391361 1
314744779047055360 87
314745387233730561 1
314747274657951744 1
314747471802798082 1
314748373582352384 146
314751464776007680 1
314754287551016961 1
314758335037583360 1
314758565753655297 2
314764718780846080 2
