303540765458575361 16
303540773872349185 16
303545089823760384 39
303545094001287168 5
303546247447461888 5
303550978601406464 25
303551423214395393 39
303554631831793665 15
303557135848062977 23
303558201192894467 15
303559056839303172 24
303562064172040194 39
303563548951461888 39
303563947380965378 39
303564308124688386 15
303564551373332480 23
303565121794494465 39
303565176307859456 39
303565469909123072 39
303565608358907904 39
303566258467647489 16
303566266856243200 27
303567453814943744 25
303569077044117504 24
303574068253302784 39
303574714163544064 20
303574865158492161 29
303576865833103360 39
303576920384208896 39
303582742061404160 2
303583010509443072 12
303583778054492161 23
303584767926992896 27
303588735713419264 20
303590795150241794 42
303593240395911170 27
303593404007337984 29
303596939776258048 39
303597501833965568 4
303599271826059264 32
303600664313999360 27
303602857955950592 21
303603705188581376 32
303605911421865984 32
303607299723898880 32
303607371031257088 23
303607421341937664 32
303607488454995968 32
303608193093869569 32
303609417864204288 32
303610592256729088 9
303610852278423552 32
303611384971816960 32
303614941741584384 38
303616678170857472 20
303617504478117890 20
303618133606932481 32
303622000742633472 21
303623728808480768 32
303624458613174272 11
303625008087986176 4
303625150660751360 14
303626144731770880 21
303627537223933952 34
303630708113547264 5
303632541041188864 14
303633497329909760 24
303634466218311680 24
303638564044931072 32
303639721710608385 42
303639935603326976 0
303640279515287553 36
303640799621545984 28
303641210684321793 12
303646155764551680 32
303646713581826049 17
303647598609326081 36
303648890438180865 32
303652510114123776 39
303654095556849666 5
303659313283612672 24
303660177318617089 4
303662433849970689 2
303666384884338689 39
303668716921577473 29
303671950729953280 39
303672693125967872 32
303677189415645184 5
303678472876875777 23
303681572467515393 39
303681849287397379 29
303683745091817472 23
303685762560446464 29
303689667465850882 27
303691995300384769 23
303692402143682560 39
303693522018643968 25
303693568181149696 39
303699373068533761 39
303701298254069762 23
303703147937947649 4
303704888611856385 23
303711150699323393 24
303712455136276481 29
303712912294428673 23
303715416310693888 9
303717727347023872 42
303718725616558080 32
303723968463003648 24
303724589257740288 32
303724660539916289 32
303725654606749697 2
303726459917307904 16
303726719934816256 24
303732109644808192 24
303733841888178176 21
303736593326436352 21
303740640825593857 39
303741475517243392 34
303744268915331072 39
303744591855767552 28
303746668069797888 24
303747280438165505 14
303747360129957889 24
303748769403502592 14
303748882666487808 14
303749339820466176 32
303750082220658688 36
303750275141865472 24
303750342250733569 29
303751160140017664 39
303752271643176960 24
303752271647342593 24
303752913380048896 26
303753433452793856 24
303762652549746688 10
303772370731163648 14
303777416483049472 23
303779639459983360 28
303781187187535872 24
303781694694117376 27
303787709317648384 24
303788564959875072 36
303793908503179266 24
303794151764393986 4
303794315359039489 34
303798404805439489 24
303802880119435264 24
303803303731535872 39
303804209717977088 42
303807409976127489 39
303807854555570177 42
303809339347578880 2
303809582617219072 3
303810647982997504 24
303810899624488960 42
303811021250908162 24
303811507811131392 14
303811633631883264 24
303813307146567680 35
303813978226835457 24
303814716462071808 24
303814729019842560 39
303814951305347072 24
303815014257684482 24
303817660863504384 24
303818440974667776 35
303821188256395264 12
303821452510109697 23
303825537766404096 28
303826083004948480 21
303828490539642880 32
303828696047968257 24
303829597840089088 37
303830524789669888 24
303831007117836288 24
303833162977538048 32
303838640746942464 39
303840846950838273 27
303843132842328064 32
303843418054983680 24
303843573244252161 39
303844647015419904 32
303844764451749889 3
303844898648494080 24
303846177902833664 27
303846366646530049 23
303846471516700673 24
303847524278603776 24
303847817888268288 27
303852175757553664 24
303853102728085504 32
303854537180069888 19
303854876914487296 23
303857053766660096 24
303857418633355265 17
303859469664804864 27
303860677628542977 27
303862166623252480 36
303862833479827456 24
303863353577701376 24
303863403917758465 24
303864112771891200 23
303865450725519360 25
303865547211292672 23
303865832415576066 39
303865844990107648 15
303865844998471680 37
303867266871721984 24
303867577250217984 24
303868357386596352 27
303869020111781890 15
303869909291651073 15
303870416815009793 14
303870425191026688 14
303871658316406784 27
303872098726735872 5
303872337802047488 24
303872513946030081 39
303872824328740864 23
303872895636103169 34
303873038221467649 24
303873067619340288 14
303873411522887680 23
303874174886244352 24
303874288153399296 15
303874871136505856 15
303874921472348160 10
303875219272122369 24
303875491914448897 15
303876364338081794 24
303876607590936576 21
303876842467770368 15
303879631667347456 24
303880235668086785 24
303880273425219584 24
303881074537287680 7
303882156642545664 15
303882412520267777 24
303883343647363073 15
303883662410256384 15
303883809210900480 39
303884190905147393 15
303885189120147457 24
303889333117657088 24
303890163564699648 24
303890394259812352 24
303890754995122177 15
303890788553719808 15
303890826281496576 14
303891019219488769 24
303891765793013760 28
303893149938483200 34
303893154120220672 36
303894018167816194 2
303895620387758080 2
303895830098763776 24
303895897211809792 2
303896698294501376 24
303897889481056256 21
303898183111696386 39
303898661258133504 9
303900389294624768 15
303900619998126080 15
303901018457001986 36
303902276739821569 29
303903874773827584 24
303903979602067456 24
303906366194597888 27
303907108557053952 39
303909599990386688 28
303911143511035906 27
303911852331646976 32
303911923639017472 39
303912020112207872 15
303912628290482176 3
303915618795655168 24
303916482822279168 3
303916503802212354 21
303917904720715777 23
303919368516018176 15
303921176273641472 15
303922791084867584 15
303924774982258688 27
303924875658158080 39
303927115391328256 29
303928218522636288 19
303928499541004288 27
303929309037465601 24
303930038821220352 20
303930043044864000 24
303930890277515264 24
303930928013668352 25
303931024491032576 15
303932140180082689 24
303932580561031168 24
303933759168860161 24
303934778401505282 15
303937257222594560 14
303937404040011776 26
303937525645463552 24
303937655668879361 24
303939773825970176 7
303941757723353089 14
303941900333887488 14
303942034560000002 14
303942156186431488 27
303942290399956992 14
303943481578098688 14
303945964593496064 14
303946455356420097 24
303946883154460672 27
303947151577333762 27
303947503919828995 27
303947680088985603 24
303950226018938881 24
303951324909805568 20
303951584986034176 14
303951928897978368 24
303952407061217280 21
303952851644841984 17
303953405284581376 2
303953724060098560 15
303953841517383680 14
303954105737564161 24
303954432914243585 39
303955296945049601 3
303955573752352768 7
303955867370393600 24
303956928525135873 24
303959692542087170 24
303961374487375872 21
303963391918211072 14
303963639419912194 24
303964939616391170 25
303965254189187073 9
303965501653123073 10
303965950447861760 39
303966009197469696 24
303966457979600896 14
303966567044091907 25
303968899051974656 14
303970509664706560 24
303971138835447808 34
303974490080149505 14
303976658514354177 24
303980148179496961 10
303981251298217987 6
303983210038194178 15
303985353306566656 32
303987949601685505 24
303990449398497280 24
303990533259399169 27
303990822666375168 12
303992131322802176 14
303992693363712000 0
303992957583888386 36
303995641942667264 36
303997634228654080 27
303999353905876993 14
303999534256758785 14
303999689454411776 23
304003707572453377 24
304004848452513793 14
304007125934411776 24
304007201457070080 4
304007335645442049 24
304007541166338049 36
304008405197127680 24
304012255576604672 24
304014256268005377 24
304014797320622080 28
304016491823628288 7
304016491832037376 24
304016630252462080 27
304017330684432384 15
304017431368708098 24
304020627419955200 24
304022535811514368 3
304023492112826368 14
304024578424975362 21
304024968512040960 15
304025564098990080 19
304029460624195585 4
304029766791622656 20
304030429487439872 15
304032648270053377 4
304032799281790976 41
304033365517025280 39
304033927536988161 24
304034770587906048 10
304038776164999169 36
304039120089513985 24
304040470667984897 24
304041456321040384 3
304042345496715264 10
304042806895337472 27
304043255677452289 10
304043633164832768 21
304044186804576257 27
304044631421751296 27
304044912414965760 25
304045587718881280 3
304045801607409664 25
304046992798150657 35
304049073193881600 35
304051363262914560 27
304053825323540480 28
304053900804247552 13
304054781608083458 15
304055394010005504 3
304058585854398464 36
304063195398684673 24
304065883934953472 3
304067410665799681 15
304068618621165569 24
304069000311230464 24
304070459954192384 24
304074306130944001 14
304076357145600000 36
304078248747360256 28
304079448339275778 15
304080102650679297 24
304081121858187264 26
304085542637813760 27
304085848842989568 24
304086977089765376 24
304088713561001985 27
304090059915808768 21
304090282197123072 24
304090559050575872 3
304092341629771776 24
304098188464369664 3
304100713464750081 27
304102013669621760 20
304102156280156160 3
304102156288532481 3
304102479241543680 3
304102898676142080 3
304102949020385280 3
304102990942441473 3
304103414571364353 39
304104488334143488 3
304104605783035905 23
304105306202468352 3
304105394307989504 38
304107910873628672 3
304108183490809857 3
304108275765493760 3
304108821054357504 6
304112923058532353 3
304114336543166464 3
304117704586059776 3
304119998878715904 39
304121181655670786 3
304121341022449664 25
304123081662808064 3
304124562268893184 3
304124600021835776 34
304124667122302976 3
304125317222645761 3
304126370005532673 24
304127477301784578 28
304128966300680194 3
304131281522925568 3
304139095544840192 35
304140647433138176 35
304142727795310592 35
304142740357279745 35
304143252083331072 3
304143612785082369 35
304144950759677952 41
304145261167513600 3
304146074845736960 10
304146427179851776 24
304146838221643777 35
304147911959269376 3
304150055261196288 3
304150864724127744 24
304151070245011457 3
304153452634849280 27
304154308281237504 15
304154622845661184 14
304154815771078656 36
304156938097274880 35
304156967469985792 35
304157282009231360 3
304157525291433984 3
304158997496356864 35
304159714726518784 40
304159786029703168 35
304160062870548481 3
304160645853614081 3
304160872367022080 35
304162466177380352 35
304162571043368961 40
304163107901673472 28
304164454290038784 35
304164731126693888 3
304165649645723648 35
304166383669878784 35
304166643716726785 36
304166677262766080 35
304167130264379393 23
304167503561650176 3
304167847494569984 35
304168300450025472 3
304168438857875456 35
304169558749609985 3
304169793651625984 3
304170439553466368 3
304170632483074049 35
304170963858235392 35
304172771573895168 3
304173144883728384 0
304173585277280256 3
304174004716044288 24
304175229465423872 35
304175632110219265 35
304176470979379201 3
304176789746511872 35
304176819094032385 29
304178597474729984 3
304180359090798592 24
304180824650174464 28
304181730636607488 3
304182007439708160 35
304183269950373888 35
304183328645459968 35
304183538364846080 35
304183760675549184 15
304184343696396288 24
304185622933958656 3
304187426493063168 28
304187682333016064 14
304187799773515778 3
304189448155955200 23
304190840639733760 21
304191813718249472 3
304191817933524992 3
304192468038074368 5
304193269145939968 41
304194200298192897 3
304194334511747072 3
304194766525059073 24
304194787496570881 3
304195961880719360 35
304197316670271488 34
304199149551767552 3
304200357549051904 14
304200902775029760 35
304200919585808384 25
304201502573076482 36
304202463072882688 28
304203436163989504 27
304203478094450689 3
304205701075591168 35
304206611243737088 23
304206661583794176 35
304207307498205185 26
304208049894195202 36
304208532243369984 9
304217365451771905 35
304217755496886272 23
304218871185956865 0
304220825744207872 24
304222415372840960 5
304225053585846273 3
304225888273301505 29
304226077021184000 24
304226513216208896 35
304229885440843776 25
304235832972296192 19
304236030091993089 24
304236101374181377 3
304236822815449088 35
304239838520045569 23
304240018862530562 28
304241440735776769 28
304241679819481089 35
304243856646496256 3
304244288651403265 27
304248986292867074 3
304251037290729473 21
304251037324304384 36
304252173972295680 24
304252853428559873 24
304254459855396865 3
304254669553803264 25
304254908629135362 23
304257475572539392 10
304258138247401472 2
304258465432485889 29
304259576918859776 35
304260810023243776 4
304262605189558273 29
304262802317651969 35
304266468160323585 3
304267344765665280 28
304273506173087744 10
304275968237912064 24
304276496749572098 15
304278652592476160 2
304286617584144386 24
304290669302804480 19
304293219414450177 3
304293861130391552 24
304294087652155392 27
304295039734013952 19
304296662929657856 29
304297195610451968 26
304297594094493696 19
304300391691059200 3
304306200781156352 27
304310290256891904 4
304310457991311360 3
304310483178106880 35
304311967957524481 35
304312387387944960 23
304312995549413377 3
304314669110280192 9
304317663834959875 41
304318821467049985 24
304320536908017665 25
304320671134134272 9
304320943780659200 25
304321052824190977 23
304322407601164288 4
304323674264178689 28
304323732967661570 21
304324815110696962 32
304327566582493186 28
304330871694032896 3
304331316302848000 28
304332687802527744 16
304334579441995776 2
304334965322170368 35
304335435071623168 39
304337452569616384 16
304338681471320064 16
304341529403744256 16
304341567165038594 16
304344641585700864 27
304345262342676482 36
304348030570729473 16
304349108532043779 16
304350501045149697 27
304350832382586880 27
304351046308859904 8
304351172129595392 21
304352489149456384 16
304353873248804864 27
304355492254343168 16
304356800889774081 9
304357287399657472 16
304358801551798272 21
304358973526646785 24
304359871086723072 21
304359908852248577 16
304360764490260480 21
304360814809346048 41
304362786128027648 10
304362861663240192 21
304363817947774978 39
304364447072403458 16
304365223031214080 16
304366141583785984 35
304368423289384961 25
304368570077413376 5
304369778041176064 21
304370419769675776 25
304371036353347585 21
304371464159776768 16
304371724227588096 9
304373443854475266 19
304373443879636993 19
304373926207832064 16
304374383399538689 35
304377864650899457 3
304378858717712384 19
304379286524137472 9
304381962494300160 21
304383053009125376 2
304384810456055808 16
304389709365407744 35
304389910700388352 21
304390900547743744 19
304391387112153089 7
304392746062462977 24
304392934810349570 24
304393937253175296 24
304395296190898176 35
304395589808971776 24
304396906795249664 24
304397288481103872 24
304397452071550976 41
304397716300111872 24
304401189183832064 24
304401768010358784 24
304402619470864384 27
304404028731846657 15
304404859208220673 5
304407027646611456 27
304408164336553984 35
304409649095008257 23
304410399879610368 23
304410542473367553 20
304412417335640064 21
304412845150437377 10
304413319106809856 15
304414220886343680 28
304414271230590976 3
304417622458511362 15
304417819611762688 28
304417945457680384 5
304418276807680001 41
304420801761914880 3
304422659838599168 24
304422735344443392 38
304422743733043200 3
304423268016852992 27
304425952367222785 0
304427982393593856 25
304430704513654784 3
304431346258952193 21
304432394805575680 27
304432860381724673 16
304432868761939968 16
304432877179895809 1
304435330839371776 37
304444315034320898 3
304446865158578176 27
304446898717196288 24
304450707141046272 36
304451957056217088 20
304456755344179202 9
304458328203993088 24
304458395287683072 41
304458621796888576 36
304460500828295168 14
304462136623632384 14
304462371487903744 19
304466578387398656 28
304467736032055296 40
304470781075800064 20
304473113121419264 10
304476275630825472 36
304476422444027904 24
304482143441129472 35
304484064453357568 23
304487491195514880 36
304500720034537472 27
304503416980385792 21
304506181030912000 35
304510228534280192 23
304510232720207872 27
304511239336361985 3
304513227423899648 43
304513764303183872 21
304514653495623680 35
304516830368780288 15
304516922643472384 15
304516960358653952 15
304516981330169856 15
304516998119960576 15
304517186851069952 15
304520131265048576 15
304520471016255488 41
304524757586542592 28
304524883398885376 15
304527366443655169 6
304529736229593088 27
304532173116026880 35
304540154872332288 16
304542239449837569 23
304542688252928001 39
304544265294462976 41
304544504348819456 15
304544579879845888 28
304545339036274688 15
304546375041961984 13
304546601538560000 24
304548677714837504 28
304549994722123777 15
304552490320412673 19
304554193195253763 15
304554230973333504 21
304554772042760192 27
304556206473760770 3
304559008277229569 4
304559725511573504 24
304565253608464384 35
304565975003570176 15
304566293795848193 21
304567958934523904 15
304570592953253888 28
304571737989849089 27
304573528961871872 21
304581376500449281 3
304582517342732288 21
304582748042055680 15
304583586911223809 41
304584627094441984 4
304585549816164353 2
304585721778413568 21
304585755362213888 2
304585851806023680 21
304590884966649856 15
304595045716226048 6
304596144628068352 24
304596517942079488 39
304596656341516288 3
304598237585747969 15
304598891888775168 10
304599474922213376 2
304599604933033984 41
304600024371830786 41
304602268324491264 29
304602410909851649 41
304603287544557568 3
304605154001428480 41
304606445830299649 23
304607100150108160 18
304610396898197506 28
304614675071508480 19
304616713503260673 20
304619045536268289 21
304619343315075072 35
304620417069494272 29
304622124138639360 21
304624103850139648 19
304624749798105088 13
304628147175964672 23
304628495294803969 17
304628876968095744 21
304630659564072960 41
304636330267275264 24
304640038015213568 35
304643242463490048 29
304644811141566465 29
304646698578370561 17
304647872970907648 10
304647935906414594 25
304647982043758592 21
304648900600545281 25
304650498638741504 20
304652629332619265 29
304652730012667904 9
304653782745247744 23
304653875019931649 27
304654755840524288 24
304656009950023681 3
304659944207159296 2
304661097640775680 24
304663253483667456 40
304666810282811392 27
304667586237444096 29
304667703648595968 21
304667921760808961 29
304667959517933568 29
304669976952979456 32
304670039901085696 29
304673143677661185 9
304674221609598977 23
304674800423534592 28
304678457869209600 29
304678856315502592 4
304680668263219200 41
304681192551239680 32
304684317282553856 2
304687974749204481 25
304691200152178689 3
304691527295307776 29
304694077440552963 41
304697017647640576 35
304697625830125568 28
304698439533469698 29
304699534251028480 21
304699903341383680 29
304700389880655872 9
304700528275898370 21
304705808908812288 2
304707738271899650 27
304707809591840768 29
304708002550788096 25
304710108078829568 27
304710309388632064 36
304711093719293952 29
304712003879051264 28
304712142320439296 27
304712939213049856 27
304713509663567872 28
304715158025015297 15
304716953166159873 41
304717301310189570 2
304719096447127553 27
304719503323967488 41
304719826276974592 38
304719838868287489 38
304719838876692480 38
304720270873206784 6
304720337990475777 27
304721906660159490 38
304721961160937472 38
304722208641667072 38
304723164930387970 20
304723685036666880 38
304723869573472256 21
304723919917686784 27
304724670714875904 13
304727107592912896 3
304728340705730561 38
304730345608196096 2
304730458854400000 29
304730626626555907 26
304730781815828480 24
304731037647372288 28
304733856219660288 38
304734036587339777 29
304734099510292480 39
304735307465629696 27
304735357772124161 27
304737345880616960 27
304738046325186560 3
304739120079577089 27
304739799569403906 29
304740500001390592 27
304740722312085505 24
304742114791661568 21
304742412587249664 21
304742420975857664 21
304742953681842176 27
304744195174850560 29
304744790791176193 38
304749085720735744 39
304749266105159680 38
304749857497829376 23
304752436982198273 15
304752567001436160 21
304752638321389569 4
304754005668679682 29
304756488692449280 34
304757025559175168 24
304757281420091393 28
304757814088310784 24
304760179675779073 29
304760234184962048 20
304761345696489472 16
304766378873851904 1
304766777320161281 24
304767016408068096 24
304768190783840256 38
304769931415781376 27
304770292121739264 38
304771328131604481 27
304772527710957568 23
304772653548466177 29
304772921954562050 18
304773513351405568 27
304773911839637504 27
304781318946975745 28
304782531117580289 24
304793604067557379 38
304794006750105600 21
304795910968315906 9
304798536577454080 0
304800705024241666 7
304801736835600384 24
304804249219510272 21
304804261789851649 39
304805801124560896 11
304806514135269377 27
304807931810029568 23
304809689223401472 18
304811534712979458 21
304811769631739905 12
304813095002439680 27
304813740954636288 27
304814005178998784 21
304814768533946368 2
304814961467727872 39
304818920907497472 39
304826109957128193 38
304828949500936192 25
304829897384288256 2
304839217157120000 42
304854257922887681 29
304858913579343872 10
304880723955941377 21
304881021751541760 21
304887040573583361 27
304887074128027648 3
304890777715232768 3
304892094726668288 24
304894158320041984 21
304899296367616001 24
304901464814415872 39
304901611598258177 5
304901901030395904 15
304902391734620160 29
304906128859492354 35
304907055796465664 24
304908708377399296 27
304910348320903168 21
304910553850183680 10
304920917979574273 39
304922142720528384 36
304922260152676352 15
304922520203718656 10
304924936131203072 4
304925431063261185 2
304926752260640769 19
304931995136442369 23
304934817924001793 21
304939947536809984 37
304940098519179264 29
304945555325452288 29
304945639228329984 24
304946855572283392 27
304949648961970177 21
304950441706401792 29
304951913894522880 9
304954766021238785 35
304954958946635777 27
304954996699566080 13
304955206435741697 38
304955801993375744 35
304958813537193984 21
304959186800881665 21
304960159875211264 15
304960516403638274 38
304961288180727810 38
304961338491408385 24
304961493672267777 28
304964048028590080 38
304965616668901376 38
304967873221246977 21
304969387352412160 28
304969961972064258 10
304971388031217664 16
304971870384570369 36
304972453392834560 23
304975255183716352 40
304976102449872897 10
304979428524556288 21
304979915080613889 39
304980791681761281 4
304980976239513602 20
304981026562789376 24
304981949284483072 14
304985204064407554 27
304985355059347456 27
304987146039726080 27
304988605661716480 39
304988983149088769 20
304989696201740288 38
304989838774513664 27
304990321132044288 20
304991227101724672 21
304992581874483200 24
304992762221166592 27
304993814978891778 38
304994393813819392 9
304995064898285568 36
304998571311247361 9
304999846400622592 27
305001889022500864 21
305002136469663744 25
305002916647931904 24
305006641185705984 23
305008205627543554 24
305010025976455168 2
305011095528153088 23
305011858874707969 38
305013519844249602 21
305014845219164160 41
305014878802935808 0
305015407268466688 4
305015927362162688 27
305017416348479488 27
305019110838910976 2
305022562738532352 27
305023980430061568 24
305025855262961664 2
305028531233103873 24
305029164581404673 27
305029282021908480 18
305031987348000768 38
305034675917828097 2
305035300839755777 27
305035367965413378 21
305035900629434368 38
305039973323788288 10
305040375943413760 24
305043517485506560 29
305044004016361472 35
305045660766437376 19
305046705156530176 27
305048038936825856 27
305048152212402176 27
305049301447503872 24
305050899464740865 9
305051834815492096 27
305055370596986880 10
305056675021332480 27
305057039917412355 25
305057232851197952 38
305057669071392768 36
305057966858592256 10
305058143023558657 2
305058486973235200 27
305059304849956866 27
305059632009846784 4
305060386976190464 29
305061393634304001 20
305062077297483776 23
305062198923915266 27
305064971354640385 2
305066351280660480 35
305066988835844096 4
305067219522551809 24
305069006270902272 27
305072760160391168 38
305073850687836162 21
305077520708030464 38
305077768159391745 23
305083120108048385 21
305086219681935360 9
305086353912258561 27
305089113768480768 23
305090078470975489 20
305091596792258563 23
305096051130499072 17
305099427549429760 38
305101482762567680 21
305103261176852480 21
305103428944818176 21
305106314630139905 14
305106394296762369 27
305107413500043264 28
305108931846500352 27
305108965426094080 28
305110722810089474 21
305113029681491968 33
305120151622283264 24
305123985211932673 27
305127185486839808 24
305134416437587968 39
305136006091390976 21
305137398591934466 20
305137654440271873 5
305144747020935168 28
305146043073445889 27
305151248208900096 38
305153785758629888 28
305157640328204288 9
305158152024891392 29
305160731517673473 35
305164229562994688 29
305166465143828480 36
305168906195181568 21
305169115927154688 6
305173301855154176 4
305173566092095488 24
305179240960245761 27
305186337747775488 17
305190896939446272 26
305191777768443905 27
305194097205989376 3
305196378915753984 2
305202179629785088 14
305202846507335681 10
305204247421677569 27
305205765751320576 32
305207875490443264 27
305224161951895552 14
305239756378361856 2
305249499780104192 9
305270823592288256 38
305271691808997377 41
305294437515407361 2
305298921230585857 39
305300238275604480 35
305303077802635264 21
305316906401935360 27
305317132902739968 24
305319271989403648 10
305321625006514176 5
305322933629362176 35
305325072741171202 41
305333205467291648 9
305333364884373505 16
305339002012196864 20
305343116636999680 21
305344915968241664 2
305345146675949568 24
305352042103312385 6
305354462220922882 39
305360967603191809 27
305363182162161664 25
305363953930862592 16
305365451280629760 2
305383159653101568 23
305384682168672256 19
305388746453417984 20
305389136544690176 27
305391133020803075 28
305391669900099586 39
305401065145257984 9
305402784793116672 15
305409009136066560 39
305409285964304384 25
305413069243289601 35
305420375704104960 27
305423622078607360 21
305428017746944001 28
305429745770831872 24
305437094195630082 20
305440583877525505 39
305444417437827072 36
305444522333200385 24
305453586186379264 39
305453745569943553 28
305455821758791680 28
305457050689880068 21
305460318052691968 34
305461123354865664 39
305464839520780289 24
305470107558236162 14
305472036942258176 39
305472221504233472 19
305474113147924480 38
305481528643829760 21
305487291651063808 2
305487807550455808 19
305487845265657856 14
305489879498883073 41
305497756431171586 4
305497844515749888 38
305502235918471169 4
305506216329764864 26
305506535101059072 14
305513208242917376 12
305529385686020096 14
305536352416567297 21
305548192940974081 24
305555700728356866 14
305558498345889792 38
305559005844078592 21
305568979911581696 19
305569659372072961 2
305576043090157568 15
305580577149571072 14
305581395034636288 39
305590547005972480 25
305594787451527168 16
305595567587860481 16
305598335824314368 7
305601603208105984 27
305606120448356352 32
305607315820777472 16
305608414724251649 8
305610251846156288 19
305612047025057792 5
305641109336502272 24
305641247752728576 10
305644540281368576 25
305649707684864000 20
305653474165669889 27
305654501740777472 19
305663410450878464 16
305666505834651648 39
305681492103798785 2
305681508872626176 23
305685136945577984 24
305685136958169091 24
305685367619723264 24
305688819565473793 28
305690535002251264 27
305691122213203968 27
305692816707829760 27
305697841488224256 39
305699502440972288 23
305700286759071744 4
305701251453181952 21
305701654127325184 35
305704774676905984 39
305705198289047556 28
305705756131463168 29
305705877770477569 2
305706729214185473 21
305708708942475265 20
305715386270232576 28
305718192242843650 29
305718334849163264 24
305721119904763906 34
305722080400400384 29
305725792325885952 8
305725851054514176 29
305726165627310080 27
305728824841211904 2
305732100563283968 23
305732809400659970 27
305735657358241792 29
305735799952007169 19
305742569575432192 26
305745417478492160 24
305746671592153090 2
305748982649458688 26
305749645357875200 4
305750513566240769 24
305754477170929665 29
305762068886347776 23
305770772071325697 21
305774219759853568 24
305777046750109697 4
305778124656873474 4
305778355377143808 28
305784034435420161 27
305784927843147776 19
305787696087961600 7
305788820148862976 34
305790502043803649 4
305790569169448961 27
305798181822808064 10
305808222986584065 5
305808285922115585 27
305808621441277952 16
305811263882158080 37
305812916429529088 27
305813449101959169 19
305814032097632256 19
305814468301037568 0
305815202312646656 4
305815449801732096 4
305815479128305664 18
305816825516683264 4
305816888418648065 27
305816934555983872 13
305819711202017280 4
305819967029395456 19
305821762220859392 4
305822009680601088 4
305823586747297792 2
305826275283578880 28
305828091425599488 7
305831425867907072 19
305831530763276288 4
305832738722807808 38
305833262977282048 21
305833883759419392 28
305834282214100992 24
305834705834610689 4
305835909583077376 24
305840854667493376 24
305841534174101504 4
305842784059928576 4
305843169927503872 9
305844159808421888 4
305844306596466689 4
305844914770542594 35
305845950772023296 2
305846596694843392 16
305848052088987648 25
305848165372928001 4
305850090520735744 24
305850233143836672 25
305850233143840770 25
305850233148018691 25
305850233164800001 25
305850593853972480 35
305851613086633984 5
305852695187701760 4
305852711969116160 4
305853110448955392 4
305854276465463297 27
305855501198032896 27
305855622820290560 19
305855627039752192 24
305857686409474050 4
305863650713927680 4
305863873028820993 6
305864149827719168 20
305865886303125505 4
305866553180696576 39
305866922300436481 4
305869338211151873 27
305870441308893185 4
305871074657202176 4
305871477301968897 4
305871808664567809 25
305871846383960064 4
305872253227249665 4
305876611134259200 25
305878469219323904 25
305878519550984192 4
305880356639367170 4
305883208749314048 4
305883259080953857 4
305883288457867264 4
305883292660543489 4
305883317805383682 4
305883422654615553 4
305883498181443584 4
305883615600975874 4
305884412539703296 27
305884508991942656 4
305893178609893377 4
305895464501387264 4
305896181735755777 4
305896202732445697 34
305896349512105984 4
305896353702240256 4
305896391480336385 4
305896647311900672 34
305897024816041985 24
305897284858679297 4
305897628779048960 25
305897859486736384 4
305898354393624577 4
305898421498290177 4
305898471855112192 4
305898551517515776 4
305898694136455169 4
305898752835739648 4
305898790622208000 4
305898803200929794 4
305898903834869760 4
305898929034235905 4
305898987737718785 4
305899054838202371 4
305899193237655553 4
305899327467966464 11
305899973382385665 4
305901101654368257 4
305901416227155968 4
305903186244423681 4
305903391740141569 4
305903777624518657 4
305903890883297280 4
305903890895888384 4
305903911863197696 4
305903936995483648 4
305903949616144385 4
305904004125294592 4
305904012530696193 4
305904016708235264 4
305904029270151169 4
305904041865654273 4
305904046055780352 4
305904050258452480 4
305904054444376064 4
305904054469545985 4
305904092209901569 4
305904134148734977 4
305904134161313792 4
305904150904987648 4
305904150921744384 4
305904155120254978 4
305904163487895552 4
305904163517263873 4
305904176075010048 4
305904180277698561 4
305904188662091777 4
305904192864792576 4
305904209633624064 4
305904213832105984 4
305904247411720192 4
305904268358082561 4
305904280940969984 4
305904289342189568 4
305904293511299072 4
305904301908303872 4
305904306115198977 4
305904310309511168 4
305904327082516483 4
305904335458549760 4
305904356446838784 4
305904360620175360 4
305904369038155776 4
305904373224058880 4
305904373228257280 4
305904394208178177 4
305904398406676480 4
305904419348828160 4
305904419365588992 4
305904423559888896 4
305904427750002689 4
305904448729935872 4
305904503247486977 4
305904520007921664 4
305904520028905472 4
305904549363863552 4
305904557773438976 4
305904557777629185 4
305904578732359681 4
305904578753335297 4
305904582922485760 4
305904637482000384 4
305904645849624577 4
305904708785143809 4
305904721347096576 4
305904729744084992 4
305904759079047168 4
305904767476051969 4
305904801051459584 4
305904830386413568 4
305904855560638466 4
305904880739028993 4
305904884924952576 4
305904998166962176 4
305905014952558592 4
305905035936690176 4
305905094631751681 4
305905103016189952 4
305905161740623872 4
305905165960085504 4
305905174336139265 4
305905245635092480 4
305905472144285696 4
305905530856173568 4
305905535033675776 4
305905568592318464 4
305905589588987904 4
305905694408859648 4
305905702801649664 4
305905803460751360 4
305905807680233473 4
305905807684415488 4
305905837019385856 4
305905891545321473 4
305905904149209088 4
305905958658379776 4
305905962869469184 4
305906025796616192 4
305906084495912961 4
305906118033539073 4
305906218701037568 4
305906302620676096 4
305906407474094080 4
305906621383593984 4
305907074334855168 4
305907464434491392 4
305907472802144256 4
305907833541632000 4
305907846120357889 4
305907921592664064 4
305907942555807744 4
305908034830483456 4
305908080984596481 4
305908366214057986 4
305908403929235456 4
305908781433360384 4
305908844331155456 4
305909267960041472 4
305909297332764672 4
305909439951687681 4
305909632885473280 4
305909968404631553 4
305910236877828096 4
305910383670075392 4
305910387851788290 4
305910769529278465 4
305910958289743872 4
305911025398599680 4
305911130231042048 4
305911323169001473 41
305911335756124160 4
305911365124636673 4
305911721653063681 4
305912002650456064 4
305912271111069696 4
305912996725682176 4
305913307099971585 4
305913340641832960 4
305913365803450368 4
305914762506686466 4
305915626520707072 7
305915911766941697 4
305916792574971904 4
305916805128544257 4
305917706912280577 4
305917878878760960 4
305918352822509568 4
305918558364377089 4
305918814229516288 4
305919195877625858 4
305919959245144065 4
305921704088186880 4
305922052223803392 4
305922488410439681 4
305923981574295552 4
305924635889897473 4
305925327975223296 4
305925512516206592 4
305926183621623808 4
305926221357801472 4
305926615634939904 4
305927060222799873 2
305927232189251584 4
305927580308086784 4
305928087810486272 20
305928117158031361 4
305928679207346176 4
305928922493767681 2
305929631335333888 4
305929635521236992 4
305930981876047872 4
305931640385961985 4
305931652985679873 4
305933016138670080 4
305933406204751872 4
305933666234802176 4
305934358290788352 27
305934685450665984 4
305934853231226881 4
305937889890545664 12
305938695196909568 4
305940041585287169 4
305941165658742784 4
305941610233999363 4
305942029672779776 4
305942029676990464 4
305942029681176576 4
305943166358548480 4
305943321518407680 4
305944751784476672 4
305946123309289472 4
305948853834772481 4
305948950286962688 4
305953639510470656 4
305954503532888064 4
305954541277429760 4
305957397606825984 4
305958311956725760 32
305958991442370560 4
305959289237942273 4
305959998066929664 14
305961566745010178 4
305962514670297089 2
305963282215346176 4
305964527911051264 4
305964880232595456 4
305965073187348480 4
305965194813771776 4
305966172099194880 4
305972790715117568 4
305973151400083456 4
305975160501071872 4
305975470862766081 4
305976968254459904 4
305979082145951744 4
305979124118323200 6
305979782603104256 4
305979925238796288 4
305980491436277761 4
305981108007362561 28
305981976236675072 4
305983834304946177 4
305983918216212480 4
305984312443015168 4
305985151320612864 27
305988519363477504 4
305990511645302784 4
305992768180867073 4
305992956916166656 34
305993204367519744 29
305993552519888896 29
305994148090114049 4
305996517888638977 34
306006210908389376 34
306006663914213376 4
306007595062280192 4
306009771897655296 4
306010921141166081 4
306011227321143297 4
306012015837720576 4
306012145869545472 28
306013899076034560 4
306014771482882048 28
306015228674572289 4
306015652282507264 28
306017585881812992 4
306018370220859392 38
306018953216548864 25
306020224094834688 4
306020404437344256 24
306020995842576384 4
306021146820751361 4
306023520813596672 25
306024355496869888 25
306025227878543360 4
306025462780555264 4
306027098546524160 4
306028591727120385 4
306030659502215168 24
306035512349712384 4
306039723426721792 4
306043015946973184 4
306043221463683073 4
306044387476004864 7
306045398286475265 17
306045616428048384 12
306045889020047363 4
306046132302274560 4
306046560138055680 4
306047474500513792 17
306048380470165504 32
306048435000336384 17
306048585965924352 35
306050288865918977 4
306050657943691264 4
306051165467070464 19
306052788658520064 4
306054214713483264 35
306054269252030464 6
306054655128006657 28
306056341225611264 39
306057175925669888 4
306059348541595648 4
306059596026507264 2
306059621209100288 4
306059793146208258 4
306059801555787776 4
306059814147072001 4
306060191617658880 4
306060237742419969 10
306062104211898369 19
306062313948078081 38
306062519435411456 4
306063584813793280 4
306064910218051585 4
306065308668542977 21
306066466300645378 12
306067598754324481 27
306068177576673280 4
306068966089035776 4
306069431681970177 2
306072745148563456 15
306074649362567169 4
306076687811104768 11
306077266608263169 2
306077908366155776 29
306078382309920768 23
306079141495713792 15
306080961794297858 27
306082043937296384 4
306082979262906369 24
306083016999043072 10
306083327381741569 29
306083604201631744 4
306084707341316097 2
306085399363723266 4
306085537805111297 15
306085575537065984 21
306086150165131265 15
306087232312320003 15
306088498966966272 15
306089040040562689 15
306089346220580864 7
306089505595719680 15
306090529026879488 15
306090604532748288 15
306090755523481602 15
306091204309827584 24
306092554867331072 23
306093460836982785 15
306093804761526272 4
306094224187719680 15
306094610072088576 7
306096069689872386 4
306096405246787585 15
306096593969487872 4
306097965506912256 24
306100784091774976 4
306102428267335680 16
306102826722021377 4
306103363601313792 4
306104932237463553 29
306105364263337984 4
306106794512637952 4
306107968938725379 15
306107985694965760 38
306108195439538176 4
306108287680667648 4
306110607139143680 4
306110779126595584 27
306111823508299776 24
306112490394238976 15
306113920639332352 23
306117229957754881 15
306117963956768768 7
306118525989302272 24
306118697955782656 10
306118798644219904 15
306119578763808770 2
306120161759461376 4
306120660906823680 15
306120912552464384 42
306122049221427200 4
306122640588951552 15
306123110359388161 20
306125157179748352 15
306125807322034177 27
306127644402020352 27
306127812178374656 15
306127849935491072 2
306129687044825088 25
306130492338626560 0
306131226341826561 7
306131297640787969 15
306131356390408195 4
306132019073675265 27
306132480426115072 27
306132530782941184 27
306132547539197952 27
306133097022361601 1
306134007173746688 27
306136490180747264 15
306136653758603264 24
306137941439303680 7
306139245863632896 27
306139526856839168 7
306139677851787264 4
306139686269771776 4
306140361535942656 35
306140877452111872 10
306141292675624960 15
306141624042389504 20
306141645005529088 15
306141858898272257 4
306142005694697472 27
306142416736501760 29
306142777467625473 4
306144832663998464 7
306145319199047680 38
306146443272548352 39
306146472645246977 7
306146682339483649 28
306147873551171584 28
306148171329990657 1
306148959846559745 34
306149526115348481 25
306150172012969985 27
306150180393197568 27
306154009817931776 25
306155221971767298 27
306155754648383488 0
306156119552843776 35
306158267011313664 2
306158321562447872 23
306158363509661696 15
306158736769155073 4
306159210750676992 4
306160309645737984 4
306160477417897984 15
306161177875083264 4
306163518275735553 12
306163887374495744 38
306164822725234688 15
306165212791320577 7
306165489607012352 27
306165523153039361 7
306165728707481600 4
306166542389895168 4
306169205768720384 27
306170065605242880 27
306170350801154048 4
306171118367150080 10
306171521032925184 15
306171638456655873 24
306172112425603073 39
306172728975687680 27
306172733178400768 27
306173286813941760 11
306174238929321984 24
306174238941908993 24
306174243148800000 24
306174331216613377 4
306174704522235905 15
306176990405341185 24
306177112048558081 32
306180190671876096 27
306180232610709505 27
306180584911298560 4
306182048723369984 23
306182048748539904 23
306183638385565698 4
306187874624217088 4
306188646376157184 25
306189644633079808 27
306189673976442880 4
306189963400183808 15
306193490805661696 21
306194195431960576 19
306197940949635073 4
306199677378904064 2
306204748305031169 6
306206275010707456 4
306206371488100352 7
306206656696569856 4
306208602857811968 7
306211853472768000 17
306212163826106369 7
306214390988935168 7
306222154645643264 20
306223069016518656 23
306226353156534272 4
306226973926117376 4
306227200414318594 4
306229725376962560 7
306230723642273792 6
306234989224288256 34
306238197887803392 7
306238453740359680 7
306240563458482178 20
306242106970755072 24
306243172332339200 27
306243222651412480 27
306243671437750272 27
306247467308032000 15
306248939491975168 19
306250961150689280 27
306252324278530048 24
306255629394276352 27
306256380174692353 4
306256745104297984 4
306258284409663488 27
306263418208399361 27
306263455957147648 15
306263921550045184 2
306266882724462592 4
306267197305671680 6
306267855815602178 4
306268988256710656 27
306272339518173184 27
306277544641056768 5
306278622560403456 35
306282544238837761 27
306282976268931073 27
306290186285891584 12
306290542772367361 39
306294275723894785 15
306297425658781698 24
306300772704985089 38
306305268986302464 4
306309870141988865 24
306310268613431296 21
306310696415670272 31
306312944550023168 27
306318455865503744 4
306320838246924289 32
306322226574159872 29
306327989531074562 4
306333068854194178 27
306334360695611394 4
306337237971369984 15
306338756301053952 38
306342736703922178 10
306345043571138560 39
306348675846782976 23
306348789109760000 15
306348931678351360 27
306350118678962177 4
306351699919003648 27
306356804395339778 27
306361938252812288 15
306368632353607680 43
306369131479957504 4
306371085996265472 15
306374307221762048 27
306374974128680961 36
306375322239127554 24
306375926231465984 3
306379483018039296 20
306380233773293568 29
306382733591052288 15
306384654586486784 39
306388542702120963 4
306389054428180480 20
306391264805396480 28
306397166199513088 28
306398235759620097 24
306399909270151168 7
306401989661712385 29
306404254585872385 15
306406267822415873 15
306409673601458176 39
306411955319615488 21
306413599461625856 21
306413876298280960 39
306419492467113984 4
306419660264456192 4
306419790283677696 29
306420641731592193 27
306420864021311488 24
306421275050524672 39
306421434442469377 27
306422822752907264 23
306423372215099393 2
