303540765458575361 14
303540773872349185 14
303545089823760384 54
303545094001287168 43
303546247447461888 1
303550978601406464 53
303551423214395393 54
303554631831793665 23
303557135848062977 48
303558201192894467 12
303559056839303172 39
303562064172040194 54
303563548951461888 54
303563947380965378 54
303564308124688386 48
303564551373332480 48
303565121794494465 54
303565176307859456 54
303565469909123072 54
303565608358907904 54
303566258467647489 22
303566266856243200 35
303567453814943744 45
303569077044117504 48
303574068253302784 54
303574714163544064 51
303574865158492161 41
303576865833103360 54
303576920384208896 54
303582742061404160 48
303583010509443072 54
303583778054492161 48
303584767926992896 53
303588735713419264 24
303590795150241794 21
303593240395911170 39
303593404007337984 41
303596939776258048 54
303597501833965568 5
303599271826059264 14
303600664313999360 27
303602857955950592 48
303603705188581376 14
303605911421865984 14
303607299723898880 14
303607371031257088 48
303607421341937664 14
303607488454995968 14
303608193093869569 14
303609417864204288 14
303610592256729088 12
303610852278423552 14
303611384971816960 14
303614941741584384 17
303616678170857472 53
303617504478117890 53
303618133606932481 14
303622000742633472 63
303623728808480768 14
303624458613174272 22
303625008087986176 45
303625150660751360 11
303626144731770880 1
303627537223933952 27
303630708113547264 43
303632541041188864 11
303633497329909760 50
303634466218311680 50
303638564044931072 14
303639721710608385 21
303639935603326976 24
303640279515287553 32
303640799621545984 6
303641210684321793 54
303646155764551680 14
303646713581826049 27
303647598609326081 48
303648890438180865 14
303652510114123776 54
303654095556849666 32
303659313283612672 50
303660177318617089 45
303662433849970689 24
303666384884338689 54
303668716921577473 41
303671950729953280 54
303672693125967872 14
303677189415645184 6
303678472876875777 42
303681572467515393 54
303681849287397379 41
303683745091817472 5
303685762560446464 41
303689667465850882 53
303691995300384769 5
303692402143682560 54
303693522018643968 45
303693568181149696 54
303699373068533761 54
303701298254069762 48
303703147937947649 32
303704888611856385 5
303711150699323393 41
303712455136276481 41
303712912294428673 5
303715416310693888 1
303717727347023872 1
303718725616558080 14
303723968463003648 41
303724589257740288 14
303724660539916289 14
303725654606749697 48
303726459917307904 50
303726719934816256 41
303732109644808192 15
303733841888178176 39
303736593326436352 39
303740640825593857 54
303741475517243392 42
303744268915331072 54
303744591855767552 0
303746668069797888 41
303747280438165505 45
303747360129957889 41
303748769403502592 45
303748882666487808 45
303749339820466176 14
303750082220658688 48
303750275141865472 41
303750342250733569 41
303751160140017664 54
303752271643176960 41
303752271647342593 41
303752913380048896 31
303753433452793856 41
303762652549746688 13
303772370731163648 45
303777416483049472 5
303779639459983360 51
303781187187535872 41
303781694694117376 51
303787709317648384 41
303788564959875072 48
303793908503179266 41
303794151764393986 5
303794315359039489 51
303798404805439489 41
303802880119435264 41
303803303731535872 54
303804209717977088 21
303807409976127489 54
303807854555570177 21
303809339347578880 48
303809582617219072 44
303810647982997504 41
303810899624488960 21
303811021250908162 41
303811507811131392 45
303811633631883264 41
303813307146567680 51
303813978226835457 41
303814716462071808 50
303814729019842560 54
303814951305347072 41
303815014257684482 41
303817660863504384 50
303818440974667776 2
303821188256395264 14
303821452510109697 5
303825537766404096 6
303826083004948480 65
303828490539642880 14
303828696047968257 41
303829597840089088 54
303830524789669888 41
303831007117836288 41
303833162977538048 14
303838640746942464 54
303840846950838273 32
303843132842328064 14
303843418054983680 41
303843573244252161 54
303844647015419904 14
303844764451749889 2
303844898648494080 41
303846177902833664 21
303846366646530049 48
303846471516700673 41
303847524278603776 41
303847817888268288 53
303852175757553664 41
303853102728085504 14
303854537180069888 48
303854876914487296 5
303857053766660096 39
303857418633355265 25
303859469664804864 53
303860677628542977 21
303862166623252480 48
303862833479827456 41
303863353577701376 41
303863403917758465 41
303864112771891200 24
303865450725519360 53
303865547211292672 24
303865832415576066 54
303865844990107648 23
303865844998471680 54
303867266871721984 41
303867577250217984 41
303868357386596352 27
303869020111781890 2
303869909291651073 23
303870416815009793 45
303870425191026688 45
303871658316406784 21
303872098726735872 6
303872337802047488 41
303872513946030081 54
303872824328740864 53
303872895636103169 51
303873038221467649 41
303873067619340288 45
303873411522887680 5
303874174886244352 0
303874288153399296 23
303874871136505856 23
303874921472348160 13
303875219272122369 41
303875491914448897 11
303876364338081794 41
303876607590936576 39
303876842467770368 11
303879631667347456 41
303880235668086785 41
303880273425219584 39
303881074537287680 53
303882156642545664 23
303882412520267777 41
303883343647363073 23
303883662410256384 23
303883809210900480 54
303884190905147393 23
303885189120147457 41
303889333117657088 41
303890163564699648 41
303890394259812352 41
303890754995122177 23
303890788553719808 23
303890826281496576 45
303891019219488769 41
303891765793013760 3
303893149938483200 42
303893154120220672 48
303894018167816194 51
303895620387758080 24
303895830098763776 41
303895897211809792 24
303896698294501376 41
303897889481056256 48
303898183111696386 54
303898661258133504 50
303900389294624768 23
303900619998126080 23
303901018457001986 48
303902276739821569 41
303903874773827584 41
303903979602067456 41
303906366194597888 21
303907108557053952 54
303909599990386688 43
303911143511035906 21
303911852331646976 14
303911923639017472 54
303912020112207872 23
303912628290482176 16
303915618795655168 41
303916482822279168 44
303916503802212354 48
303917904720715777 50
303919368516018176 23
303921176273641472 23
303922791084867584 23
303924774982258688 39
303924875658158080 54
303927115391328256 41
303928218522636288 24
303928499541004288 48
303929309037465601 41
303930038821220352 24
303930043044864000 41
303930890277515264 41
303930928013668352 45
303931024491032576 23
303932140180082689 41
303932580561031168 41
303933759168860161 41
303934778401505282 23
303937257222594560 45
303937404040011776 42
303937525645463552 41
303937655668879361 41
303939773825970176 48
303941757723353089 45
303941900333887488 45
303942034560000002 45
303942156186431488 39
303942290399956992 45
303943481578098688 45
303945964593496064 45
303946455356420097 41
303946883154460672 21
303947151577333762 50
303947503919828995 27
303947680088985603 41
303950226018938881 41
303951324909805568 43
303951584986034176 45
303951928897978368 41
303952407061217280 48
303952851644841984 25
303953405284581376 24
303953724060098560 23
303953841517383680 45
303954105737564161 41
303954432914243585 54
303955296945049601 2
303955573752352768 11
303955867370393600 41
303956928525135873 41
303959692542087170 41
303961374487375872 48
303963391918211072 45
303963639419912194 41
303964939616391170 45
303965254189187073 1
303965501653123073 13
303965950447861760 63
303966009197469696 41
303966457979600896 45
303966567044091907 22
303968899051974656 45
303970509664706560 41
303971138835447808 24
303974490080149505 45
303976658514354177 41
303980148179496961 13
303981251298217987 32
303983210038194178 23
303985353306566656 14
303987949601685505 41
303990449398497280 41
303990533259399169 32
303990822666375168 1
303992131322802176 45
303992693363712000 24
303992957583888386 48
303995641942667264 48
303997634228654080 27
303999353905876993 45
303999534256758785 45
303999689454411776 5
304003707572453377 41
304004848452513793 45
304007125934411776 41
304007201457070080 5
304007335645442049 41
304007541166338049 48
304008405197127680 41
304012255576604672 41
304014256268005377 41
304014797320622080 45
304016491823628288 21
304016491832037376 41
304016630252462080 53
304017330684432384 23
304017431368708098 41
304020627419955200 41
304022535811514368 44
304023492112826368 45
304024578424975362 48
304024968512040960 23
304025564098990080 51
304029460624195585 5
304029766791622656 24
304030429487439872 23
304032648270053377 5
304032799281790976 63
304033365517025280 50
304033927536988161 41
304034770587906048 13
304038776164999169 48
304039120089513985 48
304040470667984897 41
304041456321040384 44
304042345496715264 13
304042806895337472 53
304043255677452289 13
304043633164832768 48
304044186804576257 21
304044631421751296 21
304044912414965760 45
304045587718881280 44
304045801607409664 45
304046992798150657 2
304049073193881600 50
304051363262914560 27
304053825323540480 43
304053900804247552 11
304054781608083458 23
304055394010005504 44
304058585854398464 48
304063195398684673 41
304065883934953472 44
304067410665799681 23
304068618621165569 41
304069000311230464 41
304070459954192384 41
304074306130944001 45
304076357145600000 48
304078248747360256 43
304079448339275778 23
304080102650679297 41
304081121858187264 42
304085542637813760 21
304085848842989568 41
304086977089765376 27
304088713561001985 50
304090059915808768 48
304090282197123072 41
304090559050575872 44
304092341629771776 41
304098188464369664 44
304100713464750081 51
304102013669621760 25
304102156280156160 44
304102156288532481 44
304102479241543680 44
304102898676142080 44
304102949020385280 44
304102990942441473 44
304103414571364353 54
304104488334143488 44
304104605783035905 51
304105306202468352 44
304105394307989504 21
304107910873628672 44
304108183490809857 44
304108275765493760 44
304108821054357504 63
304112923058532353 44
304114336543166464 44
304117704586059776 44
304119998878715904 54
304121181655670786 44
304121341022449664 45
304123081662808064 44
304124562268893184 44
304124600021835776 48
304124667122302976 44
304125317222645761 44
304126370005532673 41
304127477301784578 43
304128966300680194 44
304131281522925568 44
304139095544840192 2
304140647433138176 2
304142727795310592 2
304142740357279745 2
304143252083331072 44
304143612785082369 2
304144950759677952 16
304145261167513600 44
304146074845736960 13
304146427179851776 41
304146838221643777 2
304147911959269376 44
304150055261196288 44
304150864724127744 41
304151070245011457 44
304153452634849280 21
304154308281237504 23
304154622845661184 45
304154815771078656 48
304156938097274880 2
304156967469985792 2
304157282009231360 44
304157525291433984 44
304158997496356864 2
304159714726518784 22
304159786029703168 2
304160062870548481 44
304160645853614081 44
304160872367022080 2
304162466177380352 2
304162571043368961 13
304163107901673472 43
304164454290038784 2
304164731126693888 44
304165649645723648 2
304166383669878784 2
304166643716726785 48
304166677262766080 2
304167130264379393 5
304167503561650176 44
304167847494569984 2
304168300450025472 44
304168438857875456 2
304169558749609985 44
304169793651625984 44
304170439553466368 44
304170632483074049 2
304170963858235392 2
304172771573895168 44
304173144883728384 13
304173585277280256 44
304174004716044288 50
304175229465423872 2
304175632110219265 2
304176470979379201 44
304176789746511872 2
304176819094032385 41
304178597474729984 44
304180359090798592 41
304180824650174464 48
304181730636607488 44
304182007439708160 2
304183269950373888 2
304183328645459968 2
304183538364846080 2
304183760675549184 23
304184343696396288 50
304185622933958656 44
304187426493063168 43
304187682333016064 44
304187799773515778 44
304189448155955200 51
304190840639733760 48
304191813718249472 44
304191817933524992 44
304192468038074368 43
304193269145939968 16
304194200298192897 44
304194334511747072 44
304194766525059073 41
304194787496570881 44
304195961880719360 2
304197316670271488 24
304199149551767552 44
304200357549051904 11
304200902775029760 2
304200919585808384 24
304201502573076482 15
304202463072882688 48
304203436163989504 27
304203478094450689 44
304205701075591168 2
304206611243737088 51
304206661583794176 2
304207307498205185 50
304208049894195202 48
304208532243369984 21
304217365451771905 2
304217755496886272 48
304218871185956865 17
304220825744207872 41
304222415372840960 32
304225053585846273 44
304225888273301505 41
304226077021184000 41
304226513216208896 2
304229885440843776 45
304235832972296192 51
304236030091993089 41
304236101374181377 44
304236822815449088 2
304239838520045569 48
304240018862530562 43
304241440735776769 43
304241679819481089 2
304243856646496256 44
304244288651403265 32
304248986292867074 44
304251037290729473 48
304251037324304384 48
304252173972295680 41
304252853428559873 41
304254459855396865 44
304254669553803264 22
304254908629135362 48
304257475572539392 13
304258138247401472 12
304258465432485889 41
304259576918859776 2
304260810023243776 5
304262605189558273 41
304262802317651969 2
304266468160323585 44
304267344765665280 43
304273506173087744 13
304275968237912064 50
304276496749572098 23
304278652592476160 9
304286617584144386 41
304290669302804480 12
304293219414450177 44
304293861130391552 41
304294087652155392 53
304295039734013952 24
304296662929657856 41
304297195610451968 41
304297594094493696 51
304300391691059200 2
304306200781156352 53
304310290256891904 5
304310457991311360 44
304310483178106880 2
304311967957524481 2
304312387387944960 5
304312995549413377 44
304314669110280192 50
304317663834959875 43
304318821467049985 41
304320536908017665 45
304320671134134272 50
304320943780659200 24
304321052824190977 42
304322407601164288 15
304323674264178689 43
304323732967661570 54
304324815110696962 14
304327566582493186 43
304330871694032896 44
304331316302848000 45
304332687802527744 22
304334579441995776 48
304334965322170368 2
304335435071623168 54
304337452569616384 22
304338681471320064 22
304341529403744256 22
304341567165038594 22
304344641585700864 13
304345262342676482 53
304348030570729473 22
304349108532043779 22
304350501045149697 32
304350832382586880 32
304351046308859904 8
304351172129595392 63
304352489149456384 22
304353873248804864 32
304355492254343168 22
304356800889774081 50
304357287399657472 22
304358801551798272 54
304358973526646785 41
304359871086723072 39
304359908852248577 22
304360764490260480 39
304360814809346048 63
304362786128027648 13
304362861663240192 54
304363817947774978 54
304364447072403458 22
304365223031214080 22
304366141583785984 2
304368423289384961 45
304368570077413376 43
304369778041176064 54
304370419769675776 45
304371036353347585 39
304371464159776768 22
304371724227588096 14
304373443854475266 24
304373443879636993 24
304373926207832064 22
304374383399538689 2
304377864650899457 44
304378858717712384 24
304379286524137472 28
304381962494300160 39
304383053009125376 48
304384810456055808 22
304389709365407744 2
304389910700388352 0
304390900547743744 51
304391387112153089 21
304392746062462977 41
304392934810349570 50
304393937253175296 50
304395296190898176 50
304395589808971776 50
304396906795249664 50
304397288481103872 50
304397452071550976 63
304397716300111872 50
304401189183832064 50
304401768010358784 50
304402619470864384 53
304404028731846657 2
304404859208220673 43
304407027646611456 53
304408164336553984 2
304409649095008257 6
304410399879610368 6
304410542473367553 24
304412417335640064 39
304412845150437377 13
304413319106809856 23
304414220886343680 43
304414271230590976 44
304417622458511362 23
304417819611762688 43
304417945457680384 32
304418276807680001 63
304420801761914880 44
304422659838599168 41
304422735344443392 32
304422743733043200 44
304423268016852992 12
304425952367222785 2
304427982393593856 24
304430704513654784 44
304431346258952193 54
304432394805575680 13
304432860381724673 22
304432868761939968 22
304432877179895809 0
304435330839371776 51
304444315034320898 44
304446865158578176 53
304446898717196288 50
304450707141046272 48
304451957056217088 43
304456755344179202 28
304458328203993088 50
304458395287683072 63
304458621796888576 48
304460500828295168 45
304462136623632384 45
304462371487903744 24
304466578387398656 43
304467736032055296 35
304470781075800064 48
304473113121419264 13
304476275630825472 48
304476422444027904 50
304482143441129472 2
304484064453357568 48
304487491195514880 48
304500720034537472 53
304503416980385792 39
304506181030912000 2
304510228534280192 48
304510232720207872 12
304511239336361985 44
304513227423899648 21
304513764303183872 39
304514653495623680 2
304516830368780288 23
304516922643472384 23
304516960358653952 23
304516981330169856 23
304516998119960576 23
304517186851069952 23
304520131265048576 23
304520471016255488 16
304524757586542592 48
304524883398885376 23
304527366443655169 6
304529736229593088 10
304532173116026880 2
304540154872332288 22
304542239449837569 48
304542688252928001 54
304544265294462976 63
304544504348819456 23
304544579879845888 10
304545339036274688 23
304546375041961984 7
304546601538560000 41
304548677714837504 48
304549994722123777 23
304552490320412673 24
304554193195253763 23
304554230973333504 39
304554772042760192 21
304556206473760770 44
304559008277229569 50
304559725511573504 50
304565253608464384 2
304565975003570176 23
304566293795848193 39
304567958934523904 23
304570592953253888 50
304571737989849089 0
304573528961871872 39
304581376500449281 44
304582517342732288 48
304582748042055680 23
304583586911223809 63
304584627094441984 5
304585549816164353 48
304585721778413568 39
304585755362213888 48
304585851806023680 39
304590884966649856 23
304595045716226048 9
304596144628068352 39
304596517942079488 54
304596656341516288 44
304598237585747969 23
304598891888775168 13
304599474922213376 48
304599604933033984 63
304600024371830786 63
304602268324491264 41
304602410909851649 63
304603287544557568 44
304605154001428480 63
304606445830299649 48
304607100150108160 6
304610396898197506 45
304614675071508480 12
304616713503260673 25
304619045536268289 39
304619343315075072 2
304620417069494272 41
304622124138639360 48
304624103850139648 24
304624749798105088 15
304628147175964672 24
304628495294803969 27
304628876968095744 39
304630659564072960 63
304636330267275264 41
304640038015213568 2
304643242463490048 41
304644811141566465 41
304646698578370561 27
304647872970907648 0
304647935906414594 45
304647982043758592 48
304648900600545281 35
304650498638741504 53
304652629332619265 41
304652730012667904 28
304653782745247744 48
304653875019931649 39
304654755840524288 50
304656009950023681 44
304659944207159296 48
304661097640775680 51
304663253483667456 45
304666810282811392 27
304667586237444096 41
304667703648595968 39
304667921760808961 41
304667959517933568 41
304669976952979456 14
304670039901085696 41
304673143677661185 28
304674221609598977 9
304674800423534592 43
304678457869209600 41
304678856315502592 5
304680668263219200 63
304681192551239680 14
304684317282553856 24
304687974749204481 45
304691200152178689 43
304691527295307776 41
304694077440552963 63
304697017647640576 50
304697625830125568 43
304698439533469698 41
304699534251028480 54
304699903341383680 41
304700389880655872 3
304700528275898370 39
304705808908812288 7
304707738271899650 27
304707809591840768 41
304708002550788096 45
304710108078829568 27
304710309388632064 48
304711093719293952 41
304712003879051264 36
304712142320439296 35
304712939213049856 53
304713509663567872 43
304715158025015297 23
304716953166159873 63
304717301310189570 48
304719096447127553 27
304719503323967488 63
304719826276974592 12
304719838868287489 12
304719838876692480 12
304720270873206784 21
304720337990475777 27
304721906660159490 12
304721961160937472 12
304722208641667072 12
304723164930387970 48
304723685036666880 12
304723869573472256 63
304723919917686784 27
304724670714875904 7
304727107592912896 44
304728340705730561 12
304730345608196096 24
304730458854400000 41
304730626626555907 50
304730781815828480 41
304731037647372288 10
304733856219660288 12
304734036587339777 41
304734099510292480 54
304735307465629696 27
304735357772124161 27
304737345880616960 27
304738046325186560 44
304739120079577089 27
304739799569403906 41
304740500001390592 22
304740722312085505 50
304742114791661568 54
304742412587249664 39
304742420975857664 39
304742953681842176 12
304744195174850560 41
304744790791176193 12
304749085720735744 54
304749266105159680 12
304749857497829376 5
304752436982198273 21
304752567001436160 54
304752638321389569 5
304754005668679682 41
304756488692449280 5
304757025559175168 50
304757281420091393 48
304757814088310784 50
304760179675779073 41
304760234184962048 7
304761345696489472 22
304766378873851904 27
304766777320161281 39
304767016408068096 50
304768190783840256 12
304769931415781376 53
304770292121739264 12
304771328131604481 51
304772527710957568 48
304772653548466177 41
304772921954562050 35
304773513351405568 13
304773911839637504 27
304781318946975745 43
304782531117580289 50
304793604067557379 12
304794006750105600 39
304795910968315906 50
304798536577454080 12
304800705024241666 25
304801736835600384 50
304804249219510272 54
304804261789851649 54
304805801124560896 45
304806514135269377 51
304807931810029568 48
304809689223401472 53
304811534712979458 54
304811769631739905 63
304813095002439680 17
304813740954636288 32
304814005178998784 54
304814768533946368 9
304814961467727872 54
304818920907497472 54
304826109957128193 12
304828949500936192 45
304829897384288256 24
304839217157120000 9
304854257922887681 41
304858913579343872 13
304880723955941377 39
304881021751541760 16
304887040573583361 51
304887074128027648 44
304890777715232768 44
304892094726668288 50
304894158320041984 39
304899296367616001 41
304901464814415872 54
304901611598258177 32
304901901030395904 23
304902391734620160 41
304906128859492354 2
304907055796465664 51
304908708377399296 27
304910348320903168 54
304910553850183680 13
304920917979574273 54
304922142720528384 65
304922260152676352 23
304922520203718656 13
304924936131203072 5
304925431063261185 12
304926752260640769 24
304931995136442369 48
304934817924001793 39
304939947536809984 10
304940098519179264 41
304945555325452288 41
304945639228329984 41
304946855572283392 27
304949648961970177 39
304950441706401792 41
304951913894522880 50
304954766021238785 2
304954958946635777 27
304954996699566080 8
304955206435741697 12
304955801993375744 2
304958813537193984 39
304959186800881665 39
304960159875211264 21
304960516403638274 12
304961288180727810 12
304961338491408385 41
304961493672267777 48
304964048028590080 12
304965616668901376 12
304967873221246977 54
304969387352412160 48
304969961972064258 13
304971388031217664 9
304971870384570369 48
304972453392834560 48
304975255183716352 22
304976102449872897 13
304979428524556288 54
304979915080613889 54
304980791681761281 5
304980976239513602 24
304981026562789376 39
304981949284483072 11
304985204064407554 39
304985355059347456 39
304987146039726080 51
304988605661716480 39
304988983149088769 43
304989696201740288 12
304989838774513664 27
304990321132044288 24
304991227101724672 54
304992581874483200 41
304992762221166592 27
304993814978891778 12
304994393813819392 28
304995064898285568 48
304998571311247361 31
304999846400622592 53
305001889022500864 39
305002136469663744 39
305002916647931904 15
305006641185705984 24
305008205627543554 15
305010025976455168 48
305011095528153088 24
305011858874707969 12
305013519844249602 11
305014845219164160 63
305014878802935808 12
305015407268466688 5
305015927362162688 53
305017416348479488 27
305019110838910976 24
305022562738532352 27
305023980430061568 41
305025855262961664 12
305028531233103873 50
305029164581404673 53
305029282021908480 2
305031987348000768 12
305034675917828097 24
305035300839755777 53
305035367965413378 39
305035900629434368 12
305039973323788288 13
305040375943413760 50
305043517485506560 41
305044004016361472 16
305045660766437376 24
305046705156530176 53
305048038936825856 27
305048152212402176 27
305049301447503872 41
305050899464740865 21
305051834815492096 27
305055370596986880 13
305056675021332480 51
305057039917412355 45
305057232851197952 12
305057669071392768 48
305057966858592256 13
305058143023558657 50
305058486973235200 53
305059304849956866 27
305059632009846784 5
305060386976190464 41
305061393634304001 24
305062077297483776 5
305062198923915266 54
305064971354640385 51
305066351280660480 2
305066988835844096 5
305067219522551809 41
305069006270902272 27
305072760160391168 12
305073850687836162 54
305077520708030464 12
305077768159391745 24
305083120108048385 54
305086219681935360 1
305086353912258561 22
305089113768480768 48
305090078470975489 39
305091596792258563 48
305096051130499072 25
305099427549429760 12
305101482762567680 39
305103261176852480 39
305103428944818176 39
305106314630139905 11
305106394296762369 32
305107413500043264 39
305108931846500352 48
305108965426094080 48
305110722810089474 39
305113029681491968 41
305120151622283264 41
305123985211932673 21
305127185486839808 50
305134416437587968 54
305136006091390976 48
305137398591934466 24
305137654440271873 10
305144747020935168 50
305146043073445889 35
305151248208900096 12
305153785758629888 43
305157640328204288 28
305158152024891392 41
305160731517673473 2
305164229562994688 41
305166465143828480 48
305168906195181568 39
305169115927154688 22
305173301855154176 5
305173566092095488 41
305179240960245761 51
305186337747775488 25
305190896939446272 5
305191777768443905 53
305194097205989376 44
305196378915753984 48
305202179629785088 1
305202846507335681 13
305204247421677569 53
305205765751320576 14
305207875490443264 53
305224161951895552 11
305239756378361856 24
305249499780104192 21
305270823592288256 12
305271691808997377 42
305294437515407361 24
305298921230585857 54
305300238275604480 39
305303077802635264 39
305316906401935360 2
305317132902739968 41
305319271989403648 13
305321625006514176 11
305322933629362176 16
305325072741171202 63
305333205467291648 21
305333364884373505 22
305339002012196864 48
305343116636999680 39
305344915968241664 51
305345146675949568 50
305352042103312385 14
305354462220922882 54
305360967603191809 53
305363182162161664 45
305363953930862592 22
305365451280629760 12
305383159653101568 24
305384682168672256 41
305388746453417984 24
305389136544690176 51
305391133020803075 43
305391669900099586 50
305401065145257984 21
305402784793116672 23
305409009136066560 54
305409285964304384 22
305413069243289601 2
305420375704104960 13
305423622078607360 54
305428017746944001 50
305429745770831872 31
305437094195630082 24
305440583877525505 54
305444417437827072 50
305444522333200385 50
305453586186379264 54
305453745569943553 0
305455821758791680 27
305457050689880068 54
305460318052691968 5
305461123354865664 54
305464839520780289 50
305470107558236162 11
305472036942258176 54
305472221504233472 31
305474113147924480 12
305481528643829760 39
305487291651063808 48
305487807550455808 24
305487845265657856 11
305489879498883073 63
305497756431171586 5
305497844515749888 12
305502235918471169 47
305506216329764864 50
305506535101059072 11
305513208242917376 65
305529385686020096 11
305536352416567297 39
305548192940974081 50
305555700728356866 11
305558498345889792 12
305559005844078592 39
305568979911581696 24
305569659372072961 48
305576043090157568 23
305580577149571072 11
305581395034636288 54
305590547005972480 22
305594787451527168 16
305595567587860481 16
305598335824314368 11
305601603208105984 32
305606120448356352 14
305607315820777472 16
305608414724251649 8
305610251846156288 31
305612047025057792 32
305641109336502272 39
305641247752728576 50
305644540281368576 22
305649707684864000 24
305653474165669889 53
305654501740777472 24
305663410450878464 16
305666505834651648 54
305681492103798785 12
305681508872626176 24
305685136945577984 15
305685136958169091 15
305685367619723264 15
305688819565473793 43
305690535002251264 53
305691122213203968 53
305692816707829760 53
305697841488224256 54
305699502440972288 22
305700286759071744 15
305701251453181952 39
305701654127325184 2
305704774676905984 54
305705198289047556 48
305705756131463168 41
305705877770477569 41
305706729214185473 39
305708708942475265 24
305715386270232576 50
305718192242843650 41
305718334849163264 50
305721119904763906 50
305722080400400384 41
305725792325885952 21
305725851054514176 41
305726165627310080 27
305728824841211904 24
305732100563283968 5
305732809400659970 53
305735657358241792 41
305735799952007169 51
305742569575432192 42
305745417478492160 41
305746671592153090 48
305748982649458688 41
305749645357875200 5
305750513566240769 41
305754477170929665 41
305762068886347776 5
305770772071325697 54
305774219759853568 50
305777046750109697 5
305778124656873474 15
305778355377143808 50
305784034435420161 53
305784927843147776 24
305787696087961600 21
305788820148862976 24
305790502043803649 5
305790569169448961 53
305798181822808064 0
305808222986584065 32
305808285922115585 35
305808621441277952 17
305811263882158080 27
305812916429529088 53
305813449101959169 24
305814032097632256 48
305814468301037568 24
305815202312646656 5
305815449801732096 5
305815479128305664 12
305816825516683264 5
305816888418648065 13
305816934555983872 45
305819711202017280 5
305819967029395456 12
305821762220859392 5
305822009680601088 5
305823586747297792 12
305826275283578880 50
305828091425599488 2
305831425867907072 24
305831530763276288 5
305832738722807808 12
305833262977282048 54
305833883759419392 39
305834282214100992 41
305834705834610689 5
305835909583077376 39
305840854667493376 41
305841534174101504 5
305842784059928576 5
305843169927503872 1
305844159808421888 5
305844306596466689 5
305844914770542594 2
305845950772023296 24
305846596694843392 17
305848052088987648 45
305848165372928001 5
305850090520735744 41
305850233143836672 39
305850233143840770 39
305850233148018691 39
305850233164800001 39
305850593853972480 43
305851613086633984 43
305852695187701760 5
305852711969116160 5
305853110448955392 5
305854276465463297 35
305855501198032896 27
305855622820290560 24
305855627039752192 50
305857686409474050 5
305863650713927680 5
305863873028820993 21
305864149827719168 24
305865886303125505 5
305866553180696576 54
305866922300436481 50
305869338211151873 32
305870441308893185 5
305871074657202176 5
305871477301968897 5
305871808664567809 45
305871846383960064 5
305872253227249665 5
305876611134259200 45
305878469219323904 45
305878519550984192 5
305880356639367170 5
305883208749314048 5
305883259080953857 5
305883288457867264 5
305883292660543489 5
305883317805383682 5
305883422654615553 5
305883498181443584 5
305883615600975874 5
305884412539703296 51
305884508991942656 5
305893178609893377 5
305895464501387264 5
305896181735755777 5
305896202732445697 5
305896349512105984 5
305896353702240256 5
305896391480336385 5
305896647311900672 5
305897024816041985 50
305897284858679297 5
305897628779048960 24
305897859486736384 5
305898354393624577 5
305898421498290177 5
305898471855112192 5
305898551517515776 5
305898694136455169 5
305898752835739648 5
305898790622208000 5
305898803200929794 5
305898903834869760 5
305898929034235905 5
305898987737718785 5
305899054838202371 5
305899193237655553 5
305899327467966464 11
305899973382385665 5
305901101654368257 15
305901416227155968 5
305903186244423681 5
305903391740141569 5
305903777624518657 5
305903890883297280 5
305903890895888384 5
305903911863197696 5
305903936995483648 5
305903949616144385 5
305904004125294592 5
305904012530696193 5
305904016708235264 5
305904029270151169 5
305904041865654273 5
305904046055780352 5
305904050258452480 5
305904054444376064 5
305904054469545985 5
305904092209901569 5
305904134148734977 5
305904134161313792 5
305904150904987648 5
305904150921744384 5
305904155120254978 5
305904163487895552 5
305904163517263873 5
305904176075010048 5
305904180277698561 5
305904188662091777 5
305904192864792576 5
305904209633624064 5
305904213832105984 5
305904247411720192 5
305904268358082561 5
305904280940969984 5
305904289342189568 5
305904293511299072 5
305904301908303872 5
305904306115198977 5
305904310309511168 5
305904327082516483 5
305904335458549760 5
305904356446838784 5
305904360620175360 5
305904369038155776 5
305904373224058880 5
305904373228257280 5
305904394208178177 5
305904398406676480 5
305904419348828160 5
305904419365588992 5
305904423559888896 5
305904427750002689 5
305904448729935872 5
305904503247486977 5
305904520007921664 5
305904520028905472 5
305904549363863552 5
305904557773438976 5
305904557777629185 5
305904578732359681 5
305904578753335297 5
305904582922485760 5
305904637482000384 5
305904645849624577 5
305904708785143809 5
305904721347096576 5
305904729744084992 5
305904759079047168 5
305904767476051969 5
305904801051459584 5
305904830386413568 5
305904855560638466 5
305904880739028993 5
305904884924952576 5
305904998166962176 5
305905014952558592 5
305905035936690176 5
305905094631751681 5
305905103016189952 5
305905161740623872 5
305905165960085504 5
305905174336139265 5
305905245635092480 5
305905472144285696 5
305905530856173568 5
305905535033675776 5
305905568592318464 5
305905589588987904 5
305905694408859648 5
305905702801649664 5
305905803460751360 5
305905807680233473 5
305905807684415488 5
305905837019385856 5
305905891545321473 5
305905904149209088 5
305905958658379776 5
305905962869469184 5
305906025796616192 5
305906084495912961 5
305906118033539073 5
305906218701037568 5
305906302620676096 5
305906407474094080 5
305906621383593984 5
305907074334855168 5
305907464434491392 5
305907472802144256 5
305907833541632000 5
305907846120357889 5
305907921592664064 5
305907942555807744 5
305908034830483456 5
305908080984596481 5
305908366214057986 5
305908403929235456 5
305908781433360384 5
305908844331155456 5
305909267960041472 5
305909297332764672 5
305909439951687681 5
305909632885473280 5
305909968404631553 5
305910236877828096 5
305910383670075392 5
305910387851788290 5
305910769529278465 5
305910958289743872 5
305911025398599680 5
305911130231042048 5
305911323169001473 63
305911335756124160 5
305911365124636673 5
305911721653063681 5
305912002650456064 5
305912271111069696 5
305912996725682176 5
305913307099971585 5
305913340641832960 5
305913365803450368 5
305914762506686466 5
305915626520707072 53
305915911766941697 5
305916792574971904 5
305916805128544257 5
305917706912280577 5
305917878878760960 5
305918352822509568 5
305918558364377089 5
305918814229516288 5
305919195877625858 5
305919959245144065 5
305921704088186880 5
305922052223803392 5
305922488410439681 5
305923981574295552 5
305924635889897473 5
305925327975223296 5
305925512516206592 5
305926183621623808 5
305926221357801472 5
305926615634939904 5
305927060222799873 24
305927232189251584 5
305927580308086784 5
305928087810486272 7
305928117158031361 5
305928679207346176 5
305928922493767681 24
305929631335333888 5
305929635521236992 5
305930981876047872 5
305931640385961985 5
305931652985679873 5
305933016138670080 5
305933406204751872 5
305933666234802176 5
305934358290788352 32
305934685450665984 5
305934853231226881 5
305937889890545664 63
305938695196909568 5
305940041585287169 5
305941165658742784 5
305941610233999363 5
305942029672779776 5
305942029676990464 5
305942029681176576 5
305943166358548480 5
305943321518407680 5
305944751784476672 5
305946123309289472 5
305948853834772481 5
305948950286962688 5
305953639510470656 5
305954503532888064 5
305954541277429760 5
305957397606825984 5
305958311956725760 17
305958991442370560 5
305959289237942273 5
305959998066929664 1
305961566745010178 5
305962514670297089 24
305963282215346176 5
305964527911051264 5
305964880232595456 5
305965073187348480 5
305965194813771776 5
305966172099194880 5
305972790715117568 5
305973151400083456 15
305975160501071872 5
305975470862766081 5
305976968254459904 5
305979082145951744 5
305979124118323200 7
305979782603104256 5
305979925238796288 5
305980491436277761 5
305981108007362561 48
305981976236675072 5
305983834304946177 5
305983918216212480 5
305984312443015168 5
305985151320612864 53
305988519363477504 5
305990511645302784 5
305992768180867073 5
305992956916166656 5
305993204367519744 41
305993552519888896 41
305994148090114049 5
305996517888638977 5
306006210908389376 15
306006663914213376 5
306007595062280192 5
306009771897655296 5
306010921141166081 5
306011227321143297 5
306012015837720576 5
306012145869545472 43
306013899076034560 5
306014771482882048 43
306015228674572289 5
306015652282507264 43
306017585881812992 5
306018370220859392 12
306018953216548864 39
306020224094834688 5
306020404437344256 41
306020995842576384 5
306021146820751361 5
306023520813596672 39
306024355496869888 22
306025227878543360 5
306025462780555264 5
306027098546524160 5
306028591727120385 5
306030659502215168 41
306035512349712384 5
306039723426721792 5
306043015946973184 5
306043221463683073 5
306044387476004864 11
306045398286475265 25
306045616428048384 63
306045889020047363 5
306046132302274560 5
306046560138055680 5
306047474500513792 25
306048380470165504 17
306048435000336384 25
306048585965924352 43
306050288865918977 5
306050657943691264 5
306051165467070464 41
306052788658520064 5
306054214713483264 2
306054269252030464 22
306054655128006657 0
306056341225611264 54
306057175925669888 5
306059348541595648 5
306059596026507264 25
306059621209100288 5
306059793146208258 5
306059801555787776 5
306059814147072001 5
306060191617658880 5
306060237742419969 13
306062104211898369 51
306062313948078081 12
306062519435411456 5
306063584813793280 5
306064910218051585 5
306065308668542977 39
306066466300645378 63
306067598754324481 0
306068177576673280 5
306068966089035776 5
306069431681970177 24
306072745148563456 23
306074649362567169 5
306076687811104768 0
306077266608263169 24
306077908366155776 41
306078382309920768 48
306079141495713792 23
306080961794297858 53
306082043937296384 5
306082979262906369 41
306083016999043072 13
306083327381741569 41
306083604201631744 5
306084707341316097 48
306085399363723266 5
306085537805111297 23
306085575537065984 39
306086150165131265 23
306087232312320003 23
306088498966966272 23
306089040040562689 23
306089346220580864 17
306089505595719680 23
306090529026879488 23
306090604532748288 23
306090755523481602 23
306091204309827584 50
306092554867331072 48
306093460836982785 23
306093804761526272 5
306094224187719680 23
306094610072088576 28
306096069689872386 5
306096405246787585 23
306096593969487872 5
306097965506912256 50
306100784091774976 5
306102428267335680 16
306102826722021377 5
306103363601313792 5
306104932237463553 41
306105364263337984 5
306106794512637952 5
306107968938725379 23
306107985694965760 12
306108195439538176 5
306108287680667648 5
306110607139143680 5
306110779126595584 53
306111823508299776 41
306112490394238976 23
306113920639332352 5
306117229957754881 23
306117963956768768 28
306118525989302272 50
306118697955782656 13
306118798644219904 23
306119578763808770 24
306120161759461376 5
306120660906823680 23
306120912552464384 51
306122049221427200 5
306122640588951552 23
306123110359388161 43
306125157179748352 23
306125807322034177 12
306127644402020352 12
306127812178374656 23
306127849935491072 24
306129687044825088 39
306130492338626560 24
306131226341826561 17
306131297640787969 23
306131356390408195 5
306132019073675265 12
306132480426115072 12
306132530782941184 12
306132547539197952 12
306133097022361601 0
306134007173746688 12
306136490180747264 23
306136653758603264 50
306137941439303680 28
306139245863632896 12
306139526856839168 17
306139677851787264 5
306139686269771776 5
306140361535942656 43
306140877452111872 13
306141292675624960 23
306141624042389504 24
306141645005529088 23
306141858898272257 5
306142005694697472 12
306142416736501760 41
306142777467625473 5
306144832663998464 17
306145319199047680 12
306146443272548352 54
306146472645246977 17
306146682339483649 43
306147873551171584 43
306148171329990657 0
306148959846559745 5
306149526115348481 24
306150172012969985 12
306150180393197568 12
306154009817931776 27
306155221971767298 12
306155754648383488 63
306156119552843776 2
306158267011313664 12
306158321562447872 6
306158363509661696 16
306158736769155073 5
306159210750676992 5
306160309645737984 5
306160477417897984 23
306161177875083264 5
306163518275735553 63
306163887374495744 24
306164822725234688 23
306165212791320577 17
306165489607012352 53
306165523153039361 17
306165728707481600 5
306166542389895168 5
306169205768720384 53
306170065605242880 12
306170350801154048 5
306171118367150080 13
306171521032925184 23
306171638456655873 50
306172112425603073 50
306172728975687680 12
306172733178400768 12
306173286813941760 24
306174238929321984 41
306174238941908993 41
306174243148800000 41
306174331216613377 5
306174704522235905 23
306176990405341185 27
306177112048558081 17
306180190671876096 12
306180232610709505 12
306180584911298560 5
306182048723369984 48
306182048748539904 48
306183638385565698 5
306187874624217088 5
306188646376157184 45
306189644633079808 12
306189673976442880 5
306189963400183808 16
306193490805661696 44
306194195431960576 41
306197940949635073 5
306199677378904064 12
306204748305031169 21
306206275010707456 5
306206371488100352 28
306206656696569856 5
306208602857811968 17
306211853472768000 25
306212163826106369 17
306214390988935168 17
306222154645643264 43
306223069016518656 5
306226353156534272 5
306226973926117376 5
306227200414318594 5
306229725376962560 17
306230723642273792 7
306234989224288256 15
306238197887803392 17
306238453740359680 17
306240563458482178 43
306242106970755072 41
306243172332339200 12
306243222651412480 12
306243671437750272 53
306247467308032000 23
306248939491975168 24
306250961150689280 12
306252324278530048 50
306255629394276352 35
306256380174692353 5
306256745104297984 39
306258284409663488 53
306263418208399361 35
306263455957147648 23
306263921550045184 24
306266882724462592 5
306267197305671680 21
306267855815602178 5
306268988256710656 12
306272339518173184 12
306277544641056768 32
306278622560403456 43
306282544238837761 48
306282976268931073 12
306290186285891584 1
306290542772367361 54
306294275723894785 23
306297425658781698 39
306300772704985089 12
306305268986302464 5
306309870141988865 39
306310268613431296 54
306310696415670272 2
306312944550023168 12
306318455865503744 5
306320838246924289 14
306322226574159872 41
306327989531074562 5
306333068854194178 39
306334360695611394 5
306337237971369984 23
306338756301053952 12
306342736703922178 13
306345043571138560 54
306348675846782976 5
306348789109760000 23
306348931678351360 53
306350118678962177 5
306351699919003648 53
306356804395339778 53
306361938252812288 23
306368632353607680 15
306369131479957504 5
306371085996265472 23
306374307221762048 22
306374974128680961 32
306375322239127554 41
306375926231465984 0
306379483018039296 43
306380233773293568 41
306382733591052288 23
306384654586486784 54
306388542702120963 5
306389054428180480 43
306391264805396480 48
306397166199513088 51
306398235759620097 39
306399909270151168 17
306401989661712385 41
306404254585872385 23
306406267822415873 16
306409673601458176 54
306411955319615488 54
306413599461625856 54
306413876298280960 54
306419492467113984 5
306419660264456192 5
306419790283677696 41
306420641731592193 53
306420864021311488 50
306421275050524672 54
306421434442469377 22
306422822752907264 48
306423372215099393 51
