35055158849175552 53
35055288075681792 53
35055845284777984 9
35056355442163712 9
35056804098473984 14
35057122219655168 9
35057231418359808 9
35057300112805888 9
35057756725575680 55
35057840427114496 9
35058089283559424 18
35058338244853764 9
35058427151523840 9
35058668416278528 53
35059071853797376 9
35059180847108096 55
35059402453032960 2
35060229741744128 86
35061937414868992 15
35065226357379073 89
35066295103782912 9
35066441501900800 53
35066972253192192 14
35067085990133760 9
35067092726185984 12
35067946019590144 9
35068336094056449 9
35068585340571649 89
35069290097020928 9
35070902005665793 9
35071649602732032 14
35072594151481344 89
35073980729802752 18
35076009669693441 9
35077527735111680 54
35077822745673728 9
35078116594548736 15
35078123699572737 9
35078701460750336 55
35079045930553344 9
35079243503247360 9
35079645514829824 9
35082334201978880 89
35086388722401280 9
35086687973412864 9
35087142791159809 7
35087482475257856 9
35087494273826816 14
35088376390631424 89
35088534306033665 10
35092790660562945 89
35092866069962752 15
35093215149297664 14
35094611483426816 55
35095013121593344 89
35100073129934849 13
35100242865029120 89
35104330025541632 150
35105429532966912 89
35105993557807104 92
35107141077434368 89
35108366829232128 89
35109758973255680 13
35111217613766657 12
35114725998215168 14
35124912364457984 4
297132611371941888 170
297132623929675776 170
297134112899203072 13
297135677387190272 114
297136184918945797 10
297136210068008961 114
297138961539801088 179
297142975480336384 170
297144665793249280 12
297144925831720960 18
297145454334971904 13
297146674873237505 170
297146913919217664 170
297147018801995776 170
297147354316931072 174
297148100903067648 171
297149808014147584 4
297150651073433601 3
297151355703922688 16
297152140055543810 150
297155218641154048 170
297160620921479170 18
297167004656361472 170
297174789267804160 86
297175674265927680 60
297183282750169088 60
297185476358586368 170
297187359613648897 170
297187388952825858 89
297188462707216384 3
297188798264135680 3
297195727233368064 20
297202765271285761 171
297203432173993985 20
297205399323566080 0
297207051858358272 3
297214102508535809 60
297214903591256065 171
297215868297961472 3
297216111571767297 114
297218305171808256 60
297219949364146176 150
297222965056135168 150
297224269463703552 55
297240790835531776 11
297244301497339904 14
297244808982966274 171
297254510420717568 171
297254581728071680 32
297255743520919552 170
297256007783026688 86
297256385249427456 60
297257769386528768 15
297259459699437568 54
297261766541443072 13
297261976294420480 170
297272965366702081 13
297273514812141568 13
297281962136182784 177
297287171465961472 114
297290602406617089 150
297290690491215872 3
297292645007507456 86
297296658977419265 86
297300870050222080 150
297302103171411968 150
297302132552499200 150
297302266774441985 150
297302283551645697 150
297302950450167808 150
297303004967743489 150
297303009166254081 150
297303684445007872 150
297303705416511489 150
297303864795881472 150
297305001435484160 13
297305068556922880 13
297305240506621953 150
297305299222659072 13
297305458606227456 150
297305496363343872 13
297305550910267393 171
297305563493183488 150
297305659966386177 150
297306528170532864 13
297306716930981888 150
297306851119337473 150
297306981138579459 114
297306985362239488 150
297307161493647360 150
297307459326976000 150
297307505451749376 150
297307576742330368 150
297307656429899778 150
297307778068926464 150
297307811648520192 13
297307916468371457 150
297308054905561088 150
297308130382065664 150
297308226859458561 150
297308289782398976 150
297308344299974656 13
297308373676879872 150
297308478526091264 150
297308570788184064 13
297308759527673857 150
297308860190953472 150
297308885373575169 13
297309246100471808 13
297309493526687745 150
297309527089483776 150
297309598409453568 171
297309778768691201 13
297309841670676481 150
297309858447904768 13
297309862654787585 13
297309967508205568 150
297310370144600064 150
297310386930192384 13
297310961545658368 13
297311150310297600 3
297311305474379776 150
297311418749947904 13
297311464878907394 13
297311531962605569 13
297311569707151360 13
297311573914038272 150
297311628465156096 150
297311687156056065 150
297311775257423873 13
297311968203792385 13
297311989150121984 13
297312014328532992 150
297312362438983680 13
297312450548731904 150
297312496686088193 150
297313377468948480 150
297313545245315073 13
297313583006613505 13
297313650081939456 13
297313666896916482 13
297313679475621888 150
297313729794686976 13
297313817891840001 13
297313952076029952 150
297313960493973504 150
297314346353164288 170
297314354745982976 1
297314509939417089 86
297314543468695552 13
297314551886651393 150
297314564461195264 13
297314644161343491 150
297314728022245377 150
297314799350607872 150
297314920985423873 150
297315030016352258 150
297315319419133954 13
297315353007112192 150
297316489659293696 13
297316493845209089 150
297316883898707968 13
297316888088805378 13
297316938420469761 13
297316938428858369 13
297316976165023746 150
297317185884405760 150
297317299147378689 13
297317601128878080 86
297317735350808576 13
297317806649786369 150
297318242869968896 150
297318452585172992 150
297318519689846784 150
297318653907595264 150
297318662283599872 150
297318712644608000 13
297318746161291264 150
297318758748401664 150
297318897189789697 13
297319060738301952 150
297319203340439552 150
297319631167827969 114
297319748599939073 13
297319840878829568 13
297319954133442560 173
297320008659390464 150
297320214180265984 150
297320360993492992 13
297320432300867584 13
297320499397160960 13
297320671367790593 13
297320734273978371 150
297320956584660992 150
297321225020137472 13
297321325666660353 150
297321367634837505 150
297321388581220353 150
297321413751234561 150
297321417953906690 13
297321497662484480 13
297321724133908481 13
297321740915339264 13
297321749282947072 150
297321870947147777 13
297321959031709697 13
297322059695017984 13
297322110026649601 150
297322164548431872 150
297322298774519811 13
297322340704976897 150
297322441380872192 13
297322529431879680 150
297322672038223874 13
297322823041572865 114
297322860781903874 150
297323741589929984 150
297324051993608192 13
297324140048826368 150
297324202984349698 13
297324454642597888 13
297324697903824897 150
297325117313265664 13
297325431881883649 114
297325444468965376 114
297325524173336576 150
297325633221046274 150
297325897449611264 13
297325918458888192 150
297326216225095681 13
297326329492283393 13
297326723756863488 13
297326723765260288 13
297327180931801088 150
297327545848827905 150
297327612919939073 150
297328208536281090 150
297328405668573184 150
297328619578073088 13
297328745394618368 150
297329504563634177 150
297329768813195264 13
297329986929565696 13
297330385380052992 150
297330616066777088 13
297330800620343296 13
297331501069131776 13
297331782074892289 13
297332381864587265 13
297332402852859904 150
297332482519470080 150
297332562211258369 150
297332872593944576 150
297333166203621376 13
297333229101387777 54
297333241709473792 13
297333719855947776 150
297333812134825984 150
297334202179936258 13
297334294475595776 150
297334516769501184 13
297334780998074368 13
297334831321317376 150
297335158510612480 13
297335439528955904 150
297335452090920960 150
297335460471136256 13
297335460487897089 150
297336014148603904 150
297336165139365891 13
297336190301007872 15
297336248996098048 13
297336253186207744 13
297336601342799872 150
297336693613285377 150
297336743944933376 13
297336915911397376 150
297338555871662080 150
297338950148845568 150
297339013042409472 13
297339524772675584 150
297339583463563265 13
297339654779310081 150
297339826749988865 150
297340044837011456 150
297340162311081984 13
297340275527921664 86
297340346835283968 13
297340720140918784 13
297340875325988864 13
297340934037831681 150
297341022109831168 150
297341298950672386 13
297341647098880000 13
297341726752907264 150
297342414652325888 150
297342540473069568 114
297343194767691776 13
297343958126833664 150
297344088167051266 150
297344193037230080 170
297344335609987074 150
297344352391397377 13
297344423728140288 150
297344444674498561 13
297344511808512001 150
297345140937342977 13
297345396785676288 13
297345593909596160 32
297345749128187904 13
297345761706917888 150
297346474713436160 150
297346583769538562 13
297346634113773569 13
297346734764462080 13
297346868969623552 150
297347040969621504 3
297347095474618368 13
297347095499771907 13
297347376497176576 13
297347422634512385 13
297347699441823747 170
297347867234947072 150
297348206956802049 150
297348219543904256 150
297348299231469568 13
297348844507774978 13
297349268115701760 13
297350023094611969 13
297350023102988288 13
297350044061925376 150
297350044078723072 150
297350236999909376 150
297351105254408192 13
297351130411835392 13
297351679853092865 150
297351973466935297 13
297352019600105473 2
297352250265845762 150
297352610980184065 13
297352686481850370 13
297353357562089472 13
297353424696115201 13
297353630225428480 13
297354292921257984 13
297354682957979648 150
297355010147233792 150
297356348130217984 150
297356515889782784 177
297356654314414081 177
297356822090752000 177
297356830470967296 13
297356893372960768 13
297357103104921601 13
297357241504366593 13
297357501542830080 150
297357509923069953 114
297357736415465472 13
297357757416357888 13
297357765800779776 13
297357858058670081 150
297358160056963073 150
297358403330781185 114
297358885663174656 150
297359078613733377 150
297359397372432384 150
297359565140410369 13
297359649039060993 150
297359716160520192 4
297359976194781184 13
297360290767597568 174
297360391409909761 150
297360416609296386 13
297360601141886976 150
297360848618397697 13
297361096052981761 13
297362610221895681 150
297363205808848897 13
297363298087739393 150
297363310653894656 13
297363692360720384 150
297364115964448768 150
297364304724885504 13
297364854145159169 150
297365630120767488 150
297365764330123266 13
297366322176724992 114
297366389277196288 170
297367161029140481 13
297367446229250049 150
297367689507241984 13
297367802774450176 150
297367987328008192 13
297367995712421890 150
297368192827940864 13
297368457085874177 150
297368784224796672 150
297369228821028864 150
297369233023717376 4
297369425961697280 150
297370138993389568 13
297370512278048768 3
297370864620556288 150
297371397259395072 4
297371514737668096 150
297371518931963904 150
297371716026527744 150
297371728634597376 13
297371967714099201 150
297372592640229376 150
297373163061407746 13
297373595074695168 150
297373687349395456 13
297373863518535681 13
297373993571348480 150
297374056464908288 13
297374123561197568 150
297374266188500992 150
297374316511780865 150
297374668845887489 87
297375457349881857 150
297375482545065984 150
297375872594370561 13
297376296231657472 150
297376443011317761 13
297376644333703168 150
297376778572410880 13
297377361559687168 13
297377982354423808 150
297378519208574977 150
297379114782973952 150
297379290943741952 13
297379592950390786 13
297379869791232000 13
297380754755829761 150
297380775727341568 150
297380868031385600 13
297381912396316672 150
297382122115706880 150
297382398956539906 150
297382726103879680 114
297383070045184000 170
297383200039268352 13
297384248636231680 150
297385011970195459 150
297385251079090176 150
297385393681207296 114
297385666285801472 13
297385725014441984 150
297386194772307970 114
297386236727922688 150
297386597438074880 150
297386891056144385 13
297387633439563777 114
297388094787833857 150
297388916900761600 13
297389042734080000 150
297389151769219072 13
297389290198032385 13
297389369852035073 150
297389495702130688 114
297389520855371777 150
297389655064711168 150
297389852222185474 13
297390212919746561 13
297391441850806272 173
297391483798044673 150
297391525749485568 150
297392284914298880 170
297392771457753089 150
297392846946832385 13
297392893075808256 13
297393111179603969 14
297393648063115264 150
297393975206227969 150
297394012975927296 150
297394059092303872 3
297394726007603202 13
297395560657334272 150
297396953174650880 60
297396965753376768 150
297397158712315904 150
297397175460171779 171
297397255160348672 150
297397360026345473 114
297397599097475072 150
297397674607525888 14
297397750100803584 150
297397750100803585 150
297397989167755264 150
297398026924859393 13
297398047867023362 13
297398312145911809 150
297399054504194048 87
297399075479891968 13
297399381680848897 13
297400052761112576 150
297400530907566081 150
297400765801172994 114
297400862265991168 150
297400920973639680 114
297401000690610176 150
297401059415052288 150
297401193611804672 150
297401252344651777 13
297402338648412160 13
297402728714498048 174
297402762268913664 150
297405337588342784 4
297405476004569088 13
297406893687709697 150
297407220830834688 150
297407493468983298 150
297408638513995776 13
297408986641219585 13
297409804517904384 13
297410127466745856 177
297410559496826880 13
297410626618273792 150
297410676945739776 13
297410899222859776 18
297411276722806786 13
297411658404470784 3
297411666788884480 150
297411750662393857 53
297413281612713984 177
297414057529589760 150
297414435042115586 150
297414888005980161 86
297415303233675264 13
297415340999196672 87
297415978525003776 13
297416091792207872 55
297417450742509568 13
297417597517983744 177
297418046337859584 14
297418801291603969 150
297419069722857472 13
297419300426354690 15
297420831343144961 150
297421078798680064 11
297421460476141568 14
297421905072377856 150
297422009955135488 150
297422433575649280 150
297422509085708288 150
297422664258166784 150
297423251469131776 179
297423385661673472 10
297426426536280064 150
297426577539604480 150
297426606891364352 86
297426858574741504 55
297427059871989761 150
297427068289953792 13
297427131179343872 150
297428095894437888 13
297428490146430977 13
297428519485595648 13
297428980859035649 177
297429140242563072 13
297429538726608896 55
297429878461063169 150
297431115780726785 13
297431434556215297 86
297431963013378048 150
297433175171399681 13
297433313583456256 13
297434777416507392 150
297436144767991808 150
297436316705116160 13
297436492878462976 13
297436799066849280 174
297437264613605377 60
297437281403416576 150
297437302362357760 60
297437369471234048 13
297437738603532288 13
297438053138587648 25
297438418063994881 60
297438736810143744 13
297441064674004992 150
297441496699912192 13
297442335527149568 114
297442977255653377 150
297443056981012481 150
297443413459075072 150
297443463807500290 114
297443556090589184 13
297444894069383169 114
297444977938665473 150
297445095383396354 20
297445326065905664 114
297445602910932992 171
297446500466819073 150
297448157246279682 150
297448304034324483 114
297449159663960064 170
297449973367316481 60
297451235836043264 5
297451370057977856 150
297452221497503744 13
297452594819911680 3
297452666106286081 15
297453811163881472 13
297453857284423681 150
297455086244859905 13
297455425962532864 150
297456805896929283 114
297457028195037184 171
297457430856601600 60
297458479420030976 13
297459444097351681 60
297460773683339264 60
297462237516398592 86
297462568849653760 92
297462782780125184 4
297462887650312192 13
297463470620807168 150
297463814557937664 13
297464749908717569 150
297464804417867776 150
297465873982181377 150
297465962049990657 150
297466209509720064 150
297466297598480384 150
297466658329616385 86
297467111289257984 150
297467119665299456 150
297467497182007297 171
297467895636692992 13
297468390577172481 150
297468868690055168 150
297469313286295553 150
297469539778691072 150
297469657231790080 13
297470127010631680 86
297470240235851778 150
297470290580086784 171
297470642880671745 150
297470894538883073 150
297471376909017088 150
297472320635801600 13
297472735855144961 150
297472870064459776 150
297473721503985664 150
297474119996432384 150
297474468102696960 150
297474778502148096 150
297474799448489984 150
297475084648591360 150
297475256648597504 150
297476699480797184 150
297476821098848256 150
297476884013383680 150
297477051810717696 150
297477370577833984 170
297478943441813504 150
297479786492735490 114
297480516284846080 150
297481967505661952 13
297482378576797696 150
297482684735819776 150
297483099997081600 150
297484047901392896 208
297484341511061504 177
297485138407874560 150
297485604000784384 150
297485981488128000 150
297486816129470464 13
297487541735682048 150
297487617266708480 150
297487621440012288 150
297489500475637760 60
297489722786328579 179
297490238694125568 150
297490544869920769 14
297490628743405569 150
297491174028107776 150
297491551502880768 150
297492402938204160 150
297492784619847680 150
297493589934612480 150
297494013567705089 150
297494047109545984 174
297495821304352768 86
297495875817701376 150
297496404316786689 4
297496924389535744 13
297497046028517376 13
297497167688503296 171
297497704538439680 150
297498237219258368 150
297499680059838464 150
297499730378891264 150
297500586021113856 150
297502192460509188 150
297502230184083457 150
297503945692168194 150
297504297988526080 150
297505862472306689 4
297505883427049473 150
297506084787200001 150
297506298663165953 150
297507313714098176 150
297508102243225600 150
297508156756615169 60
297509247284039681 150
297510912414334976 87
297510920781959169 13
297511109529853952 150
297511919026323456 208
297513064104878080 150
297515001860722688 150
297515207360671746 13
297515274473717760 150
297515756818673666 150
297516205638574080 150
297516264325279747 3
297516344033812481 92
297518105633099776 150
297518495728549888 150
297518508286287872 150
297518743171518464 13
297518759969710081 53
297519665909997568 150
297520336994455552 150
297521029063012352 13
297522857787928577 171
297523277239300096 150
297526376813182976 150
297527559585931264 13
297527605752631297 87
297528977264898050 150
297530797601206272 150
297531258974638080 150
297531351274516483 150
297532202718228482 4
297532282393214978 13
297532521472749569 150
297533637165993984 208
297534056571228161 13
297535470060048384 13
297541610537877506 13
297542587798138880 150
297543346950385664 114
297545385386332160 170
297545574142595073 150
297545712554606592 150
297545960001789952 13
297546345877737472 13
297547469951205376 150
297548371743354880 150
297548971507847168 150
297549638427361280 13
297549856543760385 13
297549898486779904 150
297550175306645504 13
297551135768707074 150
297552649925042177 13
297552738018021376 29
297552972894842880 150
297553950176055297 150
297554432512638976 150
297554818392793088 4
297557867651821569 20
297558500991713280 13
297559461487337474 150
297559478239383552 150
297559876731805698 174
297560287769403392 86
297561248244060161 150
297561319572398080 177
297561420214710272 150
297562900795633664 150
297562925982429184 87
297563026633154560 87
297563076985765888 32
297565014745821185 114
297565111223205890 13
297565413217288192 13
297566713438928896 150
297571595608813568 87
297571834688311297 150
297572711272693760 150
297575315935481857 150
297575613739458560 150
297576989458579457 102
297578000285843456 13
297580575596883968 15
297587223585497088 29
297587676570329089 13
297590243463401472 114
297590964896284672 114
297591036182663168 13
297595029193629698 13
297596505559273472 87
297597419917561856 86
297600041370124288 13
297600850858229761 150
297601580671311872 150
297603216466661376 13
297603619103051776 20
297606181843791872 150
297612334875168768 150
297614599790931968 20
297618219504631808 20
297618521456791552 114
297619540710420480 170
297621138723459073 13
297623101657718784 170
297623701426421760 114
297625203004043266 150
297627178533785601 16
297627958644977664 4
297629082714243072 86
297629728670638080 86
297633503535828992 4
297633562230935552 16
297633671316385792 15
297633805538324480 86
297636607320801281 15
297636682822479872 150
297639430070624257 13
297639635612487681 60
297642244452777984 6
297643544687038464 86
297645922857398272 13
297646245827194880 171
297646321337262080 15
297657000031043586 13
297658119918612483 60
297658933575835648 150
297659726320246784 150
297661827653971968 92
297666676277800961 16
297667594851319808 4
297668647588069376 4
297669524193431552 13
297670052705079296 13
297670220477251584 150
297671118045716480 13
297673412338405376 150
297674112782962688 14
297678667792924672 170
297679221462024192 13
297682430066835456 15
297683491259297793 150
297683830976942081 174
297685278011826176 86
297685902975713280 4
297687748456882176 13
297688398599163906 87
297691712061595648 89
297692362212245504 174
297693951849271298 13
297694132208562177 13
297694144783069185 13
297696631988568064 174
297697286320959488 150
297697391174356992 174
297698045485805568 114
297698280375218176 174
297698452320681984 171
297700998263226368 4
297701522555432960 4
297706270503342080 150
297708304757583872 150
297709730816724992 13
297710775211012096 150
297710812938764288 13
297711265927794689 14
297715003044265984 13
297715032404406272 13
297716571739148288 150
297717821637533696 13
297717871973384193 13
297718182326726656 13
297718773711007744 13
297721810395467777 171
297725195194613760 150
297725748872105984 13
297725937582231553 13
297726243778998273 13
297726998753734657 114
297727955071795201 13
297728571626110977 13
297728626131083264 54
297728668095107072 13
297728869438484480 171
297728974266699776 13
297729645384708096 60
297730639417970689 60
297731994190757890 13
297732187103563776 13
297734636577124354 150
297736322712498176 150
297737283208114177 13
297738717634887681 150
297738918978256896 32
297739309040164864 150
297740038861627392 150
297740856755097602 13
297741129359691776 13
297741179682975745 13
297741435573268480 13
297742496732160000 150
297743272661630976 13
297744300245143554 171
297745470476910592 177
297746896548683776 150
297746930107297793 13
297746988823351296 174
297747836076953603 114
297748528111951874 13
297748687491305472 114
297750080012824576 13
297750923051139072 13
297751048888676353 86
297751178933055488 13
297753049584254976 13
297753351578329091 7
297753842307715072 13
297754446279110656 13
297756719604453377 177
297762960712015873 174
297764105752813568 150
297764961386643457 60
297766869828501504 150
297767389897060352 170
297768027456434177 170
297768870490562561 150
297771689054457857 13
297772670542573568 55
297772951560925184 20
297774381806002176 150
297774520234819584 13
297774532809347072 150
297775707231232000 150
297775820443893760 150
297778328654446593 13
297783080809287680 5
297783462478372864 150
297786230714810368 150
297788793438752768 114
297790475354664960 15
297792446660747264 171
297795550458286081 13
297795978277289985 3
297798855586627584 32
297806975759183872 5
297811237146861568 13
297811266519592960 13
297811887293333504 60
297812013126647808 114
297812474483331073 114
297812583526846465 92
297813170737790978 13
297813359468896256 60
297813867009032193 13
297814554845511681 171
297817952256937984 13
297817960632954881 174
297819055358894081 150
297819432850440192 150
297820544341004288 12
297821509026725888 170
297822985392386048 60
297824163995987968 49
297826290520694784 13
297828270248980480 114
297834108720123904 171
297834234511491072 177
297835887084064768 150
297837925511622657 171
297839817155289088 150
297840467276619776 150
297843227137028096 13
297847136219975680 171
297849707336724480 174
297853213745508355 5
297853868069502977 171
297854442693337090 150
297854975344791553 60
297856514683707392 54
297856732762353665 171
297859048022364160 170
297871190528249856 5
297872738259959808 150
297873803579629569 170
297875108012384256 60
297876370506280961 150
297878845162401792 60
297879063262023680 177
297881877610639363 14
297883089764491264 114
297885623124111360 114
297887376359960577 177
297887896445263872 150
297897014878941186 87
297897098752425984 171
297897211990274048 171
297901406319435776 3
297903314710966272 150
297905567056404480 171
297908045894275072 174
297909132198019075 1
297917566964334594 171
297919727018336256 170
297924772766040064 174
297925091545739264 10
297926546965032960 170
297928916738400256 174
297939373134057472 150
297942711821008896 114
297945668805349378 13
297947459785736192 114
297956603360055297 86
297957194744352769 171
297966988456759297 177
297969077199196161 13
297972210373644288 177
297974513033957376 13
297974659826200577 13
297975502893887489 13
297976522101366785 150
297977914589323265 13
297978887693033473 13
297981030965596161 13
297981056123023361 13
297981291012427776 13
297982415098494976 13
297983392379707392 13
297983669195378688 13
297983937635037184 16
297984185086390272 13
297984407397097472 13
297984537420509185 13
297984826827493376 13
297985221079494656 13
297985816670650368 13
297987020444295168 13
297988303918096385 13
297989855810560000 13
297990078075121664 13
297990182966284288 13
297990409458679808 13
297990690468679680 13
297990757581721600 13
297991864857030656 13
297994872198164480 13
297994901541494784 150
297999397835395072 13
297999691424088064 13
298001897619615744 13
298002354828103680 13
298003994800959488 60
298006725271908352 20
298011112505475072 60
298011309650358272 150
298014270820589568 150
298016951014416384 150
298023884161179648 0
298034327999115264 60
298036781679509505 179
298041986777235457 174
298047045116260352 60
298047590371586048 150
298050299887751168 170
298051348488937472 2
298052267028918272 2
298055626691592192 2
298062287246352384 177
298074467475795968 15
298076292014804994 150
298077206381486080 60
298077244113420290 13
298079945232617473 2
298083015471529987 60
298084269581037569 0
298085234279317505 2
298085536252452864 171
298088589705748480 60
298090640732987392 60
298091739649032192 60
298094021316841472 177
298096336568475648 150
298096676336459777 174
298106461626695680 102
298106881069690880 170
298110169416626176 13
298111750639865857 60
298112081985679360 177
298112702751047680 55
298117194846445568 179
298118033711448065 171
298118864187826178 60
298119346541174785 13
298120013414535168 171
298123444355219456 55
298125960941817856 55
298126065832972288 32
298126275543982081 55
298127433163497473 55
298130717278343168 18
298131749093924864 55
298131900072067072 55
298132101411254272 55
298132508271341569 86
298135129719701504 4
298140192244654081 174
298141354062655489 14
298142180315369473 13
298148006232981504 25
298151298757431296 171
298153936974671874 179
298159301485264897 87
298162862440988673 92
298163235734052866 173
298163961361227777 86
298165517439614979 171
298166314374139905 174
298166528250097664 60
298171729216413696 150
298174971417612290 4
298175839613370368 150
298176309371236352 20
298176456180248576 171
298178066805555200 114
298178230362443776 174
298181904581160961 114
298186270855798784 150
298186472182394882 86
298188141494423552 60
298189244625723392 2
298192549724684288 55
298194172928749568 14
298194244219314176 60
298201080922263553 2
298202720928681985 54
298203702395809792 3
298205845676781568 171
298207582097649664 55
298210069315739648 14
298213936489181184 12
298215920382377984 170
298217023505317889 25
298217220633399296 150
298221121323560960 150
298222501262159873 150
298224350946021377 171
298226083185164289 54
298226565542715393 150
298226888487346177 15
298229119857090560 55
298233137996107776 174
298233305759903744 87
298233381290913793 87
298236774478667776 171
298243925775351810 55
298244127068413952 55
298244240339763201 55
298244420703244289 55
298244445864869888 55
298244722672144384 55
298245079204757504 55
298245158863003650 55
298245884498567168 55
298246010327674881 55
298246069056335873 55
298246165500153857 55
298246186488459264 55
298246207476756480 55
298246278754754561 55
298246509441466371 55
298246740119805952 55
298246819815763971 174
298247075676688385 55
298247461556871168 55
298247482519977984 55
298247495107096576 55
298247549624676353 55
298247801295474688 54
298247918723428352 55
298248027783692288 55
298248162005614593 55
298248619201527809 55
298248807941025795 55
298249462218907651 55
298249852310142979 55
298249852322721795 55
298250087191162881 55
298250653418024961 55
298250821173403648 55
298250829570396162 55
298251068654108672 60
298251194466439168 172
298251278373498880 177
298252188541648897 55
298252188550062081 55
298252222108672001 55
298252247253528576 55
298252905746673664 55
298253572645191680 55
298253769790091264 55
298253824324427777 55
298254017270779904 55
298254084362887169 55
298254403125780480 55
298255325885247488 55
298255493636452352 55
298256252801253376 55
298256273772793856 13
298257775342018562 55
298258802971668480 55
298259528565280768 55
298259859927883777 29
298260832981250048 54
298260879152123904 87
298260900090097665 55
298260963029827584 55
298260979786055681 55
298261336293511168 55
298261604758323200 55
298263110496710656 55
298264150684082177 55
298265966830305282 92
298266700812517376 87
298269729133563906 177
298270752539570177 87
298272686092742656 13
298273868911607808 55
298276800730128385 29
298276884612005888 29
298276960113664001 92
298277543121940483 55
298277736022147072 92
298277945775104000 89
298278897852764160 173
298278918820085761 60
298279665406193664 60
298281515119431681 60
298282093912395776 29
298282811159355392 60
298283951993257984 55
298284031697625089 15
298285331927691264 60
298286162383093760 55
298287810761330688 173
298289526231691264 55
298289551401693185 55
298291166191964160 60
298292428698419200 55
298292525146460160 174
298292625805565953 174
298293733131169792 55
298294924313501696 92
298296304210161664 55
298298653049753600 60
298300070711939072 55
298300188144062464 150
298300632752869376 55
298301538701557760 60
298303241601556480 55
298307259761565698 55
298307414917259264 55
298307477861175296 55
298308882961420288 55
298310204167176192 174
298310715868065793 55
298313874174791681 87
298316164235395073 174
298319918141698048 55
298321570705858561 55
298326515815419904 55
298327606321897472 60
298339807548035073 171
298340885479948289 32
298351614497001472 20
298354433065111552 12
298359025861537792 150
298361487917985792 15
298362024784711680 10
298362393858289665 4
298367821287682048 55
298371252236738560 150
298373353608200192 20
298374733509046272 150
298374892909379585 55
298376117625171968 177
298381461189439490 173
298381817675919361 150
298383638033227776 173
298385173119119360 173
298385424785752065 150
298387421274460160 2
298388826357895170 171
298390751547641856 173
298391787561689089 55
298391980491304961 150
298392148259258368 150
298392848716423170 173
298393175884693504 150
298393641456640000 2
298395176571899904 171
298396116062441472 150
298401723863670785 55
298402344637431808 171
298402470445588480 171
298410653541085185 60
298410695484121088 20
298411320431214595 86
298412222214967298 25
298412385771864064 150
298412675208187905 55
298412939424174080 173
298421239951806464 86
298422804422995968 55
298423181906169858 174
298423181910364160 55
298423894971404288 173
298424012399316992 173
298424050143870976 55
298427913081069568 55
298431037850148866 173
298431285305688066 18
298432883339694080 55
298434015810170880 55
298435026637451265 4
298435899035881473 173
298436452700811267 150
298437174100111360 171
298437346079154177 114
298437400600932353 150
298437417378136064 173
298439204160016384 171
298443591385239552 87
298444639969607680 171
298445659193896960 150
298446263182032896 13
298446871351947264 55
298447311758049282 150
298448721027411970 150
298449345982902272 13
298449706701430784 179
298450855932338176 60
298451199852675072 55
298454358167781376 150
298454492419063808 150
298454668554690560 60
298454869902245888 150
298454945387143170 174
298454999929864193 150
298457470358147072 55
298458476970123264 55
298459512967426048 13
298460381217710080 53
298461182312988672 150
298461333307924481 179
298461899538956288 0
298461920497917955 150
298462079906611200 150
298462155395698689 55
298462193140252674 89
298464420298903552 102
298466634920767488 150
298466962063892481 179
298467381481713665 150
298469893882400768 150
298471991017623552 87
298472116850925570 55
298472334971523072 55
298473324839837696 55
298474117567504385 13
298474348245839872 13
298475241619980289 55
298475770119086080 15
298475887563792384 13
298475900138291201 13
298476374103052289 150
298477275844853760 89
298478307664613376 12
298478525755826176 150
298478588695556096 150
298478643196342272 150
298478966170329090 150
298480983643136001 150
298481310765309953 179
298481403048382465 150
298482162229997568 29
298484397798215681 114
298486536863903744 55
298486868218085376 2
298488256545308673 150
298491704246423552 15
298492144652517380 150
298492798968156161 173
298492798976532480 54
298493121942126592 55
298494136980496384 55
298494338286108672 179
298495881806741504 3
298498385802059776 150
298500449399627776 150
298500541657513985 15
298501959344869376 150
298503309923328002 150
298505432232771584 13
298506354979659776 55
298506719854751744 3
298508296946581505 3
298508871566249984 0
298510473765203968 173
298510742217428992 173
298511623021289472 15
298512881320865795 150
298513992798834688 60
298514148000681986 171
298514269631303680 150
298514617750134784 55
298514848432680962 173
298515527926697987 114
298516278711287809 114
298516530352750592 87
298521206989127681 150
298523090235817984 171
298524239462539265 55
298525552279707648 173
298525866869284866 177
298527179682234370 4
298527624291045377 55
298530040189173761 55
298530946192396289 177
298531688584187905 4
298532808434016257 4
298532837823500289 4
298535094350663680 170
298535689916674049 174
298536222593277954 15
298536373584011264 4
298536721728016384 49
298536906273206273 89
298537988416208896 60
298538823082704896 171
298538944692379648 150
298540697924026368 55
298542472135581696 60
298543822701490176 13
298544116290187265 150
298544468590739460 49
298544485401497602 49
298544502178738177 49
298544544096595969 49
298544565059719168 179
298547257819684864 114
298549661176836096 114
298550130934697984 55
298550168670859264 15
298550277718556673 55
298550890099511296 55
298552416817799170 60
298553498931441665 173
298553985479110656 173
298556489495351296 170
298557403853627394 170
298558423044341760 150
298560411169607680 60
298562915169095680 177
298563804340572160 2
298564022469537793 55
298564521591709696 173
298564664198037504 150
298564823564828672 179
298565268182011904 170
298565725352771584 177
298566379643224064 55
298566421607247872 171
298570834023440385 2
298570955641475072 170
298572125848088576 87
298573761639227392 0
298573925187743746 55
298574428516790273 174
298574793442226176 150
298576710243332096 170
298576781512945664 177
298577028985262081 32
298582615819157505 89
298583865692389376 60
298584138317979648 171
298585199493656577 177
298585551806816256 114
298585958679474176 0
298586742993321985 55
298589880353685504 55
298592766013874177 2
298593109942599681 55
298593994970116096 150
298594120799232000 55
298594980610572288 170
298595223867621377 12
298599233626456065 150
298602807202807808 171
298605193724051456 60
298607395737833473 1
298607743898619904 6
298608528212512768 53
298609916527132672 12
298610411467571200 29
298611782984019968 150
298612449874153473 173
298612961591832576 170
298613007712399360 150
298613112603545601 173
298614232470147072 170
298616472215896065 89
298618057666998272 18
298620536525836288 150
298624579801317377 170
298625078952882177 29
298627285156786177 170
298627507446497280 60
298633194897559553 173
298633568203206657 150
298634734211325953 171
298635568877801472 0
298635694706917376 12
298641659003023361 174
298643202540462080 54
298646889333665792 55
298648223101353984 60
298653956710756353 87
298657526059261953 170
298658620768403457 114
298658880848809985 55
298660235600601088 170
298661611319750656 171
298663083512041472 0
298664211809198080 171
298664538952323072 89
298670847172956160 18
298671694439141376 171
298680980611403776 0
298685019747147777 172
298687905419902976 55
298699418788564992 170
298699842413264896 172
298703529219072000 150
298707736080814080 13
298708042260819968 173
298714954477998080 114
298719010374184960 54
298726497223598080 2
298730007830872064 2
298731723322179584 2
298732834795950080 174
298738555851784192 2
298738962686681089 86
298741949031120896 114
298742259422203904 2
298742985015840768 179
298746684408733696 173
298753193947590656 2
298754041209565186 2
298754791998377984 2
298756398387429376 55
298756629069975553 177
298757379875561472 2
298758000611586049 179
298758319391248384 173
298765894295900161 2
298765990760701953 2
298766204670185472 2
298767014196047872 171
298767190335823873 173
298767848833179648 177
298768033416093697 173
298769543357145088 177
298770466108223488 2
298771313340862464 171
298773095920058368 174
298773305643634688 60
298773486011305984 150
298774823998476288 3
298775503475728384 173
298779337069580289 2
298779760685895682 2
298780624708325376 114
298782482768216064 55
298783632036884481 2
298784068219322368 55
298784923857321985 173
298787620815794177 173
298791475385344000 2
298792721081065473 2
298792733659779072 15
298792846922743808 2
298792876245123072 2
298793413128642560 114
298794272977735681 2
298794746942484480 2
298796139430424576 2
298796558869229568 5
298797028610301952 2
298797628399943680 5
298799180321800192 2
298799398404620290 5
298800023351734272 5
298801826927628288 5
298802120499531777 2
298803391373668352 60
298804066677563392 5
298804297351716866 5
298805538878287872 86
298805736002187264 5
298805970866417665 86
298805970879008768 86
298806306435903488 54
298807954805768192 86
298807958962323456 86
298808344859267073 5
298808399376834560 150
298808688787984384 170
298808919495684096 89
298808999149715456 5
298810135822860288 5
298810194564108290 86
298810853053042688 5
298810915980189697 5
298812551754575872 86
298812782449680384 150
298813059235971072 86
298813680009740289 177
298813898134519809 86
298814141378994176 86
298814548222308352 86
298814753738981377 86
298815571653431296 86
298816091734552576 86
298816171443093504 86
298817182270386177 2
298817350029955073 86
298817450684866561 86
298818390208937985 86
298818876773371904 86
298819283604086784 86
298819531059634176 18
298819967258861569 150
298820541912059904 86
298820680307310592 173
298821670142111745 86
298821821153820672 172
298822207033991168 209
298822890697134080 172
298823272370421760 2
298823591141732353 86
298823700193607681 172
298824128012623873 87
298824404845092865 86
298824685855059969 86
298824731984023553 86
298826019635343360 172
298826866909925376 170
298827227620077568 179
298827294712156161 55
298828926304800769 172
298828934697594880 86
298829190529175554 170
298829358301323264 86
298829458981412864 87
298829614162255873 86
298829744202465281 86
298830247527317505 86
298830448853934081 86
298830524343005187 177
298830595633590272 86
298831317045489664 170
298831426101575682 5
298831719711260674 172
298831765865377792 86
298831900074704897 86
298831925219569665 86
298832134943154176 86
298832143323377666 86
298832285950685184 2
298833103818985472 89
298833149981495296 171
298833313555177472 86
298833611329781760 15
298833766539988993 86
298834781561581569 55
298835138052247552 6
298835293266657280 177
298836236997636096 86
298837633688285185 86
298837713354887169 86
298838149596073986 86
298838166343925760 5
298838304789504003 86
298838673884073985 86
298838703210655745 86
298838929740820480 86
298839332377206785 86
298839374307663872 86
298839701463375872 86
298839953142583296 171
298840548712775680 6
298841152696758273 86
298841836364103680 86
298842104791195648 2
298843027559038976 5
298843920941600768 86
298844055176110080 86
298844176815120385 86
298844327780691968 49
298844969517592576 86
298845800010743809 172
298846001312178176 87
298846122963779584 86
298846693389119488 2
298847171539775490 86
298847637082365952 5
298847741965127681 86
298849566478987264 5
298850229187379201 2
298850292097757184 172
298852364092321792 60
298852389245571072 150
298852875793219584 60
298853144237047810 60
298853307798151169 86
298855191036432385 86
298855853740670976 86
298856017297559553 150
298856021500243968 86
298856034112507904 172
298856105415700481 86
298856587727097856 86
298856755503452161 172
298857053315796994 86
298857325928804352 173
298857472746205184 89
298857984442908672 173
298858282234290177 172
298859150463610880 2
298859200791056385 2
298859506979463169 86
298859838312681473 86
298859989307650048 86
298860702339309568 173
298860891082989568 20
298860899479994369 170
298861272794025984 86
298861419594661888 86
298861578953043968 86
298861834805587968 15
298861914509946880 86
298861918691663873 177
298862262632984576 177
298862442996453378 5
298862623326347264 177
298862820479619072 86
298864519176929280 172
298864896639127552 5
298865404179267584 60
298866121409445888 179
298866578555031552 177
298867371316215808 86
298868969308295169 2
298869275500879872 14
298869397144104960 179
298869514572013569 150
298869833360109569 114
298869992718479361 173
298870160515796992 3
298870370243588097 20
298870579950387201 2
298870647034105856 5
298870684791238657 86
298871796298571777 86
298871859213123584 86
298872228295110656 2
298872526103257088 2
298872924557963264 2
298873041998454784 2
298873180423090176 2
298873373335887872 2
298873792795643904 2
298873918603792384 172
298874031845830656 2
298874119947161600 2
298874275136434177 86
298874551939518464 2
298874648412700672 5
298874732311375872 2
298874874905108480 86
298874912645468160 2
298875160138752000 173
298875172717486082 170
298875332096819200 11
298875365634494464 5
298875378229985280 2
298875839616008192 2
298875868955168768 171
298876170953428992 2
298876732973395968 2
298876745568882688 86
298877051769851904 2
298877156593917952 173
298877395673440256 2
298877651538558978 114
298877693494165504 86
298877903205199872 5
298878188417851394 2
298878725297143808 2
298878750462976001 2
298878893052526594 2
298878989529931776 2
298879048245977088 18
298879182438531072 2
298879186637049858 2
298879220225036288 2
298879337627791360 102
298879417344733185 2
298879643832942592 2
298879912285196289 2
298880105193799681 86
298880189088292864 2
298880239419932672 86
298880285553094657 2
298880323293429761 2
298880549802610688 2
298880570782527488 2
298880574968455169 86
298880713376280576 2
298880839222165505 2
298881703248797697 2
298881761943908352 2
298882206540103680 5
298882269446279169 20
298882349167435777 2
298882491748585472 2
298882655355813889 2
298882726650589184 2
298882839888404480 2
298883007652188162 86
298883754229919744 2
298884018496221184 5
298884567945838592 2
298884630860402689 5
298884966413135873 170
298885025104007169 2
298885088031174656 2
298885205484249090 2
298885582963228672 13
298885830422958080 2
298886300176613376 86
298886522470539265 2
298886757385125890 2
298887017427783680 2
298887671739215872 2
298888078590898176 86
298888107938435072 2
298888351203880962 86
298889429140000769 2
298890519654830081 2
298890578383482880 2
298890746172432384 2
298891308188180480 2
298891790524772354 2
298891819880677376 173
298892138664587264 2
298892197372260352 86
298892235129356288 2
298892440662835201 86
298892956570644480 2
298893120119132160 172
298893124334407680 2
298893224980914176 2
298893313078087681 2
298893879300726784 172
298894026118135808 86
298894055465689089 86
298894084821639168 2
298894097387778050 2
298894831416115201 172
298895846437711872 86
298896429416591361 2
298896538485272576 2
298899537395847169 172
298900766343704576 2
298900913148538880 179
298901206758203392 2
298901269676969985 12
298901311594835968 2
298901332566343680 2
298901500334309376 86
298901680701980672 18
298902314058657792 20
298902448272199680 2
298903106765348864 2
298903224201670656 2
298903350026567683 2
298903513629597697 2
298903580721696769 172
298903840764358656 2
298904339899113473 5
298904616702185473 2
298904822252457985 2
298904893526245378 114
298905371689504769 172
298905396859527169 2
298905472344420352 2
298905782718713856 2
298905837257256960 150
298906013405437952 2
298906860659015681 2
298906961343283203 2
298907481416036352 2
298907535967145984 5
298907686928535552 2
298908009906712576 172
298908131541528576 86
298908366422560768 2
298908580336246784 2
298908936831127554 86
298909280772435969 170
298909511471726593 86
298910627148226561 2
298911214350786560 86
298911608602759168 172
298912313271017472 2
298912392954400769 86
298912866931720192 2
