626361202931834880 7
626362285053841409 90
626363069405368320 36
626363522365063168 17
626363748870172672 17
626364738734288896 36
626367418894430208 17
626367439836680193 90
626368391960489984 218
626368467449425920 90
626368538777882624 90
626370304579743744 27
626370740778962944 231
626371093104689152 90
626371856459780096 90
626372858894286848 218
626373114759393280 90
626373391579156480 90
626375962670665728 17
626376184989794304 17
626377074161373184 63
626377246144462848 17
626377724286910464 17
626377917212311552 36
626378181449224192 17
626378504435826689 36
626378647050579968 172
626379787867713536 211
626380987434340352 9
626381507528159233 90
626382082164457472 189
626382270891331584 36
626382942017753089 9
626383084615675904 189
626383592130744320 36
626383629883703296 90
626383780853362688 90
626383994758791168 36
626384695211614209 27
626385504729067522 191
626386930792579073 90
626387576715354112 218
626387807381159936 7
626388038097223680 63
626388449101086722 7
626388688180805632 90
626388855965491200 218
626389233461276673 90
626389271222558720 17
626389388654612480 189
626389409634480128 189
626389946480242688 32
626390244292587520 17
626390579807711232 81
626390663727181824 17
626391213151789056 90
626391225743077376 90
626391473223827456 17
626392278504968192 90
626392530171654144 9
626393050286153728 188
626393947867348992 90
626394350512173056 36
626394413422370816 191
626394681836965888 17
626395248089038852 17
626395382306594816 17
626395613010206720 7
626395696879382528 36
626396154058530816 232
626396367972384768 90
626396477011574784 32
626396669970505728 27
626397039073562624 17
626397663995559936 9
626397852768403456 90
626398184093253632 191
626398481897226240 90
626399303976812544 36
626399404644241408 90
626399643715264512 9
626400251881127936 90
626400679704158208 36
626401199789592576 7
626401380161462272 36
626401522755219456 208
626401891849613312 90
626402273544024064 17
626403963844304896 90
626404119021010944 17
626404123240452096 17
626404202923823105 17
626404601391120389 36
626405486401859584 17
626405570287943681 172
626406333638660097 90
626406962779983873 90
626406966982782976 90
626407008929976320 90
626407650658377729 90
626407688373710849 36
626408053290700801 90
626408527246962689 172
626408854419566592 12
626409382893391872 36
626409445795471360 188
626409605195792384 63
626409739396648960 191
626410611828600832 36
626410884441575424 191
626411471660912640 218
626411505219727360 90
626411576501927936 90
626412125955694592 17
626412482483978240 3
626412696372535297 218
626412763502497793 90
626413153572777984 17
626413350713454592 9
626413510105260033 172
626413854034161664 90
626413858199064576 32
626413967271981057 9
626414013392384000 188
626414080522256384 188
626414407678062592 17
626414441215729664 3
626415049389817856 3
626415103936565248 36
626415229770047488 90
626415288473513985 17
626415535924858880 191
626416030861017088 38
626416555140583424 90
626416639022493696 3
626416727115497472 17
626416802608713728 90
626417037485699072 17
626417071069380608 190
626417561790320640 90
626418073487167489 9
626418379692376068 90
626418413238259713 90
626418635540701184 90
626418962679623680 11
626419721835941888 90
626420065802399744 90
626420350985895936 17
626420678137376768 90
626420707493326848 90
626421152097898496 17
626421592516509697 90
626422804670361601 232
626423337351294976 90
626423421207904256 90
626423576414023680 90
626423693866995713 9
626423744190267393 190
626424541112336384 17
626425304488112128 211
626425778423492608 9
626426084599439360 3
626426378221715460 17
626426793432645632 90
626426868925755392 19
626427590354563074 17
626427867203813376 188
626428701861916672 90
626428940949651456 189
626429377140629504 90
626429750412587008 17
626430283093540864 14
626430304094281728 9
626430736099373056 17
626431361037922304 231
626431784666791936 17
626431872730595328 36
626431948227874816 17
626431973397893120 84
626432464135811076 90
626432480921415680 17
626432782928117760 90
626433097488330752 90
626433189741883392 6
626433625962053632 17
626433802147991552 36
626434104125468672 90
626434515163054080 90
626434565507280897 17
626434921989578752 17
626435341453410304 36
626436209645092864 90
626436637497683974 90
626437635733614592 36
626437652494057472 9
626438038391013376 27
626438139050086400 17
626438537488015360 36
626439078578405376 17
626439493814480896 188
626439607064768513 36
626439900653490176 112
626440500447432704 10
626441817446293504 188
626442027174129667 172
626442094278803457 90
626442299799678976 90
626442526287917056 8
626442983454437376 9
626443629364662272 87
626444103358803968 11
626444220769955840 36
626444581488467968 232
626444774439043072 188
626445814605283329 36
626447098075029504 3
626448121481043968 36
626448125683609600 13
626448213738848256 188
626448360552050689 32
626448461236301824 17
626448905828339712 11
626448935192760320 90
626449212000075776 188
626449681774735360 17
626449694328291328 188
626449937623089153 90
626450076047667200 208
626451644683829248 36
626453062383706112 27
626453397927911424 188
626453414684307457 90
626453666371756033 32
626454354220961792 32
626454429735088128 38
626454542977118208 188
626457088898793472 17
626457676109578240 28
626458250741858304 27
626459471271849985 90
626460700186144768 3
626460737930723329 113
626461052507521024 90
626461555824136193 19
626461937526829056 218
626462738613579776 63
626463594260131840 17
626463741069004801 90
626464118556463108 36
626464231794216960 90
626464651220512768 232
626464739325952000 88
626464852542750720 11
626465955678420992 36
626467465615278080 36
626467469792669696 87
626469034301612032 19
626469055243882497 188
626471152391577600 63
626471475378298880 36
626471546664554496 36
626471748003864576 90
626471987066634240 188
626473098565578753 17
626474277160755205 17
626475136980381696 211
626475287996444673 36
626476936340967424 232
626477653579665408 90
626478567925354496 90
626478823798894592 17
626479310342258688 19
626479968843755520 6
626480526690488320 36
626481139025334272 36
626481214522793984 17
626481558484942848 19
626482309257134080 17
626483399784595456 86
626483571730055168 36
626484255397425152 17
626484582582472704 27
626484733564710912 36
626484892927262721 231
626484901353783298 36
626485350123311105 172
626486050584702976 9
626486809745186816 63
626486834915352581 90
626486893631311872 36
626488617477783557 188
626488655238926336 208
626489607329181697 90
626489875768999937 17
626490874034319361 27
626491188598714368 9
626491549308694528 188
626492052637810688 172
626492333626933249 63
626492799223906305 63
626493642274902016 36
626493646465015809 9
626494036543565824 9
626495089309696001 1
626495521302179840 230
626498172119085056 90
626499317147271168 90
626500755793571844 90
626501376550547456 86
626501439469305856 17
626501611431555072 36
626502135711199236 208
626502248982515712 8
626502509033615361 90
626504220280287232 36
626504224478638080 188
626504383862304769 189
626505524713029632 7
626506753652453376 90
626506778822488064 17
626507072415354880 172
626507277944664064 63
626507860961312768 90
626508192323796993 36
626508628527333377 90
626508892768477185 112
626509182175346688 3
626510398510858240 13
626510654355177472 36
626510926984798208 90
626511799408590848 90
626513019946827776 6
626513632302637056 13
626513707800117248 13
626514823493238784 9
626514865423785984 189
626515083544367104 11
626516253771984896 90
626516660619325440 232
626516966782730240 90
626517239429070848 36
626518178928046080 36
626521291097423872 9
626521832187920385 13
626522733942304770 90
626523933530046465 3
626524256508116992 90
626524516538294272 90
626524667524837376 17
626525883864449024 172
626529826518757376 90
626531734914506752 17
626532703802888192 90
626533127456980992 90
626533320399024129 36
626534058571497472 27
626534301857767424 7
626535174243663872 112
626536810047377408 6
626538370311675904 27
626538458404655105 191
626540723328970752 63
626542174537015296 17
626542237472698368 3
