306428048864051200 1
306428589937684480 140
306428732518842368 177
306429709816827904 21
306433610494386176 138
306433698578964480 8
306433786642587648 138
306434533262254080 138
306435883807145984 139
306437322466021376 138
306437800608288769 177
306438060659318785 177
306440996672110592 2
306441990701195264 138
306442162692820993 72
306443022537719808 5
306443970425274368 13
306444570223341568 1
306445966918160384 142
306446457647550464 2
306448932299489281 78
306448982635327489 139
306454087107493889 138
306454204522823681 138
306454913360220161 59
306455307645771776 142
306455961961377793 138
306456213619617792 140
306458566607372288 78
306458939917225984 138
306459132851023872 5
306459195748806657 142
306459304813273088 78
306460244316405761 142
306460886044905472 177
306461020266844161 5
306461653606731776 1
306462794482589696 78
306463864000753664 78
306463905960579072 5
306464103105441792 57
306464279253630976 78
306466292532117506 155
306466384802635777 8
306467164951568384 78
306467647262961664 80
306469543117717504 78
306469744419143680 78
306469887042273280 78
306469949952622592 78
306469996102574080 78
306471208231239680 8
306471367606423552 143
306473812885635072 78
306473921941762049 15
306474693727232000 78
306474878247243776 1
306475029258960897 1
306475377373622272 1
306475423536123904 1
306475612271431680 11
306476069425410048 80
306476950250205185 1
306477050900930560 5
306477478740889601 78
306477847827058688 78
306478808310087680 139
306479101907193856 20
306480112755417088 78
306481975034789888 143
306482402845421568 78
306483078128353280 8
306484059603877889 1
306486559379701760 78
306489013081079808 78
306489919050760194 78
306491860996743170 138
306492053913731073 138
306492225917947905 22
306497691075112960 138
306498349572431874 6
306498873881415682 138
306500014740480001 138
306500836807286784 140
306501231059288064 138
306504674603827200 80
306506541039763457 27
306506683654488064 78
306507086303469568 138
306507090531319808 138
306508269122371584 5
306509447692443649 142
306511150609223680 8
306515609124995072 79
306518306083450881 142
306518742270099456 78
306520273224613890 41
306521674088579074 53
306522592641167361 8
306522672341344257 1
306523028861353984 138
306523368587411458 78
306524299722895361 101
306525096670015491 78
306525188944711682 78
306526405271896064 138
306526463983747072 80
306526585652146176 78
306526841475325952 5
306527147693047810 78
306527437074882560 78
306527722312695809 78
306527726473474049 138
306529865589485569 78
306530356335616001 80
306531245502894081 78
306531476193820673 142
306531836891394049 9
306533439115493378 8
306534026326462464 142
306534802260127744 138
306535452393996288 139
306535750177009664 138
306536832341000192 142
306536907830091776 138
306536953938055169 139
306537025249607681 78
306538690417676289 138
306539202089205761 142
306540099699630080 2
306540137419010048 78
306540661702807552 9
306541236360200194 8
306542607889215489 78
306543077621895168 15
306543824212209666 138
306544101061443585 78
306544205914861568 78
306545195749613568 78
306545556455555073 78
306546013664063488 78
306546374344851457 138
306548253418213378 78
306548517646770176 78
306550430249414656 80
306550816129564673 11
306551327826259968 138
306555027198193666 5
306556663001923584 139
306557329875271680 2
306557396996718592 138
306558433002389505 139
306563667477008384 192
306563860406624257 78
306565869478240258 142
306566196650708993 80
306567488487972865 139
306568172155322368 1
306571384996380672 78
306573058540437504 138
306573515711201280 8
306574962750283777 192
306575692546576385 155
306577017963425792 1
306577076650135552 140
306577508676022272 80
306578041356824577 75
306578834084474880 155
306579442266939392 1
306579475829760000 142
306579647796240384 5
306579819741720577 1
306580130111823872 140
306580163695611904 78
306580742509568000 78
306580893491937280 78
306580927054741504 78
306581505835143168 78
306581912686821377 78
306583116485644288 8
306584374743281665 142
306584890667843585 78
306585859552071680 142
306586258015141888 155
306589714088075265 75
306590666199293952 1
306591341482217472 1
306591446339833856 1
306593040196329474 78
306593770001022976 75
306594046825086976 192
306595816812986369 139
306597393879691264 1
306597515527065600 22
306597922340995073 140
306601676280844290 142
306605459517874179 80
306605727940767745 78
306606013182783488 138
306608148083527681 142
306608911442640896 142
306609746088165379 142
306609934865416192 1
306610463322537984 59
306611922940329985 155
306612392714964993 138
306613768459280384 8
306614624097275904 78
306615144169996288 138
306618168250626049 138
306621729231499266 142
306621905375469570 142
306623088194383872 142
306623897695043584 142
306632936420155392 142
306634467324329984 21
306635452985786368 75
306636170215960578 138
306636535107837952 1
306638078620102657 75
306639643087093761 138
306639710229508096 13
306640486163152897 140
306648581174071296 138
306649919131885568 138
306650871234707457 80
306652515418656768 21
306653769511342081 142
306654302192148482 177
306655476588892161 190
306657666028158976 140
306658865607491584 1
306659419234652161 78
306668004991721472 78
306671410749796352 78
306682370470342657 53
306687592387182592 53
306688947164172288 1
306689072976494593 41
306690750685532160 177
306691425989451777 140
306701051904540672 20
306703065157873664 91
306706277994745856 138
306707188167110656 142
306707636945031168 75
306709109154123777 7
306711424401559552 79
306711441187160065 155
306712133272477696 139
306717627810713600 27
306719162925998080 53
306720605741412353 142
306720890983432192 78
306721067127431168 75
306723864707203073 78
306724133159460864 176
306726054154862594 142
306732932792471552 192
306733700375248896 78
306736695099936768 11
306737060000169984 142
306743326302949376 20
306743645074247680 138
306745171809280001 176
306746266510061568 142
306747877114380288 155
306751157051727872 139
306752406950121472 142
306753715602341888 2
306754357330837504 2
306755758228402176 142
306755909198176256 8
306755921772675072 142
306756102127747072 142
306757486252290050 142
306758551613886467 136
306760875258286080 177
306760912994459648 139
306761202414022656 142
306763832242622467 155
306765279302664193 155
306769012203851776 142
306769192550551552 176
306770127901298688 177
306771742708359168 176
306773932118265858 142
306775458840735745 21
306775559516594176 142
306776742306123776 5
306777597969305600 142
306777736381333504 142
306778680091361280 142
306780777218199553 20
306781486080741376 1
306781561569820672 155
306782085841039360 138
306782245224583169 140
306784447271952384 142
306784581456101376 140
306784904425906176 142
306785718146052096 21
306787450376839168 80
306787521688379393 9
306788066926944256 142
306790864544468992 142
306792412251037697 155
306792420614475776 53
306794245132533760 78
306794412921479169 142
306796388417671170 155
306797848073224192 139
306801606152814593 16
306802226909831168 142
306802721816735745 21
306803623621455873 1
306807306216148994 8
306807406883651584 91
306807696261271552 5
306807964696715264 142
306811433419673600 138
306811701829963781 155
306811857023401987 15
306815690625650690 138
306817095725895680 155
306818228183773184 21
306818702119165952 142
306819964629835777 21
306820157551038465 21
306820576973037568 138
306821029957885953 20
306822334382235649 155
306822577685426176 20
306825282986336257 41
306827300471705600 142
306828692984840192 138
306830815302656001 178
306830999831056384 8
306831691891212290 139
306833587699851264 155
306833600282759168 139
306834409800216576 142
306836255302361089 78
306840281842601985 142
306841695327223809 79
306842496418324482 142
306842769060675584 142
306842831945863168 80
306843796656758784 6
306843922477510657 104
306844710994079744 5
306848687227805697 20
306850750800228354 20
306851036021284865 139
306851656765689856 78
306854462784430082 142
306856434098925568 41
306857717530759168 101
306858313159696384 142
306858447348064256 13
306863610548875265 2
306869037978247169 16
306870833140338689 57
306871978168553472 20
306872150156001280 138
306874071138836480 2
306878319968808961 21
306879632769179649 139
306880979157540864 59
306881029493370880 15
306881696404492289 15
306881939665719297 15
306882199720968192 15
306882237444526080 142
306883961324466176 91
306885425140736000 138
306886809261072384 138
306887815873060864 142
306888726020243457 15
306890961601040384 155
306894551946235905 5
306894866514853888 139
306895634068279296 136
306895852172095488 2
306899484418392066 78
306901187310010368 6
306902877618712576 91
306904693735583745 15
306906014966493184 16
306906761556791296 140
306907927577513984 5
306908493787561984 15
306908837716303872 142
306908862903099392 78
306915917705666560 78
306916764942491648 142
306919411569291264 20
306919617098547200 136
306919856148729857 136
306920535655342080 136
306922733470621696 138
306923983373209601 78
306924692206399488 136
306925199713005568 136
306926072136601600 15
306926709670813696 8
306928978793463808 2
306932866875539456 136
306933231792578560 136
306934234222841857 14
306935073092014082 177
306936650162917377 139
306939959481364480 14
306941008053141505 177
306942140519436288 72
306942304088911873 177
306944149582663680 2
306945420460978176 22
306948142555865088 139
306948394205728768 2
306950596202737664 20
306951254712668160 139
306952936624361472 27
306954022965878784 177
306955402896105473 14
306955566473961473 177
306956464050798593 15
306960826126979072 21
306961019056578561 139
306961111335448576 142
306962738708635648 22
306968128406036480 79
306971936846663680 142
306971941019983872 5
306972620526612481 136
306973237080911873 142
306973832663662594 142
306974067548901379 16
306976609271955456 142
306978379268231169 5
306981579547373569 5
306981604708995072 43
306982108017086464 5
306983085281538048 20
306983903191785472 2
306984846901796866 5
306992535081979904 80
306993000645525504 177
306993625563271168 138
306993772393295873 139
307002928542150656 139
307003188601577472 140
307009861714067456 20
307011606573883392 177
307022130057469952 142
307023388382224384 21
307029906305478657 176
307032037020270592 21
307033710555963393 138
307035124023828480 20
307037560901861379 1
307045525897760769 43
307046494802935809 27
307049443377688577 6
307055546094215168 22
307065247510962176 138
307067785090039808 1
307068657488515072 142
307071719317831681 59
307073900364308482 192
307076064612589568 8
307077549392003072 177
307079575249235968 91
307080191824515072 140
307083811513044992 2
307084558099173376 59
307086684590309377 0
307091323494752256 41
307093299011932162 140
307097002582372353 142
307098734829912064 8
307100471280144384 1
307106796273819649 59
307107895189848064 142
307107903574265857 138
307110692790620160 15
307110759891103745 138
307112181797888002 91
307114635444776961 1
307117311398137857 43
307117462422421504 138
307117642777505792 138
307118011846914048 21
307127277081206784 8
307129005134446593 142
307131370721902592 16
307134805873672192 139
307135019749634049 21
307136391299612672 20
307142502383763456 20
307144196920336384 91
307146717671866371 143
307150274458443776 142
307151847309860866 136
307152036045144065 139
307158759506055168 5
307158784701235203 5
307161016062599169 1
307161129304592385 9
307161242550816768 5
307161242554998785 5
307163360657559554 138
307163893334159360 176
307164086288912385 15
307165332001411074 12
307166250562355201 59
307166443487760384 176
307169949930119169 174
307175335416442880 9
307178082693963777 142
307181526209138688 14
307182008549924866 5
307183841481728000 155
307184680321548288 80
307188442616451072 2
307191902934032384 136
307192657879396352 142
307194050396688385 140
307194264327168000 178
307194935382261760 9
307196063662624769 136
307196747338350592 104
307196797682585600 104
307197904983048192 104
307198236324675585 15
307199213568151552 104
307200916480720896 104
307202619363975171 139
307203445646053376 136
307203667956748288 15
307204733276401664 104
307205085618900992 104
307209330241978368 8
307210991177957376 104
307211171545628672 177
307211972670287872 8
307212664730423296 140
307212849271406592 8
307215089025560577 59
307216364098162689 9
307216854819160064 8
307217152635719681 177
307217240720302080 177
307217840501555200 177
307219291739127808 137
307220046684491777 8
307221112054489088 8
307224488477597696 142
307226463965433856 140
307228020081569792 27
307233262957371393 138
307233762075361280 136
307236236714721280 9
307237360800759809 8
307238530994814976 8
307239013335576579 15
307240145789276163 15
307240598769901568 91
307240816907272192 91
307242335220162560 1
307242393936203776 5
307242700116221953 5
307244822446608384 20
307245954896130049 142
307250212135641088 2
307252263150288896 15
307253500465774593 9
307253689217843200 139
307255371125358592 15
307258848207593472 42
307261188641792000 176
307261444490133504 176
307261754851864576 20
307262639841619968 139
307266276319961088 1
307267480076836864 5
307272672641945600 9
307273763140030464 140
307275516384264192 78
307275566711730178 78
307275600245178368 78
307278204920537089 20
307278641111384064 20
307282487283961856 142
307284072760242177 80
307287809876705280 53
307288199942774786 155
307288355144613890 142
307288929734914049 6
307289462436683778 142
307289672156073984 8
307290011886317568 27
307290016055435264 59
307290154467467265 8
307292868215701505 27
307299377754558464 192
307303609803100160 8
307304280895930368 27
307305258185539584 139
307305748923314176 139
307310102577307648 143
307315446124802048 13
307320982622838784 15
307325436969492480 20
307326439399776256 138
307327664157511680 8
307332118504144896 20
307335725613973504 20
307335901766381568 20
307336224711000065 80
307340209295593473 155
307341958353920000 155
307343942234554368 143
307345074692440064 142
307349038309732352 20
307352926454693888 3
307355988284035073 5
307356453830803457 138
307356843905282049 143
307360182604820481 20
307361814180679680 91
307364469183483906 20
307369338757865473 139
307378020971327488 140
307379371528822784 15
307379732234764288 142
307380759835062272 20
307381804225163264 20
307382307550007296 143
307385931420274688 72
307386229199089664 72
307386392785342464 72
307388573810819072 20
307396861784883200 15
307397608350035968 72
307397646123954176 72
307397692240297984 20
307402142384267264 20
307402884801249280 72
307403522348036096 72
307403534922551296 72
307403539116863488 72
307403929157783552 140
307405611086258177 2
307407506920067073 20
307408635200413696 8
307409448899588096 20
307410191257841664 20
307413009846915073 59
307415710970306561 143
307416122024677376 139
307416801489342464 20
307420106609278978 139
307421599789887488 72
307424758105001984 20
307431003394281472 20
307431250866601984 190
307432563683778561 20
307433402544570368 143
307435323552567296 72
307444202877370368 72
307445154996961280 142
307446019006803969 20
307446551675031553 72
307448715973627904 143
307450615968186368 72
307450649514213376 79
307451429663158273 8
307454147576348672 174
307455359746969600 72
307456261518147585 136
307458291565486080 72
307459025568669696 72
307459268817326080 72
307459713409355776 72
307461353378025473 72
307461647004471296 72
307461957353611265 72
307462120944066560 72
307462808801513472 20
307464444605255680 72
307465186980282368 142
307465811923173376 72
307465828713000960 142
307466998923812864 20
307467506434572289 72
307469041541468160 20
307472413770276864 72
307472690581733376 176
307475395937198080 8
307475555295559680 143
307478914941476864 72
307479455989895169 72
307479607022612480 72
307479900607107072 139
307480206774521859 72
307480689123680256 72
307481142125268992 143
307481150518079488 72
307481830003728384 142
307482706588090368 139
307484015210942465 72
307484619199107074 3
307485877473513472 72
307486527624200192 139
307486879941554176 72
307488347935358976 20
307488465363300352 15
307488599576809472 72
307488834491392001 72
307489383928438784 139
307489904005369857 139
307490721923989505 20
307491908907855873 20
307492995215790082 59
307493204918407170 1
307493443997925376 20
307494886838530048 20
307495490826678272 8
307495641846788096 8
307496547812270080 20
307497109853200386 142
307497546044035072 143
307497638310326272 20
307497910965243904 20
307498288440016897 143
307498389086535681 20
307498925953273857 72
307499441873645570 59
307499680936386560 72
307501107003916288 72
307501656474542080 72
307501765530632192 72
307502029746630656 72
307502096842883072 72
307504093344186368 72
307504563097837568 72
307505599095111682 143
307506161123483648 72
307506551231492096 9
307506593140969472 72
307506693816852481 72
307507339756457984 143
307507549471657984 143
307507721438109696 72
307509260751892480 72
307509596292018176 72
307509969580855297 15
307510535803502592 8
307510921696264193 20
307511496299147264 72
307512431620534272 72
307512972685758465 20
307513232732606464 138
307513329222553600 20
307513723453575169 72
307513899614363649 20
307514012894130178 143
307514210026397696 143
307514499420782592 8
307514730115919872 143
307515594138324992 15
307516781134757888 143
307516814655643648 21
307516953076051970 72
307519343858688000 20
307519746507698176 72
307520199488315393 139
307521873007226880 59
307523122926596096 72
307523135496941570 178
307523861124112384 8
307524586730311680 72
307525303952097280 174
307525966635339777 15
307527120081526787 72
307529737331425280 72
307530643296903168 72
307530790101741568 72
307533013087031296 1
307533386363330560 20
307534795657846785 143
307535051527188480 72
307535986840182784 72
307536062354440193 72
307537433870872576 16
307539078033833986 72
307539791065526272 72
307539799441567744 140
307539908522827777 20
307540059509370880 20
307540575404572672 9
307542198608596993 8
307544274776510464 190
307544882950594560 191
307544937484926977 72
307547953172717570 72
307548049654300672 72
307549156946358273 20
307549358293917696 15
307551811961778176 20
307553875542552576 72
307554114617892864 9
307554278195724288 15
307557230985740289 72
307557365186699264 20
307557482627215360 143
307557520413687809 20
307558518637080576 10
307558921286057984 72
307559709806845952 53
307559764341161984 140
307560531903004672 13
307561484018393088 80
307561714679959552 2
307562306101981184 20
307562712953679874 8
307562822013964289 3
307563027505504256 72
307563811831951360 80
307565820911947778 72
307567737738260480 80
307568475902193664 20
307568555598168064 80
307568815674372096 139
307570443039145984 80
307570598236811264 143
307571369976135683 80
307571617440100352 72
307571948811059200 143
307572900888715264 176
307573156766433280 143
307575501373992961 20
307575685935951872 72
307576268923236352 143
307576554161045504 80
307577489461485568 72
307577774695120897 142
307577934087069697 20
307578894586892288 72
307578995220824065 72
307581469876944897 20
307582073865121792 15
307582275158155264 15
307582514237681665 80
307582556180733952 9
307583395037327360 191
307583952888147969 138
307584821138452481 72
307585630601371648 20
307587392213221376 20
307587807482875906 72
307588801511956480 143
307591670399107072 140
307592068874772480 20
307592580563099649 136
307592869999427584 8
307592941277433856 20
307594191192616960 72
307595403346464769 143
307595491422662656 20
307596464505380864 139
307596636455063552 142
307597542437289984 9
307597580177653760 20
307598603608788993 15
307599513781141505 72
307600201642811392 20
307601006924029953 72
307601933890383873 21
307603519337271297 20
307603859054919680 8
307605280923987968 80
307605616497655809 72
307606107231227905 72
307606417571971073 8
307606899916939264 20
307607118050115585 72
307608611230724096 2
307610095980797952 72
307610326663327745 20
307610414743707648 20
307610469299023873 20
307610678989041664 139
307611165545095168 176
307611874365669377 20
307611937288638464 136
307612037977092096 136
307612314801160193 15
307613061387280385 20
307613187208007680 20
307614705541853184 72
307615133360857088 143
307615334687469568 72
307615615693225984 136
307615707976327168 20
307615959626158080 20
307616026743427072 140
307617154998607873 20
307617444409798656 2
307617448608272384 2
307617616372060161 136
307618048381186048 8
307618950164905984 72
307619726102777856 15
307621722599854080 178
307622246900441089 20
307622288830918657 2
307623685546708992 20
307624226607755266 138
307624713134419968 72
307625598161915906 72
307625635906469888 155
307625816232194048 72
307626743190138880 139
307627141628059648 72
307627787588620288 142
307627900797071360 72
307628135715840000 2
307628148269404161 20
307629117166202881 142
307629251375538178 143
307629373014548481 2
307629901517832192 136
307630274794119168 11
307630518067929088 20
307630648095539200 72
307632187409321984 20
307633915437412352 72
307634058056331265 178
307634095784095746 178
307634242605686785 178
307637153465266176 2
307639158309023744 72
307641955926552578 80
307642039816814592 72
307642882876125184 72
307643235189264384 143
307643428118863872 143
307643830797225984 143
307644459926044673 143
307644564787851265 143
307644682215759873 138
307644967420055552 143
307645290406629376 143
307645823087439874 9
307647555305619456 80
307649769910726657 143
307650470380453888 143
307651569254559747 72
307651577651544064 20
307652986941894656 6
307653163127824384 72
307653297345540096 72
307654769521090561 8
307654941512695810 13
307655067308277760 72
307655289627365376 72
307655558058627072 72
307655801345024001 20
307656073949618176 20
307656350790463488 2
307656531153924096 138
307656816349835265 192
307658565374582784 72
307659093844324352 59
307663321694351360 8
307664747795447809 6
307664756146331648 72
307665343382441985 20
307665787953491968 80
307665926361346048 72
307666459063119873 138
307667260154191872 59
307668702994767872 72
307670162633523201 143
307671055999320064 72
307671173439823872 177
307672213648191488 72
307673048285331456 143
307673513865641984 136
307674004590821376 59
307674419856293888 9
307676806419451904 72
307677511049949184 72
307678920315113472 20
307681092972969984 21
307682250617659393 8
307684104500023296 72
307685325013135361 72
307686524596658177 142
307687065674469376 139
307687136990228481 20
307687170506903553 72
307689389310484481 72
307690291090046976 20
307690341413289985 143
307690865705508866 15
307695965991735296 20
307696913912836096 143
307697681445318657 8
307702462939291648 140
307702764933373952 143
307703834485080064 143
307704484606398464 140
307705407340687360 143
307706535621058571 138
307708272075481088 1
307708364354355200 1
307708624405417984 72
307709161272127489 9
307710574727397378 8
307713481401065474 72
307715016520503296 80
307715725345304577 72
307717025587920896 72
307717163995762688 72
307719420543905792 72
307730552214147073 136
307732653573038080 9
307732926186004480 72
307737355375243264 3
307741629350035456 72
307744905130819584 72
307745853043511297 78
307746981302923264 72
307749686608011264 72
307749921505820672 72
307750001180803072 72
307750483559333890 72
307750873629618176 72
307751112700723200 72
307751666353061888 72
307753482482499584 72
307753633448083456 72
307754967245135872 72
307759673283579904 143
307762332459753473 80
307762458288852992 155
307763372634550273 72
307763951469486081 142
307769110434029569 139
307773212496908288 20
307774391079555073 15
307775934587625472 192
307778258219438080 8
307783794709110784 72
307789633176092672 72
307793173181235202 72
307796155331395584 72
307797002576621568 140
307798084686065664 143
307800001503961088 72
307803809919430656 143
307804992717324288 72
307814236984315904 143
307816967442661377 143
307819165270560768 53
307829068013920256 72
307829290341396480 72
307829374189699072 138
307830326300901377 5
307832171819839488 80
307833786635259904 143
307833992131006464 72
307834461893062656 143
307836462592847872 80
307837800571613185 2
307838064812769280 72
307839365059575808 72
307844251402764290 80
307849196487188481 5
307851746619817984 72
307851826328383488 143
307852476449697792 72
307854980436606977 15
307861120889266176 80
307864430182543360 155
307866107929296896 80
307869165568540672 2
307871577305919488 5
307875956167680000 139
307879433245712384 20
307880519532679170 2
307882406977875969 72
307883124203872258 2
307883182949285888 72
307883543625871362 9
307884181172658176 72
307884273472516097 142
307885523366711296 42
307885934400122882 143
307886680982036480 80
307887175930884096 0
307889847677374464 0
307891055657893888 72
307891319869693954 0
307891454108397568 0
307892704010977281 143
307892779516833792 0
307893136036872192 192
307893597380956161 0
307894083920207872 0
307894599823802369 0
307895711314374656 0
307898622173908992 0
307899473605062656 138
307901533020889088 0
307902648680599552 0
307904263512809475 0
307904481612406785 9
307904506761449472 72
307905203032715264 0
307905307886108672 0
307905895092854784 0
307906410992263169 0
307906914300334081 80
307906998186426369 0
307907660894855168 0
307908990472429569 72
307909107912941569 0
307909498016780288 8
307910664012328960 0
307912287203753984 72
307912480133361664 0
307913235124854784 0
307913558103048192 0
307914334019936256 0
307915902693818368 0
307917005787365376 72
307917173559554048 0
307919128101007361 72
307919186825474048 0
307920097002000385 72
307920252208046082 0
307920440951726081 0
307920642265739265 0
307920902325153792 72
307921640522670081 0
307921946690072576 20
307921976071176193 8
307922286424498176 0
307923267879063553 0
307923335008907266 0
307923427266805761 0
307923477623631874 72
307923779605106690 0
307923829915783168 0
307923997696344064 138
307924043842064384 72
307924534558867457 2
307924538778337280 0
307925071450746882 72
307925805449764864 0
307926866600284160 0
307926870802972672 0
307926937903439872 72
307927541891600384 72
307927952945991680 142
307928485614219264 2
307928594670292992 0
307929026687799296 0
307929349624049664 0
307929370620731393 72
307930712789643264 0
307931622941020161 72
307931828482875392 2
307932059161206784 140
307932503749050369 72
307933124510244865 72
307933518758047744 0
307933787201892352 177
307933858505035776 0
307934638674964480 7
307934697361657857 0
307934982595309568 0
307936073126907907 0
307937528521060352 0
307938434520055810 0
307939260789563392 0
307940070269284352 72
307940296791035904 20
307940959474294786 0
307940980462612480 0
307943413150535680 178
307943614468739073 0
307948110741663744 0
307949562008576001 72
307949792695316480 0
307949801067139074 72
307955723436965888 72
307958030304161792 0
307958068036108288 0
307958277738745860 104
307959770931949569 72
307960995647717377 138
307961566098235392 0
307962979561914369 72
307963747144724481 0
307963877159759873 1
307964120404205568 0
307965877834354689 142
307966527930507265 72
307967828189921280 75
307969988252295168 0
307970197950713857 0
307972152508964864 72
307973129798553600 80
307973146567401473 138
307973972845277185 72
307975692514103296 0
307975990288728064 0
307975990297104385 0
307978020327653377 0
307978037125844992 0
307978058088984577 72
307978657874444288 72
307978829857689600 72
307978834018443264 72
307979815510765568 0
307981103136915456 72
307981342237405185 80
307982269153439744 72
307982361453289473 0
307982378209521664 0
307983808492351488 0
307984911581720576 72
307985607836180482 72
307985918197919747 0
307986081792528385 0
307986220221349889 16
307988506117029888 72
307988535464562688 72
307989181395767296 72
307989835711393794 0
307992096428675072 0
307992973054967808 0
307993048514691072 72
307993539281813504 72
307995317662515200 0
307996294914404352 0
307997586789371905 0
307997863592472577 0
307997934908219392 72
307997976855449600 72
307998366913142784 0
307999415493345280 80
308000262751141888 80
308001185489629185 0
308002481516990466 0
308003332964896768 0
308004159225991168 72
308005119755173889 72
308005757272608768 0
308006583546310656 72
308007149785718784 72
308007804097142785 80
308008030597951488 0
308008319988137984 0
308009662186397696 72
308010505216356353 1
308011415409684480 72
308011750945595392 7
308012698837323778 80
308012698837323779 80
308018008838787072 136
308018784780840960 13
308019858510061568 72
308020642861682689 139
308020965806338049 178
308021016171536385 72
308022555451719680 80
308025575358988289 0
308028209402896386 0
308031300588154882 0
308034249175465984 143
308035629105696768 72
308037596251054082 72
308038405739130880 72
308039194280857600 72
308040188314132480 72
308040586785615872 53
308040754528399360 21
308042822358020096 72
308044630073692161 0
308044957233606656 0
308044974027599873 0
308047847109062657 72
308048291722055681 0
308048946037669888 138
308049805865791488 0
308051114492841984 72
308052662191001601 0
308054771909148672 0
308054872555667456 0
308059435987791872 0
308059545043873792 7
308059922522853377 72
308061294056046592 143
308062904681385984 72
308063252800237568 72
308063747715518465 80
308064666255519744 7
308065748385951744 72
308066360762716160 0
308067270918287361 1
308067719742386176 143
308068206256459777 0
308071658193833984 21
308072987783987200 0
308073973441241088 72
308079337956065280 0
308079358931779585 0
308080214540447744 140
308080487207927808 72
308081560949780480 0
308083507090046976 13
308088229867970560 0
308089370722856961 0
308089391677583360 0
308089702060290048 0
308089781756243968 80
308090234757840897 0
308090599653928960 72
308091576909967360 72
308092424192937985 0
308094932378345472 72
308097172124086273 20
308097880974041088 72
308097956475723776 72
308100082975264769 72
308100183651131392 72
308101093819314176 72
308101630656655360 72
308102024950607872 72
308102444364218368 1
308104667353710592 0
308106202485768192 20
308106500277149696 72
308107745968656384 0
308110107361828864 72
308111218860777472 0
308111835419246592 72
308117275448340482 72
308120781878075392 80
308122262467395585 0
308122400862654464 5
308129547973443587 78
308130130985889792 0
308132194554097664 72
308132362338828288 0
308135025726078976 20
308137353577377792 72
308142231523581952 0
308143972155551744 72
308151786143899648 1
308152079766147072 0
308153686201364480 0
308162859131625472 140
308167879713492994 72
308172808024911873 0
308175244911337473 138
308175945334939648 0
308176918447001603 72
308180932395937793 72
308182064837050369 80
308185877455200256 72
308188150788935681 15
308189144834789376 10
308189845279346688 72
308192760316440577 80
308193125229285376 8
308193460761026561 72
308193523667173377 72
308195813778141184 53
308197944484585472 42
308202990223904768 72
308207008350363648 0
308208627372658688 136
308210024067526656 72
308211655672729602 0
308211672441577474 142
308213689893412865 72
308214629434281985 72
308215032083275776 140
308216273593044992 72
308219012481945600 80
308221172531728384 9
308223018021302275 0
308223512940773377 1
308224985137303554 0
308227162010439680 72
308227845665210369 91
308229162676654083 0
308230869775155200 139
308235382842089473 59
308235970032058370 0
308238952173805568 72
308239648449257472 72
308239791055581184 42
308241619772141569 2
308242215359094786 140
308242546696540160 80
308244610289913859 8
308244627062943745 80
308245574975647745 72
308246044762845188 1
308246388678983681 80
308248607474200576 91
308250150978088963 140
308250226471346176 7
308253594518425600 0
308260594790830080 72
308260699644235777 138
308260708041240576 16
308261161009299456 143
308261559489163265 0
308264159940837376 2
308264386450038784 72
308265611186798592 178
308267968385675264 143
308269717389451264 21
308273823625666561 138
308275354555011072 143
308275400683950081 72
308276688335278081 1
308277388805025792 5
308278005371908096 8
308278626128891904 0
308279779541532672 16
308281801183481856 139
308283374064246784 0
308287991988776960 0
308291762651271169 8
308293612351942657 0
308294337953923073 0
308294669320728577 0
308298012172632064 72
308298863628922880 7
308299677302943744 72
308301413765750785 0
308301451522895873 2
308303842271977473 0
308308334371536896 2
308310888702685185 142
308312616734978048 21
308315045236965376 142
308315791856648192 72
308318371345227776 72
308320871150403584 79
308321307328667648 0
308322628559568897 72
308324222378328064 16
308325782663610369 140
308326273418153984 190
308326650905497603 138
308330874544480256 1
308332464194084864 139
308333579899908096 0
308333630231568384 9
308333890244837378 139
308333932200464385 139
308334565532000256 177
308334787855253504 139
308335802847469569 139
308335878374297600 138
308336079696707584 139
308336490709123073 139
308336562020691969 72
308336734012317696 139
308336868221673472 139
308336931136233473 139
308336985662185472 139
308337010807021568 139
308337249894944768 139
308337262465257472 139
308337459601739780 139
308337530925883393 139
308337849701392384 139
308340122980589568 16
308341523899088897 139
308341809103372288 139
308342249513689088 139
308342509535383552 139
308342664724619265 139
308343235183529984 139
308344728330571776 139
308345063887499265 139
308345160335519744 139
308345588175482880 0
308346259276722176 139
308346284425768961 139
308346829693657088 139
308346829706248192 139
308346875830996992 139
308347400123199488 139
308347404296540161 0
308347605631528960 139
308348427710889985 139
308348666773643265 139
308348926849867776 139
308349157540786176 139
308349203648741376 139
308349224624455681 139
308349434360639489 139
308349463704006656 139
308349597917532161 139
308349602116018177 139
308349811827032064 139
308350151569833984 139
308350323548889090 139
308350562611654656 139
308350759731347457 72
308350948475011072 139
308351351161765889 139
308351590207741953 2
308351711867715584 139
308351820919627776 139
308351850288144385 139
308352366170746880 79
308352454238556161 140
308352471036735488 139
308353016300445696 139
308353054032396289 139
308353343430991872 139
308353372782723074 139
308353557361479680 139
308353561559977985 139
308353788023037953 139
308353855131897857 139
308354052289359873 139
308354090042277888 139
308354337476861952 139
308354425574019074 139
308355272806637568 139
308356157804785664 139
308356518535901185 139
308356921184894976 59
308358389199687681 139
308358770889732096 139
308360821875036160 139
308361157427724288 139
308361161622028290 139
308362055017168896 139
308362424124317699 139
308362768061460481 139
308363225215422464 139
308363640472485888 139
308363640472498176 80
308363917288144896 138
308363934048595969 138
308364726801399808 139
308365305581801473 139
308365712458653696 139
308365792125259776 136
308366018609303553 139
308366312214781952 139
308366329021349889 0
308366693921595392 15
308366735835271168 139
308366844899766272 138
308366857495248896 139
308366932984344576 80
308367968964845568 155
308367981560356866 0
308368929464655872 139
308369562833932288 139
308369810260115456 139
308370082919231488 139
308371030806777857 139
308372201034379264 139
308372628853374977 139
308373908120297473 139
308374528864698368 139
308375254491873280 0
308375300608229378 139
308375451624144896 139
308376240132345856 139
308376311464865792 139
308376881873424384 139
308376881877614592 139
308377175462125568 139
308377485849026560 139
308377741705764864 139
308378324730798080 139
308379956298252289 139
308379977257189376 139
308380421849239552 139
308381805969555456 139
308381843730857985 139
308383135568101376 139
308383412413157376 139
308384406463184897 140
308384423252992001 139
308384565838348288 139
308384901382672384 139
308385119503273986 139
308385660572684288 139
308386558132776960 139
308386721702223872 139
308387053064826880 139
308387690578071552 139
308388139368599552 139
308389716460457984 139
308389842281193473 139
308390987326164992 139
308391511588995073 72
308392065274880001 177
308392455340961793 139
308393084473987073 139
308393340305547264 139
308393625526603776 139
308393671676538880 139
308393852048400384 139
308394363715719168 143
308395533930729474 155
308395718480130048 139
308396569932210176 175
308396867752980480 0
308398230884986880 139
308401364009099267 139
308403264033026048 139
308404987921309696 139
308405277303128064 0
308405281518411776 139
308406275555872768 53
308407064068239360 139
308407529648570368 139
308408938930511872 139
308409035420467200 139
308409488392744960 139
308409677123813376 139
308409752629686273 155
308410247574335488 138
308410708935180288 139
308412210483441664 139
308412445368664065 139
308413225525997568 139
308414903255977984 139
308415704372236288 72
308415830201360385 139
308415922446667777 175
308416325099872256 0
308416408977547265 139
308417340121415682 139
308417872798027776 139
308418061562703873 139
308418095091970048 139
308419642806894592 139
308420796219531266 139
308420863328407553 139
308421605745377281 139
308421727367606273 139
308422746583486464 20
308423656751636480 139
308423946171187200 138
308423958745710592 72
308425133134065664 138
308425141539459074 139
308425569371058177 139
308425770664071168 139
308425791648169985 139
308427477775163392 139
308427993678770176 139
308428165649424384 139
308428262084857857 139
308428836729651200 139
308429746889428993 139
308430376039239680 139
308432909398859777 13
308434813608677378 139
308436243866349568 139
308436566827737088 139
308439075025739778 155
308439548969504768 139
308441537073782784 139
308441998430449664 139
308442984104464384 139
308444041060679680 139
308444322108407808 139
308446276645687296 139
308446427615469568 139
308446595391844353 139
308446641520783360 139
308446993863286784 139
308447174230953984 139
308448294089150464 139
308452249330405377 20
308455478919319553 139
308455852212375553 80
308456003245072384 59
308456112271814656 20
308456594608386049 139
308456787575721984 20
308458188452290560 139
308458599485681664 0
308461246125047808 139
308461288034553856 139
308461573247205376 139
308463439716683776 139
308464136000532481 139
308464324710653952 139
308465138414006272 139
308465683673530368 143
308466702889398272 91
308467067793850368 139
308467252351606784 0
308468300919238656 139
308468581924999170 0
308468674229059584 139
308469164958429184 139
308469274018717696 139
308469282373779456 139
308469349507813376 0
308469521474273280 72
308469873774841856 139
308470653936361472 139
308471257911922688 0
308478119776489472 139
308478799262121984 139
308479097078685696 140
308479801725952000 139
308480313431031808 139
308480456008019969 139
308480909018030082 139
308481181639385088 139
308481508782522368 136
308483169739493376 139
308485115875561472 72
308485203981127680 139
308485908607430656 139
308486017655136256 1
308486202196111360 139
308487129145675776 139
308487892529975296 0
308488555225817088 72
308488693625282561 72
308489259852115968 80
308489637352046592 1
308490648175132672 20
308490782380290048 139
308491004711948288 72
308491013079564288 72
308491407360917504 139
308491419922874369 139
308492925682188290 91
308494544700334080 139
308494645346848769 139
308494834107305984 139
308495219979083776 139
308495794581950464 139
308497480687955968 0
308502731969146881 91
308505143706533889 139
308505311445143552 139
308505382777679872 0
308505382786043904 0
308507672842477570 140
308507995824865280 16
308508151018295296 16
308508159406923776 16
308508687885021186 0
308508847243407361 14
308508939555856384 5
308509312815362048 0
308510097162764288 72
308511590334996480 139
308511615517609984 139
308513473569116160 139
308514358584025088 139
308514543120830464 16
308514664780800001 142
308515495219458048 0
308516145336565761 138
308516384424488960 139
308517663687180288 4
308520985580142592 136
308521606320365568 139
308522046718099458 139
308522826892193792 80
308524571697496066 139
308525968392323072 80
308533321011433472 139
308533945996308480 139
308534084378980352 139
308534298313641984 139
308534323454300161 139
308535049094066176 91
308535141372936192 139
308535304925626368 139
308536076694343680 0
308536231875211264 155
308537880215707648 0
308538886865440771 139
308539704737923072 139
308540375830786049 16
308542724640997376 139
308543722906320896 139
308543903273979905 91
308544356246237185 139
308544486278041603 139
308544591127277568 139
308544796639768576 139
308544922456297472 139
308545987838881792 79
308547137053016064 140
308548105937244161 80
308548588277997568 16
308548697363468289 16
308549410361593856 16
308549712359866368 139
308549930472046593 0
308550467359756288 139
308550567993675776 16
308552505787301888 0
308552824537624577 10
308553583694082048 75
308553613075165185 139
308553738895912961 75
308554359648698368 10
308554686804406272 80
308554858762473472 139
308555290779979776 0
308555638907207680 139
308555915739672576 139
308556339351785476 139
308556372906225664 0
308557530538323968 142
308558197428477952 16
308558402970324992 10
308559199883907073 139
308559430553837568 140
308559493464223744 139
308561225736925184 139
308561548673155072 139
308561745822236673 139
308562777637781505 139
308563025089150977 2
308563863954141184 80
308564182704463872 139
308564275000123392 139
308564686046109697 139
308564845425471488 139
308564862181703680 139
308565894001467393 20
308567089361338369 16
308569513677426688 72
308571766035464193 72
308571992502714368 139
308572084768997376 79
308572462277341185 139
308574911755071488 139
308575457014595585 91
308575834497757184 139
308576161640886273 2
308577076015939584 139
308577642251186176 139
308578363658891264 139
308578413982126080 139
308578627900026880 139
308578799866478592 140
308578904703119362 140
308579135406628865 139
308579563208859649 139
308579722600792064 139
308579806482677762 190
308580985077891072 139
308582822199832576 140
308582939636137984 139
308585846305615872 139
308586618044940288 139
308586672587698177 72
308587733717250048 0
308587977020407808 139
308588060898103296 138
308588291584835585 0
308588652294979585 139
308589843447943169 139
308590061572743168 139
308590384513155072 139
308591143698968576 139
308591718331191297 140
308592607519469568 139
308593186329206785 139
308593953886842880 136
308594805338939392 140
308594901807943681 72
308595052794486784 0
308595283460235265 138
308595640013840384 139
308595728069062656 139
308596717941567488 59
308596831175192577 25
308597770695106561 8
308597825237823489 140
308598831853998081 139
308599104483766273 0
308599242920980480 6
308600811578081281 72
308600970944856065 139
308601373589651457 139
308601700745371651 139
308601906299805697 139
308602745156423680 139
308602887758548993 79
308602900349849600 140
308603156206600192 0
308603969884782592 139
308604062138523649 1
308604833907236864 139
308605282689355776 139
308605320463273984 139
308605412733747201 138
308605911826583552 139
308606780076879872 139
308607803487043584 139
308608906584797184 0
308609380541165568 139
308609464427225089 80
308610311685033984 80
308611653841334273 0
308611934872293376 139
308612555612516352 80
308612660491063296 139
308613469966565376 139
308613570659221504 139
308613730034384897 139
308615898493747200 10
308616594718867457 139
308616808645152768 139
308617320358621184 139
308618247303995393 139
308618540913684480 59
308618658345807872 139
308619182608621568 72
308619182642167808 72
308620029874802688 139
308621153960882177 0
308621632103120896 0
308621816656715776 16
308622143808229377 0
308622428995739650 139
308622462575325184 139
308623360168968192 0
308623477571727360 0
308623959950237696 139
308623976710680576 0
308624031224045568 0
308625469878706176 0
308625981575413760 139
308626103206027265 139
308626199704371201 139
308626476507488256 139
308626694602911747 139
308627676086812673 0
308627801920122880 0
308627856433496064 0
308628175229972481 0
308628842120114177 139
308630326882734080 139
308630897329045504 139
308631379665633280 139
308631467720855554 191
308631681651314689 139
308632507912450048 140
308632784761679872 139
308632818299322369 139
308633011228921857 139
308634693161594880 140
308634768659079168 139
308635410391777280 42
308635536199938050 139
308635536233467904 59
308635771110313984 139
308636362482020353 0
308637905985892352 139
308638187008434177 80
308638254108913664 139
308639285907701761 8
308641248867135488 5
308641840251412480 15
308641924154290176 139
308642628797358081 139
308642792371019777 139
308643702539177984 139
308643887080173568 80
308644000322170880 15
308644470080028672 80
308645766111559680 139
308645808058806272 139
