28965792812892160 0
28967095878287360 1
28967672074993664 2
28967914417688576 5
28968479176531969 6
28968581949558787 0
28969422056071169 1
28971749961891840 0
28973080491589632 1
28974862038994945 1
28974904342740992 1
28976409057697792 1
28976831738683393 2
28977078074343425 3
28977806142603264 7
28978641706684416 0
28978659108855809 2
28978692289994752 0
28978703102902273 0
28979189172412416 10
28979992025104385 2
28981073769660416 2
28981945648021504 8
28982306546913280 2
28982468296056833 2
28984121623576576 2
28984180876509184 1
28986888295550977 6
28988056103030785 2
28988679422738432 2
28991176921063424 1
28994160543408128 2
28994302659006464 2
28994415271878656 2
28995339910389760 10
28999985865424896 2
29002642571132928 2
29005862890643456 0
29007171412819968 1
29009276655636480 1
29009602066522112 0
29010214539763712 1
29011014699712512 1
29012766593384448 1
29012851536433152 0
29013131535581185 7
29013250238586880 1
29013441859555328 8
29013847473913857 2
29014332280938497 1
29015605554188289 3
29016926957084672 0
29017191445692416 3
29017327156592641 5
29017472875102209 4
29018239753256960 6
29018577633804288 2
29019891558252544 1
29019891822493696 1
29020394044260352 1
29021146103939072 3
29024308256841728 0
29026821307633665 2
29028073680674816 2
29028510521630720 2
29030764767088641 1
29030848766414848 4
29031139016445952 0
29033090055667712 2
29033478980894720 1
29035904588845056 2
29036103193337856 2
29036629293273088 2
29036816577335297 3
29036864241405953 8
29038355773657088 0
29040431006220288 1
29040434730762241 1
29041201420181504 3
29042615496216577 2
29043623660097536 2
29047015467917312 6
29047424135729152 3
29047669389271042 3
29050818732761088 2
29052291231252481 0
29052635168378880 2
29056059649822720 2
29058588605423616 0
29058623388778496 2
29058771531595776 1
29058812631580673 0
29061870996426752 10
29063040141885440 10
29063772995854336 3
29064561537585152 3
29065426277244928 2
29071969169182720 2
29072363442147329 3
29072661762023424 0
29073665941311489 3
29074237117440000 6
29076614587351040 7
29077290914680832 2
29077633538990080 9
29078328514187264 0
29078682777681920 0
29079234555150336 3
29084350452600832 1
29085488702824448 0
29085649403387904 3
29087393730527232 1
29088437193674752 1
29088769479016448 2
29091393200717824 3
29091743618039808 4
29092904379097089 8
29093916263321600 1
29095227042045952 1
29095951092162560 2
29096638077214720 1
29096870043197440 8
29098825436102656 1
29099298461319168 1
29099316220002304 4
29100379476066304 1
29100380419792897 1
29101955431276544 2
29103119283523584 1
29104248104951808 2
29104314123292672 8
29104841708015617 5
29105101847138304 1
29105358521769984 2
29106262545268736 0
29106526375383040 5
29107027947036672 2
29107028639092736 2
29107950761017344 1
29110953991741440 1
29111389117222913 1
29112368654974976 10
29113753194725376 1
29114303076372480 2
29114521511534592 1
29114635131031553 1
29114803469422592 2
29115103752228864 2
29116319165054976 0
29117892305879040 4
29118142898774017 1
29119858486546432 1
29121866333425664 0
29123189728616448 2
29123642625368064 3
29124540076400641 1
29125863362531328 2
29126956435906560 5
29128265566261248 2
29129506572734464 2
29132141535170560 0
29134791727124480 0
29135654331879425 3
29136769857359872 1
29137857578803200 0
29138077012205568 5
29138949117054976 2
29139325186736128 6
29140507888193536 1
29140664843247616 1
29140809852919808 3
29141590802956288 4
29141602358272000 4
29143112831995904 2
29144586089660416 0
29145239897776128 2
29146553318903809 2
29146763931680768 0
29147252261920768 3
29148548893253633 3
29150999595712512 0
29151488777388034 2
29152079591247872 3
29153973357252608 1
29154219843911680 4
29155795539066880 1
29158862636457985 2
29164514175881216 1
29166436077273089 12
29166438837133312 1
29166967269097473 4
29168296024604672 1
29168726137901056 3
29171452892684288 3
29171459813281792 3
29171861619216384 3
29172176569507842 2
29173446634115072 0
29173602393784320 3
29175079959011328 3
29175166785290241 11
29175211366547456 4
29176831886229505 4
29178579929538561 2
29179771002814465 4
29180827543801856 2
29181179513020417 2
29181964837715968 10
29182482070904832 5
29183559537262592 3
29186470539427841 4
29186969426726912 2
29187116969758720 2
29188097493180417 3
29188847954821121 5
29189252570939392 1
29189562559369218 3
29192127565004803 3
29192228123447296 1
29192428552454144 1
29194258317578240 2
29195285909471232 2
29196522360938496 9
29196777391390720 2
29197242816528385 1
29197406167900160 2
29197670975279105 2
29197831495483392 4
29200247053885440 1
29200769030815745 2
29201546298265601 3
29201550891028480 3
29203588412604416 2
29203713767772160 5
29204967151640577 1
29205049238364160 2
29205210224132097 4
29208577998594048 3
29208662060830721 0
29208901270380544 12
29209195513380864 1
29210488889937921 2
29211381676900352 4
29214357573337088 1
29215491029467136 2
29215711926685696 0
29216912974020608 3
29217387161059329 3
29218495354904576 1
29222279778926592 5
29222540199075840 3
29223206648815616 2
29226514037866496 10
29226741591441408 7
29226904787623936 5
29227384355954689 4
29227416035524608 5
29228028110307328 1
29230144925212672 2
29230625923792898 1
29231694141722624 5
29233976694546433 2
29234496406560768 2
29235792475852800 9
29235914429440000 0
29236957544456193 1
29237069125525504 4
29238274983723008 2
29241634667364352 4
29242044727697408 6
29242412538793985 2
29243435076558848 10
29243589611487232 2
29243795040116736 10
29244811177361409 5
29246402953482240 2
29246644692197377 3
29246794013614080 1
29246836107644928 4
29247069965262849 1
29247566075924480 2
29248153114906624 2
29249383400738816 2
29250441338425344 1
29250490843791360 0
29250575958810624 4
29251107381317632 1
29251507526307840 0
29251554775146496 3
29251730197712897 0
29254971430014976 5
29255276477554689 2
29256455995527168 0
29256538929500160 4
29257299906269184 2
29259665913151488 2
29260687704334336 4
29261940865892352 2
29262481184522240 2
29262698759856128 2
29263153892167681 5
29263176147140608 2
29263476715159553 8
29263670991126528 6
29263731053568000 0
29266440230019072 2
29266864873938944 3
29267269871734784 1
29272175030566912 6
29272545265975296 4
29272648764624896 2
29275053019369472 2
29277341330964480 3
29277466086342656 3
29277566439268352 10
29277801056043008 7
29278178451132416 2
29278582916251649 1
29279658964946944 2
29281084667596800 3
29282124716572673 3
29283019516813313 1
29283034075238400 2
29283663715762178 2
29285714403262464 6
29286944739434496 4
29286953627156480 5
29287792064339968 7
29289103866470400 3
29289771616436224 0
29290389810708480 3
29290573068247040 4
29292552209305600 3
29293919611133953 2
29294490275549184 4
29294970749849601 2
29297215990140928 2
29299895592554496 2
29300211947929600 2
29300432631234560 1
29301031120666624 0
29302423323414528 0
29303172388356096 11
29303621862559744 5
29305405138010112 2
29305604833017856 2
29306324906938368 8
29306705099624448 2
29307412297023488 7
29310054939238400 0
29311442557599744 2
29311598619262976 1
29311701673312256 2
29311751300317184 3
29312275479269376 1
29314381577723906 2
29314636050337792 3
29314641565847553 0
29315509799354368 1
29316453584867328 2
29320064947716096 2
29320241817325568 0
29321101733531648 3
29321310815387648 1
29323727535611905 2
29323783848329217 2
29325854488133632 6
29327276457857024 12
29327417629741056 5
29327826977030144 0
29327931427786752 2
29328192661618689 0
29329475531440129 2
29330291977883648 4
29331173427642368 0
29331910735958016 2
29331967497474048 2
29335042605977600 4
29336280995201024 2
29338126753202176 0
29338823653597184 2
29339489428045824 1
29340097937670144 7
29341103475916800 1
29341219486175232 2
29341940289904640 4
29342662498721792 0
29344909521588224 11
29347682497597440 2
29348720315203584 2
29350697359118337 0
29352089729634304 2
29353838351753217 0
29353925098344448 1
29354370453737473 5
29354563387523073 5
29354629007413248 2
29355599888125952 1
29355674039230464 12
29356159487967233 2
29356702981693440 0
29358297316327424 3
29359106275934208 1
29360570884956162 7
29361000377491456 5
29361168602636288 7
29362083367751681 3
29364039217840129 4
29367651801243648 7
29367743086075904 0
29368515894968320 2
29369814963191808 0
29369935687852032 1
29370043007500289 4
29371237864050689 3
29373310793949184 0
29373617028472832 4
29373860709142528 2
29374780612280321 0
29374874547912704 5
29375766793818113 2
29376703235100672 2
29376746486759424 3
29376866024427521 7
29377106878140417 2
29377314487799808 2
29377629832355840 3
29377651575627776 2
29378734347784193 0
29378827184504832 2
29379320292048896 3
29379848849858560 3
29379929242083328 2
29382130890964992 2
29382613344976897 7
29383227986677760 0
29385533499121665 0
29385989419966464 2
29386634248069120 3
29387692747788288 4
29387729661861888 2
29390531972825089 8
29391076510924800 7
29391931402358784 1
29392004358086656 4
29392044615008256 2
29392172935548928 1
29392648619954176 2
29393829845012480 1
29393905912905731 4
29394046883471360 0
29394719003910145 2
29395125557792768 2
29396791782805504 1
29397230024654848 2
29397858130075649 2
29399484085567488 8
29400947352403968 2
29401850142785536 2
29403913698414592 2
29404802370772992 1
29405551733510144 8
29406191079661568 2
29410053614206976 1
29412531344773120 2
29413932825321472 10
29417193758269440 2
29418121320206337 12
29418453752356865 8
29418788302622720 7
29418941566681088 2
29420719704117248 5
29421763876102146 6
29422588073607169 8
29422667366932480 2
29423124244074496 1
29424205585981440 7
29425694391930880 2
29427033297653760 5
29427913786920960 10
29428094217490432 3
29429262054334464 1
29430086130212865 2
29431560562282496 2
29431896442146817 1
29432310688391170 2
29433278888943616 2
29433614332592129 2
29434109830889472 5
29434736841588736 1
29436803878490112 2
29437469254492160 1
29437816727404544 1
29441565659238400 4
29442086180749312 1
29442450091147264 1
29443820294770688 6
29445578987413504 7
29447012155920384 2
29447130691145728 3
29447434786570241 2
29449234998628352 4
29450168357101568 2
29451123202981888 0
29454529678282752 5
29456912244285440 1
29460785918906368 2
29460827396378625 5
29461320667504640 2
29462246866292736 2
29462377116209152 2
29462722907217920 3
29463245546856448 3
29463557699538944 2
29463996230799360 0
29466565372018689 2
29467210300792832 12
29467337606307840 2
29469763075842049 2
29469928306245633 2
29470861052354560 0
29471048739065857 2
29476982622257152 2
29476995184205825 6
29479429189144576 1
29481716678660096 8
29482572392169473 4
29484939808350208 5
29485632304717824 0
29488481063407616 0
29488990407098368 0
29491383353999360 0
29492186055708672 6
29492612956160000 13
29493104444706816 0
29494391810818048 0
29496396902039552 7
29496629304229888 6
29498146396577793 0
29498314659471361 5
29498516329988096 8
29498744412045312 9
29499256096165888 0
29499681830604801 1
29502956738969601 5
29503307848355840 2
29504415798919170 0
29504669608841216 1
29506974437613568 4
29507293313769472 2
29509222337085440 3
29510639747604480 2
29513205877313536 0
29514405133684736 8
29514620972568577 4
29515408000163840 1
29516708800626688 7
29516843261624320 0
29517238008553473 2
29518120137793536 2
29520945555181568 2
29521175096852480 1
29521733983670274 4
29522709046099968 2
29524599578304512 2
29524604926033920 5
29525697491894272 2
29527121936261121 3
29528213755531265 4
29529500228263936 0
29530301344514048 2
29533665868382208 2
29534793855148033 2
29535294181085184 2
29536473149607936 5
29537133781843968 0
29540081047961602 1
29540259654012928 0
29540785812668417 1
29541128202096640 0
29541642675429376 0
29543284690915328 4
29544001833009152 0
29544749102792704 0
29544788994826240 0
29544990346575872 5
29545770474545154 0
29545782658994176 0
29546290585014274 0
29546625189810176 7
29546806463430656 1
29546810376720386 2
29547043429023744 7
29547345301479424 1
29547472200138752 3
29548970288087041 2
29549189025234945 0
29549210193887232 0
29549273586606080 0
29549304074997760 2
29549361918648320 4
29549382974046208 0
29549744053293056 0
29551012213690368 0
29551273996980224 6
29551299871645696 0
29551319312240640 0
29551337033179137 0
29551501537972224 1
29551756241276928 0
29552207099600896 7
29552418903556096 0
29552599313158144 0
29552720847310848 0
29552940691759104 3
29553089908318209 0
29553402820165633 0
29553812184236032 2
29554028815843328 0
29554549928759296 0
29554787393474560 0
29555033829801984 0
29555198468816896 6
29556043197456384 0
29557749993963522 1
29557934740475904 4
29558254828789760 0
29558284407017472 1
29558315142881281 0
29558389008764929 6
29558785567625217 0
29558795399073792 0
29558797357809664 4
29558893227016192 4
29559136538599424 0
29559477392900096 0
29559772608995328 0
29559836513406976 0
29559953379295232 2
29560038846627840 3
29560162062696449 0
29560443563413504 0
29560526166036480 0
29560614837813248 1
29560665794420736 0
29561025208520705 5
29561245891825664 0
29561661484433408 10
29561670661570560 1
29561687539453952 0
29561793160421376 11
29561849619943424 7
29562151593050112 0
29562272699387904 0
29562476559335424 4
29562697049710592 2
29563182779473920 2
29563292804448256 1
29563468457709568 1
29563563311894528 1
29564142490755073 5
29564334317244416 1
29564454236594176 1
29564664740319232 1
29564672332005377 0
29565007591116800 0
29565102738907136 4
29565469983768576 3
29566181853630466 2
29566246794035200 0
29566871443341312 0
29566903324254208 0
29567083746435073 0
29567320678465536 0
29567734865985536 0
29568332663361536 0
29568778559815680 0
29568894163222528 1
29569728729063424 0
29569972531372032 0
29570240769695744 4
29570360991023105 0
29570381123686400 1
29570422961872896 0
29570913141784576 3
29570991688519681 0
29571059577524224 7
29572476384055296 0
29572760653008896 0
29572800243040257 0
29573150907834368 5
29573451626844160 3
29574238285336576 0
29574765068951553 0
29575429509611520 2
29576023934763008 1
29576869535817728 7
29576989169950720 0
29577226227814400 2
29577506839339008 0
29577686108086272 0
29577827254800385 0
29578598998347777 9
29578813029486593 4
29579499209228288 1
29579580222214144 0
29579629861806080 3
29580472631689218 0
29581287262003202 3
29581474231492609 3
29582349108776960 2
29582409217347584 0
29582993177714688 3
29583847259639808 0
29583857741205504 0
29584371321151488 2
29584587608821760 0
29584884204838912 2
29585186899365888 1
29585781731360768 3
29585829366071297 0
29586261240979456 0
29586430565023744 1
29588051403472896 0
29588257599655936 0
29588761964707840 2
29588975958106113 2
29589718488326148 0
29590998380183552 0
29591063610007552 9
29591232598515713 0
29591502631997440 3
29591634073096192 2
29591998788800512 8
29593214549753856 0
29593467764080641 0
29593995650793472 1
29594595721478144 7
29594879080267776 0
29595502802636801 0
29595665151557632 7
29595695845478400 9
29596239066562560 0
29596302589300736 2
29596676607975425 0
29596816899047425 9
29596869017477120 0
29597394496655360 4
29597452319326208 0
29597810496110592 4
29598054659133442 0
29598665177829376 8
29599183350530048 2
29599260441837568 5
29599268759150593 8
29599277030318081 3
29599499252932608 6
29599650625363968 0
29599813435662336 4
29599968541016064 0
29600879954886656 0
29600983029907457 0
29601341303160833 1
29601874936074240 0
29601917139156992 0
29602019660533760 6
29602062153023488 2
29602145401569281 6
29602847783915520 1
29603137870364672 6
29603513705172992 5
29603699605118976 6
29603759118090240 0
29604188728074240 6
29604332601090048 6
29604868847050752 1
29605221294415872 6
29605381974007809 6
29605434390220800 6
29605916726788097 2
29606206976823297 0
29606415127547905 6
29606418566877184 6
29606637102702593 6
29606897057275904 0
29607190503362561 2
29607213706252288 6
29607812124377089 2
29607942009389056 4
29608545469075456 6
29609129211330560 2
29609239819325441 0
29609861318705153 6
29609975022096384 0
29610484609060864 6
29610644344934400 6
29610756999749632 6
29610815283793920 4
29610893926993920 0
29610900130373632 6
29610928903299072 6
29611197418442752 2
29611783794720768 0
29611896227233792 8
29612016519876608 3
29612419269525504 6
29612648744091649 1
29613127372898304 1
29613406227013632 2
29613737421840384 0
29615199631708161 6
29615296666931200 1
29615511243333632 0
29615950496006144 0
29616051847176192 6
29616966620676096 6
29617082194731009 6
29617792286203904 1
29617833742696448 6
29618823254507521 3
29619667924422656 2
29620957748396032 0
29620982062776320 6
29621049763045377 0
29621072722661376 6
29621073565712384 6
29621111599669248 0
29621272430256128 0
29621742011944960 3
29621747393232896 1
29621949403504641 0
29621986695057408 6
29622573750812672 2
29622817754447872 6
29623945313386496 0
29624481538379776 0
29625194561671168 9
29625717599764480 7
29626174858592256 3
29626342530088960 7
29626669606113280 0
29626957297618944 0
29627399503085568 0
29627688838766592 0
29627925611413504 7
29628012471255040 6
29628107568717824 5
29629278287040512 0
29629635817906176 3
29629928030863360 0
29630798625767425 6
29630987063271425 2
29631260305391616 6
29631879036534785 10
29631889320968192 4
29632035089813504 0
29634620702068736 0
29634699332685824 6
29635021144850432 0
29635195187499009 6
29636568536850436 5
29637500142100480 7
29637526532657154 0
29637571675951104 6
29637979966283776 1
29638079941705729 0
29640336099774464 0
29640617856344066 0
29641128936472576 0
29641344980877312 0
29642099909468160 6
29642299692556288 0
29642564055339008 0
29642946265485312 6
29643020705988608 9
29643884711649281 6
29644284449792000 4
29644659156324352 4
29646060792057856 1
29647050492616704 0
29647340759420929 0
29647530908196864 0
29648670563504128 0
29648841024208896 4
29649099301064704 0
29649212366917632 6
29650557811556352 2
29651554860531712 5
29651702625869824 2
29652571551440896 2
29652947444961281 8
29654031882256384 3
29654222127497216 5
29655015152951297 6
29655040394272768 2
29656022670909440 2
29656456781365248 2
29656497839415296 6
29656727611768832 4
29656748692348929 1
29657328542294016 2
29657409127448576 10
29658051833237504 7
29658208410796032 2
29659278520356865 1
29660413738090496 0
29661336879239169 6
29661394676752385 1
29661884764389376 0
29661960660328448 1
29662145364889600 1
29662937660530688 6
29663138731261952 7
29664641084821504 0
29664698353848320 6
29666432501424128 2
29667540510703619 3
29667576967593984 10
29667634018516993 0
29669512055881728 5
29669552937766912 0
29669786392731649 2
29670369258381312 0
29670909463756801 11
29671069405151232 6
29672218304712704 0
29674244312928256 9
29674954899333120 0
29675264728371200 2
29676481558880256 4
29676501125304320 11
29676981104680960 6
29677555330056192 2
29680363324309505 6
29680649380036609 2
29680787532029954 3
29681096245387264 12
29681908606574593 6
29684177121050626 9
29684761366630400 1
29685657500651520 2
29686042680365056 7
29686043330478080 7
29686311522664448 0
29686869818085376 2
29687259007553536 11
29687604597235712 6
29687851910168576 12
29688185005019136 6
29689223367892992 2
29689739560878080 3
29690351845384192 4
29692920055463936 0
29693706860756992 8
29693898129412098 4
29694510963367936 6
29694773816197120 4
29695117258399744 5
29695285814894592 9
29695343478185986 5
29696211258712064 5
29696941470257153 2
29697616262467584 0
29697622042214400 0
29697801243860992 8
29701100999282688 2
29701297317871617 1
29702854893641728 3
29702973026209792 3
29703263859249152 2
29705297664671744 1
29705357651615745 1
29706696691552257 1
29707160514469888 2
29708217516826624 6
29709934362890240 3
29712384855642114 2
29712843959967745 2
29713628508725248 3
29713699522482178 9
29714838418628608 6
29716088212168705 6
29716366118363136 4
29717543878926336 2
29717718437462016 6
29718777096572928 0
29719611595300864 10
29720077087547392 6
29720247393062913 0
29720925364559872 4
29722170087186432 7
29723135502716928 4
29723582753939456 2
29723801801465856 9
29724354489090048 4
29725927323738112 1
29725943555686400 1
29726027206893568 2
29726337899962368 6
29726446595346433 2
29727115012218880 11
29727204837425152 3
29727639866445824 5
29729687152369666 4
29729923488808960 2
29731573569949697 2
29731756131225600 8
29732073640042497 7
29732829050970112 8
29733746416553984 0
29734651887099904 8
29735404542369793 0
29736787173707776 6
29738513024942080 4
29739685408415745 2
29739750512394241 1
29740251769470976 2
29740631555317760 5
29740831803973632 6
29742734247989249 2
29742835490095104 7
29743437506936832 10
29744023577038851 1
29744502428147712 7
29746381514088448 9
29747308631433216 7
29747641034219520 1
29749337743433728 5
29750037760188416 3
29750994304770048 1
29751391337586688 1
29753054228119553 6
29754356584677377 8
29755403222908929 3
29756690916179968 0
29759913395752960 2
29760576792043520 4
29762750498480128 0
29763560905121792 9
29764200372895744 11
29765079624851457 1
29766707006406656 1
29768355124617218 2
29769479718178816 3
29770594270576641 4
29771509908111361 7
29775303513481216 2
29776164155301888 12
29778507861069824 2
29779261837541376 7
29779685860712449 4
29781878110167040 7
29783073931403265 0
29783111403307008 7
29784054542893056 7
29784257589153792 2
29787452214353920 10
29787963139297280 0
29789941277925376 9
29790192529309696 9
29795082232143873 0
29796903000477696 2
29802581299560448 2
29802949865639937 2
29803474820538369 4
29805486199013377 5
29807539596042240 1
29811282865557504 2
29811952289054721 6
29812340153131008 4
29816281410576384 1
29816837160046592 6
29817323913216000 3
29817437197180928 1
29818078351073280 8
29823099574681600 3
29824673671815168 5
29829052973977600 1
29829604780802048 9
29832119660318720 7
29835895813181440 7
29836714683924480 2
29837588248403968 4
29840302952947712 9
29844641842987008 12
29846231668752386 0
29847285055627264 2
29848912021950464 1
29850019083329536 3
29852246200029184 5
29853985930219520 9
29854698869620736 7
29855485028995072 2
29856377618833408 3
29857838096449536 3
29860294255710208 0
29860297460162560 3
29861059149955072 4
29863967606177792 2
29863973453037568 2
29865041629024256 2
29865300723761152 2
29866252864331776 2
29866256576282624 2
29866769262837760 2
29870623777890305 2
29870880108576768 3
29873644121362432 3
29873701256167424 6
29874737240870912 7
29876347409010688 2
29876855435694080 2
29878816281206784 3
29879906003324928 1
29880470950912000 2
29881513252225024 0
29881782203580416 6
29881885689643008 1
29883734643703808 3
29884189062987777 5
29885005362630656 2
29886962143854592 0
29887602710548480 1
29887625179435009 3
29889129990848512 9
29890537037242369 7
29891046645170177 6
29892346430619648 4
29892534008287232 9
29892632628957184 7
29893213850443776 10
29894770717368320 6
29895163560071168 6
29895343462154241 9
29896590613282816 3
29896683269656576 0
29896733693579264 5
29896951159853056 1
29897040926343168 3
29897192697233408 3
29897363770318848 3
29897763051282432 3
29898299192385538 6
29898964337696769 3
29899007908118528 3
29899866511515649 3
29899888217030656 3
29900173027049472 7
29900230732292096 5
29900659306266624 3
29901748629938177 3
29902271479287808 9
29902469320409088 2
29902740717047808 3
29902841330012160 2
29903210235822083 3
29903413542125569 2
29903671839948800 1
29903758779490304 3
29905485217927168 11
29905607339286528 1
29906021270953986 3
29906116062220290 9
29906333624958976 3
29906503271981056 12
29906997293879296 3
29907108707176448 7
29908397922983936 3
29908807836499968 3
29908923867734016 8
29908958084857856 6
29908982239854592 3
29909262767489024 2
29909266101968896 3
29909651365564416 3
29909930827841536 3
29910562850742272 3
29910567581913089 3
29910591149707264 1
29910681163661312 3
29910756409483266 3
29910800948797440 3
29910857743867905 3
29911103811100672 2
29911374503088128 9
29911466186375168 2
29912296008450048 7
29912424681312256 3
29913791437209601 3
29913987764195328 5
29914525234896897 6
29914542762889217 3
29914827342221313 3
29915570119905281 3
29915805172895745 1
29916158782078976 0
29916477377220608 3
29917417236860928 3
29918170810679297 3
29919335707320320 7
29919543019180032 4
29919664423305217 10
29919735382540288 2
29919964735479808 3
29921391146967040 3
29921460889849856 2
29921489213980672 3
29921652779253760 8
29922350656921600 3
29922787854385152 1
29922965202141185 9
29923025881145346 3
29923075621392387 3
29923152343601155 3
29923541772144641 3
29923754175893506 2
29924042723041281 9
29924423586811904 0
29925221569925120 3
29925252460969984 1
29925540970364928 3
29925827529416705 3
29926077681893376 2
29926990999986177 7
29927010822258688 3
29927029684051968 3
29927470941609985 8
29928027760627712 0
29928774757781504 2
29928878730387459 3
29928974628954114 3
29929132829708288 11
29929865545256960 1
29931459791822848 3
29931742685044737 9
29932246110568448 3
29932438171951104 4
29932532732526592 3
29932808952614912 3
29933002024812544 1
29933930039738368 9
29934157463293952 9
29934471260151808 9
29934479816523777 2
29934524682993664 9
29935111780700160 8
29935861109891072 2
29936272629829632 1
29936391567712256 3
29936456067719168 2
29936532865417216 2
29936831172710400 3
29936882334830592 2
29937130155278337 3
29937155568574464 3
29937185994051584 3
29937840850739200 3
29938994254979072 6
29939947347644418 7
29940184141266944 3
29940520516063232 6
29941525441937408 8
29941674264236032 3
29942015110160384 9
29942371579854848 1
29942593399820288 3
29942734030635008 6
29942866067329024 2
29944405947322368 6
29944510477770753 2
29945062523674625 9
29947258413776896 7
29947404203593728 3
29947768046886912 11
29948763707543552 6
29949320493015040 11
29950097202610177 2
29950309744779264 3
29950628679655424 3
29950724490133505 6
29950829746196480 2
29951707270090752 9
29951892234698752 10
29952377113022464 3
29952618084171776 11
29952644176936960 3
29952775488012288 3
29952781913694209 3
29953060205760512 3
29954269654286336 1
29954672672378880 5
29954885638164481 9
29955092178276352 3
29955096955588608 10
29955716676583426 9
29956594770907137 9
29957073382936576 4
29957578159038464 7
29957735441235969 3
29957866773282816 9
29959012724244480 9
29959763458527232 3
29961115022655489 2
29961878142722048 1
29962394386038784 8
29962873480413184 2
29962947937705984 3
29963221750251520 6
29963380718567424 3
29963747619512321 6
29963957057880067 6
29964149756788736 8
29964806458970112 6
29965172969840640 7
29965595789230080 10
29966258715758592 9
29966764259418112 6
29967133987311617 6
29968062279065600 11
29968099797110785 0
29968472767201280 9
29968696868864000 6
29969140395544576 6
29969261619318791 8
29969536539164673 9
29969560778051586 13
29970038337306624 9
29970359025401856 3
29970600042692609 3
29970743043297282 7
29970854871826433 2
29970886933090304 5
29971327473426432 3
29971370016243713 4
29971553881952256 3
29971638543982592 9
29972408785960960 7
29974270754947072 2
29976628511645697 6
29977398191595521 4
29978006919319552 1
29978784442613761 6
29978962599870465 3
29979186709925888 9
29979785870450690 6
29979787090984960 6
29980477968355328 6
29980635686772738 11
29980771821293569 3
29980992311656448 2
29981352543649792 11
29981750247563264 6
29982067924144128 10
29982416521142273 9
29982673552281602 2
29983067007356928 6
29983478363717633 3
29983766109757440 3
29983840793530368 1
29984725615513601 7
29984984123056128 7
29985566330191872 8
29985708722618368 3
29986568634634241 6
29986572824739841 0
29987499350687744 2
29987900749783041 9
29988033105240064 6
29988348554641408 9
29989922634997760 5
29990098707677184 6
29990212637560832 9
29990350961516545 0
29990983902961664 3
29991159749152770 10
29991643910242304 3
29992277275316225 6
29992682847735808 3
29992927153360897 3
29993056316948480 0
29993449017057281 6
29993695927336960 3
29995067955482624 6
29995290803044352 6
29996481968611328 6
29997573569777664 9
29997693933719553 3
29998052534124544 5
29998791792791552 4
30000430683529216 1
30000726482620418 1
30000795378257920 7
30000810200928256 2
30002352819798016 2
30002459317374976 4
30002622148644866 6
30004282195443712 7
30005448316821504 3
30006118478512129 0
30006256999604224 1
30007189145919488 1
30007910994022400 4
30008563728392192 6
30008888187158529 1
30008891647467520 5
30009328891076609 9
30009957734678529 2
30010242251104256 1
30010570367303680 11
30010571197775873 8
30011415892852736 10
30012275423186944 9
30013773049757697 0
30013912095137792 2
30013954906398720 6
30014370507395073 1
30014717997092864 5
30015564571217921 10
30015571043033088 6
30015603104284672 6
30016054197489664 2
30016732944924672 1
30016851715031040 3
30017319606427649 2
30018283402960896 9
30018304034738177 1
30018721376378881 6
30018781489139713 3
30020231271284736 5
30020862862168065 0
30021228290904064 9
30021375947177985 3
30022191554764802 2
30022330415587328 7
30022830624088064 6
30023844370579456 3
30024621822582784 0
30025465972396032 10
30025535761420289 3
30026246704340992 2
30026692252663808 9
30026776419766272 7
30027043655655424 3
30028088104456192 9
30028579458785280 2
30029777607860224 9
30029810507976707 8
30029905936781312 1
30029906716917760 14
30030351812268032 10
30030900846665728 2
30031559738265601 1
30031825472589827 10
30032342810628096 3
30032665637822464 5
30032743513464832 4
30033690314670081 0
30034234726940673 8
30035299383910401 9
30035396582707200 5
30036270692433920 5
30037191400890368 5
30037379448307712 2
30039074249113601 1
30040220187496448 8
30043083580112896 2
30043654965960705 11
30044028439363584 9
30044528048087041 8
30045171471089664 0
30045176936271873 0
30046182872977409 4
30046436179578881 3
30047760992436224 5
30048895966904320 3
30049849156050944 3
30050208213639168 3
30050959887433728 0
30051954050727936 3
30052152558747649 10
30052214336651266 1
30052868887158785 7
30053730267168768 2
30054633808330753 12
30054819175596032 6
30055029759021057 9
30055514381488128 4
30055652839653376 3
30056094067859456 4
30056132479287296 3
30058868079861760 7
30059853560938496 6
30060103956697088 3
30060880158785536 1
30062422576336896 7
30062538221686784 4
30063104272371712 5
30063339698655233 3
30064870233735169 4
30064964521697282 2
30065597966454784 4
30066056034779137 2
30067181584654336 2
30067612700381184 6
30067826060435456 6
30067834360963073 6
30069747622088705 2
30071138327470081 6
30071769100460032 6
30073810464018432 4
30074745030451200 6
30075063562670080 9
30075242592337920 2
30075264339804160 3
30076476434944003 13
30077168956473344 3
30078056517341186 0
30078388416806912 2
30082199986380800 2
30082294580510720 2
30082564710473728 2
30082793262288897 2
30083577085427713 2
30084233934409728 7
30084940368453632 11
30085531765317632 2
30085569992200192 2
30087830369734656 9
30087967800299520 9
30088243047301122 8
30088866102771712 2
30089000043675648 2
30089231133057024 3
30089466064404480 4
30089553725366272 3
30090420985794561 11
30091359255789568 4
30091502759710720 9
30092054042251264 7
30092449464459264 8
30092659175464960 0
30092859558330368 8
30093167172788224 8
30093435356577792 8
30093569540751360 6
30093892678324224 8
30094680389586944 8
30094802171199491 6
30095059768573953 3
30095105796874240 2
30095792811278336 8
30095980074377217 8
30096601695395841 4
30097279297781761 5
30097429839740928 6
30097913690456064 4
30098010864091136 9
30098088563572738 4
30098175503110144 1
30098281497362432 1
30098586972721152 2
30098736520630273 4
30099064997543936 8
30099312893501441 9
30099738275614720 5
30101530644316160 3
30101682566209536 6
30101705064456192 5
30102878777511936 2
30102989704269824 8
30103606875136000 6
30104014272069632 5
30105060742529024 1
30105160940265474 6
30106875533991937 3
30106968714645504 2
30109318141444098 3
30110157539123200 13
30111307600498689 8
30111920656748544 2
30111998276542464 2
30112643482124289 2
30113140213555201 2
30113223487266816 2
30113457042882560 8
30113778855055360 8
30115178284589056 9
30117229777387520 5
30117313898348544 2
30120295868137472 2
30121003757604865 2
30121100952215552 0
30121573998399489 2
30122759342264320 3
30123883717730304 8
30124685698015233 8
30125619333308416 3
30126067448553473 9
30127796827201537 2
30127871053799424 9
30129060491304962 5
30131071488102400 2
30133181982183424 8
30136419355725824 2
30136517234003968 5
30136519461175296 3
30136925230727168 9
30137431932010498 3
30137504334090240 7
30138904044634112 2
30140006722969600 2
30140350932713473 7
30140543900057600 2
30140639110762496 9
30141839524761600 2
30141947922358272 2
30142813622505472 2
30143061707202561 8
30144612324610048 7
30144626258083840 12
30144954164580352 1
30145973258817536 7
30146528110710784 2
30146625129160704 0
30146920135532544 2
30146947197177857 0
30147216362446848 7
30148085053136897 2
30148156909948929 2
30149086560657409 3
30149943758954498 2
30150397205159936 9
30150979655569408 2
30151108915625984 7
30152221719007232 2
30155463421071360 8
30156262612140032 12
30156364240130049 10
30157835434201089 3
30159528762810368 2
30162553262841857 3
30163860283465728 7
30164361624428544 7
30166204228308992 7
30166783797239808 2
30167063326629888 3
30171143117733889 7
30172275693068288 7
30172392424738816 9
30172846525251585 7
30173101094342657 7
30173229582655489 7
30173889518637057 2
30174694464299008 7
30175318723530753 9
30176624745906176 10
30178090084732928 0
30178149971001344 3
30178154253389824 3
30179590383075329 7
30179593696579584 2
30179680120213504 7
30180852956667904 7
30181238492897280 2
30181259464413184 2
30181261322485760 2
30181945539301376 7
30182630423003136 14
30183732333780992 3
30183931399639040 2
30184174069485569 8
30185132027551744 3
30185572010033152 4
30187870459273216 7
30188073790742528 7
30188238920491008 0
30188246860304384 14
30189430073458688 8
30190476850106369 1
30191539678347266 7
30194530934333441 5
30194947625852928 7
30195250039361536 7
30195703720448001 6
30195734397587456 7
30195992632496128 7
30197648455630848 1
30198105513140224 3
30198546422566912 2
30201090108555264 2
30202078395637760 2
30203004422463488 7
30203027998638080 7
30204964789821440 3
30205821816152064 2
30205882033766400 7
30206292555464705 0
30207328506613760 7
30209263733313536 8
30209514821128192 7
30209763061010432 2
30209944758255616 7
30213489180016640 7
30216730722701312 7
30217175910318080 3
30217648230891520 7
30218527092772864 2
30219282595979264 0
30219417262493696 2
30219468592386048 1
30219578076299264 7
30219793458008064 3
30220405885112320 7
30221423737835520 3
30222943480979456 9
30222946924503041 2
30223544906424320 3
30224456668418048 7
30224947863363584 7
30225127555727360 4
30225196061302784 11
30225639298568192 3
30225672072855552 7
30227252268503040 2
30229057178177536 4
30231086277591041 1
30231547399376896 4
30231673970884608 2
30231756779028480 7
30233366276087808 6
30234474604142592 2
30235602540564480 1
30236041789050880 3
30236884051435520 3
30236969338408960 7
30237749344735232 14
30240863992938496 2
30240936592154624 2
30241029483397120 7
30241666954698752 0
30241891786166273 8
30241993720332289 0
30242277993480192 5
30242320716664833 7
30242865485447168 8
30243858654691328 2
30245154598158337 9
30245741335154688 8
30246103811096576 7
30246786849312768 8
30247261657104384 8
30248740119908353 3
30249301665910784 6
30249363020189696 2
30249411535704065 5
30249635062751233 9
30251343092391936 9
30251634873335810 3
30252359724572672 6
30252424555921409 2
30254032589168641 2
30254811135873024 3
30254886801121280 8
30255228381036544 2
30255811091501056 2
30256937165651969 1
30257444508672000 2
30257918918000640 4
30259745067638784 8
30260511308255232 7
30261187492978688 9
30262198236348416 4
30262721979092992 2
30264116249624576 7
30264223292465152 6
30266211619049473 3
30266409938321408 1
30268814184677376 3
30271122431803392 0
30272609513897984 6
30272744067174400 7
30273369303683072 5
30274519411195904 1
30274668183166977 9
30275118093574144 5
30275282464153600 3
30276303584231425 7
30276712407240704 2
30276978678435840 2
30277006646054912 11
30277420942622720 9
30277535400988673 4
30278755226230785 8
30279411047600128 0
30279445751271424 2
30279515653545984 3
30279572930953216 0
30279900619345921 1
30280006311612416 9
30280080747921408 7
30280495124193280 2
30282297689251840 7
30282761939980288 3
30282776829759488 3
30282798283620353 3
30283047223955456 0
30283063699177472 9
30284070894174208 7
30284693416968192 2
30285015719870464 10
30285149287481344 2
30285155067236352 2
30285327859982336 2
30285763908206593 10
30286115457998849 0
30286442685014016 2
30286636432494593 2
30286890129162240 9
30286912686133248 2
30287088289058817 10
30287161899094016 5
30288715846787072 2
30288842204381184 11
30290348043407361 3
30290716475260929 9
30290882041225216 6
30292656965816320 2
30294049474744321 2
30294083331170304 0
30294939292139520 4
30295023958364160 13
30295306801254400 7
30297416687161344 2
30297740420321280 5
30298228616335360 0
30298754699497472 2
30299217419304960 3
30299819595534336 9
30303527939084289 2
30303893518819329 3
30304023416410112 5
30305888401104896 6
30306064587030528 3
30306370184019969 11
30306897550647296 0
30306965607415808 11
30307254150365184 6
30307642370949121 8
30307841604591616 6
30308171595649024 2
30308242710069248 1
30308676094926848 7
30309361721024512 9
30309789984628736 0
30309859220004864 11
30310592120102913 2
30310664287289344 2
30311489055232000 1
30311869868670977 2
30312146520776704 2
30312161397964801 3
30314389370306560 3
30314524003270656 3
30314993614323712 4
30315979753922560 3
30316304493707264 3
30317108462096384 11
30317312351412224 9
30317495017545729 7
30317567532863489 7
30317726136270848 7
30317913206431744 3
30318243478507520 7
30318347975397376 7
30318599885291521 12
30318891519447040 5
30319208176820224 3
30320833654161408 8
30323782577037313 2
30324895254585344 1
30325037932216320 3
30325151543332864 3
30326090954182656 1
30326405107552256 2
30327110438486017 7
30327223667920896 1
30327554120351744 9
30328228853846016 7
30329279422144512 7
30329435676741632 8
30329668477386752 2
30330100922716161 4
30330644261244928 5
30330694089580545 2
30331396039909376 8
30331697530667009 4
30331742611046400 7
30332237778001920 7
30332641186160640 0
30333108687470592 7
30334041655873536 0
30334316655415298 11
30335134557274112 3
30335360378609664 0
30336632099966976 8
30337914273538048 11
30341918521040896 7
30342472882196480 7
30343979849482240 1
30344159634132992 7
30344501788672001 0
30344561100324864 8
30344844010332160 0
30345391052423168 5
30346001420128256 10
30346926125752320 0
30349010376065024 1
30349124234641408 10
30349168828481536 8
30349244057526272 0
30349976752099328 11
30350155270062080 7
30350226606784512 2
30350599161643008 6
30351040977047552 1
30352981819920384 2
30354026755268608 11
30354467463372802 0
30354903104749568 8
30354952433967104 1
30355370538958850 8
30355575934033920 1
30356159202336768 6
30356287451566080 5
30356296486100993 2
30356559221493760 1
30358072098562048 7
30358150280380417 11
30358360507293696 6
30358431999205377 6
30358787344830464 3
30359830988324864 5
30360018473713664 3
30360091202953216 9
30360257209307136 7
30360271113424898 11
30360893862715392 0
30361012511186945 2
30361134234075136 0
30361362878169088 5
30363334750502913 9
30363602187722752 6
30363847143464961 4
30364148424515584 9
30365221067427840 4
30365345097187328 14
30365823444983809 8
30366467505528832 11
30367363798933504 9
30368004080410624 7
30369284123262976 1
30369426192728064 5
30369516349292544 1
30369843635036160 8
30369999617007617 0
30370115123945473 2
30370913199333376 9
30371615850106880 2
30371703578169344 2
30372021468667904 3
30372369704951808 7
30373175778869249 2
30375038867738624 1
30375048644665344 5
30376934647005184 2
30377350315114497 2
30377622064078848 7
30377942009774080 9
30377976881217536 2
30378781550055425 0
30381116489736193 7
30382527768166400 2
30382993356886017 7
30384057296617473 8
30384595740401664 5
30384640908853248 1
30385544127062016 9
30386385739317250 2
30386693102112769 9
30387072019730432 8
30387130903568385 9
30387479815131136 0
30387986306699264 2
30389268501241856 2
30389512999796736 2
30390248491982848 7
30390517741129728 2
30391135373361152 2
30393246936997888 3
30393441779195905 7
