314766857880092672 0
314767025664831488 17
314779726000558080 104
314784037757648896 52
314784113250942976 52
314784767558164480 105
314794573853499393 108
314799787381772288 107
314808134038327296 104
314808649946132480 42
314811535610499072 124
314813238493736960 105
314813406249119745 104
314818242310987776 104
314819383136505856 106
314823204164227072 42
314825511010447360 0
314825544577470465 104
314828262478082048 140
314831005565456384 104
314837183762677761 140
314846398669524992 198
314847719866920961 124
314848911053434880 153
314848965579382785 10
314850546811035648 3
314853881320443905 42
314855890383687681 22
314856653738631168 2
314857400337326080 140
314858474074931201 153
314861011612073984 2
314863192645959680 10
314864140588048386 104
314865159791341569 10
314868481684283392 20
314869668651347968 10
314871258288386049 104
314880494175154176 124
314881882468794370 104
314883295940849664 15
314887179870539776 108
314893471347527680 108
314899465012121600 10
314900794593906688 18
314904967918006273 80
314905525747855360 140
314913100690231297 108
314915436888219648 20
314916867150073856 52
314925163479199744 104
314934491632238593 105
314937897407094785 104
314946025972441088 42
314952720090005506 22
314953428902227968 22
314955744174804992 66
314959758119550976 124
314962123707002880 105
314967400145645568 188
314968188653821952 104
314971091145723904 8
314977768439959552 200
314978527625748480 108
314980251505659906 108
314984114430304256 58
314986190602379264 3
314986610066329600 108
314989885784199169 8
314993736193040386 124
314996944802025472 105
315000170230210560 67
315002644886343680 104
315007841612214272 21
315012522472243201 17
315019665350991872 18
315020286128971777 80
315029131911888896 112
315033296830607361 112
315034416743325697 112
315035347866238976 112
315035662439022593 112
315035922469122048 112
315037319197515776 112
315037545681526784 112
315037721825533952 112
315037734433599488 112
315037973504729088 112
315038069956956160 112
315038141272698881 112
315038409703960576 112
315038409716535297 112
315038447473676288 112
315038678156201984 112
315039525372047360 112
315039735099846656 112
315039814816780288 112
315040490095517697 112
315040594936332288 112
315040850788876288 112
315041031164944384 112
315041089847427072 112
315041433813938176 153
315041563816386561 112
315041647702450176 112
315042234913406976 112
315042310427664384 112
315042385891557376 112
315042574643630081 112
315042624971083776 112
315042692096741376 112
315042763387322368 112
315042859881488384 112
315043124097462273 112
315043388330242048 112
315043505791717377 112
315043560317652992 112
315043799367839744 112
315044353045303296 112
315044403364388864 112
315044525015961601 112
315044625662484480 112
315044936057753600 112
315045028303077376 112
315045091226030080 112
315045410005725184 112
315045535830650880 112
315045762323083264 112
315046190142074881 112
315046236266831872 112
315046274032357376 112
315046362121117697 112
315046966071549953 66
315047226143547393 112
315047381324419072 112
315047872066379776 112
315047914009415680 112
315048505410465792 112
315048606052794368 112
315049180659867648 112
315049826620416000 112
315050032111964160 112
315050044686491649 112
315050090828013571 112
315050283791183872 112
315050598368149505 66
315050929705598976 112
315051227509579776 112
315051294601658368 112
315051302998659072 112
315051407856263168 112
315051684667723776 112
315051802133417984 112
315052024427339776 112
315052695503384576 112
315052854907920384 112
315053014262108160 112
315053018456403968 112
315053064610525184 112
315053135905312769 112
315053240754511873 112
315053299478978561 112
315053337215119360 112
315054188679811072 112
315054490673897472 112
315054671033151488 112
315054851396603904 3
315055358869659648 112
315055874802585600 112
315057623798009856 112
315057875460435968 112
315058185868288000 112
315058416538230784 112
315058789822902272 112
315059343487807490 112
315059347686313984 112
315060136207069184 112
315060161360302082 112
315060589196111872 112
315060870222839809 112
315061318996598784 112
315061650350813184 112
315062208168095744 112
315062220755177472 112
315062585663844352 112
315062967349682176 112
315063210636095488 112
315063462264975360 112
315063512613400576 112
315064045298388992 112
315064468914728961 112
315064586372009984 112
315064909329215489 112
315065140007546880 112
315066104689078272 112
315066301808783360 112
315066452824690688 112
315066817708163072 112
315066884825432064 112
315067006451859456 112
315067073577508865 104
315067493028868096 112
315067543331164160 112
315067753050558464 112
315068185084841985 112
315068856144130048 112
315068973597212672 112
315069258814087168 112
315069707604606977 112
315069825049321473 112
315069871178276865 104
315071070736621568 112
315071263703986176 112
315071880254062594 112
315072396166053888 112
315072425530388481 112
315072576512724993 112
315072803000942592 112
315073105007616003 9
315073138541088770 104
315073163719495680 8
315074170323079169 112
315074191319760897 112
315074593956184064 112
315074656891703296 112
315074665288724481 112
315074791084285952 112
315074841411723264 112
315076527534514176 112
315076795961597952 112
315076963763113984 112
315076976316645376 112
315077207011762177 112
315077668372631554 112
315077781635600384 112
315077819388542977 112
315077974581972995 112
315078012305547264 112
315078146531684352 112
315078389818064897 112
315078419178192897 112
315078691820535809 112
315079128028160000 2
315079140611084289 112
315079316734095360 112
315079383863930880 112
315079383872331777 112
315079555813634048 112
315079631344635905 112
315079723581591553 108
315080101089927168 112
315080163983511552 112
315080247894757376 112
315080700879581186 112
315080809944064000 112
315081028035305472 112
315081107718696960 112
315081162244632576 112
315081199989182464 112
315082013696737282 112
315082554757771264 112
315082886111981569 112
315082898699075585 112
315084018557280257 112
315084354097397760 112
315085583028477953 112
315086090547650561 43
315086585479720960 112
315086853910982656 112
315086908432736256 6
315087072006397952 150
315087147520651268 112
315087592121065472 112
315087810212282368 112
315088418403135488 112
315088636498554880 112
315089584407056385 112
315089768952246273 112
315089911583748096 112
315089970299797504 140
315090045780500480 112
315090301637238784 112
315090742051753986 112
315090804970487808 112
315090863657189378 112
315091014673125376 112
315091165659664384 112
315091404730814464 22
315091757060734977 112
315092000338751490 112
315092298134323200 112
315092335874686976 112
315092386185351169 104
315092524609986561 112
315092637860372480 112
315092675630084096 104
315093682254655488 112
315093736772235264 112
315093904552775680 112
315094923764445186 112
315094944740155392 112
315095179621195776 112
315095267697389568 112
315095347389153280 112
315095548724146176 112
315095603229097985 112
315095934566551553 112
315096232366313472 112
315096257544744960 112
315096874099015681 112
315097301918035969 112
315097541001768960 112
315097650053648384 112
315097733943947264 112
315098153357541376 112
315099113878331392 112
315099151622868993 112
315100326019600386 3
315100640579829760 112
315100753859575809 112
315101672382803968 112
315102322495733760 112
315102850994798592 112
315103010386751489 112
315103270416834561 112
315103794704838656 112
315103886996287489 112
315103945716551681 112
315104243516334080 112
315104465797672960 112
315104482562306049 112
315104755208826881 112
315104767774978048 112
315104960729731073 112
315105518559563777 112
315105677934747648 112
315106319671640064 112
315106990781259776 112
315107003334791168 112
315107234021511168 112
315107536049143810 112
315108890788380672 112
315109079527849985 112
315109264094031874 112
315109872255520768 112
315110241350066176 112
315110878871707648 112
315111772266827776 150
315111868765175809 3
315113454212096000 112
315113865245507584 112
315113953300738050 112
315114628583653376 112
315114674750386178 112
315114787963023360 112
315115526164725760 42
315115735900901377 11
315115773624471552 11
315116780274196480 112
315117061300948992 112
315117665284927490 10
315118042755522562 17
315118365737893888 112
315118625755394048 112
315118739026747392 11
315118915187527680 11
315118986473926656 112
315119259120439297 11
315119766614454273 11
315120286733332481 112
315120609665372160 112
315120840360488960 112
315121394021187585 11
315121578557992960 112
315121758896267264 112
315121872167649280 112
315122140582137858 112
315122258035216384 11
315122291581280259 112
315122820080357376 11
315122987865100288 112
315123239498178560 11
315123398881705985 112
315123428262817792 112
315123533091057665 112
315123566679031808 11
315123776360689665 11
315123788956176384 11
315124657172914176 11
315124871082418176 112
315124971733123074 112
315124992742420482 11
315125294711316480 11
315125403784212480 112
315125772870369281 112
315125793820905474 112
315125806412226560 112
315125986763083777 11
315126171320868865 112
315126687232847873 80
315126951444619268 11
315127215698358272 11
315127463166476288 11
315128536891527170 112
315128872444239872 11
315128943764193281 112
315129124106682368 112
315129279295942656 112
315129308677042176 11
315129862320963587 11
315129925227122689 11
315130072023568385 112
315130164294086656 112
315130231415508993 11
315130357240451072 11
315130499850973185 103
315131091247833088 11
315131137368408064 11
315131233854177281 112
315131389047615489 112
315132336968724480 11
315133033223176192 112
315133477798440961 112
315133725249765376 112
315133737866260481 112
315134782243745792 112
315135000334958592 11
315135822418554880 11
315135868555902976 112
315136023753523202 11
315136166364065793 112
315136183107739648 112
315136346706546688 11
315137156219822080 11
315137240072327168 17
315137382712238080 112
315137944723800064 11
315138288665112578 112
315138359968284672 11
315138473218670592 112
315138838135721985 112
315138880066179074 11
315138896835014657 11
315139085566083072 2
315139505025847297 112
315140138365747202 11
315140205445267458 112
315140423553269760 11
315141090451795968 43
315141132394823680 11
315141241476104192 6
315141577020424192 11
315141585379655680 112
315141740598272000 11
315142822728712192 107
315143166623899648 112
315143296672464897 11
315143518970597376 11
315143527338221568 107
315143929999806465 112
315143942607884289 112
315144768864788480 112
315144978567409665 112
315144986968588288 112
315145196671213568 11
315145305723125761 11
315145532219723776 112
315146186547949568 112
315146647925579776 112
315146698240454656 108
315146803123208192 112
315147109273858048 112
315147168023453697 112
315147243516751872 11
315147587449663489 11
315147830710915072 112
315148434694864896 11
315149466468487168 112
315149634244849664 112
315149818815184896 108
315149885932441601 112
315150028509429760 124
315151999836491778 112
315152075338178563 140
315152406709166082 112
315152448635424768 112
315152503161356290 11
315153207804428288 104
315154264790024192 11
315154671608147969 3
315155074282303488 112
315155183330025472 0
315155363697659904 11
315155401429630976 112
315155585983201280 108
315155783102898177 112
315155866993164288 112
315156324184895488 112
315157335016357888 112
315157435654483968 112
315157825724768256 11
315158131929907201 11
315159235031867392 112
315160099066896384 108
315161239900790784 66
315161848079081472 112
315162288472588288 112
315162330398871554 11
315162456227987456 112
315163035067092992 11
315163915870945280 112
315164280771182593 112
315164347875880961 205
315164796670595073 112
315167069970767872 112
315167397122297857 112
315167560700162048 112
315168126960533504 11
315168810619506688 104
315169464922562562 112
315169737577492480 11
315170207339528192 112
315170282828599297 11
315170295382171648 108
315170618347753472 112
315170995860291584 112
315171151045328896 11
315171436241244161 11
315172610650562561 11
315173214626140160 112
315173600506306561 11
315173910884798464 11
315175362118160385 11
315175458582982658 112
315176255513321473 112
315176498787147776 11
315176553321488385 104
315176750416031745 112
315177522205716480 112
315178960814223360 112
315181095719149568 11
315181531956117504 108
315181682917523456 112
315182593110851584 112
315182819582296065 112
315184002405376000 10
315184052703477760 140
315184698622087168 112
315185831100952576 112
315185990488694784 112
315186250543939584 112
315186837746491392 105
315186862903930880 112
315189576631201792 11
315190298051481604 112
315191371797508096 112
315191547937296385 112
315193250841513984 0
315194538463469568 11
315194626539659264 112
315195054396436480 66
315195243127517184 104
315195817742987264 105
315196719522512896 112
315196841140555776 112
315197168317263872 104
315197466087677952 112
315197487080173568 112
315197587722493952 140
315198946681176065 112
315200301445545984 112
315200582455537664 11
315200817344958464 112
315204361527652352 112
315205158474768384 10
315205749854834688 112
315207314309271552 11
315207733739655169 112
315208627159977987 112
315208648123101184 112
315209906422706176 112
315210120332206080 112
315212251021844480 2
315214444638638080 112
315214872445083648 112
315215036043894785 3
315217263210942464 112
315217540043378689 112
315217640698281984 67
315219817537871872 112
315220354417172480 112
315220589285609472 11
315220689953124352 112
315221478490656768 112
315221751141396480 112
315221839184011265 112
315223521104101376 112
315228722041061377 108
315231628718919681 112
315231926489325569 104
315232446587228163 11
315232727597195265 112
315233163838377984 80
315235030278492163 104
315235328082448384 112
315235672011190275 112
315235797844516864 104
315237337166643200 112
315237370729492481 112
315237790147305472 112
315237903372529665 11
315238431871606784 112
315239379771723776 112
315239945994387457 198
315241145582096385 112
315243364377313280 112
315243930620948480 112
315244584923979777 11
315244765283229697 11
315245029507620865 103
315247252509687808 52
315248573711261696 140
315248858902953984 11
315249051840942080 112
315249689400320002 112
315250054283792384 108
315250733752676355 112
315251488752562177 112
315252684116590592 11
315252931580551168 112
315253791412846593 104
315254105973067776 66
315255360074170368 112
315258472268701696 112
315260166763315201 112
315262863709184000 11
315263396348051456 153
315263878726553600 112
315264998605746176 11
315266344956354560 6
315266365936238592 112
315266919601168384 112
315270400860880896 3
315271491375755264 20
315273244599009281 112
315273957618089985 112
315274435756179457 112
315275018785398785 108
315275559846440962 140
315280349737390082 112
315280634937495553 11
315280915985223681 67
315281071145099265 112
315282224616464388 11
315283889750949889 11
315284359504605186 112
315291124925337601 112
315295856096071681 107
315296153895854082 11
315299463184916480 112
315303502316441601 52
315304391479525376 112
315304789934215168 112
315306211807481857 112
315307709203353600 52
315308434788610048 11
315313946104053761 112
315314927566995456 42
315318199149268992 112
315321974006087680 17
315322326336016384 112
315324217971318786 52
315334267511115776 112
315335160910454784 52
315335869764599808 6
315338348594098179 52
315342983279046656 112
315344644231798784 104
315344874910130176 112
315351950709374976 112
315352403690012672 112
315353246753488897 112
315356442808954880 112
315356493123821569 112
315359219450798080 112
315359508845166592 105
315363476669349889 104
315364525220171776 11
315369654858170368 112
315371252913160193 112
315374033711546368 112
315377565328093184 11
315381235335704576 112
315381344400195585 112
315382686560681984 112
315382820786814976 112
315386847297667072 21
315387677790842880 112
315392975213584385 11
315393226846662656 3
315393507865026560 104
315393927316402177 11
315394183152148480 112
315394640339685377 112
315396519396249601 112
315398562013929472 11
315400042615824384 11
315400046772371456 11
315400197775704064 11
315400516572168192 11
315401867112886275 11
315404325000208384 2
315404719239622656 112
315405482598748161 112
315407470707228673 11
315408536064638976 112
315409597219348480 112
315410612257705984 112
315414387114512386 6
315414517125349376 104
315414584259379200 104
315417109226205184 112
315417851622223872 112
315418904400912384 11
315418908570050560 3
315419168616878080 112
315423153193111552 112
315423593607614464 11
315425703338328064 112
315427045540757505 200
315427636912459776 112
315428781965836289 112
315429528539389952 112
315430380012445697 112
315430732317224960 112
315431671862263809 11
315433206939787265 112
315433693500043264 108
315434750443651072 11
315437464187719682 104
315439380963680256 42
315441524278173698 11
315444565123411968 112
315446158971510784 112
315448637817765888 11
315449069818499072 112
315449610879516672 67
315450621723541504 108
315450776896016384 105
315451720618622980 112
315451917759287296 107
315453654188584962 11
315455587762712577 11
315455642271879168 11
315456279810306048 11
315458242740363264 112
315458494423769088 11
315458553127260160 11
315458750255337472 11
315461732434837504 11
315462822937124866 112
315463070413635584 108
315463754076798976 153
315463791838105600 112
315466543272169472 108
315467617039163394 112
315468783055671296 112
315469156344541185 11
315469361865449473 17
315470829867630593 11
315471555473846273 9
315472176247615488 112
315472952202248194 11
315473023476056064 112
315476945162891264 11
315477049999503362 112
315479201690042368 11
315479298179989505 6
315479512085299200 112
315481475006992386 105
315486982111371266 9
315490996064514048 11
315491075789824000 0
315491931415277568 108
315492673794494465 108
315493248405741568 105
315493521052291074 108
315493596553957376 11
315494397653446656 112
315494548635795456 112
315495932768702464 153
315500710101938176 11
315503432201031680 11
315505839710539776 11
315507211264737282 11
315509484581695489 3
315513028756004864 11
315513540448493571 112
315514500969271297 112
315514689717153792 105
315518967903051777 2
315523120259796993 112
315525682966962177 112
315527130010247168 80
315527952077029376 112
315529768206491651 11
315530242196393984 140
315531978625646592 0
315537825485422592 11
315542586012090370 11
315543412298350592 11
315543731061272576 11
315543835906289665 11
315544716739497984 108
315547283640950784 112
315549343044235264 10
315551528259833856 11
315553667371630592 11
315553692524883968 11
315554103579250689 11
315556313981657090 11
315556808884363264 11
315557698097790976 11
315558134288642048 112
315559052870578176 108
315559459713855488 108
315561376502382592 11
315562060161372160 43
315564723565379584 10
315565340107079681 112
315566007026593792 11
315567642788380675 150
315571249873031168 112
315576459207000065 11
315576924766343168 15
315577050603868162 52
315577516175785984 108
315579693006999552 189
315580460589785088 153
315581060387835904 11
315582423507283968 112
315582805197332480 11
315583115592613890 108
315585107866050561 43
315585971905261568 43
315586739437719554 11
315587737686253569 43
315589058900418560 12
315589151166705665 43
315589595758743552 112
315590631768592384 112
315592175259906048 112
315593819431243776 11
315594335360016386 43
315603692827066368 43
315605949387776000 112
315610001085444097 108
315617026540437505 10
315618163163271168 43
315618960110395392 43
315619329179799553 43
315620054794371072 112
315621552165101571 124
315621552190259200 124
315621560570490880 108
315623305384189952 43
315623473173102593 43
315623846449410048 43
315625058632609792 112
315629311635890176 43
315635271750258688 108
315640099406766080 104
315651092660760577 112
315657023419215875 108
315657602228969472 104
315658638226235393 105
315660877971988480 3
315661863616667648 198
315664917082550272 43
315665269429256192 80
315666414461665281 43
315667257520967680 198
315669358842109953 41
315670428414799873 11
315671095300726784 42
315671246299869184 15
315674463339429890 11
315675805495730176 105
315679056102309888 153
315683065827561472 52
315683741110530048 107
315684261220982785 52
315699662688493568 22
315699964682567681 112
315703177540403200 108
315713608778653696 108
315716427355144192 112
315717018718457858 140
315718704853827584 15
315719266861187072 112
315719581438197761 112
315722307765157889 11
315727101842046979 108
315732042727976960 112
315732483134083072 112
315735083594158080 140
315735142339592194 140
315735792444125184 13
315735796646817792 140
315742230675607553 105
315742318768553984 112
315746890555736064 112
315748236948279297 13
315750950646185985 13
315751428801048576 112
315752724836798464 13
315752750002601984 13
315752938758864896 9
315757514723581953 13
315758756258533376 13
315762736636243968 6
315763244168003585 105
315763906851250176 122
315764255003652096 11
315767920787587072 13
315768558326005761 17
315770617754443776 43
315778691798028288 2
315781464232980480 13
315781837509255170 13
315783074824716290 11
315784937087328256 108
315787604656287744 13
315787868897431553 13
315791207601168384 13
315793103388815360 11
315793313141760000 67
315797503234670592 3
315799101247733760 112
315799445197434880 13
315805946356043778 13
315807179481432064 112
315807275971395585 13
315807405969649664 13
315807674400911362 13
315807842189836288 13
315808093869068288 11
315808223863111680 112
315812074234200066 13
315813022151102464 0
315816339845570560 108
315818579624882177 13
315818768364347392 11
315819565252755456 13
315819707892629505 13
315824892052393984 13
315825529578221568 13
315825558938345472 11
315827354087862273 13
315827517690875905 108
315828348146286592 112
315829614826123265 140
315830394954067970 104
315834861908807680 11
315835486834925569 13
315837416218951681 13
315838020202950656 42
315838171189489665 11
315843812549337089 13
315849281913364480 13
315851530068709377 11
315852394103705600 112
315853023240912896 112
315853224542343169 13
315855330091356160 13
315859931247042561 13
315860329693327361 13
315860472299671552 11
315861474742509568 13
315862422663598080 112
315869511049940992 108
315874229629378560 13
315875924149145601 13
315876125463175168 122
315876138033504257 11
315879124394725377 42
315879464129155072 13
315879489303359488 13
315879963238735872 108
315882207195582465 108
315884652470607872 108
315885591994707969 52
315889744359854080 13
315890604217352192 13
315892059632443393 13
315892453901230081 104
315892948824887296 13
315897495433646080 112
315898938278420481 198
315901207401086978 13
315902029476294656 13
315903988203679745 0
315904403469123584 108
315906676756717568 112
315907826000203777 13
315908006376271873 150
315908211905531905 43
315908731999248384 108
315909440824033280 11
315910682338021377 13
315912158737203200 11
315914935366471680 108
315915887469293568 17
315916516610691073 66
315917103821639680 9
315918836069195776 43
315919087719026688 13
315919909811019776 13
315921134543577089 104
315922174714183680 13
315923277824532481 13
315925144273035264 11
315926343864946688 43
315927044305342465 43
315927245627740161 43
315927367287709696 43
315928516501831680 43
315930907250946050 112
315931171525623808 43
315938188558471169 104
315939828543926272 11
315941657268862976 112
315949387350175744 104
315950066831601664 80
315951195132948480 42
315954294698409984 150
315955712373170177 105
315960804283396097 41
315961655693553664 112
315962414866784256 108
315962427449683968 21
315963794784403456 104
315964793041350658 107
315968777642725377 112
315969482277412865 2
315970430185910273 0
315971558453686272 3
315972175024750592 22
315973013877170176 104
315973060022915072 43
315977002647691266 11
315977032028794882 112
315977212400660480 3
315978206429732864 42
315980790108413953 43
315981939381252096 2
315982509806583808 150
315986544701882369 153
315990743191789569 153
316014919164235780 108
316016651407618049 22
316024519947059203 107
316030375195455488 140
316035668402909185 153
316055427781636096 43
316057856279449600 9
316059227808493569 112
316063266898071553 112
316066119037358080 107
316067016622608384 107
316069583557652480 43
316070963466883072 112
316071936553795584 2
316076822922141696 108
316076890005856256 43
316078282527346688 108
316082279678087168 8
316086121664761856 112
316090093699993600 108
316093545582825472 112
316097907667378179 2
316101820944625665 2
316102106169896960 2
316102282330664960 3
316114034791428096 108
316118052930478080 2
316120997302525952 11
316135790621118464 43
316145961820905472 11
316156749545607168 125
316158880277200896 11
316160268570877952 106
316163003252891648 104
316163775042551808 0
316165310145245185 3
316171261871022081 11
316171777774608384 43
316171857445388288 2
316179184915460097 108
316183337276416002 107
316186378146820096 108
316187732873469952 125
316190018785931264 17
316191772021772288 104
316192929628708865 105
316193659437596672 67
316197451096784898 52
316200764605333504 104
316202610090708992 43
316203520246296576 43
316203948077891584 43
316205760025612288 17
316207311892905985 1
316208452756189186 3
316211371995959297 108
316212303135649793 67
316212441514127362 42
316212923896823808 200
316218481332846593 11
316220482011668480 43
316223485129142272 104
316223652926464000 43
316225225773703168 42
316230208585871361 109
316233186571063296 198
316233727640489985 42
316239926817607683 104
316242812486184961 43
316243210953424896 43
316243596833591296 43
316245400384331776 43
316245652013187072 43
316245681390116864 43
316245685596979200 43
316246021132931072 43
316246683816173568 43
316246683845550080 43
316247610761547777 43
316247686259040257 104
316248562872770561 43
316248583844290560 2
316248625791500288 43
316249301070249984 9
316249779216728064 43
316250349667225600 11
316250794242478081 43
316251511485251584 43
316252283207835650 43
316252937536036864 104
316254678172196864 43
316255059862241280 43
316255231841275905 43
316255697375490048 43
316255961620819969 43
316256058094018560 43
316256548823384064 43
316257211552776192 67
316257509344153601 43
316257916158111744 43
316258188796235776 150
316258633421844480 43
316258780209897473 43
316258788577517568 43
316259111559897088 43
316259241574924288 43
316259782627577856 43
316260038501093376 104
316260252402216960 43
316260323717959680 43
316260801839263747 43
316262689305411584 43
316264065020338178 43
316265440743673856 108
316266778751807489 43
316267420463538178 43
316267726647726080 17
316267915378827264 43
316268875899609089 43
316269282742923267 43
316269303693463552 43
316269437940539393 43
316269446303989760 2
316269718967287808 43
316269840597909504 43
316270033506553858 43
316270960460316672 43
316271040139497472 43
316272424276598785 43
316272642359427072 43
316272910803279872 43
316273607070326784 104
316274907300392960 11
316274928280301570 43
316274945061683200 106
316275649700577280 43
316277465817427969 43
316277654577885185 43
316278149509963777 43
316279357469491202 43
316279395197259777 43
316282410918633472 43
316286072546013186 104
316288186454249473 43
316290161971453952 43
316292485615869953 43
316295354524004352 43
316298357649833984 0
316299196527431680 43
316299477533208576 43
316300823888027648 43
316301742461550592 43
316302606484004864 52
316302849766199296 108
316309367723016192 67
316309652935700480 43
316310051369402368 43
316310684709298177 140
316310948950450176 108
316311515185684481 43
316311922028982272 43
316317261390557185 2
316317286564761601 43
316318121201905664 43
316321875108192257 140
316322634281394176 43
316327898153877504 43
316328929952681984 43
316329852678586368 43
316330645393653761 43
316332008567627776 43
316334441234591745 43
316336106385854464 122
316337645712195585 66
316337784120033280 43
316339788993163264 108
316341449933328385 43
316344205603655680 108
316344838947737600 43
316350111166906368 106
316351222644867072 20
316353311441842177 6
316355022709481473 3
316358839505149952 20
316359170876125184 20
316359862915325952 20
316360026505760768 107
316364208243617792 140
316373855142817792 20
316375708991639552 0
316375973262147584 43
316382537318535170 150
316385083282034688 43
316390795903111169 52
316391504757264384 140
316391534121598976 43
316393056666546178 104
316393379594383361 43
316393937449394178 67
316397339029954560 66
316405417276239872 3
316406566523924480 41
316407468299255809 43
316408655249547264 3
316410538492051457 104
316414971904933888 105
316416020464140288 11
316417366818947073 43
316419094909952000 43
316421871530811392 80
316422395810426880 43
316426107786260480 43
316430172041650177 2
316430847337185280 3
316432881578811392 43
316435666592489472 43
316437554041860096 20
316442348101988352 2
316448803144224768 43
316449260323360768 108
316450208240267264 11
316452569625030656 112
316454784221712384 43
316455811834601473 2
316462728229310464 107
316468998709592064 43
316472605815230464 43
316475374047481856 43
316477806756376576 108
316478851142266880 3
316486090494205953 2
316486392509259776 43
316499948499763200 11
316501051597524992 205
316502028866158593 18
316508093846523904 43
316512510431870976 9
316515593249488896 0
316516155269472256 0
316516213998108674 0
316523931534229505 104
316524149642260480 107
316525626037252096 42
316525797982756865 108
316528977286160384 43
316529442845495296 43
316529937781768192 0
316531250569572354 80
316532651458711553 107
316536216633888770 108
316538074710540288 0
316538821284093953 43
316541241401700353 108
316541253976215552 108
316541941854662657 43
316543187575529472 2
316545590903308288 2
316545670590894080 104
316547297980858368 0
316550775054688256 104
316553530724999168 3
316553698501353473 58
316555632062910464 58
316557699867353089 153
316557741818789889 58
316558144450985985 104
316565434172338176 42
316566575010426880 58
316568932226052097 43
316576825897791489 3
316578306461929473 66
316579736732184576 43
316580076466618368 2
316580831441330176 43
316583415140982784 12
316584933462265856 14
316586586047393794 107
316586686710693889 2
316587303248220162 41
316594613920092161 43
316595616354557953 58
316599621914857472 8
316599747752382465 104
316600095883796480 0
316601308037644288 108
316608132161884160 108
316608421568847872 43
316610925559963648 58
316611089171374080 43
316611252745027584 140
316611273720750080 43
316612532016132097 0
316615694496194560 108
316616025833619456 104
316619066708217856 6
316619964310237185 0
316620664750628864 198
316624410251509760 43
316630571692478464 198
316638205313163264 198
316638306005835776 43
316643485967060993 0
316646749123002368 3
316650226217803776 66
316653359358697472 17
316655682977923073 43
316656064697356288 66
316657394258165760 104
316658933563539456 108
316659537547522048 104
316661638902210560 125
316663949972103168 43
316664998548103168 43
316673743655149570 140
316675144582049793 140
316675408806424577 140
316676344123633664 0
316682597864456193 108
316682669142441985 20
316686473401364481 108
316687685530042368 3
316689237435109378 104
316697839956791296 0
316702814409736192 10
316703372252176384 108
316707855950544896 20
316711261700255744 43
316715636388659201 103
316716655596167168 105
316718433972654082 104
316724968698310656 108
316728361894424576 80
316728542257889282 67
316732392607997953 107
316734552703918080 20
316734930182881281 20
316741670442004481 104
316741678801244161 104
316748100276465664 125
316748800737824768 43
316749446652239872 108
316749983514771457 104
316751392817680384 20
316756417606459392 43
316756870599675904 3
316757751386759168 10
316764978155765760 198
316769143124807682 3
316780509697040384 3
316816056415027200 2
316816735888093184 11
316825925582995456 58
316828098257641472 2
316828450562387968 2
316834674905329664 43
316835308270415872 43
316843323555983361 21
316848046346498048 104
316849539539685377 43
316852525863149568 2
316854610444824576 58
316862827069571072 3
316867604394422272 104
316871203132428289 104
316873161872379904 43
316875980427911169 3
316876274024996864 58
316881521082499072 3
316886097068171265 125
316894422799368193 104
316895421014351872 58
316900206706839553 104
316901502780325889 124
316903998374416384 104
316904791081095169 43
316914156974522368 11
316915209753202688 43
316915520110735361 43
316915658556317696 43
316917705368293376 58
316919827669348353 3
316921576719265794 21
316926358192287744 104
316928212095619072 18
316935409538048001 3
316936097370345472 103
316936223195291649 66
316939712868802560 108
316940178436550657 150
316940610475012096 108
316941394784690176 104
316943470977748992 108
316944003633397761 66
316944897049522176 52
316946805424271360 22
316947422012125184 108
316948399272386561 108
316951456936775680 52
316952580985090048 2
316953654739496960 11
316955898704711680 122
316960122356240384 140
316966875189874688 43
316967055540768772 10
316967596614369280 20
316971363095154689 104
316973984539361280 17
316977335763087360 41
316978338222706688 104
316983031657279488 108
316984256373071872 104
316984394806087681 1
316984638054727681 52
316987402130452481 52
316996415681355776 108
316996969321082880 104
316997652984233984 3
316997887869464578 3
316997896279048192 150
316998051438919680 104
317000681296916480 150
317002858123915264 140
317003663417679872 52
317008205878267905 108
317009736778280961 52
317009891971719168 104
317009959093141504 108
317013847212978176 3
317016233767739394 108
317016594469486592 80
317017307513757696 108
317017861128351744 10
317019018777202689 108
317022554579685377 3
317022864937209856 108
317026660807479297 104
317030175604871168 140
317032105014083584 104
317036785861550080 108
317037507260866560 52
317038350315962368 104
317038828483407872 0
317040158077747200 20
317041286337142784 52
317041470899122178 108
317041676403220480 66
317043077317541889 104
317044293648908289 122
317056171909459968 108
317057346335555584 104
317062287234068480 104
317064329830727682 108
317065114173988865 108
317065982411681793 66
317066154348797952 108
317067639165964288 9
317068595450482688 3
317070575149383681 107
317077512540786689 66
317079962022711296 21
317080041689346048 3
317086874239897600 21
317087482384642048 66
317091529900580864 20
317092389753872384 108
317094713364713472 108
317099377430757377 150
317103357833658369 3
317113680003227648 3
317115148034781186 3
317115273868111872 108
317115663917395968 108
317115852661075969 3
317117316489945088 104
317118239236845569 108
317122395796283392 8
317122404184903680 108
317125512134791171 21
317126422328131584 52
317126682349821952 107
317126954992144384 43
317127772898226176 125
317150422127218688 8
317151202259369984 21
317155333669810179 8
317159033016561664 66
317159150452895744 21
317161847398735872 21
317169120342843392 108
317169560715407360 108
317171561415180289 21
317175785087696897 8
317175982199029760 8
317178150662586368 8
317178813383581696 104
317179723534974977 104
317180818252517376 188
317181363507847169 8
317212195853324288 8
317213689021337601 8
317213877744050176 21
317213890331160576 21
317214871789899777 8
317217983992844288 8
317219745575342080 8
317221796606799872 8
317226435494428672 8
317226699739766784 8
317226724905586688 8
317227366642491392 8
317228415197519872 8
317243778958245888 22
317246089994571776 104
317247302140039170 108
317255392960864256 21
317256798052700160 3
317256877773840384 108
317257444004864000 108
317259348202106880 188
317261504065974273 21
317262175162990592 3
317265266348285953 17
317266902131032064 21
317269842354909185 104
317271851434905600 108
317275399782535168 2
317283272507936769 108
317284274942386177 21
317284606317568000 21
317288444105728000 3
317288624448225281 3
317292109889679361 42
317298074215120897 1
317301001835147266 3
317301375144972289 10
317301761016733696 21
317302604071837696 108
317305917551042561 150
317310443209244672 21
317317716136587264 52
317321453274013698 198
317321981752131585 67
317322229195083776 104
317324263445118976 21
317327044247707648 21
317327283360768000 21
317331309884239874 1
317331448287870978 67
317331771266048000 3
317334048768929793 21
317336800223965185 21
317337039286714368 3
317338402435502080 106
317339346149707776 21
317347550212550656 108
317347621507317761 153
317349584454180865 21
317351056642289664 21
317354730848395264 21
317357687832723456 21
317359436857487360 108
317362314179383297 21
317364310647123970 52
317367498322345985 3
317368467214970881 21
317369402523799552 3
317374054011125762 21
317377292047376387 10
317384195842387968 108
317389224808693762 108
317392764797067264 108
317399832232857600 104
317401484792844289 104
317403401577172993 140
317403971998330880 104
317406450823614464 2
317408501834076160 108
317420958921142272 104
317421797794529280 42
317430203162980352 15
317433185329876993 80
317433931928580097 43
317438558241705984 112
317441259360894977 3
317442161119490048 108
317443469763280896 17
317443608187904000 52
317445231370989568 43
317447097832054784 3
317454651786162176 20
317454895022215170 108
317456111387160577 66
317456740532776960 140
317467729609256961 20
317478269878431744 104
317493746889547776 67
317498465456369664 108
317505599963275264 7
317507957170515968 108
317509009957609472 108
317514961662390273 107
317522402378674176 108
317528987419152385 108
317529260048908288 2
317532154131271680 22
317532682584215553 198
317540014244380673 108
317540182033309696 10
317541750703022080 205
317553666687135745 3
317558460776599552 2
317579650429751298 3
317580669616271360 108
317593386746007553 43
317601544692432896 3
317606758187143168 108
317611673936596994 80
317620255470002179 150
317627536794333184 108
317636130919047170 42
317637166907944961 188
317640690119106560 108
317642959258517504 108
317643449966936065 10
317645794595446784 198
317653478572978177 41
317663221907591169 104
317663645561679872 107
317666296370167808 42
317668863280037889 153
317680200462786561 2
317683362963787778 108
317687754391683072 2
317687926391705600 2
317692829512134658 108
317693752254808066 108
317693970354405377 2
317698252747186177 108
317698630226153473 108
317706834280579072 6
317707954168152065 10
317709854200442880 104
317711766815653888 11
317712270098579457 10
317714337923997697 10
317717303292743680 108
317720683910144001 10
317723330503405568 108
317728460141363201 80
317734256669511681 2
317738534867976192 108
317740518761185281 10
317748001412096002 17
317748445983174656 2
317751184888827905 20
317751377801654272 6
317754771010367488 108
317755819557019648 205
317763239284981760 14
317772064125763584 108
317773674709131265 10
317780943454760960 3
317785901122088960 108
317790259016511488 3
317790623895789569 153
317792633000980481 6
317792851100590080 105
317793182421221376 6
317799863968464897 108
317804137964249091 42
317806264472195072 108
317811557671251970 104
317815114470412288 108
317819413615214592 6
317820353143508992 108
317825117868679168 108
317825398866075650 108
317827286319628291 108
317831140901789697 108
317843388235911168 43
317843946107723777 10
317844122243313665 6
317846160691822593 100
317851181256962049 153
317852976448430080 108
317855690129555456 104
317866872152391680 108
317870445728776192 108
317871313932935168 52
317871838229299200 41
317876506489679872 108
317890398028701696 140
317890737767342080 2
317904419574398976 108
317905170371575808 2
317907561124880384 2
317911524716978177 3
317957926306340864 104
317961764098695168 80
317971545207230466 104
317977572413693953 3
317977761169948672 104
317983331205664768 6
317990348288827392 108
317993846338383872 52
317996270646071296 104
317998879473811456 104
317999047250149377 104
318002205565280258 22
318002339803971584 3
318005863006740482 108
318019519664758785 6
318021105094897665 20
318035260900265985 52
318043821466320897 20
318058094674460672 10
318058618958274561 10
318058849640792064 10
318060393174016000 10
318063639527579649 10
318064142848241665 10
318065220780167168 10
318067213095563266 10
318067716399448064 10
318070824370323456 104
318090856395591680 107
318100830433718272 108
318107138658557952 108
318114105410060289 20
318122682749177856 3
318126981940121600 104
318131067175456768 10
318131440468520961 10
318132694557007873 10
318133772518322176 10
318147869565652992 43
318171076645502976 125
318177602995122176 3
318186075484983297 10
318208196235911168 108
318209567769100289 10
318209760719671298 10
318209773310967808 10
318210196910505985 42
318263242298363905 125
318263699460747265 52
318285992178089984 80
318309216043532288 10
318312848302407680 108
318339758956896258 10
318367445586939904 108
318380116566749184 58
318425159210004480 0
318443081445826561 52
318463763571433472 125
622571762501451776 67
622573490537897984 67
622574534932074496 67
622575646443745280 67
622576397207379968 67
622582671881973761 67
622613730690400258 67
622623436309827584 42
622623738308227072 42
622623981602865153 42
622624686245982208 42
622627043436396544 42
622628142340046849 7
622633221658841088 42
622635436251348992 42
622639362086322176 42
622640888829743104 42
622642428147675136 42
622650627986976768 42
622699089004752896 7
622722090563706881 67
622749244471013376 7
622760980120862720 58
622762330707873792 42
622773651134283776 42
622796262643871744 198
622797378320363520 42
622797441234960384 198
622802763785875458 13
622831159223943168 67
622838813828579328 42
622843385628504065 9
622864633993555968 13
622872439559692288 13
622876256397340672 66
622876352845320192 66
622876784888029184 66
622878131234451456 52
622880870123339776 7
622889481029484544 7
622892479948423168 7
622894207993298944 66
622903800379109377 7
622909362026233856 7
622917691926540288 66
622918920844906496 0
622919088612864001 189
622920166570131456 188
622920292374024192 41
622920518866309120 5
622921642944000000 11
622921676498563072 198
622922276279750656 41
622922376968278016 13
622922548909469696 200
622923081586053124 9
622923161311539200 13
622923765286985728 13
622924612532350976 13
622925359122673664 198
622926231537741824 13
622926835496529920 198
622927825373278208 67
622929322714607616 13
622929821853728768 13
622930706860085248 125
622931017213440000 42
622931495380856832 125
622932690753318912 7
622933005305298944 198
622933227603382272 13
622933558974382080 41
622933634484342784 0
622933886113218561 13
622933957424848896 13
622934318143381504 108
622935186372603906 9
622936780204036097 13
622937325438398466 52
622937606473433088 13
622937648433381376 125
622937736517824513 13
622937853933162496 13
622938571155111936 7
622938629879394304 13
622938839582011392 13
622939674248544256 13
622940211144568833 66
622940647343943681 140
622940664137912320 80
622941775615803393 188
622942186649329664 9
622942392174272512 13
622943025535168514 41
622943314942275584 42
622943394617135104 13
622944027961331712 7
622944304760094720 0
622945219126927360 0
622945781184622593 41
622947744089423872 15
622947878340702211 198
622948129994899456 20
622948603942694912 1
622949014980268032 13
622949686068932608 104
622951330240266240 5
622951481251987457 13
622951665784778752 198
622952336852254721 13
622952844388343809 41
622953175721594880 41
622953209288597504 41
622953553234132992 42
622953670645157888 9
622953926506082305 188
622954358544543744 41
622955092510134272 41
622955109312499713 41
622955600045957120 9
622955700700884992 205
622955826517528576 41
622956514416787456 58
622956518590189568 107
622956594100350976 200
622956870899236864 41
622957286168895489 13
622957500049002496 9
622957974017994752 41
622958028552187904 13
622958498305982464 7
622958569596436481 5
622961149097717764 107
622961644038176768 41
622961950209671168 107
622962986207080448 7
622964772980391936 200
622965020456914944 0
622965167236616192 5
622965444069081088 189
622968380077637632 15
622968543668240384 42
622968594012442625 140
622969067947868160 13
622969093117775872 42
622970808571277312 0
622971722942279680 1
622971735512485892 0
622971743926222848 13
622971748124893184 20
622972452751040512 1
622973828487057408 52
622975137109794817 200
622976865146265600 200
622977381075144704 3
622977716590018560 188
622978479949086720 1
622978752599822336 125
622978924545335296 12
622979562100666368 13
622979838924582912 125
622980640049352704 10
622981663455186944 205
622982271625203712 13
622983462794993664 52
622984163252142081 41
622985299912736768 205
622986293966938112 14
622987409655992320 13
622989427103633412 4
622991352276615168 9
622991918532833281 15
622992606398693376 52
622992866449747968 7
622993227159891968 189
622994594465226753 9
622995567547949062 9
622996624533508096 0
622998193186426880 9
622998251927699456 106
622999589889703937 13
623000252606488576 13
623001166943789056 205
623001439590289408 107
623001519273676801 205
623002265880821760 9
