28965792812892160 12
28967095878287360 0
28967672074993664 10
28967914417688576 22
28968479176531969 8
28968581949558787 7
28969422056071169 2
28971749961891840 2
28973080491589632 0
28974862038994945 2
28974904342740992 1
28976409057697792 1
28976831738683393 0
28977078074343425 21
28977806142603264 2
28978641706684416 2
28978659108855809 0
28978692289994752 2
28978703102902273 2
28979189172412416 16
28979992025104385 1
28981073769660416 10
28981945648021504 14
28982306546913280 4
28982468296056833 2
28984121623576576 0
28984180876509184 1
28986888295550977 8
28988056103030785 0
28988679422738432 10
28991176921063424 6
28994160543408128 19
28994302659006464 10
28994415271878656 10
28995339910389760 16
28999985865424896 1
29002642571132928 0
29005862890643456 5
29007171412819968 10
29009276655636480 22
29009602066522112 0
29010214539763712 9
29011014699712512 1
29012766593384448 0
29012851536433152 0
29013131535581185 14
29013250238586880 7
29013441859555328 7
29013847473913857 10
29014332280938497 1
29015605554188289 4
29016926957084672 14
29017191445692416 12
29017327156592641 9
29017472875102209 7
29018239753256960 14
29018577633804288 0
29019891558252544 0
29019891822493696 0
29020394044260352 1
29021146103939072 3
29024308256841728 7
29026821307633665 1
29028073680674816 7
29028510521630720 10
29030764767088641 21
29030848766414848 21
29031139016445952 4
29033090055667712 0
29033478980894720 1
29035904588845056 7
29036103193337856 10
29036629293273088 9
29036816577335297 0
29036864241405953 12
29038355773657088 2
29040431006220288 1
29040434730762241 1
29041201420181504 0
29042615496216577 19
29043623660097536 14
29047015467917312 2
29047424135729152 0
29047669389271042 4
29050818732761088 0
29052291231252481 4
29052635168378880 0
29056059649822720 15
29058588605423616 0
29058623388778496 15
29058771531595776 17
29058812631580673 7
29061870996426752 16
29063040141885440 17
29063772995854336 9
29064561537585152 3
29065426277244928 2
29071969169182720 7
29072363442147329 3
29072661762023424 4
29073665941311489 5
29074237117440000 0
29076614587351040 7
29077290914680832 15
29077633538990080 13
29078328514187264 12
29078682777681920 4
29079234555150336 3
29084350452600832 1
29085488702824448 0
29085649403387904 3
29087393730527232 7
29088437193674752 1
29088769479016448 7
29091393200717824 3
29091743618039808 14
29092904379097089 10
29093916263321600 17
29095227042045952 17
29095951092162560 10
29096638077214720 1
29096870043197440 22
29098825436102656 1
29099298461319168 1
29099316220002304 16
29100379476066304 1
29100380419792897 1
29101955431276544 7
29103119283523584 1
29104248104951808 1
29104314123292672 19
29104841708015617 22
29105101847138304 0
29105358521769984 10
29106262545268736 0
29106526375383040 12
29107027947036672 15
29107028639092736 15
29107950761017344 1
29110953991741440 1
29111389117222913 7
29112368654974976 16
29113753194725376 1
29114303076372480 1
29114521511534592 1
29114635131031553 1
29114803469422592 10
29115103752228864 10
29116319165054976 0
29117892305879040 12
29118142898774017 1
29119858486546432 7
29121866333425664 2
29123189728616448 10
29123642625368064 3
29124540076400641 1
29125863362531328 2
29126956435906560 17
29128265566261248 0
29129506572734464 2
29132141535170560 0
29134791727124480 7
29135654331879425 3
29136769857359872 1
29137857578803200 2
29138077012205568 14
29138949117054976 0
29139325186736128 14
29140507888193536 1
29140664843247616 2
29140809852919808 5
29141590802956288 1
29141602358272000 1
29143112831995904 1
29144586089660416 11
29145239897776128 1
29146553318903809 10
29146763931680768 2
29147252261920768 5
29148548893253633 4
29150999595712512 2
29151488777388034 15
29152079591247872 4
29153973357252608 7
29154219843911680 12
29155795539066880 1
29158862636457985 0
29164514175881216 17
29166436077273089 11
29166438837133312 1
29166967269097473 12
29168296024604672 17
29168726137901056 3
29171452892684288 4
29171459813281792 4
29171861619216384 3
29172176569507842 11
29173446634115072 11
29173602393784320 3
29175079959011328 4
29175166785290241 4
29175211366547456 12
29176831886229505 15
29178579929538561 7
29179771002814465 12
29180827543801856 2
29181179513020417 7
29181964837715968 16
29182482070904832 13
29183559537262592 4
29186470539427841 5
29186969426726912 7
29187116969758720 7
29188097493180417 3
29188847954821121 7
29189252570939392 2
29189562559369218 4
29192127565004803 4
29192228123447296 2
29192428552454144 1
29194258317578240 11
29195285909471232 2
29196522360938496 16
29196777391390720 7
29197242816528385 1
29197406167900160 16
29197670975279105 2
29197831495483392 9
29200247053885440 22
29200769030815745 11
29201546298265601 4
29201550891028480 4
29203588412604416 1
29203713767772160 7
29204967151640577 14
29205049238364160 0
29205210224132097 21
29208577998594048 3
29208662060830721 0
29208901270380544 0
29209195513380864 1
29210488889937921 0
29211381676900352 21
29214357573337088 14
29215491029467136 0
29215711926685696 0
29216912974020608 3
29217387161059329 3
29218495354904576 7
29222279778926592 7
29222540199075840 2
29223206648815616 0
29226514037866496 16
29226741591441408 16
29226904787623936 7
29227384355954689 21
29227416035524608 7
29228028110307328 1
29230144925212672 7
29230625923792898 1
29231694141722624 13
29233976694546433 19
29234496406560768 2
29235792475852800 17
29235914429440000 4
29236957544456193 0
29237069125525504 9
29238274983723008 10
29241634667364352 5
29242044727697408 12
29242412538793985 2
29243435076558848 16
29243589611487232 2
29243795040116736 16
29244811177361409 22
29246402953482240 2
29246644692197377 4
29246794013614080 1
29246836107644928 12
29247069965262849 1
29247566075924480 1
29248153114906624 2
29249383400738816 0
29250441338425344 1
29250490843791360 2
29250575958810624 9
29251107381317632 1
29251507526307840 14
29251554775146496 3
29251730197712897 0
29254971430014976 15
29255276477554689 1
29256455995527168 2
29256538929500160 8
29257299906269184 7
29259665913151488 0
29260687704334336 14
29261940865892352 0
29262481184522240 0
29262698759856128 19
29263153892167681 22
29263176147140608 10
29263476715159553 0
29263670991126528 7
29263731053568000 2
29266440230019072 7
29266864873938944 4
29267269871734784 0
29272175030566912 7
29272545265975296 14
29272648764624896 7
29275053019369472 0
29277341330964480 11
29277466086342656 14
29277566439268352 16
29277801056043008 21
29278178451132416 0
29278582916251649 14
29279658964946944 2
29281084667596800 4
29282124716572673 3
29283019516813313 1
29283034075238400 2
29283663715762178 16
29285714403262464 14
29286944739434496 5
29286953627156480 7
29287792064339968 21
29289103866470400 3
29289771616436224 7
29290389810708480 3
29290573068247040 12
29292552209305600 3
29293919611133953 15
29294490275549184 5
29294970749849601 7
29297215990140928 14
29299895592554496 0
29300211947929600 2
29300432631234560 1
29301031120666624 14
29302423323414528 2
29303172388356096 6
29303621862559744 7
29305405138010112 2
29305604833017856 15
29306324906938368 0
29306705099624448 2
29307412297023488 21
29310054939238400 2
29311442557599744 10
29311598619262976 10
29311701673312256 1
29311751300317184 3
29312275479269376 9
29314381577723906 15
29314636050337792 3
29314641565847553 14
29315509799354368 1
29316453584867328 19
29320064947716096 9
29320241817325568 4
29321101733531648 0
29321310815387648 1
29323727535611905 1
29323783848329217 12
29325854488133632 14
29327276457857024 15
29327417629741056 7
29327826977030144 0
29327931427786752 25
29328192661618689 2
29329475531440129 15
29330291977883648 5
29331173427642368 14
29331910735958016 11
29331967497474048 2
29335042605977600 11
29336280995201024 7
29338126753202176 0
29338823653597184 15
29339489428045824 1
29340097937670144 16
29341103475916800 1
29341219486175232 10
29341940289904640 22
29342662498721792 0
29344909521588224 13
29347682497597440 1
29348720315203584 0
29350697359118337 0
29352089729634304 1
29353838351753217 2
29353925098344448 1
29354370453737473 17
29354563387523073 17
29354629007413248 4
29355599888125952 1
29355674039230464 2
29356159487967233 10
29356702981693440 0
29358297316327424 3
29359106275934208 1
29360570884956162 7
29361000377491456 22
29361168602636288 7
29362083367751681 5
29364039217840129 5
29367651801243648 7
29367743086075904 4
29368515894968320 2
29369814963191808 7
29369935687852032 0
29370043007500289 1
29371237864050689 5
29373310793949184 0
29373617028472832 12
29373860709142528 2
29374780612280321 4
29374874547912704 7
29375766793818113 15
29376703235100672 15
29376746486759424 4
29376866024427521 0
29377106878140417 7
29377314487799808 7
29377629832355840 3
29377651575627776 7
29378734347784193 0
29378827184504832 2
29379320292048896 10
29379848849858560 4
29379929242083328 0
29382130890964992 2
29382613344976897 0
29383227986677760 2
29385533499121665 9
29385989419966464 7
29386634248069120 3
29387692747788288 0
29387729661861888 2
29390531972825089 7
29391076510924800 7
29391931402358784 1
29392004358086656 12
29392044615008256 10
29392172935548928 1
29392648619954176 15
29393829845012480 1
29393905912905731 7
29394046883471360 4
29394719003910145 2
29395125557792768 7
29396791782805504 2
29397230024654848 1
29397858130075649 15
29399484085567488 0
29400947352403968 19
29401850142785536 10
29403913698414592 15
29404802370772992 2
29405551733510144 7
29406191079661568 7
29410053614206976 1
29412531344773120 0
29413932825321472 16
29417193758269440 10
29418121320206337 11
29418453752356865 22
29418788302622720 11
29418941566681088 0
29420719704117248 22
29421763876102146 7
29422588073607169 16
29422667366932480 15
29423124244074496 3
29424205585981440 2
29425694391930880 16
29427033297653760 22
29427913786920960 16
29428094217490432 4
29429262054334464 0
29430086130212865 15
29431560562282496 10
29431896442146817 2
29432310688391170 15
29433278888943616 2
29433614332592129 2
29434109830889472 11
29434736841588736 1
29436803878490112 10
29437469254492160 0
29437816727404544 12
29441565659238400 4
29442086180749312 2
29442450091147264 1
29443820294770688 3
29445578987413504 25
29447012155920384 10
29447130691145728 5
29447434786570241 7
29449234998628352 12
29450168357101568 0
29451123202981888 4
29454529678282752 7
29456912244285440 1
29460785918906368 2
29460827396378625 7
29461320667504640 15
29462246866292736 2
29462377116209152 2
29462722907217920 4
29463245546856448 4
29463557699538944 2
29463996230799360 2
29466565372018689 15
29467210300792832 16
29467337606307840 25
29469763075842049 22
29469928306245633 0
29470861052354560 4
29471048739065857 10
29476982622257152 2
29476995184205825 14
29479429189144576 1
29481716678660096 25
29482572392169473 12
29484939808350208 9
29485632304717824 2
29488481063407616 0
29488990407098368 2
29491383353999360 2
29492186055708672 4
29492612956160000 10
29493104444706816 14
29494391810818048 2
29496396902039552 4
29496629304229888 14
29498146396577793 2
29498314659471361 0
29498516329988096 10
29498744412045312 4
29499256096165888 2
29499681830604801 1
29502956738969601 1
29503307848355840 2
29504415798919170 5
29504669608841216 1
29506974437613568 9
29507293313769472 2
29509222337085440 1
29510639747604480 2
29513205877313536 2
29514405133684736 10
29514620972568577 12
29515408000163840 6
29516708800626688 4
29516843261624320 5
29517238008553473 10
29518120137793536 7
29520945555181568 9
29521175096852480 7
29521733983670274 12
29522709046099968 10
29524599578304512 1
29524604926033920 22
29525697491894272 15
29527121936261121 1
29528213755531265 21
29529500228263936 14
29530301344514048 0
29533665868382208 0
29534793855148033 10
29535294181085184 0
29536473149607936 25
29537133781843968 4
29540081047961602 1
29540259654012928 5
29540785812668417 1
29541128202096640 5
29541642675429376 12
29543284690915328 5
29544001833009152 5
29544749102792704 5
29544788994826240 5
29544990346575872 19
29545770474545154 5
29545782658994176 5
29546290585014274 5
29546625189810176 12
29546806463430656 3
29546810376720386 1
29547043429023744 2
29547345301479424 1
29547472200138752 5
29548970288087041 7
29549189025234945 5
29549210193887232 5
29549273586606080 5
29549304074997760 15
29549361918648320 10
29549382974046208 5
29549744053293056 5
29551012213690368 5
29551273996980224 4
29551299871645696 5
29551319312240640 5
29551337033179137 5
29551501537972224 1
29551756241276928 5
29552207099600896 11
29552418903556096 5
29552599313158144 5
29552720847310848 5
29552940691759104 1
29553089908318209 5
29553402820165633 5
29553812184236032 0
29554028815843328 5
29554549928759296 5
29554787393474560 5
29555033829801984 5
29555198468816896 14
29556043197456384 5
29557749993963522 1
29557934740475904 12
29558254828789760 5
29558284407017472 1
29558315142881281 5
29558389008764929 11
29558785567625217 5
29558795399073792 5
29558797357809664 1
29558893227016192 9
29559136538599424 5
29559477392900096 5
29559772608995328 5
29559836513406976 5
29559953379295232 16
29560038846627840 4
29560162062696449 5
29560443563413504 5
29560526166036480 5
29560614837813248 1
29560665794420736 5
29561025208520705 7
29561245891825664 5
29561661484433408 19
29561670661570560 1
29561687539453952 5
29561793160421376 9
29561849619943424 2
29562151593050112 5
29562272699387904 5
29562476559335424 5
29562697049710592 15
29563182779473920 2
29563292804448256 17
29563468457709568 1
29563563311894528 1
29564142490755073 7
29564334317244416 1
29564454236594176 1
29564664740319232 1
29564672332005377 5
29565007591116800 5
29565102738907136 12
29565469983768576 1
29566181853630466 2
29566246794035200 5
29566871443341312 5
29566903324254208 5
29567083746435073 5
29567320678465536 5
29567734865985536 5
29568332663361536 5
29568778559815680 5
29568894163222528 7
29569728729063424 5
29569972531372032 5
29570240769695744 5
29570360991023105 5
29570381123686400 7
29570422961872896 5
29570913141784576 5
29570991688519681 5
29571059577524224 11
29572476384055296 0
29572760653008896 5
29572800243040257 5
29573150907834368 0
29573451626844160 16
29574238285336576 5
29574765068951553 5
29575429509611520 10
29576023934763008 2
29576869535817728 2
29576989169950720 5
29577226227814400 6
29577506839339008 5
29577686108086272 5
29577827254800385 5
29578598998347777 13
29578813029486593 12
29579499209228288 1
29579580222214144 5
29579629861806080 5
29580472631689218 5
29581287262003202 5
29581474231492609 14
29582349108776960 2
29582409217347584 5
29582993177714688 4
29583847259639808 5
29583857741205504 5
29584371321151488 2
29584587608821760 5
29584884204838912 2
29585186899365888 3
29585781731360768 12
29585829366071297 5
29586261240979456 5
29586430565023744 0
29588051403472896 5
29588257599655936 5
29588761964707840 9
29588975958106113 2
29589718488326148 9
29590998380183552 5
29591063610007552 8
29591232598515713 5
29591502631997440 5
29591634073096192 25
29591998788800512 9
29593214549753856 5
29593467764080641 5
29593995650793472 0
29594595721478144 21
29594879080267776 5
29595502802636801 5
29595665151557632 9
29595695845478400 8
29596239066562560 5
29596302589300736 4
29596676607975425 5
29596816899047425 8
29596869017477120 5
29597394496655360 5
29597452319326208 0
29597810496110592 5
29598054659133442 5
29598665177829376 7
29599183350530048 15
29599260441837568 10
29599268759150593 11
29599277030318081 9
29599499252932608 8
29599650625363968 5
29599813435662336 12
29599968541016064 5
29600879954886656 5
29600983029907457 5
29601341303160833 17
29601874936074240 5
29601917139156992 5
29602019660533760 8
29602062153023488 2
29602145401569281 8
29602847783915520 1
29603137870364672 8
29603513705172992 17
29603699605118976 8
29603759118090240 5
29604188728074240 8
29604332601090048 8
29604868847050752 6
29605221294415872 8
29605381974007809 8
29605434390220800 8
29605916726788097 10
29606206976823297 5
29606415127547905 8
29606418566877184 8
29606637102702593 8
29606897057275904 5
29607190503362561 0
29607213706252288 8
29607812124377089 2
29607942009389056 5
29608545469075456 8
29609129211330560 0
29609239819325441 0
29609861318705153 8
29609975022096384 5
29610484609060864 8
29610644344934400 8
29610756999749632 8
29610815283793920 5
29610893926993920 5
29610900130373632 8
29610928903299072 8
29611197418442752 7
29611783794720768 5
29611896227233792 10
29612016519876608 5
29612419269525504 8
29612648744091649 10
29613127372898304 14
29613406227013632 7
29613737421840384 12
29615199631708161 8
29615296666931200 14
29615511243333632 5
29615950496006144 4
29616051847176192 8
29616966620676096 8
29617082194731009 9
29617792286203904 0
29617833742696448 8
29618823254507521 2
29619667924422656 2
29620957748396032 5
29620982062776320 8
29621049763045377 5
29621072722661376 8
29621073565712384 8
29621111599669248 5
29621272430256128 5
29621742011944960 1
29621747393232896 1
29621949403504641 5
29621986695057408 8
29622573750812672 2
29622817754447872 8
29623945313386496 5
29624481538379776 5
29625194561671168 11
29625717599764480 0
29626174858592256 22
29626342530088960 16
29626669606113280 5
29626957297618944 5
29627399503085568 5
29627688838766592 5
29627925611413504 4
29628012471255040 8
29628107568717824 10
29629278287040512 5
29629635817906176 1
29629928030863360 5
29630798625767425 8
29630987063271425 2
29631260305391616 8
29631879036534785 25
29631889320968192 21
29632035089813504 14
29634620702068736 5
29634699332685824 8
29635021144850432 5
29635195187499009 8
29636568536850436 12
29637500142100480 2
29637526532657154 5
29637571675951104 8
29637979966283776 1
29638079941705729 5
29640336099774464 5
29640617856344066 5
29641128936472576 5
29641344980877312 5
29642099909468160 8
29642299692556288 5
29642564055339008 5
29642946265485312 8
29643020705988608 12
29643884711649281 8
29644284449792000 12
29644659156324352 12
29646060792057856 0
29647050492616704 5
29647340759420929 5
29647530908196864 5
29648670563504128 5
29648841024208896 22
29649099301064704 5
29649212366917632 8
29650557811556352 2
29651554860531712 22
29651702625869824 2
29652571551440896 10
29652947444961281 11
29654031882256384 4
29654222127497216 22
29655015152951297 4
29655040394272768 14
29656022670909440 15
29656456781365248 10
29656497839415296 8
29656727611768832 12
29656748692348929 10
29657328542294016 1
29657409127448576 16
29658051833237504 21
29658208410796032 2
29659278520356865 1
29660413738090496 5
29661336879239169 8
29661394676752385 1
29661884764389376 5
29661960660328448 2
29662145364889600 4
29662937660530688 8
29663138731261952 7
29664641084821504 5
29664698353848320 14
29666432501424128 3
29667540510703619 3
29667576967593984 10
29667634018516993 5
29669512055881728 22
29669552937766912 5
29669786392731649 9
29670369258381312 5
29670909463756801 0
29671069405151232 8
29672218304712704 5
29674244312928256 6
29674954899333120 5
29675264728371200 10
29676481558880256 9
29676501125304320 9
29676981104680960 8
29677555330056192 7
29680363324309505 7
29680649380036609 2
29680787532029954 4
29681096245387264 19
29681908606574593 8
29684177121050626 6
29684761366630400 1
29685657500651520 7
29686042680365056 2
29686043330478080 2
29686311522664448 14
29686869818085376 11
29687259007553536 9
29687604597235712 8
29687851910168576 11
29688185005019136 8
29689223367892992 0
29689739560878080 0
29690351845384192 9
29692920055463936 4
29693706860756992 11
29693898129412098 12
29694510963367936 8
29694773816197120 12
29695117258399744 22
29695285814894592 8
29695343478185986 7
29696211258712064 13
29696941470257153 7
29697616262467584 0
29697622042214400 0
29697801243860992 25
29701100999282688 6
29701297317871617 9
29702854893641728 3
29702973026209792 0
29703263859249152 10
29705297664671744 10
29705357651615745 14
29706696691552257 1
29707160514469888 15
29708217516826624 8
29709934362890240 0
29712384855642114 10
29712843959967745 7
29713628508725248 5
29713699522482178 6
29714838418628608 8
29716088212168705 8
29716366118363136 12
29717543878926336 10
29717718437462016 4
29718777096572928 4
29719611595300864 16
29720077087547392 8
29720247393062913 0
29720925364559872 3
29722170087186432 11
29723135502716928 9
29723582753939456 9
29723801801465856 6
29724354489090048 12
29725927323738112 9
29725943555686400 0
29726027206893568 10
29726337899962368 8
29726446595346433 10
29727115012218880 9
29727204837425152 3
29727639866445824 22
29729687152369666 12
29729923488808960 11
29731573569949697 2
29731756131225600 11
29732073640042497 0
29732829050970112 7
29733746416553984 4
29734651887099904 16
29735404542369793 0
29736787173707776 8
29738513024942080 5
29739685408415745 15
29739750512394241 1
29740251769470976 10
29740631555317760 7
29740831803973632 4
29742734247989249 2
29742835490095104 11
29743437506936832 16
29744023577038851 1
29744502428147712 15
29746381514088448 22
29747308631433216 11
29747641034219520 1
29749337743433728 15
29750037760188416 0
29750994304770048 12
29751391337586688 1
29753054228119553 8
29754356584677377 0
29755403222908929 0
29756690916179968 4
29759913395752960 7
29760576792043520 12
29762750498480128 4
29763560905121792 6
29764200372895744 9
29765079624851457 11
29766707006406656 1
29768355124617218 10
29769479718178816 3
29770594270576641 15
29771509908111361 7
29775303513481216 0
29776164155301888 15
29778507861069824 7
29779261837541376 2
29779685860712449 3
29781878110167040 19
29783073931403265 2
29783111403307008 19
29784054542893056 19
29784257589153792 15
29787452214353920 10
29787963139297280 4
29789941277925376 6
29790192529309696 6
29795082232143873 4
29796903000477696 10
29802581299560448 15
29802949865639937 25
29803474820538369 5
29805486199013377 17
29807539596042240 16
29811282865557504 7
29811952289054721 14
29812340153131008 8
29816281410576384 1
29816837160046592 8
29817323913216000 3
29817437197180928 16
29818078351073280 2
29823099574681600 3
29824673671815168 12
29829052973977600 16
29829604780802048 22
29832119660318720 2
29835895813181440 14
29836714683924480 14
29837588248403968 21
29840302952947712 6
29844641842987008 15
29846231668752386 0
29847285055627264 7
29848912021950464 1
29850019083329536 4
29852246200029184 17
29853985930219520 6
29854698869620736 1
29855485028995072 7
29856377618833408 3
29857838096449536 5
29860294255710208 0
29860297460162560 4
29861059149955072 21
29863967606177792 2
29863973453037568 2
29865041629024256 2
29865300723761152 2
29866252864331776 2
29866256576282624 2
29866769262837760 2
29870623777890305 7
29870880108576768 2
29873644121362432 4
29873701256167424 8
29874737240870912 11
29876347409010688 2
29876855435694080 2
29878816281206784 3
29879906003324928 1
29880470950912000 6
29881513252225024 7
29881782203580416 8
29881885689643008 0
29883734643703808 3
29884189062987777 7
29885005362630656 11
29886962143854592 2
29887602710548480 1
29887625179435009 3
29889129990848512 6
29890537037242369 11
29891046645170177 8
29892346430619648 5
29892534008287232 6
29892632628957184 6
29893213850443776 11
29894770717368320 8
29895163560071168 4
29895343462154241 6
29896590613282816 4
29896683269656576 12
29896733693579264 0
29896951159853056 1
29897040926343168 3
29897192697233408 3
29897363770318848 3
29897763051282432 3
29898299192385538 4
29898964337696769 3
29899007908118528 3
29899866511515649 3
29899888217030656 3
29900173027049472 11
29900230732292096 17
29900659306266624 3
29901748629938177 3
29902271479287808 6
29902469320409088 7
29902740717047808 3
29902841330012160 1
29903210235822083 3
29903413542125569 9
29903671839948800 1
29903758779490304 3
29905485217927168 9
29905607339286528 22
29906021270953986 3
29906116062220290 6
29906333624958976 3
29906503271981056 21
29906997293879296 3
29907108707176448 7
29908397922983936 3
29908807836499968 3
29908923867734016 0
29908958084857856 12
29908982239854592 3
29909262767489024 10
29909266101968896 3
29909651365564416 3
29909930827841536 3
29910562850742272 3
29910567581913089 3
29910591149707264 21
29910681163661312 3
29910756409483266 3
29910800948797440 3
29910857743867905 3
29911103811100672 6
29911374503088128 11
29911466186375168 10
29912296008450048 7
29912424681312256 3
29913791437209601 3
29913987764195328 22
29914525234896897 8
29914542762889217 3
29914827342221313 3
29915570119905281 3
29915805172895745 21
29916158782078976 4
29916477377220608 3
29917417236860928 3
29918170810679297 3
29919335707320320 7
29919543019180032 12
29919664423305217 16
29919735382540288 4
29919964735479808 3
29921391146967040 3
29921460889849856 2
29921489213980672 3
29921652779253760 7
29922350656921600 3
29922787854385152 16
29922965202141185 6
29923025881145346 3
29923075621392387 3
29923152343601155 3
29923541772144641 3
29923754175893506 10
29924042723041281 6
29924423586811904 14
29925221569925120 4
29925252460969984 13
29925540970364928 3
29925827529416705 3
29926077681893376 7
29926990999986177 2
29927010822258688 3
29927029684051968 3
29927470941609985 11
29928027760627712 4
29928774757781504 10
29928878730387459 3
29928974628954114 3
29929132829708288 22
29929865545256960 2
29931459791822848 3
29931742685044737 6
29932246110568448 3
29932438171951104 12
29932532732526592 3
29932808952614912 9
29933002024812544 1
29933930039738368 6
29934157463293952 8
29934471260151808 6
29934479816523777 19
29934524682993664 6
29935111780700160 11
29935861109891072 2
29936272629829632 0
29936391567712256 3
29936456067719168 9
29936532865417216 9
29936831172710400 3
29936882334830592 2
29937130155278337 5
29937155568574464 3
29937185994051584 3
29937840850739200 3
29938994254979072 8
29939947347644418 11
29940184141266944 3
29940520516063232 0
29941525441937408 9
29941674264236032 3
29942015110160384 6
29942371579854848 17
29942593399820288 3
29942734030635008 8
29942866067329024 2
29944405947322368 8
29944510477770753 12
29945062523674625 6
29947258413776896 2
29947404203593728 3
29947768046886912 4
29948763707543552 9
29949320493015040 4
29950097202610177 9
29950309744779264 3
29950628679655424 3
29950724490133505 8
29950829746196480 7
29951707270090752 6
29951892234698752 22
29952377113022464 3
29952618084171776 9
29952644176936960 3
29952775488012288 3
29952781913694209 3
29953060205760512 3
29954269654286336 16
29954672672378880 22
29954885638164481 6
29955092178276352 0
29955096955588608 16
29955716676583426 6
29956594770907137 6
29957073382936576 5
29957578159038464 7
29957735441235969 3
29957866773282816 6
29959012724244480 6
29959763458527232 3
29961115022655489 4
29961878142722048 0
29962394386038784 0
29962873480413184 2
29962947937705984 3
29963221750251520 8
29963380718567424 3
29963747619512321 8
29963957057880067 8
29964149756788736 10
29964806458970112 8
29965172969840640 2
29965595789230080 16
29966258715758592 6
29966764259418112 8
29967133987311617 8
29968062279065600 9
29968099797110785 4
29968472767201280 6
29968696868864000 8
29969140395544576 8
29969261619318791 9
29969536539164673 6
29969560778051586 19
29970038337306624 6
29970359025401856 19
29970600042692609 3
29970743043297282 2
29970854871826433 3
29970886933090304 6
29971327473426432 3
29971370016243713 0
29971553881952256 3
29971638543982592 6
29972408785960960 11
29974270754947072 10
29976628511645697 8
29977398191595521 0
29978006919319552 2
29978784442613761 8
29978962599870465 1
29979186709925888 6
29979785870450690 8
29979787090984960 8
29980477968355328 8
29980635686772738 9
29980771821293569 3
29980992311656448 2
29981352543649792 9
29981750247563264 8
29982067924144128 14
29982416521142273 6
29982673552281602 16
29983067007356928 8
29983478363717633 1
29983766109757440 3
29983840793530368 1
29984725615513601 1
29984984123056128 2
29985566330191872 4
29985708722618368 3
29986568634634241 8
29986572824739841 4
29987499350687744 10
29987900749783041 6
29988033105240064 8
29988348554641408 6
29989922634997760 7
29990098707677184 10
29990212637560832 6
29990350961516545 2
29990983902961664 1
29991159749152770 15
29991643910242304 1
29992277275316225 8
29992682847735808 3
29992927153360897 3
29993056316948480 9
29993449017057281 8
29993695927336960 1
29995067955482624 8
29995290803044352 8
29996481968611328 8
29997573569777664 6
29997693933719553 1
29998052534124544 9
29998791792791552 5
30000430683529216 1
30000726482620418 1
30000795378257920 7
30000810200928256 7
30002352819798016 11
30002459317374976 12
30002622148644866 8
30004282195443712 10
30005448316821504 3
30006118478512129 22
30006256999604224 2
30007189145919488 22
30007910994022400 12
30008563728392192 8
30008888187158529 2
30008891647467520 9
30009328891076609 6
30009957734678529 19
30010242251104256 1
30010570367303680 9
30010571197775873 7
30011415892852736 15
30012275423186944 6
30013773049757697 4
30013912095137792 9
30013954906398720 8
30014370507395073 19
30014717997092864 17
30015564571217921 15
30015571043033088 8
30015603104284672 8
30016054197489664 2
30016732944924672 12
30016851715031040 1
30017319606427649 10
30018283402960896 6
30018304034738177 1
30018721376378881 8
30018781489139713 1
30020231271284736 17
30020862862168065 6
30021228290904064 6
30021375947177985 3
30022191554764802 1
30022330415587328 2
30022830624088064 8
30023844370579456 3
30024621822582784 2
30025465972396032 16
30025535761420289 1
30026246704340992 2
30026692252663808 6
30026776419766272 7
30027043655655424 0
30028088104456192 14
30028579458785280 0
30029777607860224 6
30029810507976707 10
30029905936781312 0
30029906716917760 11
30030351812268032 4
30030900846665728 2
30031559738265601 1
30031825472589827 16
30032342810628096 3
30032665637822464 17
30032743513464832 19
30033690314670081 4
30034234726940673 15
30035299383910401 6
30035396582707200 0
30036270692433920 7
30037191400890368 17
30037379448307712 10
30039074249113601 0
30040220187496448 2
30043083580112896 7
30043654965960705 9
30044028439363584 6
30044528048087041 0
30045171471089664 4
30045176936271873 4
30046182872977409 12
30046436179578881 3
30047760992436224 25
30048895966904320 14
30049849156050944 3
30050208213639168 3
30050959887433728 4
30051954050727936 1
30052152558747649 14
30052214336651266 1
30052868887158785 14
30053730267168768 0
30054633808330753 11
30054819175596032 7
30055029759021057 6
30055514381488128 14
30055652839653376 3
30056094067859456 21
30056132479287296 3
30058868079861760 12
30059853560938496 8
30060103956697088 3
30060880158785536 1
30062422576336896 19
30062538221686784 5
30063104272371712 0
30063339698655233 3
30064870233735169 0
30064964521697282 9
30065597966454784 14
30066056034779137 10
30067181584654336 0
30067612700381184 14
30067826060435456 8
30067834360963073 8
30069747622088705 0
30071138327470081 8
30071769100460032 0
30073810464018432 5
30074745030451200 8
30075063562670080 6
30075242592337920 10
30075264339804160 3
30076476434944003 22
30077168956473344 3
30078056517341186 0
30078388416806912 10
30082199986380800 0
30082294580510720 9
30082564710473728 9
30082793262288897 11
30083577085427713 10
30084233934409728 14
30084940368453632 9
30085531765317632 2
30085569992200192 9
30087830369734656 6
30087967800299520 6
30088243047301122 11
30088866102771712 9
30089000043675648 0
30089231133057024 3
30089466064404480 11
30089553725366272 4
30090420985794561 11
30091359255789568 21
30091502759710720 8
30092054042251264 16
30092449464459264 11
30092659175464960 5
30092859558330368 11
30093167172788224 9
30093435356577792 9
30093569540751360 8
30093892678324224 11
30094680389586944 11
30094802171199491 0
30095059768573953 3
30095105796874240 11
30095792811278336 22
30095980074377217 11
30096601695395841 0
30097279297781761 11
30097429839740928 8
30097913690456064 9
30098010864091136 11
30098088563572738 12
30098175503110144 7
30098281497362432 1
30098586972721152 9
30098736520630273 9
30099064997543936 11
30099312893501441 6
30099738275614720 7
30101530644316160 3
30101682566209536 8
30101705064456192 7
30102878777511936 2
30102989704269824 0
30103606875136000 12
30104014272069632 0
30105060742529024 1
30105160940265474 14
30106875533991937 3
30106968714645504 0
30109318141444098 3
30110157539123200 17
30111307600498689 11
30111920656748544 0
30111998276542464 9
30112643482124289 2
30113140213555201 10
30113223487266816 0
30113457042882560 0
30113778855055360 0
30115178284589056 13
30117229777387520 9
30117313898348544 10
30120295868137472 2
30121003757604865 9
30121100952215552 7
30121573998399489 7
30122759342264320 3
30123883717730304 11
30124685698015233 11
30125619333308416 3
30126067448553473 6
30127796827201537 10
30127871053799424 6
30129060491304962 7
30131071488102400 7
30133181982183424 10
30136419355725824 0
30136517234003968 11
30136519461175296 3
30136925230727168 6
30137431932010498 1
30137504334090240 13
30138904044634112 2
30140006722969600 7
30140350932713473 13
30140543900057600 0
30140639110762496 22
30141839524761600 0
30141947922358272 0
30142813622505472 15
30143061707202561 0
30144612324610048 13
30144626258083840 11
30144954164580352 2
30145973258817536 13
30146528110710784 15
30146625129160704 4
30146920135532544 0
30146947197177857 2
30147216362446848 13
30148085053136897 0
30148156909948929 9
30149086560657409 1
30149943758954498 0
30150397205159936 13
30150979655569408 0
30151108915625984 13
30152221719007232 7
30155463421071360 17
30156262612140032 11
30156364240130049 16
30157835434201089 1
30159528762810368 0
30162553262841857 1
30163860283465728 7
30164361624428544 13
30166204228308992 13
30166783797239808 2
30167063326629888 1
30171143117733889 13
30172275693068288 13
30172392424738816 4
30172846525251585 13
30173101094342657 13
30173229582655489 13
30173889518637057 2
30174694464299008 13
30175318723530753 4
30176624745906176 16
30178090084732928 4
30178149971001344 14
30178154253389824 3
30179590383075329 13
30179593696579584 0
30179680120213504 13
30180852956667904 13
30181238492897280 0
30181259464413184 0
30181261322485760 0
30181945539301376 13
30182630423003136 11
30183732333780992 2
30183931399639040 0
30184174069485569 11
30185132027551744 3
30185572010033152 12
30187870459273216 13
30188073790742528 2
30188238920491008 4
30188246860304384 21
30189430073458688 2
30190476850106369 1
30191539678347266 13
30194530934333441 19
30194947625852928 13
30195250039361536 13
30195703720448001 9
30195734397587456 13
30195992632496128 13
30197648455630848 1
30198105513140224 1
30198546422566912 2
30201090108555264 0
30202078395637760 2
30203004422463488 13
30203027998638080 13
30204964789821440 3
30205821816152064 10
30205882033766400 13
30206292555464705 9
30207328506613760 13
30209263733313536 16
30209514821128192 13
30209763061010432 2
30209944758255616 13
30213489180016640 13
30216730722701312 13
30217175910318080 1
30217648230891520 7
30218527092772864 2
30219282595979264 4
30219417262493696 0
30219468592386048 1
30219578076299264 2
30219793458008064 1
30220405885112320 13
30221423737835520 3
30222943480979456 11
30222946924503041 0
30223544906424320 1
30224456668418048 13
30224947863363584 13
30225127555727360 12
30225196061302784 7
30225639298568192 1
30225672072855552 13
30227252268503040 2
30229057178177536 7
30231086277591041 17
30231547399376896 7
30231673970884608 10
30231756779028480 13
30233366276087808 8
30234474604142592 7
30235602540564480 17
30236041789050880 1
30236884051435520 1
30236969338408960 13
30237749344735232 4
30240863992938496 15
30240936592154624 0
30241029483397120 14
30241666954698752 14
30241891786166273 11
30241993720332289 14
30242277993480192 9
30242320716664833 13
30242865485447168 14
30243858654691328 7
30245154598158337 6
30245741335154688 0
30246103811096576 14
30246786849312768 0
30247261657104384 22
30248740119908353 1
30249301665910784 8
30249363020189696 7
30249411535704065 7
30249635062751233 11
30251343092391936 6
30251634873335810 1
30252359724572672 8
30252424555921409 10
30254032589168641 0
30254811135873024 1
30254886801121280 11
30255228381036544 0
30255811091501056 0
30256937165651969 17
30257444508672000 7
30257918918000640 5
30259745067638784 11
30260511308255232 7
30261187492978688 6
30262198236348416 12
30262721979092992 0
30264116249624576 13
30264223292465152 8
30266211619049473 3
30266409938321408 10
30268814184677376 1
30271122431803392 4
30272609513897984 8
30272744067174400 13
30273369303683072 22
30274519411195904 2
30274668183166977 6
30275118093574144 9
30275282464153600 1
30276303584231425 7
30276712407240704 7
30276978678435840 7
30277006646054912 19
30277420942622720 6
30277535400988673 11
30278755226230785 14
30279411047600128 4
30279445751271424 0
30279515653545984 13
30279572930953216 4
30279900619345921 7
30280006311612416 13
30280080747921408 13
30280495124193280 15
30282297689251840 13
30282761939980288 13
30282776829759488 13
30282798283620353 13
30283047223955456 4
30283063699177472 6
30284070894174208 13
30284693416968192 11
30285015719870464 16
30285149287481344 1
30285155067236352 1
30285327859982336 0
30285763908206593 3
30286115457998849 4
30286442685014016 15
30286636432494593 0
30286890129162240 6
30286912686133248 1
30287088289058817 16
30287161899094016 10
30288715846787072 1
30288842204381184 9
30290348043407361 3
30290716475260929 13
30290882041225216 8
30292656965816320 0
30294049474744321 7
30294083331170304 4
30294939292139520 12
30295023958364160 25
30295306801254400 13
30297416687161344 9
30297740420321280 25
30298228616335360 4
30298754699497472 9
30299217419304960 1
30299819595534336 6
30303527939084289 10
30303893518819329 4
30304023416410112 0
30305888401104896 8
30306064587030528 0
30306370184019969 7
30306897550647296 4
30306965607415808 9
30307254150365184 8
30307642370949121 10
30307841604591616 7
30308171595649024 0
30308242710069248 1
30308676094926848 13
30309361721024512 6
30309789984628736 16
30309859220004864 9
30310592120102913 11
30310664287289344 10
30311489055232000 1
30311869868670977 1
30312146520776704 11
30312161397964801 3
30314389370306560 4
30314524003270656 7
30314993614323712 12
30315979753922560 1
30316304493707264 1
30317108462096384 25
30317312351412224 13
30317495017545729 13
30317567532863489 7
30317726136270848 13
30317913206431744 1
30318243478507520 13
30318347975397376 13
30318599885291521 19
30318891519447040 22
30319208176820224 1
30320833654161408 11
30323782577037313 0
30324895254585344 0
30325037932216320 3
30325151543332864 1
30326090954182656 2
30326405107552256 2
30327110438486017 13
30327223667920896 13
30327554120351744 6
30328228853846016 13
30329279422144512 13
30329435676741632 16
30329668477386752 0
30330100922716161 0
30330644261244928 22
30330694089580545 0
30331396039909376 0
30331697530667009 5
30331742611046400 13
30332237778001920 13
30332641186160640 4
30333108687470592 13
30334041655873536 9
30334316655415298 7
30335134557274112 4
30335360378609664 4
30336632099966976 14
30337914273538048 6
30341918521040896 13
30342472882196480 11
30343979849482240 0
30344159634132992 13
30344501788672001 1
30344561100324864 10
30344844010332160 16
30345391052423168 22
30346001420128256 14
30346926125752320 13
30349010376065024 13
30349124234641408 16
30349168828481536 9
30349244057526272 13
30349976752099328 6
30350155270062080 13
30350226606784512 0
30350599161643008 14
30351040977047552 0
30352981819920384 10
30354026755268608 6
30354467463372802 4
30354903104749568 4
30354952433967104 1
30355370538958850 10
30355575934033920 0
30356159202336768 8
30356287451566080 7
30356296486100993 7
30356559221493760 1
30358072098562048 13
30358150280380417 6
30358360507293696 8
30358431999205377 14
30358787344830464 4
30359830988324864 17
30360018473713664 1
30360091202953216 6
30360257209307136 13
30360271113424898 6
30360893862715392 13
30361012511186945 10
30361134234075136 13
30361362878169088 17
30363334750502913 13
30363602187722752 8
30363847143464961 12
30364148424515584 4
30365221067427840 12
30365345097187328 40
30365823444983809 10
30366467505528832 6
30367363798933504 4
30368004080410624 11
30369284123262976 1
30369426192728064 9
30369516349292544 0
30369843635036160 10
30369999617007617 4
30370115123945473 0
30370913199333376 6
30371615850106880 9
30371703578169344 10
30372021468667904 3
30372369704951808 13
30373175778869249 11
30375038867738624 17
30375048644665344 9
30376934647005184 14
30377350315114497 2
30377622064078848 13
30377942009774080 13
30377976881217536 0
30378781550055425 4
30381116489736193 13
30382527768166400 12
30382993356886017 11
30384057296617473 25
30384595740401664 14
30384640908853248 1
30385544127062016 6
30386385739317250 1
30386693102112769 6
30387072019730432 25
30387130903568385 6
30387479815131136 2
30387986306699264 7
30389268501241856 1
30389512999796736 1
30390248491982848 2
30390517741129728 1
30391135373361152 10
30393246936997888 3
30393441779195905 7
