314766857880092672 18
314767025664831488 236
314779726000558080 240
314784037757648896 69
314784113250942976 13
314784767558164480 13
314794573853499393 16
314799787381772288 292
314808134038327296 236
314808649946132480 16
314811535610499072 9
314813238493736960 13
314813406249119745 240
314818242310987776 5
314819383136505856 269
314823204164227072 69
314825511010447360 18
314825544577470465 236
314828262478082048 9
314831005565456384 240
314837183762677761 309
314846398669524992 62
314847719866920961 9
314848911053434880 269
314848965579382785 6
314850546811035648 5
314853881320443905 69
314855890383687681 140
314856653738631168 19
314857400337326080 309
314858474074931201 269
314861011612073984 19
314863192645959680 269
314864140588048386 236
314865159791341569 6
314868481684283392 261
314869668651347968 5
314871258288386049 236
314880494175154176 309
314881882468794370 5
314883295940849664 269
314887179870539776 16
314893471347527680 241
314899465012121600 394
314900794593906688 62
314904967918006273 21
314905525747855360 309
314913100690231297 16
314915436888219648 261
314916867150073856 67
314925163479199744 236
314934491632238593 4
314937897407094785 236
314946025972441088 16
314952720090005506 236
314953428902227968 236
314955744174804992 167
314959758119550976 9
314962123707002880 240
314967400145645568 13
314968188653821952 240
314971091145723904 16
314977768439959552 16
314978527625748480 241
314980251505659906 6
314984114430304256 16
314986190602379264 5
314986610066329600 241
314989885784199169 16
314993736193040386 9
314996944802025472 240
315000170230210560 69
315002644886343680 236
315007841612214272 126
315012522472243201 292
315019665350991872 18
315020286128971777 21
315029131911888896 238
315033296830607361 238
315034416743325697 238
315035347866238976 238
315035662439022593 238
315035922469122048 238
315037319197515776 238
315037545681526784 238
315037721825533952 238
315037734433599488 238
315037973504729088 238
315038069956956160 238
315038141272698881 238
315038409703960576 238
315038409716535297 238
315038447473676288 238
315038678156201984 238
315039525372047360 238
315039735099846656 238
315039814816780288 238
315040490095517697 292
315040594936332288 238
315040850788876288 238
315041031164944384 238
315041089847427072 238
315041433813938176 21
315041563816386561 238
315041647702450176 238
315042234913406976 238
315042310427664384 238
315042385891557376 238
315042574643630081 238
315042624971083776 238
315042692096741376 238
315042763387322368 238
315042859881488384 238
315043124097462273 238
315043388330242048 238
315043505791717377 238
315043560317652992 238
315043799367839744 238
315044353045303296 238
315044403364388864 238
315044525015961601 238
315044625662484480 238
315044936057753600 238
315045028303077376 238
315045091226030080 238
315045410005725184 238
315045535830650880 238
315045762323083264 238
315046190142074881 238
315046236266831872 238
315046274032357376 292
315046362121117697 238
315046966071549953 167
315047226143547393 238
315047381324419072 238
315047872066379776 238
315047914009415680 238
315048505410465792 238
315048606052794368 238
315049180659867648 238
315049826620416000 238
315050032111964160 238
315050044686491649 238
315050090828013571 292
315050283791183872 238
315050598368149505 33
315050929705598976 238
315051227509579776 238
315051294601658368 238
315051302998659072 238
315051407856263168 238
315051684667723776 238
315051802133417984 238
315052024427339776 238
315052695503384576 238
315052854907920384 238
315053014262108160 238
315053018456403968 292
315053064610525184 238
315053135905312769 238
315053240754511873 238
315053299478978561 238
315053337215119360 238
315054188679811072 238
315054490673897472 238
315054671033151488 238
315054851396603904 270
315055358869659648 238
315055874802585600 238
315057623798009856 238
315057875460435968 238
315058185868288000 238
315058416538230784 238
315058789822902272 238
315059343487807490 238
315059347686313984 238
315060136207069184 238
315060161360302082 238
315060589196111872 238
315060870222839809 238
315061318996598784 238
315061650350813184 238
315062208168095744 238
315062220755177472 238
315062585663844352 238
315062967349682176 238
315063210636095488 238
315063462264975360 292
315063512613400576 238
315064045298388992 238
315064468914728961 238
315064586372009984 238
315064909329215489 238
315065140007546880 238
315066104689078272 238
315066301808783360 238
315066452824690688 238
315066817708163072 238
315066884825432064 238
315067006451859456 238
315067073577508865 13
315067493028868096 238
315067543331164160 238
315067753050558464 238
315068185084841985 238
315068856144130048 238
315068973597212672 238
315069258814087168 238
315069707604606977 238
315069825049321473 238
315069871178276865 5
315071070736621568 238
315071263703986176 238
315071880254062594 238
315072396166053888 238
315072425530388481 238
315072576512724993 238
315072803000942592 238
315073105007616003 15
315073138541088770 240
315073163719495680 16
315074170323079169 238
315074191319760897 238
315074593956184064 238
315074656891703296 238
315074665288724481 238
315074791084285952 238
315074841411723264 238
315076527534514176 238
315076795961597952 238
315076963763113984 238
315076976316645376 238
315077207011762177 238
315077668372631554 238
315077781635600384 238
315077819388542977 238
315077974581972995 238
315078012305547264 238
315078146531684352 238
315078389818064897 238
315078419178192897 238
315078691820535809 238
315079128028160000 19
315079140611084289 238
315079316734095360 238
315079383863930880 238
315079383872331777 238
315079555813634048 238
315079631344635905 238
315079723581591553 16
315080101089927168 238
315080163983511552 238
315080247894757376 238
315080700879581186 238
315080809944064000 238
315081028035305472 238
315081107718696960 238
315081162244632576 238
315081199989182464 238
315082013696737282 238
315082554757771264 238
315082886111981569 238
315082898699075585 238
315084018557280257 238
315084354097397760 238
315085583028477953 238
315086090547650561 122
315086585479720960 238
315086853910982656 238
315086908432736256 7
315087072006397952 67
315087147520651268 238
315087592121065472 238
315087810212282368 238
315088418403135488 238
315088636498554880 238
315089584407056385 238
315089768952246273 238
315089911583748096 238
315089970299797504 309
315090045780500480 238
315090301637238784 238
315090742051753986 238
315090804970487808 238
315090863657189378 238
315091014673125376 238
315091165659664384 238
315091404730814464 236
315091757060734977 238
315092000338751490 238
315092298134323200 238
315092335874686976 238
315092386185351169 5
315092524609986561 238
315092637860372480 238
315092675630084096 5
315093682254655488 238
315093736772235264 238
315093904552775680 292
315094923764445186 238
315094944740155392 238
315095179621195776 238
315095267697389568 238
315095347389153280 238
315095548724146176 238
315095603229097985 238
315095934566551553 238
315096232366313472 238
315096257544744960 238
315096874099015681 238
315097301918035969 238
315097541001768960 238
315097650053648384 238
315097733943947264 238
315098153357541376 238
315099113878331392 238
315099151622868993 238
315100326019600386 5
315100640579829760 238
315100753859575809 238
315101672382803968 238
315102322495733760 238
315102850994798592 238
315103010386751489 238
315103270416834561 238
315103794704838656 238
315103886996287489 238
315103945716551681 238
315104243516334080 238
315104465797672960 238
315104482562306049 238
315104755208826881 238
315104767774978048 292
315104960729731073 238
315105518559563777 238
315105677934747648 238
315106319671640064 238
315106990781259776 238
315107003334791168 238
315107234021511168 238
315107536049143810 238
315108890788380672 238
315109079527849985 238
315109264094031874 238
315109872255520768 238
315110241350066176 238
315110878871707648 238
315111772266827776 67
315111868765175809 5
315113454212096000 238
315113865245507584 238
315113953300738050 292
315114628583653376 238
315114674750386178 238
315114787963023360 238
315115526164725760 13
315115735900901377 10
315115773624471552 10
315116780274196480 238
315117061300948992 238
315117665284927490 6
315118042755522562 236
315118365737893888 238
315118625755394048 292
315118739026747392 10
315118915187527680 10
315118986473926656 238
315119259120439297 10
315119766614454273 10
315120286733332481 238
315120609665372160 238
315120840360488960 238
315121394021187585 10
315121578557992960 238
315121758896267264 238
315121872167649280 292
315122140582137858 238
315122258035216384 10
315122291581280259 238
315122820080357376 10
315122987865100288 238
315123239498178560 10
315123398881705985 238
315123428262817792 238
315123533091057665 238
315123566679031808 10
315123776360689665 10
315123788956176384 7
315124657172914176 10
315124871082418176 238
315124971733123074 292
315124992742420482 10
315125294711316480 10
315125403784212480 238
315125772870369281 238
315125793820905474 238
315125806412226560 292
315125986763083777 10
315126171320868865 292
315126687232847873 21
315126951444619268 10
315127215698358272 10
315127463166476288 10
315128536891527170 292
315128872444239872 7
315128943764193281 238
315129124106682368 238
315129279295942656 238
315129308677042176 10
315129862320963587 10
315129925227122689 10
315130072023568385 238
315130164294086656 238
315130231415508993 10
315130357240451072 10
315130499850973185 10
315131091247833088 7
315131137368408064 10
315131233854177281 238
315131389047615489 238
315132336968724480 10
315133033223176192 238
315133477798440961 238
315133725249765376 238
315133737866260481 238
315134782243745792 238
315135000334958592 10
315135822418554880 10
315135868555902976 238
315136023753523202 10
315136166364065793 238
315136183107739648 238
315136346706546688 7
315137156219822080 7
315137240072327168 17
315137382712238080 238
315137944723800064 10
315138288665112578 238
315138359968284672 10
315138473218670592 238
315138838135721985 238
315138880066179074 10
315138896835014657 10
315139085566083072 19
315139505025847297 292
315140138365747202 10
315140205445267458 238
315140423553269760 10
315141090451795968 122
315141132394823680 7
315141241476104192 7
315141577020424192 10
315141585379655680 238
315141740598272000 10
315142822728712192 2
315143166623899648 238
315143296672464897 10
315143518970597376 10
315143527338221568 2
315143929999806465 238
315143942607884289 238
315144768864788480 238
315144978567409665 238
315144986968588288 292
315145196671213568 7
315145305723125761 10
315145532219723776 238
315146186547949568 238
315146647925579776 238
315146698240454656 16
315146803123208192 238
315147109273858048 238
315147168023453697 238
315147243516751872 10
315147587449663489 7
315147830710915072 238
315148434694864896 10
315149466468487168 238
315149634244849664 292
315149818815184896 16
315149885932441601 238
315150028509429760 9
315151999836491778 238
315152075338178563 309
315152406709166082 238
315152448635424768 238
315152503161356290 10
315153207804428288 236
315154264790024192 10
315154671608147969 5
315155074282303488 292
315155183330025472 18
315155363697659904 10
315155401429630976 238
315155585983201280 16
315155783102898177 238
315155866993164288 238
315156324184895488 292
315157335016357888 238
315157435654483968 238
315157825724768256 10
315158131929907201 10
315159235031867392 238
315160099066896384 16
315161239900790784 167
315161848079081472 238
315162288472588288 238
315162330398871554 10
315162456227987456 238
315163035067092992 10
315163915870945280 238
315164280771182593 238
315164347875880961 292
315164796670595073 238
315167069970767872 238
315167397122297857 238
315167560700162048 238
315168126960533504 7
315168810619506688 236
315169464922562562 238
315169737577492480 7
315170207339528192 238
315170282828599297 10
315170295382171648 16
315170618347753472 238
315170995860291584 238
315171151045328896 10
315171436241244161 7
315172610650562561 10
315173214626140160 238
315173600506306561 10
315173910884798464 10
315175362118160385 10
315175458582982658 238
315176255513321473 238
315176498787147776 10
315176553321488385 5
315176750416031745 238
315177522205716480 238
315178960814223360 238
315181095719149568 10
315181531956117504 16
315181682917523456 238
315182593110851584 238
315182819582296065 238
315184002405376000 394
315184052703477760 314
315184698622087168 69
315185831100952576 292
315185990488694784 238
315186250543939584 238
315186837746491392 13
315186862903930880 292
315189576631201792 10
315190298051481604 238
315191371797508096 238
315191547937296385 238
315193250841513984 16
315194538463469568 10
315194626539659264 238
315195054396436480 167
315195243127517184 5
315195817742987264 13
315196719522512896 292
315196841140555776 238
315197168317263872 236
315197466087677952 238
315197487080173568 238
315197587722493952 314
315198946681176065 238
315200301445545984 238
315200582455537664 10
315200817344958464 238
315204361527652352 238
315205158474768384 394
315205749854834688 238
315207314309271552 7
315207733739655169 238
315208627159977987 238
315208648123101184 156
315209906422706176 238
315210120332206080 238
315212251021844480 19
315214444638638080 238
315214872445083648 238
315215036043894785 5
315217263210942464 238
315217540043378689 238
315217640698281984 62
315219817537871872 238
315220354417172480 238
315220589285609472 10
315220689953124352 238
315221478490656768 238
315221751141396480 238
315221839184011265 238
315223521104101376 238
315228722041061377 16
315231628718919681 238
315231926489325569 240
315232446587228163 7
315232727597195265 238
315233163838377984 6
315235030278492163 236
315235328082448384 238
315235672011190275 292
315235797844516864 5
315237337166643200 238
315237370729492481 238
315237790147305472 238
315237903372529665 10
315238431871606784 238
315239379771723776 238
315239945994387457 377
315241145582096385 238
315243364377313280 238
315243930620948480 238
315244584923979777 10
315244765283229697 10
315245029507620865 6
315247252509687808 241
315248573711261696 314
315248858902953984 10
315249051840942080 238
315249689400320002 238
315250054283792384 241
315250733752676355 238
315251488752562177 238
315252684116590592 7
315252931580551168 238
315253791412846593 240
315254105973067776 167
315255360074170368 292
315258472268701696 292
315260166763315201 292
315262863709184000 10
315263396348051456 269
315263878726553600 238
315264998605746176 10
315266344956354560 7
315266365936238592 238
315266919601168384 238
315270400860880896 5
315271491375755264 261
315273244599009281 238
315273957618089985 238
315274435756179457 238
315275018785398785 241
315275559846440962 314
315280349737390082 238
315280634937495553 10
315280915985223681 62
315281071145099265 238
315282224616464388 7
315283889750949889 10
315284359504605186 238
315291124925337601 238
315295856096071681 2
315296153895854082 10
315299463184916480 238
315303502316441601 261
315304391479525376 238
315304789934215168 238
315306211807481857 292
315307709203353600 236
315308434788610048 10
315313946104053761 238
315314927566995456 69
315318199149268992 238
315321974006087680 236
315322326336016384 238
315324217971318786 261
315334267511115776 238
315335160910454784 261
315335869764599808 7
315338348594098179 6
315342983279046656 238
315344644231798784 236
315344874910130176 292
315351950709374976 238
315352403690012672 238
315353246753488897 238
315356442808954880 238
315356493123821569 292
315359219450798080 238
315359508845166592 241
315363476669349889 5
315364525220171776 10
315369654858170368 238
315371252913160193 238
315374033711546368 238
315377565328093184 10
315381235335704576 238
315381344400195585 238
315382686560681984 292
315382820786814976 238
315386847297667072 69
315387677790842880 238
315392975213584385 10
315393226846662656 5
315393507865026560 5
315393927316402177 10
315394183152148480 238
315394640339685377 238
315396519396249601 238
315398562013929472 7
315400042615824384 7
315400046772371456 7
315400197775704064 10
315400516572168192 10
315401867112886275 10
315404325000208384 19
315404719239622656 238
315405482598748161 238
315407470707228673 10
315408536064638976 238
315409597219348480 238
315410612257705984 292
315414387114512386 7
315414517125349376 5
315414584259379200 5
315417109226205184 238
315417851622223872 238
315418904400912384 10
315418908570050560 5
315419168616878080 238
315423153193111552 238
315423593607614464 10
315425703338328064 238
315427045540757505 140
315427636912459776 16
315428781965836289 292
315429528539389952 238
315430380012445697 238
315430732317224960 292
315431671862263809 7
315433206939787265 292
315433693500043264 16
315434750443651072 140
315437464187719682 236
315439380963680256 69
315441524278173698 7
315444565123411968 292
315446158971510784 292
315448637817765888 10
315449069818499072 238
315449610879516672 69
315450621723541504 241
315450776896016384 13
315451720618622980 238
315451917759287296 236
315453654188584962 7
315455587762712577 7
315455642271879168 7
315456279810306048 7
315458242740363264 238
315458494423769088 7
315458553127260160 7
315458750255337472 7
315461732434837504 7
315462822937124866 238
315463070413635584 241
315463754076798976 269
315463791838105600 292
315466543272169472 241
315467617039163394 238
315468783055671296 238
315469156344541185 7
315469361865449473 292
315470829867630593 10
315471555473846273 238
315472176247615488 238
315472952202248194 10
315473023476056064 238
315476945162891264 377
315477049999503362 238
315479201690042368 10
315479298179989505 7
315479512085299200 238
315481475006992386 1
315486982111371266 140
315490996064514048 7
315491075789824000 18
315491931415277568 16
315492673794494465 241
315493248405741568 122
315493521052291074 16
315493596553957376 10
315494397653446656 238
315494548635795456 238
315495932768702464 12
315500710101938176 7
315503432201031680 7
315505839710539776 7
315507211264737282 7
315509484581695489 5
315513028756004864 10
315513540448493571 238
315514500969271297 238
315514689717153792 13
315518967903051777 19
315523120259796993 238
315525682966962177 238
315527130010247168 261
315527952077029376 238
315529768206491651 7
315530242196393984 314
315531978625646592 16
315537825485422592 10
315542586012090370 7
315543412298350592 10
315543731061272576 10
315543835906289665 10
315544716739497984 241
315547283640950784 238
315549343044235264 6
315551528259833856 7
315553667371630592 10
315553692524883968 7
315554103579250689 7
315556313981657090 7
315556808884363264 7
315557698097790976 7
315558134288642048 238
315559052870578176 16
315559459713855488 241
315561376502382592 10
315562060161372160 122
315564723565379584 394
315565340107079681 238
315566007026593792 10
315567642788380675 67
315571249873031168 238
315576459207000065 10
315576924766343168 269
315577050603868162 13
315577516175785984 241
315579693006999552 14
315580460589785088 269
315581060387835904 7
315582423507283968 292
315582805197332480 7
315583115592613890 241
315585107866050561 122
315585971905261568 122
315586739437719554 10
315587737686253569 122
315589058900418560 4
315589151166705665 122
315589595758743552 238
315590631768592384 238
315592175259906048 238
315593819431243776 10
315594335360016386 122
315603692827066368 122
315605949387776000 238
315610001085444097 6
315617026540437505 394
315618163163271168 122
315618960110395392 122
315619329179799553 122
315620054794371072 238
315621552165101571 9
315621552190259200 9
315621560570490880 16
315623305384189952 122
315623473173102593 122
315623846449410048 122
315625058632609792 238
315629311635890176 122
315635271750258688 241
315640099406766080 236
315651092660760577 140
315657023419215875 16
315657602228969472 5
315658638226235393 13
315660877971988480 5
315661863616667648 377
315664917082550272 122
315665269429256192 140
315666414461665281 122
315667257520967680 377
315669358842109953 17
315670428414799873 7
315671095300726784 69
315671246299869184 15
315674463339429890 10
315675805495730176 241
315679056102309888 269
315683065827561472 6
315683741110530048 9
315684261220982785 6
315699662688493568 16
315699964682567681 238
315703177540403200 241
315713608778653696 241
315716427355144192 238
315717018718457858 1
315718704853827584 13
315719266861187072 292
315719581438197761 238
315722307765157889 10
315727101842046979 241
315732042727976960 292
315732483134083072 292
315735083594158080 309
315735142339592194 309
315735792444125184 391
315735796646817792 309
315742230675607553 240
315742318768553984 238
315746890555736064 238
315748236948279297 391
315750950646185985 391
315751428801048576 238
315752724836798464 391
315752750002601984 391
315752938758864896 241
315757514723581953 391
315758756258533376 391
315762736636243968 7
315763244168003585 1
315763906851250176 15
315764255003652096 7
315767920787587072 391
315768558326005761 17
315770617754443776 122
315778691798028288 19
315781464232980480 391
315781837509255170 391
315783074824716290 10
315784937087328256 241
315787604656287744 391
315787868897431553 391
315791207601168384 391
315793103388815360 10
315793313141760000 62
315797503234670592 5
315799101247733760 238
315799445197434880 391
315805946356043778 391
315807179481432064 238
315807275971395585 391
315807405969649664 391
315807674400911362 391
315807842189836288 391
315808093869068288 10
315808223863111680 292
315812074234200066 391
315813022151102464 18
315816339845570560 16
315818579624882177 391
315818768364347392 7
315819565252755456 391
315819707892629505 391
315824892052393984 391
315825529578221568 391
315825558938345472 140
315827354087862273 391
315827517690875905 9
315828348146286592 238
315829614826123265 309
315830394954067970 240
315834861908807680 10
315835486834925569 391
315837416218951681 391
315838020202950656 69
315838171189489665 140
315843812549337089 391
315849281913364480 391
315851530068709377 10
315852394103705600 292
315853023240912896 238
315853224542343169 391
315855330091356160 391
315859931247042561 391
315860329693327361 391
315860472299671552 10
315861474742509568 391
315862422663598080 292
315869511049940992 241
315874229629378560 391
315875924149145601 391
315876125463175168 69
315876138033504257 10
315879124394725377 69
315879464129155072 391
315879489303359488 391
315879963238735872 67
315882207195582465 235
315884652470607872 241
315885591994707969 6
315889744359854080 391
315890604217352192 391
315892059632443393 391
315892453901230081 236
315892948824887296 391
315897495433646080 238
315898938278420481 391
315901207401086978 391
315902029476294656 391
315903988203679745 18
315904403469123584 241
315906676756717568 292
315907826000203777 391
315908006376271873 67
315908211905531905 122
315908731999248384 6
315909440824033280 140
315910682338021377 391
315912158737203200 10
315914935366471680 241
315915887469293568 17
315916516610691073 4
315917103821639680 126
315918836069195776 122
315919087719026688 391
315919909811019776 391
315921134543577089 5
315922174714183680 391
315923277824532481 391
315925144273035264 10
315926343864946688 122
315927044305342465 122
315927245627740161 122
315927367287709696 122
315928516501831680 122
315930907250946050 238
315931171525623808 122
315938188558471169 5
315939828543926272 10
315941657268862976 238
315949387350175744 5
315950066831601664 6
315951195132948480 69
315954294698409984 67
315955712373170177 13
315960804283396097 16
315961655693553664 238
315962414866784256 241
315962427449683968 126
315963794784403456 236
315964793041350658 236
315968777642725377 238
315969482277412865 0
315970430185910273 18
315971558453686272 5
315972175024750592 236
315973013877170176 5
315973060022915072 122
315977002647691266 10
315977032028794882 238
315977212400660480 5
315978206429732864 69
315980790108413953 122
315981939381252096 19
315982509806583808 67
315986544701882369 269
315990743191789569 269
316014919164235780 241
316016651407618049 122
316024519947059203 292
316030375195455488 314
316035668402909185 269
316055427781636096 122
316057856279449600 16
316059227808493569 238
316063266898071553 238
316066119037358080 69
316067016622608384 292
316069583557652480 122
316070963466883072 238
316071936553795584 19
316076822922141696 241
316076890005856256 122
316078282527346688 241
316082279678087168 16
316086121664761856 238
316090093699993600 241
316093545582825472 238
316097907667378179 19
316101820944625665 19
316102106169896960 19
316102282330664960 5
316114034791428096 16
316118052930478080 19
316120997302525952 10
316135790621118464 122
316145961820905472 10
316156749545607168 394
316158880277200896 10
316160268570877952 270
316163003252891648 235
316163775042551808 18
316165310145245185 5
316171261871022081 7
316171777774608384 122
316171857445388288 19
316179184915460097 241
316183337276416002 6
316186378146820096 235
316187732873469952 292
316190018785931264 292
316191772021772288 5
316192929628708865 13
316193659437596672 18
316197451096784898 19
316200764605333504 236
316202610090708992 122
316203520246296576 122
316203948077891584 122
316205760025612288 236
316207311892905985 269
316208452756189186 5
316211371995959297 16
316212303135649793 311
316212441514127362 69
316212923896823808 16
316218481332846593 140
316220482011668480 122
316223485129142272 236
316223652926464000 112
316225225773703168 69
316230208585871361 6
316233186571063296 62
316233727640489985 69
316239926817607683 5
316242812486184961 122
316243210953424896 122
316243596833591296 122
316245400384331776 122
316245652013187072 122
316245681390116864 122
316245685596979200 122
316246021132931072 122
316246683816173568 122
316246683845550080 122
316247610761547777 122
316247686259040257 5
316248562872770561 122
316248583844290560 19
316248625791500288 122
316249301070249984 126
316249779216728064 122
316250349667225600 7
316250794242478081 122
316251511485251584 122
316252283207835650 122
316252937536036864 240
316254678172196864 122
316255059862241280 122
316255231841275905 122
316255697375490048 122
316255961620819969 122
316256058094018560 122
316256548823384064 122
316257211552776192 62
316257509344153601 122
316257916158111744 122
316258188796235776 67
316258633421844480 122
316258780209897473 122
316258788577517568 122
316259111559897088 122
316259241574924288 122
316259782627577856 122
316260038501093376 240
316260252402216960 122
316260323717959680 122
316260801839263747 122
316262689305411584 122
316264065020338178 122
316265440743673856 241
316266778751807489 122
316267420463538178 122
316267726647726080 292
316267915378827264 122
316268875899609089 122
316269282742923267 122
316269303693463552 122
316269437940539393 122
316269446303989760 19
316269718967287808 122
316269840597909504 122
316270033506553858 122
316270960460316672 122
316271040139497472 122
316272424276598785 122
316272642359427072 122
316272910803279872 122
316273607070326784 240
316274907300392960 10
316274928280301570 122
316274945061683200 311
316275649700577280 122
316277465817427969 122
316277654577885185 122
316278149509963777 122
316279357469491202 122
316279395197259777 122
316282410918633472 122
316286072546013186 240
316288186454249473 122
316290161971453952 122
316292485615869953 122
316295354524004352 122
316298357649833984 18
316299196527431680 122
316299477533208576 122
316300823888027648 122
316301742461550592 122
316302606484004864 17
316302849766199296 394
316309367723016192 62
316309652935700480 122
316310051369402368 122
316310684709298177 314
316310948950450176 241
316311515185684481 122
316311922028982272 122
316317261390557185 19
316317286564761601 122
316318121201905664 122
316321875108192257 309
316322634281394176 122
316327898153877504 122
316328929952681984 122
316329852678586368 122
316330645393653761 122
316332008567627776 122
316334441234591745 122
316336106385854464 167
316337645712195585 2
316337784120033280 122
316339788993163264 6
316341449933328385 122
316344205603655680 16
316344838947737600 122
316350111166906368 270
316351222644867072 6
316353311441842177 7
316355022709481473 5
316358839505149952 6
316359170876125184 6
316359862915325952 6
316360026505760768 292
316364208243617792 240
316373855142817792 6
316375708991639552 18
316375973262147584 122
316382537318535170 67
316385083282034688 122
316390795903111169 17
316391504757264384 309
316391534121598976 122
316393056666546178 240
316393379594383361 122
316393937449394178 69
316397339029954560 241
316405417276239872 5
316406566523924480 112
316407468299255809 122
316408655249547264 5
316410538492051457 5
316414971904933888 4
316416020464140288 2
316417366818947073 122
316419094909952000 122
316421871530811392 261
316422395810426880 122
316426107786260480 122
316430172041650177 19
316430847337185280 5
316432881578811392 122
316435666592489472 122
316437554041860096 6
316442348101988352 19
316448803144224768 122
316449260323360768 241
316450208240267264 2
316452569625030656 122
316454784221712384 122
316455811834601473 19
316462728229310464 2
316468998709592064 122
316472605815230464 122
316475374047481856 122
316477806756376576 235
316478851142266880 5
316486090494205953 19
316486392509259776 122
316499948499763200 7
316501051597524992 79
316502028866158593 18
316508093846523904 122
316512510431870976 240
316515593249488896 18
316516155269472256 18
316516213998108674 18
316523931534229505 13
316524149642260480 69
316525626037252096 69
316525797982756865 241
316528977286160384 122
316529442845495296 122
316529937781768192 18
316531250569572354 21
316532651458711553 236
316536216633888770 241
316538074710540288 18
316538821284093953 122
316541241401700353 16
316541253976215552 16
316541941854662657 122
316543187575529472 19
316545590903308288 19
316545670590894080 240
316547297980858368 18
316550775054688256 236
316553530724999168 5
316553698501353473 18
316555632062910464 18
316557699867353089 13
316557741818789889 18
316558144450985985 240
316565434172338176 69
316566575010426880 18
316568932226052097 122
316576825897791489 5
316578306461929473 13
316579736732184576 122
316580076466618368 19
316580831441330176 122
316583415140982784 167
316584933462265856 240
316586586047393794 292
316586686710693889 19
316587303248220162 17
316594613920092161 122
316595616354557953 18
316599621914857472 16
316599747752382465 236
316600095883796480 18
316601308037644288 241
316608132161884160 241
316608421568847872 122
316610925559963648 18
316611089171374080 122
316611252745027584 240
316611273720750080 122
316612532016132097 18
316615694496194560 16
316616025833619456 9
316619066708217856 7
316619964310237185 14
316620664750628864 377
316624410251509760 122
316630571692478464 391
316638205313163264 17
316638306005835776 122
316643485967060993 18
316646749123002368 5
316650226217803776 167
316653359358697472 241
316655682977923073 122
316656064697356288 4
316657394258165760 5
316658933563539456 16
316659537547522048 5
316661638902210560 269
316663949972103168 122
316664998548103168 122
316673743655149570 314
316675144582049793 314
316675408806424577 314
316676344123633664 18
316682597864456193 241
316682669142441985 6
316686473401364481 241
316687685530042368 5
316689237435109378 5
316697839956791296 14
316702814409736192 394
316703372252176384 16
316707855950544896 6
316711261700255744 122
316715636388659201 17
316716655596167168 4
316718433972654082 240
316724968698310656 6
316728361894424576 6
316728542257889282 311
316732392607997953 292
316734552703918080 6
316734930182881281 6
316741670442004481 240
316741678801244161 240
316748100276465664 236
316748800737824768 122
316749446652239872 241
316749983514771457 240
316751392817680384 6
316756417606459392 122
316756870599675904 3
316757751386759168 5
316764978155765760 377
316769143124807682 5
316780509697040384 5
316816056415027200 19
316816735888093184 377
316825925582995456 18
316828098257641472 19
316828450562387968 19
316834674905329664 122
316835308270415872 122
316843323555983361 126
316848046346498048 5
316849539539685377 122
316852525863149568 19
316854610444824576 18
316862827069571072 5
316867604394422272 240
316871203132428289 236
316873161872379904 122
316875980427911169 5
316876274024996864 18
316881521082499072 5
316886097068171265 395
316894422799368193 240
316895421014351872 18
316900206706839553 236
316901502780325889 9
316903998374416384 240
316904791081095169 122
316914156974522368 0
316915209753202688 122
316915520110735361 122
316915658556317696 122
316917705368293376 18
316919827669348353 5
316921576719265794 126
316926358192287744 240
316928212095619072 16
316935409538048001 5
316936097370345472 17
316936223195291649 167
316939712868802560 16
316940178436550657 67
316940610475012096 16
316941394784690176 167
316943470977748992 241
316944003633397761 167
316944897049522176 6
316946805424271360 17
316947422012125184 241
316948399272386561 241
316951456936775680 17
316952580985090048 19
316953654739496960 22
316955898704711680 167
316960122356240384 314
316966875189874688 122
316967055540768772 6
316967596614369280 6
316971363095154689 5
316973984539361280 236
316977335763087360 17
316978338222706688 5
316983031657279488 241
316984256373071872 5
316984394806087681 236
316984638054727681 17
316987402130452481 17
316996415681355776 241
316996969321082880 5
316997652984233984 5
316997887869464578 5
316997896279048192 67
316998051438919680 5
317000681296916480 67
317002858123915264 314
317003663417679872 241
317008205878267905 241
317009736778280961 19
317009891971719168 236
317009959093141504 241
317013847212978176 5
317016233767739394 241
317016594469486592 261
317017307513757696 235
317017861128351744 6
317019018777202689 235
317022554579685377 5
317022864937209856 6
317026660807479297 5
317030175604871168 309
317032105014083584 5
317036785861550080 241
317037507260866560 17
317038350315962368 5
317038828483407872 18
317040158077747200 6
317041286337142784 236
317041470899122178 241
317041676403220480 241
317043077317541889 236
317044293648908289 167
317056171909459968 6
317057346335555584 5
317062287234068480 236
317064329830727682 241
317065114173988865 16
317065982411681793 167
317066154348797952 241
317067639165964288 241
317068595450482688 5
317070575149383681 292
317077512540786689 167
317079962022711296 126
317080041689346048 5
317086874239897600 126
317087482384642048 241
317091529900580864 6
317092389753872384 6
317094713364713472 241
317099377430757377 67
317103357833658369 69
317113680003227648 5
317115148034781186 5
317115273868111872 241
317115663917395968 241
317115852661075969 5
317117316489945088 236
317118239236845569 241
317122395796283392 16
317122404184903680 241
317125512134791171 126
317126422328131584 17
317126682349821952 69
317126954992144384 122
317127772898226176 241
317150422127218688 16
317151202259369984 126
317155333669810179 16
317159033016561664 167
317159150452895744 126
317161847398735872 126
317169120342843392 241
317169560715407360 241
317171561415180289 126
317175785087696897 16
317175982199029760 16
317178150662586368 16
317178813383581696 5
317179723534974977 5
317180818252517376 395
317181363507847169 16
317212195853324288 16
317213689021337601 16
317213877744050176 126
317213890331160576 126
317214871789899777 16
317217983992844288 16
317219745575342080 16
317221796606799872 16
317226435494428672 16
317226699739766784 16
317226724905586688 16
317227366642491392 16
317228415197519872 16
317243778958245888 236
317246089994571776 236
317247302140039170 241
317255392960864256 126
317256798052700160 5
317256877773840384 241
317257444004864000 16
317259348202106880 395
317261504065974273 126
317262175162990592 5
317265266348285953 238
317266902131032064 126
317269842354909185 5
317271851434905600 6
317275399782535168 19
317283272507936769 241
317284274942386177 126
317284606317568000 126
317288444105728000 5
317288624448225281 5
317292109889679361 69
317298074215120897 16
317301001835147266 5
317301375144972289 6
317301761016733696 126
317302604071837696 241
317305917551042561 67
317310443209244672 126
317317716136587264 394
317321453274013698 17
317321981752131585 69
317322229195083776 5
317324263445118976 126
317327044247707648 126
317327283360768000 126
317331309884239874 16
317331448287870978 69
317331771266048000 5
317334048768929793 126
317336800223965185 126
317337039286714368 5
317338402435502080 292
317339346149707776 126
317347550212550656 241
317347621507317761 394
317349584454180865 126
317351056642289664 126
317354730848395264 126
317357687832723456 126
317359436857487360 241
317362314179383297 126
317364310647123970 394
317367498322345985 5
317368467214970881 126
317369402523799552 5
317374054011125762 126
317377292047376387 394
317384195842387968 16
317389224808693762 241
317392764797067264 241
317399832232857600 5
317401484792844289 5
317403401577172993 309
317403971998330880 236
317406450823614464 19
317408501834076160 241
317420958921142272 236
317421797794529280 69
317430203162980352 377
317433185329876993 261
317433931928580097 122
317438558241705984 241
317441259360894977 5
317442161119490048 16
317443469763280896 6
317443608187904000 292
317445231370989568 122
317447097832054784 5
317454651786162176 6
317454895022215170 241
317456111387160577 241
317456740532776960 309
317467729609256961 6
317478269878431744 5
317493746889547776 239
317498465456369664 16
317505599963275264 311
317507957170515968 16
317509009957609472 16
317514961662390273 292
317522402378674176 16
317528987419152385 16
317529260048908288 19
317532154131271680 236
317532682584215553 241
317540014244380673 241
317540182033309696 394
317541750703022080 394
317553666687135745 5
317558460776599552 19
317579650429751298 5
317580669616271360 241
317593386746007553 122
317601544692432896 5
317606758187143168 16
317611673936596994 261
317620255470002179 67
317627536794333184 16
317636130919047170 15
317637166907944961 395
317640690119106560 16
317642959258517504 16
317643449966936065 394
317645794595446784 377
317653478572978177 140
317663221907591169 236
317663645561679872 236
317666296370167808 69
317668863280037889 394
317680200462786561 19
317683362963787778 16
317687754391683072 19
317687926391705600 19
317692829512134658 16
317693752254808066 16
317693970354405377 19
317698252747186177 16
317698630226153473 16
317706834280579072 79
317707954168152065 394
317709854200442880 236
317711766815653888 2
317712270098579457 394
317714337923997697 394
317717303292743680 241
317720683910144001 394
317723330503405568 16
317728460141363201 261
317734256669511681 19
317738534867976192 241
317740518761185281 394
317748001412096002 236
317748445983174656 19
317751184888827905 6
317751377801654272 79
317754771010367488 241
317755819557019648 394
317763239284981760 394
317772064125763584 16
317773674709131265 394
317780943454760960 5
317785901122088960 16
317790259016511488 5
317790623895789569 394
317792633000980481 7
317792851100590080 241
317793182421221376 7
317799863968464897 16
317804137964249091 394
317806264472195072 16
317811557671251970 236
317815114470412288 16
317819413615214592 7
317820353143508992 241
317825117868679168 241
317825398866075650 6
317827286319628291 241
317831140901789697 16
317843388235911168 112
317843946107723777 6
317844122243313665 7
317846160691822593 22
317851181256962049 394
317852976448430080 16
317855690129555456 236
317866872152391680 241
317870445728776192 16
317871313932935168 69
317871838229299200 16
317876506489679872 16
317890398028701696 314
317890737767342080 19
317904419574398976 241
317905170371575808 19
317907561124880384 19
317911524716978177 5
317957926306340864 236
317961764098695168 21
317971545207230466 5
317977572413693953 5
317977761169948672 5
317983331205664768 157
317990348288827392 6
317993846338383872 394
317996270646071296 5
317998879473811456 5
317999047250149377 5
318002205565280258 236
318002339803971584 5
318005863006740482 241
318019519664758785 7
318021105094897665 6
318035260900265985 394
318043821466320897 6
318058094674460672 6
318058618958274561 6
318058849640792064 6
318060393174016000 6
318063639527579649 6
318064142848241665 6
318065220780167168 6
318067213095563266 6
318067716399448064 6
318070824370323456 5
318090856395591680 69
318100830433718272 241
318107138658557952 241
318114105410060289 6
318122682749177856 5
318126981940121600 236
318131067175456768 6
318131440468520961 6
318132694557007873 6
318133772518322176 6
318147869565652992 112
318171076645502976 6
318177602995122176 5
318186075484983297 6
318208196235911168 241
318209567769100289 6
318209760719671298 6
318209773310967808 6
318210196910505985 69
318263242298363905 6
318263699460747265 261
318285992178089984 21
318309216043532288 6
318312848302407680 6
318339758956896258 6
318367445586939904 241
318380116566749184 18
318425159210004480 18
318443081445826561 241
318463763571433472 292
622571762501451776 270
622573490537897984 270
622574534932074496 270
622575646443745280 270
622576397207379968 270
622582671881973761 270
622613730690400258 270
622623436309827584 377
622623738308227072 377
622623981602865153 377
622624686245982208 377
622627043436396544 377
622628142340046849 391
622633221658841088 377
622635436251348992 377
622639362086322176 377
622640888829743104 377
622642428147675136 377
622650627986976768 377
622699089004752896 391
622722090563706881 270
622749244471013376 391
622760980120862720 167
622762330707873792 377
622773651134283776 377
622796262643871744 4
622797378320363520 377
622797441234960384 4
622802763785875458 15
622831159223943168 270
622838813828579328 377
622843385628504065 123
622864633993555968 4
622872439559692288 15
622876256397340672 8
622876352845320192 8
622876784888029184 8
622878131234451456 236
622880870123339776 391
622889481029484544 391
622892479948423168 391
622894207993298944 8
622903800379109377 391
622909362026233856 391
622917691926540288 8
622918920844906496 0
622919088612864001 14
622920166570131456 395
622920292374024192 309
622920518866309120 12
622921642944000000 4
622921676498563072 15
622922276279750656 123
622922376968278016 11
622922548909469696 432
622923081586053124 123
622923161311539200 11
622923765286985728 22
622924612532350976 15
622925359122673664 4
622926231537741824 11
622926835496529920 377
622927825373278208 62
622929322714607616 11
622929821853728768 4
622930706860085248 394
622931017213440000 377
622931495380856832 394
622932690753318912 0
622933005305298944 377
622933227603382272 15
622933558974382080 123
622933634484342784 123
622933886113218561 4
622933957424848896 15
622934318143381504 241
622935186372603906 123
622936780204036097 15
622937325438398466 123
622937606473433088 11
622937648433381376 394
622937736517824513 15
622937853933162496 15
622938571155111936 391
622938629879394304 15
622938839582011392 15
622939674248544256 15
622940211144568833 5
622940647343943681 309
622940664137912320 292
622941775615803393 395
622942186649329664 13
622942392174272512 4
622943025535168514 123
622943314942275584 377
622943394617135104 4
622944027961331712 4
622944304760094720 123
622945219126927360 123
622945781184622593 123
622947744089423872 22
622947878340702211 140
622948129994899456 9
622948603942694912 15
622949014980268032 11
622949686068932608 13
622951330240266240 395
622951481251987457 15
622951665784778752 140
622952336852254721 4
622952844388343809 123
622953175721594880 123
622953209288597504 123
622953553234132992 15
622953670645157888 15
622953926506082305 395
622954358544543744 123
622955092510134272 123
622955109312499713 123
622955600045957120 16
622955700700884992 312
622955826517528576 123
622956514416787456 0
622956518590189568 235
622956594100350976 432
622956870899236864 123
622957286168895489 15
622957500049002496 123
622957974017994752 123
622958028552187904 4
622958498305982464 391
622958569596436481 11
622961149097717764 235
622961644038176768 123
622961950209671168 235
622962986207080448 0
622964772980391936 7
622965020456914944 123
622965167236616192 12
622965444069081088 167
622968380077637632 22
622968543668240384 69
622968594012442625 309
622969067947868160 4
622969093117775872 69
622970808571277312 123
622971722942279680 11
622971735512485892 123
622971743926222848 11
622971748124893184 18
622972452751040512 11
622973828487057408 236
622975137109794817 18
622976865146265600 1
622977381075144704 236
622977716590018560 395
622978479949086720 11
622978752599822336 395
622978924545335296 11
622979562100666368 15
622979838924582912 292
622980640049352704 312
622981663455186944 17
622982271625203712 15
622983462794993664 236
622984163252142081 123
622985299912736768 17
622986293966938112 240
622987409655992320 15
622989427103633412 292
622991352276615168 123
622991918532833281 436
622992606398693376 236
622992866449747968 0
622993227159891968 377
622994594465226753 123
622995567547949062 123
622996624533508096 123
622998193186426880 123
622998251927699456 270
622999589889703937 11
623000252606488576 15
623001166943789056 17
623001439590289408 235
623001519273676801 17
623002265880821760 123
