30394131587006464 5
30394202042925056 11
30396111764066304 8
30398100472336385 5
30400409612853249 15
30401574056493056 0
30402208474333184 11
30404278992510976 27
30404296335958016 3
30404459720871936 3
30405193854091264 11
30405450293846016 4
30406089992310786 0
30406773076664320 8
30406955428216832 13
30407444110778369 2
30407494970900482 11
30407607617323008 2
30408437502312449 13
30408707682607105 9
30409874428919808 2
30410134425436161 8
30410295151169538 16
30410427095588864 11
30410542388609024 0
30410847616499712 11
30411347749507072 0
30411467085844481 5
30412963919699969 8
30414963528962048 9
30416908838772737 0
30417452680609792 10
30418069784367104 11
30418510702186496 22
30419324359417857 4
30419457826357248 8
30419510313877504 23
30419535756533762 2
30420445060669440 0
30421875943284738 2
30422510541479936 11
30422846366814209 3
30423259409289216 10
30423743528439808 21
30424035380699136 25
30424818289475584 16
30424834911510530 2
30424957825589248 4
30425952878075904 7
30427146451165184 4
30428029847080961 4
30428075191701504 0
30428482223734785 0
30429182278246400 24
30429664170213377 0
30429676585353216 5
30429702262886401 15
30430409875521536 1
30430799341817857 2
30431564932325376 11
30431589796151296 11
30432405177245697 3
30433013120634881 2
30433695596814338 7
30436694226378752 7
30437370604036096 2
30438372140908544 0
30439179359879168 4
30439920199798787 8
30440791239299072 11
30440960940834816 10
30441473379934208 4
30442043301953536 0
30444102684254208 2
30447887317995520 12
30448953891749888 0
30450989928554496 1
30452220143079424 12
30453671854612480 12
30455347827183616 10
30456490821156864 15
30458775651487745 1
30459074709557248 8
30460023981215744 11
30461512313208833 4
30463111500664832 11
30463763110957056 10
30464679839006720 10
30467526097895424 11
30467978906574849 8
30468165997690880 10
30468336726839296 10
30470388030906368 13
30471649639796736 10
30472788686929920 0
30472790909915136 16
30473143420190720 11
30473227012673536 15
30473698460827648 11
30475778487488512 1
30477678087770113 11
30478670644649985 25
30480639975227392 3
30481155169984512 12
30481547861688320 17
30483070356295680 12
30483402603888640 11
30483897565319168 11
30484140813975552 12
30484142076465153 15
30485744480944128 27
30486017530142721 10
30486674869846017 1
30488264842412032 2
30489791292252160 0
30490739947343872 11
30491845029011457 0
30494588875571200 5
30494895642775553 14
30496069259370496 16
30497056829210624 3
30497269086158848 16
30497840182591488 11
30499716567408641 10
30500268705583104 11
30502858264674304 12
30505402755981312 0
30505596528623616 4
30506925409968128 11
30507036248641536 10
30509900467544064 0
30510620902162433 11
30511580726697984 12
30512734403567617 12
30513117570015232 8
30514003763535872 12
30514793148321792 11
30515000489541632 11
30515437863178240 11
30515965208829952 5
30516341437890560 25
30517151785820160 6
30517355016622080 11
30517481307111424 6
30517822215954433 2
30519207938494464 10
30519362016247808 25
30519843119702016 14
30521128367689728 9
30521472812318720 7
30521804636295168 0
30522327510818816 9
30522653617954816 11
30522904919674880 25
30522982673686529 10
30523230930345984 0
30523878992252928 11
30524726552043521 0
30525698133196800 0
30526250707591170 11
30526264926281728 14
30526334815965185 3
30526954549547008 12
30527259790020608 2
30527280530857984 2
30527799424983041 0
30530005184286720 11
30533114522505217 11
30534154814750722 12
30536204508209152 11
30536217355358208 25
30536477695807488 11
30538645840596992 2
30538724529938432 4
30543224477065216 2
30544174625333249 5
30544903666663424 9
30545019244912640 4
30545151508094976 0
30545481935360000 4
30546563214348288 9
30547340561481728 2
30548386033696769 2
30548764452200448 8
30550652635582465 1
30550707274776576 3
30550858202615808 23
30551131616706560 10
30554037510213632 4
30555539452723200 3
30558796480774144 8
30561539077439488 2
30562259365269505 15
30562965165965312 2
30563119608635393 13
30564289693614080 0
30564389102813184 2
30565841099563009 16
30565953972477952 10
30566403673165824 6
30567532691726337 8
30567972326080512 3
30569342814916608 10
30570299074289664 22
30571851667210240 8
30572012694933504 10
30573100659638272 0
30573254447988736 0
30573552751087616 6
30574540144775168 0
30575014923210752 0
30576362389504000 3
30579096920526849 1
30579313057202176 0
30581002782908416 0
30581469411803137 14
30581701998546945 0
30582751925112832 3
30583068972548096 7
30583328172154880 10
30585243689811968 4
30586103354359808 2
30587022007603200 9
30587270037774337 0
30587682639847424 7
30587685898817536 2
30588669546987521 17
30589582479196160 0
30589797806379008 6
30589863128473600 10
30590163398696962 8
30591435266854912 6
30592623563509760 6
30592728618246144 6
30595032692035584 13
30595216985559040 6
30595305447628801 2
30595338775568384 17
30595496607219712 6
30596907529146368 13
30596941884686336 6
30597380348837889 17
30597453803683840 12
30597951457853442 15
30598702481539073 2
30598852146888705 2
30599022376919043 12
30599622661505024 2
30600106524807168 17
30600631047688192 6
30601061328756736 6
30601504758964224 6
30601574359236608 14
30601638104272896 11
30604010075455488 17
30604291001556992 2
30604356764049408 6
30605376395157504 10
30606523621187584 13
30607467759013889 6
30608387918004224 10
30608814784905217 6
30609760164249600 14
30610163136208897 6
30610832643596288 9
30612864184098816 6
30612876720869376 13
30612914654154753 11
30614030007664641 0
30614420178608128 4
30614560461291520 6
30614953798930432 22
30615506033577986 10
30615587910586368 11
30615948226465792 12
30616053729988609 2
30617632570875905 16
30617750103658496 2
30618672548544512 12
30618896893476864 15
30619096106143744 6
30619675389853697 7
30619741349478400 6
30620268149866496 14
30620671297986560 2
30621101021204481 3
30621165881917440 0
30621207644610560 12
30623517682704385 7
30623652437295104 9
30623689372340224 7
30625618529878016 2
30625784481714178 14
30626856424177664 25
30628460376363008 2
30631313245470722 2
30631645262385152 2
30632759630241792 15
30633192612438017 7
30633266906136576 7
30633267564650497 7
30633783929606144 2
30633937722155009 1
30634433082036225 12
30635254607773696 2
30635609009684480 1
30635802346131456 0
30635932134670337 0
30636685423280128 8
30636864566206464 2
30636957327425536 2
30637090941181952 12
30637444080607233 6
30638299320160256 12
30638368878497792 12
30638928268632064 25
30640030691098624 3
30640574671355905 3
30641734190895104 14
30642168938889216 7
30642236995674112 7
30642254842433536 7
30642412799922177 7
30642989122461696 14
30643478249603073 1
30643688136773633 6
30644248546119680 2
30644328925757442 11
30644440372617216 11
30645241832800256 7
30646843612336128 0
30646884209000448 14
30647283783565315 2
30647647756881920 2
30647808595857408 2
30648625222656000 12
30648899844706305 12
30649439165087744 6
30649612721197056 8
30650131585966081 4
30650358351007744 2
30650642112450560 7
30650789974245376 0
30651305655533568 14
30651755398168577 11
30651873035821058 5
30652307230162946 2
30652426038022145 23
30652469818163200 22
30652616639782912 2
30652775805231104 12
30653164818534400 0
30654010809651200 6
30655398331551745 23
30655509635792898 3
30655752150458368 6
30655803581009920 11
30656014466416640 12
30656300463427584 1
30656489479737344 0
30657495219306497 14
30658222981386240 0
30658825623179265 10
30658867457167361 2
30659286824648704 6
30660131339378688 9
30661460132634624 6
30661645986430976 2
30661896084398081 5
30662708818870272 10
30662992135725058 0
30663550510825472 11
30665425624760320 6
30665945395503104 0
30666356126912512 10
30667222271660032 16
30667277003137024 8
30667873680625664 1
30667917641129984 17
30668107966062593 6
30668394940334082 0
30670049274499073 2
30670377176801280 1
30670629837479936 0
30671913017671680 10
30672144434204672 7
30672774355746816 0
30673075070566400 13
30674081439285248 11
30674139169693696 3
30674320539787264 2
30675536665649153 13
30676047032754176 1
30676488235782144 10
30677307916029953 25
30678113146896384 10
30678791273586688 0
30679835969851392 2
30679899958153216 16
30680440994009088 6
30681449719930880 4
30681793300537345 16
30681838317993984 9
30681987794608129 6
30682519665909760 12
30682713602129920 4
30682863334596608 2
30683314293571584 1
30684138470121472 1
30684726008221696 1
30685454885986304 10
30685769240682496 7
30685922668322817 1
30686640804462593 7
30686906152914944 1
30687382806200320 12
30687510287876096 1
30687676050968576 2
30688418593767425 13
30690244298801152 7
30690750979121152 1
30690905920905217 1
30691049823272960 1
30692826006159361 1
30692963696779264 10
30692965663899648 6
30693301371797504 2
30693949492432896 1
30693955515457536 2
30694014181179392 1
30694279877754880 1
30694308940087296 1
30694341957656577 1
30694362178392064 1
30694599844429824 6
30694625152864256 10
30694705004027905 1
30695206714089472 1
30696004445544448 1
30696271408799744 1
30696903955976192 2
30697038798651393 17
30697835959689216 0
30698289095507968 0
30698291976998912 0
30698300843761664 1
30700109821902848 0
30700392937426944 31
30700828272631810 0
30701010049572864 21
30701401030000640 4
30702025264074752 6
30702141668589568 4
30702222312472576 0
30702331435683841 10
30704132692123648 3
30704571940605952 1
30705239468277760 1
30705516032303104 1
30707908433940480 16
30708356368834560 1
30708440749842432 16
30709282534072320 1
30710163916718080 1
30710400962007040 6
30710955126034432 2
30711295409917952 16
30711690580463616 12
30711726592753664 2
30712242315988992 1
30713349721292800 2
30714203610284032 25
30714235914813440 7
30714733577379840 0
30714909889138688 7
30715531464019968 6
30717644617285633 21
30717679631343616 10
30717788247035904 13
30718627057500160 12
30719112057458688 0
30719835499397120 25
30720214500900864 23
30721287810711552 21
30722018458468352 0
30722713739862016 14
30723301865168898 0
30723400687165441 14
30723587551797248 11
30723941496520705 9
30724717266599936 12
30724724736655361 10
30725193940865024 11
30725724151218176 12
30725780250038272 10
30726678577676288 16
30726960552345600 4
30727022598692865 21
30727039271047169 11
30727184507211776 21
30727342653444098 6
30727849589608448 17
30728757538988032 2
30728915328696320 12
30730850555400192 1
30730965840035840 25
30731514387898368 25
30731833859645441 9
30732007998754817 3
30733025167806464 1
30733728082825216 13
30733920714629120 0
30734117633007616 2
30738531445903360 0
30738883704524804 16
30739970184450048 14
30740770164051969 0
30740860484194305 0
30741349401624576 13
30741431043760128 9
30741828105928705 3
30742243136503809 0
30742388892762113 10
30743339112341504 5
30744276954517504 21
30745569156665345 16
30746843432357889 1
30747420539224065 13
30747501699010560 9
30747642342408192 25
30749550717173761 16
30749631398805504 9
30751177817722880 16
30752379854917632 9
30752754582421505 25
30752887374090240 9
30753110859186177 1
30753435431206912 0
30754443725115393 25
30754794272464896 0
30755448344805376 0
30755499901198336 0
30755695221547009 9
30756756170743808 12
30757517512417280 24
30758000822063104 0
30759655357546497 21
30759670763233280 14
30760799676923904 3
30761666429849601 9
30762024019431424 11
30762245684207616 4
30763473105321985 5
30764163454214144 5
30764349832306689 5
30764363740618753 3
30764752242221056 5
30765010984636416 21
30765094837166080 1
30765413604265984 21
30766283096072193 21
30766415304728576 0
30767162398347264 0
30767633527742465 5
30768499169169410 5
30768650319306752 21
30768879231832064 0
30769192563113984 5
30769389959651328 1
30769474357432321 21
30769480061685760 21
30769590342520832 0
30769661930905601 5
30769994920890369 5
30770321975939072 5
30770417580904448 9
30771167350493184 9
30771207527735296 9
30771299412353025 5
30771878641532928 9
30772067800449024 21
30772936331755520 1
30773099582464000 5
30773173859393536 12
30773571605241856 0
30773824219783169 1
30774027257647104 0
30775368881283072 27
30775556672851968 15
30775875972632576 0
30775893412548608 17
30776915782533120 7
30777394444902400 21
30777895618088960 5
30778510737940482 5
30779211341893633 17
30779809588051968 1
30780680245870592 21
30783565595680768 0
30784370889461760 1
30784787199303680 0
30784884444237826 5
30786145579180032 25
30786150633308160 5
30786465180942337 1
30786660539043840 9
30786779879575553 1
30786975921340416 21
30787730694733825 5
30788420263481345 25
30788874045235200 21
30789460249550848 3
30789479836950528 9
30790504476053505 6
30792108231098368 15
30792302746148865 27
30792615909662720 5
30793840872923137 5
30793871919157248 0
30794679930851328 10
30794765645651969 12
30794785610530816 5
30795007745069056 7
30795493609050114 3
30795816356544513 21
30796220553236482 5
30796264580849664 10
30797038568341504 13
30798171567292416 0
30798218992287745 15
30798300072378368 9
30799302041280512 8
30799400179597312 0
30799418651316224 0
30799516428935168 5
30799530383380480 9
30799946957455360 7
30800704616538113 23
30800937832415232 7
30800973278478337 21
30801558824296448 13
30802679919804416 10
30802764497948673 25
30803091490086912 10
30804602349690881 9
30804962472632320 5
30805240047472641 2
30806167512948736 9
30806290825478144 5
30809053655470080 27
30809380861517824 21
30809400276946944 1
30809856231342080 14
30810435741556736 11
30810599508152322 11
30810994859053056 9
30811039540969472 8
30811245200277504 16
30811330365628416 13
30811692007034880 1
30812119582638081 21
30812570696818688 12
30812919910375424 21
30813082452238336 27
30814181259218945 15
30814638606123008 2
30814672844234752 14
30814936187801601 17
30815462040272897 9
30815506499899392 12
30817335593926656 0
30818430751875072 13
30820829377855488 7
30821047011905536 13
30821340269252609 9
30821805958635520 27
30821876708147201 0
30824505316220928 11
30825725640577024 9
30826402152452097 1
30826476634902528 5
30826845066764288 2
30827081088638976 5
30828059540062208 4
30828837197578241 5
30829574321348609 1
30829945810845696 17
30831823445561344 17
30832275302129664 25
30835299768602624 9
30836390203756544 21
30837239881670656 12
30837766195515393 2
30838167116447744 1
30838480187686913 10
30838682105683968 3
30841105708744704 13
30841242736660480 5
30841911602315264 9
30843661369475072 2
30844978678734848 1
30845288147066880 5
30846724134150144 1
30846813036617728 5
30848387767083009 5
30848491068588034 21
30848811400175616 7
30850469203025920 5
30853143038267392 9
30853353982394369 0
30853481984172033 3
30855995433426944 17
30856188946022400 3
30859094680145920 12
30859325845020672 13
30861237927542784 9
30862456993615872 3
30862580280983552 13
30863974702518272 7
30866478949466112 14
30867592214220800 10
30868827214446592 1
30869360079806464 7
30869628771115008 9
30873156688285696 12
30877629548597248 22
30879660090855424 16
30880212254199808 21
30881939376316416 7
30882016325009409 7
30882540759810048 5
30883051328241664 0
30883172178726912 10
30884120213065728 1
30885547757019137 8
30886602393788416 12
30887092338827264 14
30887683228172288 7
30888289225408512 12
30888675101384704 10
30889281832615937 14
30889954028552192 15
30889992091860992 2
30893229247303680 13
30894590957461504 6
30897152850919424 14
30897264503296000 1
30898468339847168 21
30899786374709248 11
30899867677102080 0
30900163576864768 11
30900201635979264 15
30900281470357505 21
30901455317630976 2
30901599693963264 1
30901618283126784 1
30901994185039872 6
30902834127966208 11
30906004711415808 11
30906101285261312 10
30906776094244864 13
30907638732554240 7
30907702188179456 1
30908718753255424 6
30909554422194177 25
30909763394994176 3
30909778985222144 12
30909954219053056 14
30911885272424448 10
30912007314083840 15
30914542103957506 9
30915093449416704 21
30917381039591424 16
30918262418046976 0
30918931124322304 15
30919347245416448 11
30920494291099648 3
30922563710357505 14
30922877704339456 0
30922899971899392 3
30924642650689536 0
30925155819593730 2
30925397151449088 3
30926810753540096 11
30928608558059520 11
30929131730378752 5
30930536184684544 0
30931191146221568 13
30932402738044929 21
30933644491100161 5
30933944996200448 12
30937150102966272 12
30940485400928257 2
30941177725329408 14
30941202039701504 11
30943433900171264 21
30944520879210496 11
30945164574859265 2
30947181829562368 10
30947664312934400 4
30949399253229569 6
30950381580189696 11
30950530419261440 14
30950664595046401 2
30950817078968320 2
30951279899451393 10
30952121918558209 11
30953552272687104 6
30953903105249280 15
30954320551747584 2
30955137207898112 16
30955643955318784 2
30958344684445696 0
30958583155793920 16
30958635953692672 10
30959520830197760 10
30960624460636160 3
30960864022503424 2
30964881050046464 0
30965007487336448 10
30965261251117056 14
30965474883801088 9
30965491879120896 27
30965554693021696 6
30965603900588032 6
30965801007714304 6
30965883492900864 6
30965912911745024 6
30965919140290560 6
30965997460520960 6
30966243016052736 6
30966287513423873 6
30966333579468800 12
30966722299170816 14
30967193713774592 6
30967515932790784 2
30967993412354048 21
30968591931154432 15
30968784990773248 6
30969612254318593 3
30969685075828736 6
30970130141810690 0
30972398136205314 6
30972462355189760 6
30973115597062144 1
30973373026668544 6
30973853450637314 2
30974100771966977 12
30974941620862979 6
30975093987344384 22
30975935201157120 6
30976917108690944 9
30978068348669952 6
30978683426570240 0
30979001044439040 6
30979125250363392 6
30979854593691649 7
30980749117095937 6
30981257949085696 14
30981650468835329 2
30982361281728512 9
30982428747108352 12
30982438305927168 25
30982557902307328 2
30983170572685312 6
30983191900721152 2
30984078123601920 3
30984263960633344 10
30984556509138944 6
30984641087283200 0
30985168126746626 28
30986508492087297 22
30986862751387648 6
30986944829718528 6
30986955508424704 6
30987245456461824 22
30987549543497728 10
30987991069491201 21
30988086536052736 21
30988222540554241 21
30991621130555392 2
30991683206250496 5
30993728348880896 5
30994784835346432 6
30994802350751744 0
30995050531913728 2
30995353041895424 25
30996863431745536 8
30996955274420224 21
30997096152694784 17
30997594171768833 2
30997718914568192 5
30998150332289025 5
30998595251478528 2
31000008140529664 22
31000463302205441 14
31000764365152256 16
31000791112220673 21
31001570321633280 0
31002172166504448 2
31003042060963840 10
31004787692535809 2
31006409738948610 14
31006950024028160 16
31007791548207104 6
31007837429698560 6
31008096289558528 16
31008319246172160 13
31009872048824320 2
31009999022981120 2
31010185665323008 21
31010364237815808 22
31010708799885312 2
31011128637128704 2
31011134693711872 21
31011164343238656 12
31011836841164800 0
31012102047006721 21
31012345664765952 10
31012396382298112 10
31012699076825088 6
31012906489348097 17
31013162908123136 6
31013541624414208 1
31013576655249408 17
31013591524057088 17
31013667185098752 17
31013827193606144 17
31013841781395456 17
31013859800129536 4
31013951194013697 17
31014334557589504 21
31014687294357505 6
31014876402950144 2
31014946573647872 14
31015040563814400 21
31015267429523456 2
31015788127191040 17
31016423132233728 2
31017281295224833 6
31017491043975168 2
31017840668573696 11
31018159435681792 16
31018234127843328 2
31018244877852672 2
31018698110148608 12
31018836186628097 5
31019356867526656 6
31019360352993280 2
31019396239466496 2
31019648199688193 2
31019797906989056 17
31020198379130880 2
31021244371435520 6
31021529835765760 21
31021687252193280 13
31021967737884673 2
31022047308021760 2
31023781514321921 12
31023837533446146 6
31023870030913537 2
31024106895843330 2
31024114823077888 2
31024641724125185 11
31025236015058945 2
31025621903609856 10
31025641658785792 2
31025643072258048 0
31025916150816768 2
31026158963265536 14
31026201132802048 21
31026341839114241 2
31026545933942784 6
31027421830447105 21
31028061164019712 13
31028767937789952 2
31029060939288577 11
31029504864423936 2
31030035276111872 2
31030124962914304 2
31030150850158593 4
31030487795367936 2
31030494665637892 1
31030924468559872 6
31031718513213440 2
31031759911002112 2
31032997956288515 6
31034134478458881 2
31034174752169984 16
31034679394045952 0
31035097440329729 6
31035749952397312 6
31036127410388992 3
31037174539354113 21
31037520846262272 2
31037694935040001 3
31037925034565632 2
31038184691335168 2
31038272813662208 11
31038670572093441 13
31039496002736128 2
31039534988795905 12
31039688655507456 3
31040417793310720 2
31041352833695744 7
31041984353280000 21
31042306303852544 3
31042449660973056 13
31042518963453952 2
31042778481819648 15
31043176684851200 6
31043823626878976 2
31044465690939392 2
31045108283482112 2
31045240588603392 6
31045366132514816 2
31045393429037056 2
31046395154669568 2
31046551061139457 2
31046593557831680 0
31046849024499712 9
31048071110467586 6
31048166426025986 21
31048353655558144 2
31049104964452352 2
31050271983411200 2
31051246827737090 6
31051852053221376 16
31052423128686592 2
31052452727885824 24
31052570369728512 12
31052725697384449 0
31052864197496832 6
31053474338709504 21
31053656509911040 14
31055301985697792 2
31055459574087681 0
31055778429276160 3
31055989058830337 22
31056295876362240 3
31056912183205888 2
31057351620431872 13
31057439944089600 2
31058203127062529 6
31058541116657664 10
31058594338181121 17
31059718105468928 10
31059921093009408 1
31061904994603009 0
31062559175999488 21
31063615565987840 16
31065622423011328 2
31066063718322176 3
31066504539676673 16
31067024973103104 22
31067596199563264 15
31068538898747392 5
31068571312324608 2
31068858617954304 6
31069597247475712 13
31070296945459200 11
31071789631143937 0
31072009869852672 2
31072039590690816 21
31072347490361345 7
31072348505374721 7
31072366792544257 5
31072472556118017 11
31072897015480320 21
31073305100296192 1
31073318543032320 15
31074798310268929 6
31075092746215424 6
31075146924036096 2
31075313429516288 2
31076061462659072 2
31076332137881600 2
31076425310142464 27
31078625642029056 2
31079228757770240 13
31079386023198721 2
31080347219263488 4
31081790139531265 9
31082026941554688 16
31082325320138752 0
31082773166956544 11
31083514283692033 4
31083518196977664 9
31083523758620673 14
31084250191101952 4
31084675116048384 14
31085134354583552 6
31086604953059328 16
31086874403540992 4
31087044226711552 12
31087418727735296 23
31087671757512704 4
31087921217937408 21
31087996493111296 0
31088441139666944 12
31088604361003008 6
31090208116056064 2
31090279184343040 11
31091019378335744 0
31091400284049408 15
31091994977632256 0
31092826821369857 2
31094703621414912 2
31094934228439040 7
31095346109095937 13
31095382507266048 27
31096345146163200 15
31097874544599040 2
31098415081332736 6
31098607977369601 2
31099222732316673 1
31099423782084608 0
31099538177531904 21
31100236550119424 4
31100738906099714 3
31101132273098752 15
31101134374436864 6
31101259872215040 6
31101750245068801 2
31102256325599233 6
31104992857300992 25
31105170322489344 6
31105781336121345 0
31106823008288769 3
31107918388535296 4
31108442777198592 2
31109802788659200 21
31110638814109697 7
31110803671224321 0
31111680507256833 2
31111880143540224 1
31112518961201152 21
31113395839180800 2
31114000670400512 13
31114540473122816 6
31115816892112897 11
31115844079587328 1
31116011696553984 21
31116681023586305 21
31116779371630592 2
31117215788965889 12
31117687467802624 10
31118228382031873 12
31118649196544000 11
31119405844795394 6
31119543506046977 13
31119573893775361 0
31120562348625920 11
31121223412883456 6
31122825305657344 15
31123228814483456 4
31124672380674048 6
31124991944687616 13
31125701058895874 6
31125930910949377 14
31128320552738816 12
31128517605326848 21
31129009882402817 21
31129345066012672 6
31129479409569792 21
31130243469152256 3
31130387040174080 9
31131371611103232 24
31131445204357121 21
31131687672881153 0
31132710705565696 15
31133324697141249 13
31135430875291649 21
31135460042477568 21
31137005664468992 0
31139501162102784 10
31139661069942785 0
31140736409796609 15
31143839632728064 1
31144464038764544 27
31144800455495681 0
31147431294926848 2
31147614292418560 13
31147677928394752 0
31147902940217346 25
31149429419413504 0
31150167855996928 0
31150854518087680 11
31152254899724288 14
31153333771177984 10
31155431632019457 12
31155803561926656 25
31156154063134721 12
31156659652927488 21
31157697839628288 6
31160647492304897 27
31160749384540161 10
31160987822333952 21
31162151691358208 6
31162181697413120 21
31164008929173504 21
31164377784651776 11
31167200224092160 21
31167797417484289 16
31168112128692224 16
31168737197424640 0
31171333400305664 0
31173198477266945 11
31175122647785472 0
31175267573571584 2
31175455365144577 0
31175798983491584 21
31176393446391808 21
31178972884635648 13
31180229808488449 0
31180699922866177 12
31182195607470080 13
31183953457057793 14
31185246959439872 13
31185471144992768 2
31185639047172097 5
31186539111260161 25
31187010144182272 22
31187069468413952 10
31187141350400000 12
31188443958611969 11
31191421952204801 21
31192640489783296 5
31193526230323200 15
31193849732796416 0
31193943542603777 27
31196853986926592 2
31198473860685824 15
31198665850753025 11
31198962056695809 17
31199726539902977 5
31200356755046400 15
31201613666320385 7
31201852355772416 24
31203980398821376 10
31204939556454400 2
31205944025161728 2
31206369348558848 15
31206920995999746 1
31206941996875776 4
31206989136666625 3
31207938504790017 6
31208344513417217 2
31209867557470208 21
31210617436119040 2
31210659614031872 15
31211512802574336 0
31211938725761024 0
31213116251447296 13
31214698540048384 12
31214716097400833 11
31216070039699456 15
31216127501672448 21
31218888129650688 11
31219949385023488 12
31220608494739456 5
31220914683121664 22
31221921399963648 22
31222767160401923 3
31222961499283456 0
31223664930193409 11
31225212070535168 12
31226577924653056 13
31227454337056768 2
31228067758215169 15
31228698111770624 12
31228836662214656 2
31230245910618112 12
31230268593414144 12
31230480170876928 2
31234119782367233 13
31235101018820608 21
31235152201912320 21
31235518612119553 0
31237205229830144 2
31239223256293376 3
31239414566879232 6
31240250109984768 13
31240623314964480 0
31241976984641536 11
31243779268677632 9
31244303820918784 6
31244843439095808 3
31246627213676545 13
31247389662646273 3
31247776054517760 9
31249687239467008 1
31249821952118784 9
31249887840436224 15
31254361870958592 15
31255257963044864 15
31256160044589057 0
31256750145409024 1
31259521435308032 27
31260408840986624 13
31260417296695296 13
31260439643947009 13
31260442315726848 13
31260442705793024 13
31260461554999298 13
31260794079416320 3
31261786745339904 11
31263364470538240 2
31263743979552768 21
31263929590091776 10
31264716974194689 11
31265066254864384 15
31265161838858240 21
31265427015335936 3
31268819217424384 2
31269345250246656 10
31269520672825344 13
31271537130602496 3
31273563319173122 2
31274798323601409 10
31275425594347520 3
31276298647113728 21
31276607888957440 21
31280039735595009 2
31280399111950336 10
31280613415723008 15
31283912407785472 21
31283916992155649 21
31284810353741825 2
31284921209200641 14
31285491366100993 21
31286090224635904 7
31286109472292864 21
31287055673729024 0
31289241761746944 6
31290428993052672 23
31290850642235392 2
31291004959072256 2
31292040750829568 27
31293731701260288 2
31295548401131520 10
31296654984355840 2
31296678459875328 2
31299916881993728 10
31299921579610112 2
31300012923166720 14
31300161028235265 12
31301399597817856 2
31303419125825536 2
31303874081984512 2
31304742340661248 8
31306557291503616 17
31312198722658305 21
31313035649875969 11
31313048425725952 9
31314236164542464 9
31315354999324672 14
31315497316257792 13
31315702530965506 0
31316259006054401 5
31318938021265408 21
31319628084936704 2
31319916309127168 0
31324492491923456 10
31324914770255872 2
31329095719591936 27
31330125442191360 3
31330499074981888 14
31330501872586753 10
31331264925540352 6
31331279676903424 9
31331500536369152 3
31331870423650304 6
31338264753340416 21
31340035500408832 2
31340071860834304 3
31340540746268672 2
31340983396335616 3
31343165118087169 10
31343482496880640 2
31345998840209409 6
31347221337219072 2
31347593162268672 21
31348236769820672 6
31352119541891073 12
31352723509092352 9
31354920925929473 2
31355051209396224 2
31359062411055104 3
31359592764014592 12
31360085192089600 0
31361239879778304 10
31362489916592128 14
31363167950999552 3
31363349748912128 0
31365951563763712 23
31366458361520130 27
31367523815395329 21
31367888132636672 13
31368070408708096 21
31368638988558337 1
31370453759033344 15
31370691341193217 3
31371147513692160 15
31372058491359232 22
31372223163932672 3
31372703940214784 27
31373776805437440 10
31375726355685377 27
31377104851435520 7
31377999555207168 9
31378267915161600 2
31378604751331328 2
31379582183538689 2
31380634714775552 23
31381838840733696 5
31381901876920320 0
31382407521239041 3
31382608390660096 2
31382773830782976 14
31384843216486400 3
31386765759614977 2
31387358490267648 13
31387404828934144 2
31387551839293441 10
31389209428234242 2
31389468770435073 7
31389896627195904 3
31393500272529408 12
31394346062315520 2
31394628003434497 2
31394797096800256 2
31395475361890304 1
31395755189075968 14
31396276645924864 0
31396671703220224 2
31396975362445313 2
31397676553605120 4
31397693683142658 3
31398370350206977 21
31398611271024641 6
31399339309932545 2
31400130095616001 22
31402465458917377 2
31405044901355520 2
31406410256355328 2
31407484170145792 4
31408746303332353 27
31409578230943744 2
31409606391500800 7
31410105647894528 2
31411367932067840 16
31413608780931072 14
31413650270986241 0
31414231677009920 21
31414777767010304 2
31414860923277312 2
31415047490117634 14
31415088246169600 14
31415194911506432 15
31416044081913856 2
31416196981067776 10
31417341728260096 7
31418086171082752 14
31418487326908416 2
31418997807259649 2
31419091105357824 6
31420193662042112 0
31421122289336321 21
31421364304875520 3
31424021111246849 2
31424967899873280 6
31424975139250176 2
31425369449963520 23
31425604452614146 22
31426539723689984 2
31426798810046465 2
31426832662265857 12
31427033556848641 15
31427759045611520 2
31428420801925120 13
31428493468237824 7
31428546798813184 2
31431335247609856 23
31431536888782849 13
31432727026733056 2
31432945419952128 0
31433327906922496 1
31433632128172032 21
31434793199599616 6
31435262596747264 13
31437204932788225 25
31437237254094848 0
31437407396040705 21
31441099969003520 2
31442088453210113 3
31442614079197185 6
31442910696177665 10
31443107291598848 2
31447361003720704 14
31448339769724929 2
31449595846336512 15
31450065537073152 1
31450267119525888 2
31450686512173056 6
31452420420665344 6
31452422190665728 15
31452522002513920 15
31452799485087744 15
31453275672805376 21
31455723212775424 5
31455815084802048 15
31456126100836352 2
31456453080383488 14
31456542574252032 27
31456595212767232 2
31457280905973760 6
31457316683386880 14
31457406059810816 12
31458812468658176 21
31459972197908480 15
31461069528502272 2
31464165482692608 3
31464675170328576 2
31464809216090112 6
31467121900789760 21
31467184836317184 3
31467302188748800 14
31467680355586048 6
31467720469905408 6
31468490040803328 7
31468756320391168 0
31469968528769025 15
31471387839303680 14
31471733798076416 28
31473669091893248 2
31473705490063360 10
31476880397836288 2
31477961861373952 6
31481606854152192 12
31482127098839040 22
31484405264424960 10
31485497012396032 0
31488592257744896 13
31491223910879234 2
31492039682039808 0
31492400543178752 7
31493461895020544 14
31494358188425218 0
31494433346158592 16
31495605129838592 17
31496694457704448 11
31498848211828736 1
31501865678016512 12
31503072236670976 21
31503592129040384 15
31506974361260032 12
31507810986496001 3
31508580809052161 1
31508627588120576 15
31508788771037184 6
31523385842335744 15
31524647337988096 6
31527343109443585 15
31528624356069376 0
31528642743894016 21
31528807936565248 3
31532143444230144 5
31533473051185152 0
31533605201121280 6
31535593183772673 15
31536020499468289 22
31537684090462208 13
31539440006463488 13
31540846591479808 3
31541787378065409 10
31542354045308929 28
31546173600829441 12
31546270132740096 3
31547140597620738 10
31548936007196673 14
31549322411646976 14
31549597696393216 13
31549742353747968 10
31553007199985664 10
31553156345233408 3
31554061517979648 25
31555900334407680 0
31557043903012864 2
31559113523597312 0
31559175330856960 6
31559868326350849 16
31562402864570368 2
31562758805782528 6
31562782507802625 2
31563924398669825 11
31565204835794944 15
31568963183845376 12
31569527422586881 2
31570912188825600 2
31574200246341633 6
31574865592979456 10
31575391466426368 14
31577262197317633 6
31579382669639680 10
31580700553519104 3
31582344502575104 10
31582648186961921 21
31585147258146816 6
31585270302253056 3
31587174298165248 3
31587601542545408 10
31587866031165440 3
31588307586519040 27
31588433650515969 9
31588589909315584 3
31589908644626432 27
31590126110904320 10
31590322957975552 25
31590445049970688 12
31591003676737536 16
31591444397424640 0
31591858408787968 21
31592177809227776 5
31592707545636865 1
31593201001299970 5
31594108174737408 3
31594123525881856 3
31594358910226432 3
31594475058892801 14
31595126736289793 15
31595212220399616 9
31596255645798400 10
31599782774439936 15
31600749309861889 3
31609210277990401 2
31609386329710593 24
31610154927521792 6
31612106658816000 14
31613004512493568 6
31615062405808128 5
31615359102492672 5
31617061889249280 14
31617379486142464 7
31619459839954944 3
31622713848107008 10
31622888691867648 14
31627404900311040 2
31627673281232896 14
31628886605299712 6
31629001239830528 0
31629044269191168 6
31629235835637760 6
31629248502435840 12
31629662966784000 9
31631535366995968 6
31632553471377408 6
31632894636068864 6
31633604350058496 5
31634565726470144 5
31636328948965376 5
31636393063096320 21
31637593485484032 2
31638843664891904 0
31639213241794560 6
31639242950053888 14
31640927348981761 23
31642136910757888 0
31643428668313600 6
31643748362362880 6
31644368326631424 6
31647223557128192 6
31647814786228224 14
31648201748520961 6
31648402789896192 0
31648931624525824 6
31650454555328512 3
31650972241502208 6
31651067670302720 6
31652021882851328 6
31652159686705152 0
31653032269709312 6
31653095016497153 6
31653409140514816 4
31653516321759232 6
31653948410560512 6
31654224773251072 6
31654912601358336 11
31655045367861249 6
31655251593404416 5
31655260195921921 5
31655267053604864 5
31655567781011456 6
31656691342770176 10
31657587443245056 5
31657763553677312 6
31657852259016705 6
31658343235854336 6
31658757616308224 6
31659605524226048 6
31660595627425792 0
31661116648067072 23
31661587676798976 6
31662105904021504 9
31663375410798592 6
31664292503756800 6
31664959955927040 0
31665631019405312 2
31665824276156416 6
31666932327383040 6
31668642445791232 5
31668993525813249 9
31669571555430400 23
31669649288470529 6
31670225099300864 11
31672576916856832 6
31672753975197696 6
31672985840517120 10
31673221942091777 6
31673243798609920 6
31673636943306752 6
31673673651855360 6
31673680954138624 6
31673744418152448 6
31673993819856896 6
31673999100477440 6
31674021217046528 6
31674306199035905 6
31674396498202624 6
31674409378910209 6
31674451988848641 6
31674849906659328 12
31675031993982977 6
31675229210152960 6
31675360097599488 6
31675432579375104 6
31675539873857537 6
31677899845148672 6
31677930400645120 5
31678562608091136 6
31679285982920704 6
31679425338679296 0
31679542569472000 6
31679701269348352 23
31679783616118784 2
31680131110010880 6
31681152569835520 6
31681793237188608 11
31682953595584513 10
31683709740519424 23
31684419873935361 6
31684842953375744 3
31685731671875584 7
31686032277639169 6
31686265921343489 5
31686276293853184 16
31688182005235712 25
31688661296742400 0
31689430863450112 9
31689854869835776 13
31689881163931648 3
31690834835415040 6
31691436936138752 27
31692185296441344 6
31692655704412161 13
31693234325426177 23
31694473117306880 5
31694530558296064 0
31694965050449921 23
31695509810839552 27
31695880826396672 5
31696221231915008 14
31697432387526656 22
31699819923767296 0
31700342240444418 23
31700382858092544 12
31702927013838848 22
31703050271850498 14
31707233054101504 0
31708419303931905 23
31709059719634945 14
31711079461552128 0
31711154204053504 2
31715048300744704 15
31715391927484418 23
31716826710802432 10
31717825269731328 10
31718977201774592 14
31719526622040064 5
31720687227895808 7
31720767683043328 21
31721475786416129 23
31722157654417409 17
31724837294571520 10
31724937890762752 21
31726486222274560 23
31726872656084992 21
31728925046476802 22
31729684089675777 13
31729824913424384 17
31730063380582401 3
31730139196817408 17
31730185619378176 6
31730879315316736 5
31731638631137281 10
31732480914489344 10
31735139432144896 23
31735455657500672 15
31735910097756161 25
31736465394241536 5
31736590074118145 23
31737924319969280 12
31737979026280448 0
31740806834425856 15
31744066563604480 24
31744449365155840 12
31745086442184704 13
31745096726609920 13
31745508766646273 10
31746913468424193 10
31747239311314944 6
31749443879440384 13
31749813007548416 5
31751008367419392 9
31751433325903872 11
31752954860011520 9
31753400517398528 28
31754236366688256 9
31757312548937728 9
31759478898561025 23
31760140914925569 23
31760876486795264 15
31762855594303488 7
31763145265520640 23
31763149904412672 23
31763182657740801 23
31763804341673985 10
31764477875585024 24
31765042370187264 24
31767856039329792 10
31768073216204800 0
31769205439205376 0
31769395265019904 10
31769479050432512 0
31769523052875777 7
31770091230076929 13
31771605050855424 23
31773184512495616 16
31774912318283777 11
31776820869206016 23
31776979199991808 0
31777091523444736 24
31777427092938752 6
31777476736716800 6
31777488208142336 23
31777782535028736 13
31778373868978177 2
31778698306781184 13
31780127859802112 2
31780569960415232 5
31781089181704192 6
31781229795745792 6
31781548416049152 23
31783210920706048 1
31785455397638144 16
31786830126911488 23
31787064592699392 5
31787173657190400 15
31787373297668096 10
31789024293167104 5
31789477273804800 6
31789696912723969 10
31790456400510979 22
31791078399025153 1
31792129172840448 13
31793296351174656 15
31793298611904512 2
31793758529921024 1
31795576903303169 15
31795708822552576 15
31800150301081600 22
31801180061433856 10
31802123293294592 14
31803411594739713 5
31803419240960000 15
31803439788855297 5
31803718215139328 13
31804215198224384 15
31806612809187328 5
31807173218537472 4
31807230709866496 11
31807594473459712 15
31808292451786752 7
31809671195009024 5
31810488266399744 5
31810603328741376 23
31811055877365761 4
31811254737702913 15
31811330562334720 6
31811864388177920 0
31812598013894656 3
31814327216377856 0
31816947943346176 1
31816986417700864 22
31817694814670850 15
31818985011945472 15
31820162705399808 10
31820266728329216 15
31821748101976066 2
31821797401821184 23
31824265858777088 23
31824638501724160 2
31824794554994688 15
31824817023885312 9
31825453668900864 0
31826421026398208 23
31827324445917184 23
31828141269848064 2
31830108431982592 5
31831410260058113 7
31836139568500736 10
31836755116171264 15
31837272005419008 23
31838446431510528 23
31839368880590850 3
31839946834714624 23
31840187944280064 15
31841010615058432 5
31841332263649280 15
31841375750193152 16
31841982963777536 12
31842252955324417 15
31844361520025600 23
31844731885457409 0
31845325505306624 7
31845403099926528 0
31845404345630720 15
31845488307208192 23
31845789533736960 15
31846049488310272 4
31847913957105665 22
31849548460597249 2
31849691155013632 10
31849694669840384 22
31849942708391936 15
31851486715576320 10
31852394992115712 22
31853087438143490 21
31853505325047808 0
31853848926621697 13
31854246383058944 5
31856209573187584 2
31857122555723776 15
31858497041735680 15
31858896867954688 23
31859055030964224 5
31861291236724738 16
31861590575816705 17
31861702156877824 0
31862468191977472 13
31864469529305088 0
31865568277569536 15
31865841687470080 12
31866849633243136 2
31868819316146176 23
31869348700229632 14
31870844829442048 0
31871158500458496 4
31872613319970816 10
31872977108738048 15
31873295653539840 13
31875281820061696 23
31876829782478848 17
31877108653367296 25
31878654489264128 13
31879597431726080 12
31879763714904064 13
31880216670380032 3
31881538727575552 13
31882212055973888 13
31882977344491520 13
31883171909869570 5
31883368232656896 3
31883562986766336 13
31883690422308864 3
31884272092585984 13
31885326528020480 3
31885627276394496 7
31885657626378240 5
31885777986129920 22
31885796969545728 15
31885983020482560 0
31886068898861056 3
31887568748417024 13
31888385719144448 2
31888462969839617 13
31889401910923264 2
31890053449908225 12
31890241614782464 13
31891056119255040 2
