311230711480864768 239
311231223190147072 156
311231651017535488 156
311231932010725378 156
311232577958711296 156
311233077068300289 167
311233332929241088 156
311233358074089472 156
311234444415606784 156
311234960315019269 156
311235153269755904 156
311235404890267648 156
311236138906042368 377
311236503831465985 241
311237309129445376 13
311237493666222080 156
311237804036333568 269
311238886166773762 261
311239095911325696 156
311239372706045954 241
311239863435423745 167
311240186396831744 156
311241075606048768 156
311241490858909696 156
311241717330362368 12
311242036089085952 5
311242648486834176 156
311243323736195072 156
311243357294821377 311
311244171006603265 1
311244565258579968 156
311245001474592768 156
311245198590099456 79
311245513183866880 241
311245597057372160 156
311245752238219264 156
311245836136878080 241
311246041653575681 156
311246393979334656 156
311246435947515904 9
311246628864544768 167
311247207670099968 156
311247945876004866 9
311248465969680384 156
311250638627545088 241
311252320543469568 157
311252739986427906 156
311252832244346881 156
311252878381690880 156
311254992298328065 9
311255189447405568 269
311256481276252162 122
311256573563523073 7
311256774906875906 156
311256829416062977 156
311258356142731265 156
311259958375235584 9
311260818182389760 156
311261929689735168 2
311262273605881858 156
311262604964290560 156
311262902755676160 67
311262911148486656 126
311263074726313985 269
311263192154263552 156
311263221526953984 67
311264723108769793 5
311265180292104192 22
311265243206651905 156
311265532613644289 377
311265545179779073 156
311265742307852288 156
311267847831683075 156
311267902391214082 126
311271467549593600 126
311271530455781376 269
311272365122260992 9
311276244857663488 9
311276710396059648 14
311276773348347905 156
311279789019373569 156
311280132948115457 156
311280963458056193 156
311281080877604864 269
311281286419464194 9
311282313990377472 4
311282544710668288 140
311282947355443200 126
311283672974233600 156
311284453098000384 311
311284792832438274 311
311285803676487680 156
311286260851417088 156
311287519155220481 167
311287804359499778 156
311287884026109952 69
311288097948200962 6
311288106353573888 156
311289704366608384 5
311290065085153282 67
311290161549950976 156
311291679883804675 156
311300085260632064 156
311300114620755968 4
311300840260517891 241
311301955932811265 9
311302559908388864 157
311302694134501376 9
311304287944843265 156
311304313119072256 2
311305621737709568 156
311305974088613889 156
311307060379795457 156
311307953770729472 269
311309367267971072 1
311312882094702592 269
311313435734441984 156
311313817432883201 69
311316241736413185 156
311316321415606272 156
311317189653327872 156
311319882400681984 156
311322638045810688 240
311324189917343744 269
311326509400989696 2
311328296157724673 156
311329126617341952 156
311329541861818368 269
311330338800549888 156
311330988909264897 156
311331727110979587 239
311334747009871872 156
311336709931560960 156
311339021009842176 236
311340111516291072 156
311340166021255169 156
311341868917063680 156
311342821040877568 156
311342883951230977 3
311343768949370881 156
311344989508616192 156
311345408934821888 269
311346189050204160 126
311347472511422465 156
311349624214536192 236
311349766791507968 156
311351041876709377 156
311352014946848768 241
311360265163771904 240
311360315491221504 156
311362282615631873 15
311362647511691265 156
311370465673363456 9
311374345408749568 156
311378376139079681 241
311378556494176256 241
311379361808920576 9
311380100006424577 126
311382306206126080 156
311382767579586560 156
311385753919815680 126
311390082441547777 311
311391546278821888 126
311392880059088896 3
311394817814974464 236
311397548323635200 292
311400677261844481 156
311401193161244672 241
311402682155945984 126
311403957195001856 9
311407744651522049 156
311408646431055872 156
311409288163782656 19
311409590153654273 126
311410458391347200 156
311412027052654593 156
311412102550151169 269
311412819788701696 156
311414484927381504 156
311415978074443776 3
311416133276291072 16
311416590459600896 239
311419501306605568 236
311420445029195776 309
311420512129662976 3
311421174833901568 126
311421548126928897 19
311422173082431488 241
311423813051117568 309
311424354116325376 13
311425092305424384 156
311427692794892288 156
311428116398628864 156
311429253063397376 156
311429479539036161 241
311429508894949376 236
311430419058946048 9
311431975149924352 126
311433761931812864 79
311434714047197184 9
311435028594827264 13
311435464815017984 19
311435477385363456 19
311436257546878976 156
311436710531694593 156
311438920913149952 156
311439847883689985 156
311440208581238784 126
311443735969931267 4
311444247704379392 156
311446248379006977 156
311450396528885762 22
311451050840297472 19
311452741174177794 156
311453173174923264 240
311453240271175680 156
311453424841551872 17
311453814899240960 126
311455840735473664 126
311456172098068480 156
311456193086365696 156
311457946284482562 261
311458067944468480 167
311458395083374592 126
311459301048852480 156
311459997307518976 156
311460513206923265 156
311460911661600768 156
311461029106298881 156
311462027333865473 156
311462052499685376 126
311462836868104192 126
311462849430028288 236
311463616983465984 5
311463621165203456 167
311464388735401984 156
311464657179258881 156
311465869333110784 6
311466292953628672 140
311466326491291649 18
311467182137696257 9
311468373349392384 156
311469325439627264 156
311469342208434176 126
311470931870613507 238
311471686836969472 239
311471921730551808 156
311472240468295681 16
311472877998338048 156
311473997885865984 122
311475910496886786 156
311476053099036672 238
311476942291480576 156
311476988445593602 156
311478318031572992 238
311479379186290688 156
311480503238803458 156
311482189353205760 241
311482990473658368 269
311483409925033984 167
311484215206219777 126
311484362027843584 238
311484701753876481 238
311487428051496960 13
311488363381280769 156
311489953009922048 239
311490116583559169 3
311490208866656256 14
311490393416015872 9
311490443739267073 5
311490657673953281 14
311491781743243264 238
311492155053068291 18
311492482208763904 3
311493409116389376 239
311493669184237569 13
311493975347458048 156
311494147330699264 156
311494461899288576 238
311496101893136384 261
311496391279128576 14
311496408039555072 269
311496424846135296 167
311496445788303363 126
311496789737996288 18
311497037185155074 156
311499289547403264 238
311499750916620289 156
311499931267514368 238
311500094862135296 241
311500908557119488 236
311501915190087680 238
311504310125076480 126
311504318505308161 157
311505853633159169 2
311505908154892288 4
311508047266738176 2
311508110151925760 67
311508114358804481 19
311508496061452288 67
311510526100381697 2
311511213966241792 241
311512879075577856 238
311512908444098560 241
311513042682773504 241
311513701154967552 241
311514426786320384 2
311515928351363073 238
311517023056314369 156
311517031461711873 156
311517320839323648 126
311517517996769281 241
311518742725156864 238
311518805627133952 238
311519405437747200 69
311519938101788672 241
311520038773477377 22
311520521101660160 156
311520755991072768 79
311521393546235904 241
311521548714520577 22
311521791967371265 236
311522135917076480 241
311522219786395649 238
311522509197545472 13
311525256500232192 22
311525977916313601 126
311526418301464576 269
311526820963033089 238
311527001297137664 9
311528037286027264 22
311529723408838656 22
311530851697577986 269
311531166245195776 22
311531535369138176 241
311531732488814592 22
311532168679673856 22
311533246611599360 126
311535238943764480 22
311535457030774784 269
311535582868299776 22
311535612224208897 126
311535746450329600 238
311535910023999488 22
311536035844726784 22
311536157466976256 22
311536459452669952 241
311536484618481665 236
311536572711444480 9
311536644010434560 22
311538107818336256 126
311539919778635776 238
311540012023939074 9
311541022880591873 9
311541350032097280 22
311544642543951872 22
311545003258286080 22
311546131513487360 238
311546236396249088 9
311546475463204864 9
311546999772164098 9
311547469513236480 238
311547578548359168 22
311548677481168896 241
311549122077401089 269
311549147255812096 269
311549566656843777 5
311549977723817984 9
311550426505961472 157
311551080800604161 19
311551462507425792 22
311552242635399168 241
311554453033590784 269
311554796958146561 238
311554906026803204 22
311555522576928768 239
311556101382475776 156
311556541801197568 236
311556835410866176 238
311557187736580096 156
311557464560635904 3
311557812679475200 67
311557871382966272 67
311558513107283969 19
311559595258691584 238
311559746232647680 22
311560308298756096 238
311560379589341185 6
311560983577518080 241
311561319088283648 238
311562128588935168 21
311562313138323456 6
311562879386124289 22
311565991542939650 269
311567618953850882 22
311567858045964288 22
311568751424307200 236
311570387198676992 241
311572069097799680 22
311573268681334784 241
311575281938878465 156
311575399391961089 156
311576498295418881 9
311576544432762880 269
311577358123556864 67
311577458807803905 377
311577907564781568 22
311577970496126978 9
311578821918851072 22
311580910694838273 236
311582156407332865 2
311583762838343681 156
311585138540679168 3
311585197277712385 156
311586145211392000 22
311589148312080384 269
311589488059113472 269
311590498861191168 16
311590729573093377 1
311592457638924288 67
311593816555663361 241
311595141989294081 67
311595473335095297 9
311597188792864768 261
311598900081483776 156
311600108032643073 167
311600888173195264 14
311602775605800960 16
311603681592229888 156
311603836752105472 17
311604335882670081 269
311604717585321984 9
311605766140342272 156
311606286238232576 269
311606416249077762 9
311607401906307073 269
311607980728672257 67
311608299516731393 269
311608546955522048 156
311608756700061696 241
311609780080889856 22
311609805255102465 22
311610694472704000 22
311612741280464897 156
311613966025646080 241
311618076409991170 269
311619162734723072 156
311623017316896771 239
311625013809778690 12
311626985128464384 67
311627056414863360 241
311629812110340097 18
311630223147954176 5
311635600216322050 6
311636820762951681 22
311637093405306880 269
311637223428722690 377
311637512827330561 156
311640817951465473 269
311641149284700160 14
311643514863767553 6
311644206928109569 14
311645377164095488 14
311646262162235392 14
311646568346431488 62
311648682246283264 1
311651081421737984 13
311651270131851265 19
311651710571511808 14
311652868161695744 9
311657062469873667 14
311657481900281857 67
311658723439419392 22
311659411296899072 22
311662062109614081 236
311663173604347904 22
311664087924887552 22
311664268300914688 261
311664893252214787 156
311665191064592384 5
311667015578419200 269
311669322433060866 156
311669813158244353 22
311670131946307584 22
311671511863930881 67
311674171031707650 156
311676993827655680 22
311677639742062592 241
311679019651325952 14
311680143741575171 7
311682932970487808 156
311684384191299585 4
311685747310723072 157
311688154878976001 156
311690285551869952 269
311691090854019072 67
311691187348201475 22
311692428870578176 67
311696413450973184 269
311700897149353986 261
311706278445580289 22
311708023280250880 22
311710145593892864 156
311711445823942656 14
311711894627041280 14
311712045621989378 156
311712519557353472 239
311713769472540672 269
311714486698536961 14
311719838622040065 22
311720996262514688 67
311721788977594369 236
311725010228232193 67
311726083961655296 156
311733352694685696 2
311735898628820992 269
311739837088673792 22
311741053403267072 269
311743574205161473 18
311744903812087808 18
311747319701856256 1
311750800986742784 5
311751472083783680 5
311756341645541377 156
311760162673266688 22
311763849474879488 19
311767905337487360 13
311771743138242560 22
311772070306512897 167
311777782952759296 22
311777896198971394 22
311777959092563970 22
311779519382036481 69
311779930436403200 67
311780937052602369 269
311781671068372992 18
311782543479435264 239
311785831826345985 14
311792886612099072 241
311796296581255168 19
311798259544911873 269
311804844589596673 239
311809659650580480 22
311810183926009856 22
311810599187255296 22
311812717289811968 22
311813317079482368 269
311813413540069376 9
311814944461037570 14
311815917573136384 269
311816446021865472 22
311817326821507073 167
311817431708467200 9
311818509615263744 22
311822020268658688 269
311822343221702658 18
311822586516471808 18
311824721383677953 236
311827376378085376 22
311827825185411073 22
311829154783969280 241
311831830749917184 269
311834867413422080 22
311834934534864896 67
311836926825099264 269
311838927512272896 67
311839372100124672 269
311841225974095873 22
311841561543593984 269
311843046302023681 2
311843188920967169 22
311845290275663873 269
311846225580277760 67
311851204252676096 239
311852026306916354 241
311852617716342785 22
311852701581463553 236
311853024542855168 13
311854127678361600 22
311854589051805696 22
311857315328425984 22
311857806070403072 311
311859374752665601 269
311861459313389568 157
311861870363561986 156
311863745188069378 9
311864328200523777 241
311864869286715393 2
311865448100675584 13
311867616526495744 167
311869088756555776 239
311869122302590976 9
311869139084013568 239
311869705319247872 2
311869789188542464 157
311870250574569472 22
311871454323023876 269
311871852798676992 22
311873077543845888 22
311873480197021696 19
311873677304139776 19
311873752814206977 2
311874000257163264 22
311874763649867776 261
311875321492287489 1
311876537811099649 236
311877045321867264 269
311878718857564160 156
311880623084158976 377
311880811832029184 167
311881310958411777 239
311882875425390592 239
311883861091053568 269
311889582117490688 292
311893029852151808 236
311893361189597185 309
311893805777436673 122
311894929846710272 167
311897345774198784 269
311897505136787456 9
311899753283739648 1
311899937854062592 236
311900046922764288 269
311900093026549760 261
311900390847307778 19
311902710297407488 157
311903268135645186 236
311906313204555776 9
311906489335939072 236
311906774557011969 9
311907042988277760 9
311908016096178177 9
311909723152732160 6
311910813667573760 112
311913355445145600 6
311913502241611777 2
311914844389523456 112
311915209298161665 314
311917667160293376 314
311920850658000896 314
311920934527320064 67
311921555309481984 239
311923581149921280 156
311927905464758274 13
311929297977896961 312
311933664235749376 19
311935694283091968 269
311937988567384064 292
311939527881129985 13
311939997643198464 67
311945043403501569 122
311945286652137473 62
311948130415411201 13
311949606793646080 18
311949673898336258 62
311952479917068288 269
311953268421058560 156
311956888126377984 236
311957936685588482 261
311959211745636353 156
311960113529380864 2
311961271157284864 236
311966509855547392 6
311967747162664960 13
311972243464921088 9
311973459813093376 5
311978983694680064 7
311979629646839808 156
311980065829289984 240
311980376203616256 156
311981408006582272 157
311981848429486080 4
311982204928524288 122
311986747368148992 13
311988093731368960 14
311989763081125888 2
311992262890504192 236
311992741003415552 236
311994343265300480 5
311997228929671169 377
311997971338235904 13
312000164921495552 112
312002161414385664 269
312002228552597504 13
312004250211332097 18
312006552884244480 5
312007811158654976 239
312008285102407680 62
312012991136690176 269
312013385380282368 122
312016233329487872 14
312018225632268289 261
312020960280727555 67
312024789718032384 13
312026937168101377 5
312028740727209984 5
312033148932354048 269
312034159767998464 292
312036374364708864 7
312038983205023744 9
312041684345167872 269
312042137330016256 269
312042540008349696 241
312043320136310787 22
312053210300960768 67
312054464406237184 157
312055433298845698 140
312055559102795776 157
312057865965821952 62
312057882743042048 261
312066837582053376 292
312072764154597377 156
312092255064322048 14
312093702115979264 14
312093978956808192 14
312095786697625600 22
312105525842165761 16
312116959527440384 239
312119446732955648 157
312122772816011264 240
312123188064686080 157
312124559606300672 157
312124609950539776 112
312127533372026880 18
312136618226110465 157
312137188647264256 12
312137243189993472 12
312137587097751553 12
312137725518180352 12
312138086240882688 167
312139973677682688 241
312140636373516288 240
312141139710971904 157
312141252948807681 22
312142326686429184 157
312142335058276352 22
312142431523049472 239
312142746091655168 3
312146005070057473 157
312146160284471296 156
312146651013869569 157
312148169356107776 157
312148181922226176 157
312148622345109505 157
312148894941323264 157
312149163406147584 157
312150614610153472 157
312150782394920961 157
312151482860449792 157
312152271364431872 157
312152376222035968 157
312152418169270273 157
312153168970674176 157
312153512899407873 157
312153621959700480 239
312155467428278272 1
312155832349499392 6
312157027696799744 157
312158856413331456 157
312158856446877697 4
312158999049023488 157
312161230422949888 157
312161238798974977 157
312161549173276674 157
312161893089435648 157
312162874594295809 157
312163533100027904 157
312163705041338368 157
312164317397147648 157
312164682314158080 157
312164921393684481 157
312165235958095872 157
312167190520553472 157
312168314598219776 157
312171103810359296 4
312171691017138176 157
312172496319307777 157
312173012218687489 269
312173729453072384 157
312174035616288769 157
312174148858286081 157
312174849298690048 157
312175524610969602 13
312175910474354688 157
312176170538004480 12
312176241824382976 157
312176321524535296 12
312178557092777984 157
312179203002990592 157
312179312046514176 22
312179349803646977 22
312179475636944897 157
312180327076462592 22
312181916726087682 157
312182260650631168 157
312182457778720768 157
312185171497582593 157
312185272152514560 157
312185532224520192 22
312186027127214080 0
312186828230897664 157
312188032000339968 12
312188111704715264 12
312188824719601664 157
312189143507664896 157
312189218996748288 157
312189785240391680 12
312189948793077761 157
312190573744369664 157
312190749938704384 157
312190968029904897 314
312191496508026880 157
312191861399896067 157
312192935158480897 157
312193031635877888 12
312194440917811200 14
312194566730182656 157
312194713555988480 157
312196831675289601 12
312198438064361474 241
312201583792381952 13
312202418458877956 292
312202460401913856 112
312202544317345793 12
312203278307950594 12
312203618063368193 12
312203634819608577 157
312203777430142976 12
312204045844639747 377
312205388038684674 12
312205681656741889 157
312206000390283264 241
312206352716017664 12
312206679901106177 122
312207615209897984 157
312208915448352769 157
312209993392869376 167
312210026955698176 12
312210286998323200 241
312210593161551872 239
312210832228491264 157
312210979045920768 12
312211973104340994 292
312212656763310080 12
312213025887240192 157
312215093662347264 12
312216167383191552 157
312216372925038594 12
312217383756521472 157
312217597661835264 157
312218457481543680 19
312219405423607808 157
312221334786678786 157
312221783577206784 157
312221791953231872 157
312224044323852288 157
312224400835493888 157
312225701069717506 157
312227039031726080 241
312227131323207680 314
312227550745214977 12
312227743699976192 12
312228003713277954 292
312228662244175872 12
312229996016066560 157
312230088311726080 13
312230138609811456 12
312230570652479489 292
312230591624007680 157
312231027831631872 157
312232583914192897 236
312232772641107969 12
312233011729014784 157
312233338901520384 6
312233510838611968 157
312234420994179073 157
312234584605601795 157
312234974650699776 157
312236836934270976 157
312238451732910081 157
312238829211881472 12
312240829903290368 12
312241060581634048 157
312244747399995392 157
312244873224921088 157
312245468820287488 241
312245884039606272 157
312246739694391296 157
312247528223551488 236
312248371266080771 157
312248803291979776 157
312249277223141376 239
312249667293417473 22
312249805730623489 239
312249889620901889 157
312249952535474176 157
312251764453818372 157
312251768660705280 157
312252234224246784 157
312252800459497472 112
312253396046462976 311
312253706416562176 157
312254671106490369 157
312255723864211456 157
312256839582642176 5
312257540031389696 157
312257875558948864 241
312257967837806592 157
312259586847567872 157
312259876250337281 157
312260081775423488 157
312260211773685760 67
312260790616985600 167
312261046452772864 157
312263651128115201 241
312265446294441984 239
312266117366308865 314
312269862871384064 157
312271154712829953 157
312276020105453568 157
312276531814756352 157
312276657660645377 157
312277244863197184 157
312280050844192769 157
312281342681432064 157
312282697454198784 157
312284505190838272 6
312287088894697473 67
312288988897628160 269
312289181835608065 13
312290339480293376 2
312291283194482688 241
312291610362793984 157
312291828433043457 261
312295154549669888 22
312295443944071168 157
312296345706844161 157
312296345727819776 157
312296505115557888 157
312297461412687872 6
312297708885008384 69
312298556126003201 157
312299218817662976 157
312299613082222592 67
312302029001326595 240
312302398095900673 269
312302838502002688 241
312303111127572481 241
312303513801732098 236
312304155530240002 2
312304574931300353 67
312306911150239746 236
312307024429973504 241
312308463080439808 2
312308714734485504 157
312309364855808002 7
312309973025685504 157
312312946778853376 157
312314712568242178 13
312316583219453952 3
312319657644285952 122
312320681062846465 67
312323076014628864 236
312323931640066048 157
312324980220248065 6
312327383548055552 157
312327698146004992 12
312327853310083072 157
312328201470889986 157
312328218218725377 157
312329262617219072 157
312331804344475648 157
312333335265419264 13
312333796647239680 157
312335033996304385 236
312335457608400896 236
312335663125131264 241
312338871784448002 13
312340742444036096 157
312341652578635776 157
312342973813764097 314
312345377141579777 236
312346580902608896 4
312350099915276288 261
312350523552563200 157
312358996042461184 2
312367342707421184 157
312368693252325377 15
312369385312501761 269
312372505891446784 239
312372585574854656 157
312376993800937472 241
312378143015043073 157
312381699784835072 2
312382882582773761 269
312384350593380354 157
312385000710475777 13
312385889898737664 241
312389291483484160 3
312389966770622464 1
312393137681219584 157
312393301229711360 157
312394022666776577 15
312397592015278081 157
312398774809030656 239
312406920143179776 239
312409910707105793 2
312420262232604672 12
312421075935973378 157
312428151726804994 269
312428202071040002 13
312428269146357760 67
312431947571945474 2
312434191524585473 7
312435844067782656 12
312441590289412096 157
312445042184826880 2
312447109989289985 6
312454882038800384 157
312455796397047808 157
312455985111392256 2
312461072802123776 12
312461748089270272 157
312462763102449664 12
312467175535435777 157
312468677079478272 241
312471080432435200 12
312472774922883072 12
312476151325007872 157
312485252989874176 19
312485395583614976 241
312487345947553793 157
312488377729568768 157
312494673400823808 4
312496002957451264 157
312496116203679744 12
312497194143997952 62
312499832365404160 2
312507507950092288 157
312512159429062657 12
312519784690507776 157
312521051374510081 292
312521856664088576 62
312524541018656768 16
312524612334403584 16
312525958714388480 12
312526285870071808 2
312528882110705665 269
312536457040523265 15
312537274933997568 157
312537291690237952 157
312537438495051778 157
312538852004880385 12
312541058191990785 12
312541553107275776 157
312542714950479872 157
312543990002110464 239
312548305966084097 12
312548792467607552 16
312550046581288960 16
312550281466478592 13
312550663148146689 12
312551074168975361 240
312558602944667648 157
312559311815585793 13
312561224401428480 12
312561698345209858 13
312562105205284864 377
312562935681667072 2
312563250237689856 13
312563975852281856 2
312568241455247360 12
312571911475441665 12
312572515488788480 167
312575136895221760 157
312577531859591168 241
312579448635523073 239
312580262368272384 241
312580690178875392 13
312582271439872000 241
312583785550069760 236
312589938598215680 12
312593654768365569 67
312594229375426561 13
312594401367044096 16
312595340882743296 12
312595370238685184 5
312597425435078656 157
312597786153582593 13
312601305157885953 6
312601753965178880 12
312602135634255872 157
312602869658431490 5
312605755343781888 157
312607240106426368 62
312607936381857792 22
312608255123808257 241
312609945457668096 5
312610402632617984 12
312615754568699906 157
312615821639811072 12
312619718165032960 13
312622540919042049 13
312622893274116096 157
312622901658525696 157
312624088629792768 241
312625091089403905 241
312625544049078272 236
312625934115151872 239
312626546496139264 13
312626689089863680 12
312629037912711168 236
312635828478300160 157
312636004664242176 157
312639255245639680 241
312639309750624257 261
312644779118833666 12
312651213214736384 13
312652811215204353 21
312656103769010176 239
312656107938123776 292
312656539951448064 157
312658708406611968 377
312659308200472578 18
312660423902117888 12
312660482593021952 240
312663145997033474 12
312663578014527488 261
312669441655717889 5
312671081632776192 157
312675645006172161 157
312676353872908288 14
312681647080349696 311
312690098569371648 292
312690153103687680 13
312692099285913600 21
312692845838479360 69
312692938125750272 236
312693068149186563 240
312694821389205504 14
312695630885695488 140
312698717872463872 13
312698755616997376 241
312701410619838464 15
312705416167555072 239
312705730761334784 261
312707823702261761 241
312709388211208192 241
312710113813229568 13
312712479404875776 21
312714727547629571 239
312715121820565504 241
312716862444142592 19
312721111265710080 21
312722990313897984 240
312723791413403649 157
312724873560604672 241
312726832283783168 261
312727134294642688 236
312731483792084992 67
312735413850742784 62
312738865762947073 5
312742661599686657 14
312743378838233088 157
312748915327901696 62
312750366536130561 236
312752543384100864 239
312755055793172480 157
312766044865445889 69
312767970034204672 5
312775498818285568 157
312776681603604481 67
312777365296148481 157
312783023387058176 241
312785489642020864 5
312793001640480769 239
312794532553031682 239
312802728248229888 62
312811997639094272 13
312817295045054464 157
312823183864627200 239
312828103762272258 239
312830305797033984 62
312832612647440384 4
312839159976955904 239
312846260933640193 13
312848328704544769 241
312852116144279553 16
312872974447431680 236
312885326655926272 239
312885343433158656 239
312888703074848768 19
312899172061818881 241
312901244064780289 311
312902397481590785 241
312902569452257280 0
312902712062799873 21
312908122685571072 241
312922349798301698 239
312924203676467201 13
312926003028688897 157
312926330163449856 239
312927743643901952 2
312928746099314689 241
312932541961236481 239
312935280812363776 239
312936862085947393 13
312939894559354881 62
312944311165669376 19
312946664149229568 67
312947549151563776 6
312949923123441664 16
312951378559524864 269
312954369115041793 157
312956080370098176 241
312958248829472768 22
312959167365263361 67
312959943345070080 236
312964112462262272 241
312965148446961664 261
312969317589340160 269
312971410555432963 241
312984110903734272 22
312990914077405185 236
312995687178567681 4
313003132084961280 6
313006466556649472 13
313007867433201665 239
313010061070974976 157
313011386454269952 69
313015408821141504 62
313015597556445185 236
313015689814355969 239
313016675479994368 239
313017791164866560 69
313018126713380864 269
313018130920243201 69
313019171099258880 241
313025626141495296 240
313026578244325377 16
313032391524487169 6
313033003897061376 236
313033184285696000 239
313043133145419776 67
313043577762631681 21
313044739563872256 236
313059591590146048 67
313071910256791552 269
313077027311857665 5
313079514550906880 122
313080596698132480 13
313082073059557376 62
313085696971776000 241
313085994733809664 21
313086707773882368 122
313094140093140992 241
313096589566672897 241
313101710786711552 69
313102545478356993 241
313107603817373696 16
313116357329821696 21
313116785140453376 13
313120471937855489 21
313121675686330371 9
313130433414041600 241
313131624562823168 21
313132224352509952 157
313137056190713857 261
313145126035783682 239
313148330479861762 69
313150796734820353 241
313152814207598593 241
313167716582293504 67
313171340435791872 157
313172967825752064 157
313176147137531904 69
313178563048247296 241
313184640590561280 377
313189862478053376 4
313189988315574273 240
313192039330246657 69
313194836922605568 311
313198167199997952 21
313208300651024384 62
313215128994717698 240
313217423245467648 16
313218232758722560 19
313226248065282048 19
313227820954419200 19
313228114547318784 19
313235152581046272 157
313241842487541760 241
313245931954925568 5
313252017890000896 9
313252982558978048 241
313256665166278656 18
313268476343099393 157
313272268002308097 239
313277120778493952 18
313280400745193472 239
313284406309711872 239
313287040307437568 314
313289284293652480 18
313296167142309888 15
313297765151145984 241
313299908436320256 157
313303276454035456 22
313304383758680066 13
313308288659894272 241
313308431278817284 157
313309114941992960 239
313310092214820864 269
313310373245771776 269
313313472840605697 239
313314924036247552 239
313316060709388288 62
313317142860795904 239
313325799866527744 269
313326391275974656 241
313326936560640000 241
313327100121726977 241
313327272092385280 241
313327620219621377 241
313329834812116992 241
313329838989668352 241
313331906773135360 261
313332863074455553 269
313335761342697472 241
313337623643037697 241
313339934708752385 241
313347383788457984 236
313348272964112386 62
313349053113053184 13
313349472547663873 236
313350214931083264 157
313351968166928385 14
313352211415588865 13
313352374985035777 157
313355831112507392 236
313356917420470272 5
313357215211872257 5
313360788767264768 0
313361136902893569 13
313361719915339776 5
313364572046245888 5
313364945335107584 241
313373958890196992 236
313373971447947264 292
313376743912255489 292
313384528511123458 269
313385447097241600 5
313385493226201088 236
313386655061008384 5
313386671800455168 5
313387179323826176 236
313388940918927360 167
313392954884648960 241
313393919574540289 5
313394821366702081 6
313395362410950659 4
313399489631240192 0
313401549000937474 5
313402736001572864 15
313405164511969280 5
313406477320732673 239
313414559765520384 0
313414815588708353 0
313414844957216768 0
313414920471453696 0
313420574380658688 5
313422747025948672 236
313423107731890176 7
313423120319016960 240
313428501619408896 5
313429751526207488 240
313435036332470272 67
313440820298653696 241
313442565112344578 157
313446193176907780 236
313447405347561472 261
313449557000331265 236
313457844978606080 5
313458964845191168 5
313463154959085569 5
313466132893941760 7
313466166473539584 157
313468964078485504 157
313479294632460289 157
313518284903428096 377
313519413171220480 18
313520142963318784 2
313522659562500096 69
313524593124061184 239
313532813947334656 239
313533032055324672 241
313536400077230081 236
313537452864327680 241
313540258828533760 2
313541542298144769 19
313544956453191681 239
313549255631572993 18
313549716996624385 241
313552485245648896 6
313572156510453760 13
313574337573687296 1
313574572463099904 67
313574874432016384 269
313575528756039681 314
313584999494471682 241
313585125311004672 5
313590837948866560 13
313594524742070272 239
313594713506725888 269
313603924185739264 5
313606717579603969 13
313607036371865600 241
313608894452736000 292
313612300215013377 18
313613323633565696 292
313613378138550272 241
313614514807533568 5
313616960095154178 157
313621766771732480 311
313623259939733505 269
313624006492303360 126
313628192432877568 377
313628779618652160 13
313632881652166656 241
313640712438697984 239
313641098310463488 16
313643468075442176 5
313644600524959747 5
313647020642549762 15
313654071267561472 241
313655442838528000 13
313655669314166785 16
313656495587872768 16
313657376383315970 16
313657766453604352 69
313657841942687744 241
313660606005788672 16
313661457470459905 16
313663281984311298 1
313665093923663873 69
313666071175499776 13
313666683552288768 241
313667094594072578 239
313667555963305985 6
313669246272012289 261
313669346956304384 13
313670336786870272 19
313671234380525568 16
313671234384707585 16
313671523791667201 5
313672547210256385 292
313674946352148480 167
313675583856967680 241
313676171084718080 236
313679115456757764 5
313680843543552001 269
313681330061836288 269
313682223461191681 62
313682596724891650 123
313684358353526784 62
313685331436269570 19
313691287339552768 1
313693518696693760 5
313694261101084672 269
313694319829737473 241
313696089813446656 2
313696416969154561 6
313698069533310976 69
313699009049010178 62
313701622092034048 269
313703610192113664 5
313704969175982080 6
313706030330683392 240
313708798562926592 239
313709234787344384 5
313711088652926976 123
313714024657342464 5
313714649596043264 241
313714934833876993 241
313715131970379776 236
313717279454007296 5
313720324506140673 62
313722245480583169 62
313722362946269184 62
313722732019851265 239
313723260518924290 269
313725219246321664 13
313726993466273792 16
313729648456523776 241
313732248916611072 14
313733112955797505 236
313735868584169472 236
313737487619088385 62
313737605038616576 13
313741874823307265 18
313747692360699905 241
313748283728211969 167
313748682187104256 269
313749399408881665 13
313750338937171968 16
313750779339104256 292
313751915991298050 236
313752834556452864 21
313752876503666689 18
313757603475906560 126
313758404604731392 62
313760883409027072 239
313761684542062593 292
313761873277353985 16
313763664245186560 241
313763689398411265 69
313765111296823297 239
313765740421447680 126
313770169598087168 239
313776037467140098 69
313778960880259072 18
313780177224204289 5
313782165328494592 167
313782630883684353 309
313787504656539649 18
313788372898435072 239
313788607775272960 5
313789689918279681 13
313790700741337088 269
313798644753104896 126
313805653422505984 16
313812553065189377 13
313812930552532992 16
313814687940755456 15
313814763463385088 67
313818752233922561 269
313823978353459200 261
313824699748605953 16
313836737426247680 309
313837039411933184 236
313837261684891649 62
313838926861332480 4
313844140360208384 309
313847017656954881 241
313849605534138368 6
313855553073979392 126
313856681350152192 16
313863522255790081 292
313866252735115264 239
313868911940608001 13
313872875528531968 157
313877631881863169 2
313880064578170880 13
313880601440702464 2
313881343824121856 67
313889526940594176 241
313896816628342785 16
313897848410370049 16
313908648764121088 241
313908841676943360 167
313911144358227969 239
313911735771877376 13
313914348827451392 16
313916332703891456 19
313923949564157953 241
313926533251215361 261
313929481876303872 16
313929783857782784 241
313931218326532096 236
313934343083012096 15
313947316048498689 309
313949723562233857 269
313953154528075776 5
313954425406386176 269
313956056982245376 4
313957218783490048 4
313961073361444867 4
313962772062945282 13
313963191497547776 239
313964189712535553 4
313968212066844673 241
313975526933032961 9
313975615009193984 13
313979972903645184 292
313980631384199169 241
313981604496277506 4
313983772938874882 9
313986419527938048 4
313986419561476097 4
313986532782510082 269
313987065463316480 69
313987229062139904 4
313987233252261889 4
313988600574398464 19
313991666598027267 167
313992966836482050 4
313999228953305088 240
313999241548800003 4
314001313505632257 269
314012013166723072 4
314012306780585985 1
314013808362418176 6
314025732743512064 269
314026798126096385 4
314028568084611072 67
314030694630305794 4
314031281803505667 4
314031319556444160 269
314031843861200896 240
314034901513031681 269
314035065090879488 4
314035866190364674 13
314039737549733888 4
314039842373763072 309
314040672845983744 4
314041415258734592 241
314042447040749569 309
314042568675565569 269
314044514845196289 269
314045349515898880 239
314045886399381504 4
314046813332180993 4
314047744450887680 269
314048440709545984 4
314050915369893889 8
314053234807410688 269
314055378088390659 13
314056292463435776 292
314056426651799552 236
314056909013524480 4
314060281217167362 7
314061220774825987 5
314061241750544384 269
314072964800868352 4
314077347852738561 167
314081105940717568 13
314083110813843456 4
314087602917609473 157
314089259697049600 236
314097602167721984 261
314098629772197889 4
314101884518559745 241
314103574831431680 13
314104216589316096 5
314104636002930688 269
314104858284273664 18
314104958972731392 62
314108079509762048 236
314114995933827073 156
314115696382578690 13
314116119990521856 9
314122591801597952 236
314124382790381569 13
314124756087603200 261
314125565558939649 241
314127121679265792 236
314127159419613184 9
314127620797251585 13
314128744879120384 122
314133165667139585 311
314136437203292160 236
314137913610874880 241
314139465503346688 240
314139868152340483 391
314143135506767872 269
314143529800704000 309
314143752073670656 67
314148550353252352 2
314148848178188289 67
314149351465316354 167
314149997413277696 21
314150039360507905 261
314150051914080256 122
314150320370483201 21
314150970491826177 69
314156070736117760 9
314157849137778688 4
314158792839397377 4
314162995532029953 4
314163100397993985 21
314163939275575296 4
314167303107395585 69
314167605084708864 236
314168255193432064 236
314173330322239489 21
314178573172867073 292
314185334395117568 239
314190069781114880 16
314193240691703808 7
314193974665551872 309
314195157467684866 6
314196512236261377 6
314197132976459777 16
314205127340859392 240
314210806411689984 261
314214568694013952 16
314228489588965376 269
314230528050069504 4
314240900559691777 269
314241336750514176 9
314246432850849792 21
314247682745061376 21
314250291606347776 14
314250530660708352 21
314250530664882176 21
314268956259123200 5
314280935191351297 67
314284756210683904 239
314285305643556864 5
314287088205971456 236
314287880954593281 157
314305023049883648 19
314307938112114689 261
314308726628700160 4
314311809450524672 126
314312556040818688 21
314313193583419392 21
314315399791538176 13
314317983466004480 19
314319812199329792 19
314320093184143360 4
314320378405220352 19
314324765647196161 314
314328481796345857 2
314330432177045504 15
314330486669443072 167
314330591527047170 16
314330662859595776 241
314334337061486593 69
314335918330875904 13
314337449243451392 69
314337759630356480 377
314344218858496000 309
314345716191465472 309
314345774911741953 309
314348937412759553 69
314349428167299073 4
314350644523835395 239
314353395983060992 4
314353442133004288 236
314354356482875395 4
314354402599251969 269
314355543449948161 309
314356491379429376 19
314357493792911360 314
314358018093494272 69
314359335121731584 16
314359867781558272 13
314361356763672577 4
314361432248549376 6
314362455658729473 240
314364741562814465 9
314365085491556352 309
314367258149404673 314
314370613580013570 309
314370789761748993 309
314371276292640768 314
314372517806620673 4
314372748501725184 4
314373033722785792 309
314373830619586561 309
314374078108692481 4
314375508357943297 4
314376758252142592 4
314376775037747200 269
314378679255957504 5
314380470198616064 309
314382965838852096 5
314384408662654976 5
314385029407064064 309
314385058775572482 4
314386258338148352 69
314386317050003457 4
314386728100167680 261
314388988830048256 241
314390880486301696 314
314391861936664578 4
314391933227253760 314
314392709207035904 4
314393149604773888 69
314393355121487874 122
314393753571950593 261
314394818941956096 69
314395481621004288 122
314395947171983362 69
314396815392919554 269
314397650076188672 309
314397910106255361 4
314398035956363265 4
314400573522857984 309
314403018776907777 236
314404872680263680 4
314405992567808000 21
314406592349093888 19
314406596539187201 19
314408559448322050 122
314408865628295169 240
314409272496775168 13
314411235418468352 4
314411575178055681 9
314412577599938560 13
314412703450009601 241
314413194150027265 309
314413533897048064 4
314415303922696192 236
314416453124239360 269
314416654484373504 309
314416847388827648 269
314417275241390081 167
314424095146143744 69
314428394332909568 240
314428402729889792 309
314430483092103168 309
314430877348282369 5
314432676725678082 69
314433905627394049 112
314435323331481600 309
314435616936960000 69
314436367692222465 4
314436824892309504 69
314436875211403265 9
314437391098183682 239
314437735031111681 239
314437873455747073 236
314438334808223744 236
314441136632647680 314
314441220514512897 236
314442654979076096 241
314443556750245888 69
314446719255453696 6
314446903800651776 167
314447771992223744 5
314447772013174784 4
314447776215863297 9
314448283714072577 314
314448417927602176 4
314448489226596352 4
314448501826256896 4
314449089020452864 309
314449139360477185 69
314449277772517376 69
314449424581529600 309
314452134089330689 4
314453019087495169 9
314454088626622465 122
314455728586911744 4
314456315802050560 69
314457309839511552 69
314457410502799360 69
314457725079801856 4
314457926423166978 239
314458719142440960 4
314459901952933889 241
314460434604359681 69
314460728222416896 69
314461558682030081 241
314461877436551170 4
314462837932191745 69
314463383221067776 9
314463634858332160 4
314463727162363905 122
314465115447627776 9
314467409740304384 69
314469204889858049 9
314469855023734784 4
314470542881210368 391
314470568047038464 19
314473374036406272 9
314473550192984065 261
314473592148611072 15
314474867217022976 69
314474867229597696 16
314477073429307392 4
314477442519666689 21
314478063259877378 4
314478142985216000 4
314478709212057600 4
314479631929589761 16
314480495972982784 292
314481368375623680 122
314481498407444480 240
314482098201325568 69
314482257563889667 5
314482920284893184 4
314483297759670272 4
314484316992319488 6
314486594491002880 167
314489576653742080 236
314490507764060160 239
314493552841351169 312
314496115565273088 9
314498242085797888 122
314498300789288961 5
314501278736723968 16
314502390244048897 122
314503413645848576 21
314506471280898048 309
314511315731365888 67
314513840677191681 239
314516189495840768 69
314518328578289666 69
314518336992079872 69
314519268119162880 309
314523034595778562 1
314527522496843778 122
314529036669968384 236
314529321857478656 9
314535995016093696 239
314542257095204864 16
314543678985232384 15
314548930253824001 239
314550373094404096 235
314551828513710080 239
314551887229767680 309
314555246837899264 69
314562419110342658 4
314565837476487169 69
314566126870863872 13
314574104445480960 377
314576109335359488 122
314579150214164480 236
314579456398352386 239
314579804512989184 69
314581159281586176 69
314586649596141568 7
314588444783411200 269
314588855795851265 239
314589354943201281 126
314593494700261376 241
314603175174873088 241
314604991283359744 241
314621508473479168 13
314626449380347904 19
314627204321529856 19
314628164821319680 309
314629028847947776 19
314629444088242176 6
314629595099955201 239
314629993529475072 314
314630245208707072 9
314639548166569984 13
314639925679108096 19
314643616641466368 16
314644891718262785 309
314646934331740161 122
314653582328745984 236
314653783638556672 241
314656501564325888 3
314656711271141376 16
314660377088634880 16
314660515492270081 13
314661094318829568 15
314663648628989952 62
314663988375986178 167
314664323932889088 236
314666697917353986 6
314671760417112065 126
314677951205605376 236
314679041728864256 5
314679717011795968 16
314682820821917696 240
314683038921523200 239
314686385963540480 4
314687363240574976 19
314693310772023296 240
314697718993915904 167
314700990534258689 167
314701372215934976 122
314702672454369280 16
314703142216413185 241
314708380897931265 126
314708573844291584 261
314709232354222080 167
314711841207111680 69
314715385368829952 9
314716522037800960 9
314719072166244354 13
314719361581608960 21
314720372417241089 21
314724092752326656 122
314724453458251776 16
314725585924526081 5
314730296144715776 236
314731550224818178 122
314734805025705986 292
314736738595643393 69
314738651194068992 4
314739511001231360 10
314739821409075200 9
314740106625957888 67
314743348789391361 314
314744779047055360 13
314745387233730561 309
314747274657951744 9
314747471802798082 9
314748373582352384 19
314751464776007680 9
314754287551016961 9
314758335037583360 9
314758565753655297 5
314764718780846080 5
