303540765458575361 33
303540773872349185 33
303545089823760384 276
303545094001287168 2
303546247447461888 2
303550978601406464 12
303551423214395393 276
303554631831793665 69
303557135848062977 186
303558201192894467 28
303559056839303172 202
303562064172040194 276
303563548951461888 276
303563947380965378 276
303564308124688386 186
303564551373332480 186
303565121794494465 276
303565176307859456 276
303565469909123072 276
303565608358907904 276
303566258467647489 33
303566266856243200 129
303567453814943744 220
303569077044117504 278
303574068253302784 276
303574714163544064 69
303574865158492161 185
303576865833103360 276
303576920384208896 276
303582742061404160 1
303583010509443072 202
303583778054492161 186
303584767926992896 187
303588735713419264 124
303590795150241794 7
303593240395911170 187
303593404007337984 185
303596939776258048 276
303597501833965568 3
303599271826059264 189
303600664313999360 45
303602857955950592 186
303603705188581376 189
303605911421865984 189
303607299723898880 189
303607371031257088 186
303607421341937664 189
303607488454995968 189
303608193093869569 189
303609417864204288 189
303610592256729088 231
303610852278423552 189
303611384971816960 189
303614941741584384 248
303616678170857472 278
303617504478117890 185
303618133606932481 189
303622000742633472 69
303623728808480768 189
303624458613174272 190
303625008087986176 220
303625150660751360 2
303626144731770880 202
303627537223933952 15
303630708113547264 2
303632541041188864 16
303633497329909760 184
303634466218311680 184
303638564044931072 189
303639721710608385 7
303639935603326976 124
303640279515287553 15
303640799621545984 186
303641210684321793 12
303646155764551680 189
303646713581826049 4
303647598609326081 14
303648890438180865 189
303652510114123776 276
303654095556849666 129
303659313283612672 202
303660177318617089 220
303662433849970689 4
303666384884338689 276
303668716921577473 185
303671950729953280 276
303672693125967872 189
303677189415645184 191
303678472876875777 248
303681572467515393 276
303681849287397379 185
303683745091817472 248
303685762560446464 185
303689667465850882 187
303691995300384769 248
303692402143682560 276
303693522018643968 220
303693568181149696 276
303699373068533761 276
303701298254069762 186
303703147937947649 187
303704888611856385 248
303711150699323393 58
303712455136276481 185
303712912294428673 248
303715416310693888 231
303717727347023872 16
303718725616558080 189
303723968463003648 58
303724589257740288 189
303724660539916289 189
303725654606749697 95
303726459917307904 276
303726719934816256 58
303732109644808192 58
303733841888178176 184
303736593326436352 184
303740640825593857 276
303741475517243392 15
303744268915331072 276
303744591855767552 14
303746668069797888 58
303747280438165505 97
303747360129957889 58
303748769403502592 97
303748882666487808 97
303749339820466176 189
303750082220658688 14
303750275141865472 58
303750342250733569 185
303751160140017664 276
303752271643176960 58
303752271647342593 58
303752913380048896 187
303753433452793856 58
303762652549746688 15
303772370731163648 97
303777416483049472 248
303779639459983360 231
303781187187535872 58
303781694694117376 129
303787709317648384 58
303788564959875072 14
303793908503179266 58
303794151764393986 3
303794315359039489 202
303798404805439489 58
303802880119435264 58
303803303731535872 276
303804209717977088 7
303807409976127489 276
303807854555570177 7
303809339347578880 186
303809582617219072 59
303810647982997504 58
303810899624488960 7
303811021250908162 58
303811507811131392 97
303811633631883264 58
303813307146567680 202
303813978226835457 58
303814716462071808 184
303814729019842560 276
303814951305347072 58
303815014257684482 58
303817660863504384 184
303818440974667776 233
303821188256395264 19
303821452510109697 248
303825537766404096 231
303826083004948480 14
303828490539642880 189
303828696047968257 58
303829597840089088 202
303830524789669888 58
303831007117836288 58
303833162977538048 189
303838640746942464 276
303840846950838273 58
303843132842328064 189
303843418054983680 58
303843573244252161 276
303844647015419904 189
303844764451749889 13
303844898648494080 58
303846177902833664 58
303846366646530049 186
303846471516700673 58
303847524278603776 58
303847817888268288 187
303852175757553664 58
303853102728085504 189
303854537180069888 190
303854876914487296 248
303857053766660096 184
303857418633355265 11
303859469664804864 187
303860677628542977 58
303862166623252480 14
303862833479827456 58
303863353577701376 58
303863403917758465 58
303864112771891200 186
303865450725519360 12
303865547211292672 186
303865832415576066 276
303865844990107648 69
303865844998471680 202
303867266871721984 58
303867577250217984 58
303868357386596352 190
303869020111781890 28
303869909291651073 69
303870416815009793 97
303870425191026688 97
303871658316406784 58
303872098726735872 10
303872337802047488 58
303872513946030081 278
303872824328740864 187
303872895636103169 15
303873038221467649 58
303873067619340288 97
303873411522887680 248
303874174886244352 4
303874288153399296 69
303874871136505856 69
303874921472348160 15
303875219272122369 58
303875491914448897 69
303876364338081794 58
303876607590936576 184
303876842467770368 69
303879631667347456 58
303880235668086785 58
303880273425219584 184
303881074537287680 16
303882156642545664 69
303882412520267777 58
303883343647363073 69
303883662410256384 69
303883809210900480 276
303884190905147393 69
303885189120147457 58
303889333117657088 58
303890163564699648 58
303890394259812352 58
303890754995122177 69
303890788553719808 69
303890826281496576 97
303891019219488769 58
303891765793013760 187
303893149938483200 15
303893154120220672 14
303894018167816194 4
303895620387758080 4
303895830098763776 58
303895897211809792 4
303896698294501376 58
303897889481056256 14
303898183111696386 276
303898661258133504 231
303900389294624768 69
303900619998126080 69
303901018457001986 14
303902276739821569 185
303903874773827584 58
303903979602067456 58
303906366194597888 58
303907108557053952 276
303909599990386688 187
303911143511035906 58
303911852331646976 189
303911923639017472 276
303912020112207872 69
303912628290482176 13
303915618795655168 58
303916482822279168 59
303916503802212354 14
303917904720715777 248
303919368516018176 69
303921176273641472 69
303922791084867584 69
303924774982258688 184
303924875658158080 276
303927115391328256 185
303928218522636288 124
303928499541004288 69
303929309037465601 58
303930038821220352 124
303930043044864000 58
303930890277515264 58
303930928013668352 220
303931024491032576 69
303932140180082689 58
303932580561031168 58
303933759168860161 58
303934778401505282 69
303937257222594560 97
303937404040011776 191
303937525645463552 58
303937655668879361 58
303939773825970176 186
303941757723353089 97
303941900333887488 97
303942034560000002 97
303942156186431488 187
303942290399956992 97
303943481578098688 97
303945964593496064 97
303946455356420097 58
303946883154460672 58
303947151577333762 187
303947503919828995 129
303947680088985603 58
303950226018938881 58
303951324909805568 278
303951584986034176 97
303951928897978368 58
303952407061217280 14
303952851644841984 95
303953405284581376 4
303953724060098560 69
303953841517383680 97
303954105737564161 58
303954432914243585 276
303955296945049601 13
303955573752352768 11
303955867370393600 58
303956928525135873 58
303959692542087170 58
303961374487375872 14
303963391918211072 97
303963639419912194 58
303964939616391170 220
303965254189187073 231
303965501653123073 15
303965950447861760 276
303966009197469696 58
303966457979600896 97
303966567044091907 129
303968899051974656 97
303970509664706560 58
303971138835447808 15
303974490080149505 97
303976658514354177 58
303980148179496961 15
303981251298217987 45
303983210038194178 69
303985353306566656 189
303987949601685505 58
303990449398497280 58
303990533259399169 58
303990822666375168 24
303992131322802176 97
303992693363712000 124
303992957583888386 14
303995641942667264 14
303997634228654080 190
303999353905876993 97
303999534256758785 97
303999689454411776 248
304003707572453377 58
304004848452513793 97
304007125934411776 58
304007201457070080 3
304007335645442049 58
304007541166338049 14
304008405197127680 58
304012255576604672 58
304014256268005377 58
304014797320622080 97
304016491823628288 220
304016491832037376 58
304016630252462080 187
304017330684432384 69
304017431368708098 58
304020627419955200 58
304022535811514368 59
304023492112826368 97
304024578424975362 144
304024968512040960 69
304025564098990080 4
304029460624195585 3
304029766791622656 4
304030429487439872 69
304032648270053377 3
304032799281790976 9
304033365517025280 202
304033927536988161 58
304034770587906048 15
304038776164999169 14
304039120089513985 30
304040470667984897 58
304041456321040384 59
304042345496715264 15
304042806895337472 187
304043255677452289 15
304043633164832768 14
304044186804576257 58
304044631421751296 58
304044912414965760 220
304045587718881280 59
304045801607409664 220
304046992798150657 233
304049073193881600 202
304051363262914560 190
304053825323540480 14
304053900804247552 16
304054781608083458 69
304055394010005504 59
304058585854398464 14
304063195398684673 58
304065883934953472 59
304067410665799681 69
304068618621165569 58
304069000311230464 58
304070459954192384 58
304074306130944001 97
304076357145600000 14
304078248747360256 184
304079448339275778 69
304080102650679297 58
304081121858187264 191
304085542637813760 58
304085848842989568 58
304086977089765376 45
304088713561001985 16
304090059915808768 14
304090282197123072 58
304090559050575872 59
304092341629771776 58
304098188464369664 59
304100713464750081 129
304102013669621760 278
304102156280156160 59
304102156288532481 59
304102479241543680 59
304102898676142080 59
304102949020385280 59
304102990942441473 59
304103414571364353 276
304104488334143488 59
304104605783035905 129
304105306202468352 59
304105394307989504 8
304107910873628672 59
304108183490809857 59
304108275765493760 59
304108821054357504 16
304112923058532353 59
304114336543166464 59
304117704586059776 59
304119998878715904 276
304121181655670786 59
304121341022449664 220
304123081662808064 59
304124562268893184 59
304124600021835776 186
304124667122302976 59
304125317222645761 59
304126370005532673 58
304127477301784578 184
304128966300680194 59
304131281522925568 59
304139095544840192 233
304140647433138176 233
304142727795310592 233
304142740357279745 233
304143252083331072 59
304143612785082369 233
304144950759677952 69
304145261167513600 59
304146074845736960 15
304146427179851776 58
304146838221643777 233
304147911959269376 59
304150055261196288 59
304150864724127744 58
304151070245011457 59
304153452634849280 58
304154308281237504 69
304154622845661184 97
304154815771078656 14
304156938097274880 233
304156967469985792 233
304157282009231360 59
304157525291433984 59
304158997496356864 233
304159714726518784 231
304159786029703168 233
304160062870548481 59
304160645853614081 59
304160872367022080 233
304162466177380352 233
304162571043368961 15
304163107901673472 184
304164454290038784 233
304164731126693888 59
304165649645723648 233
304166383669878784 233
304166643716726785 14
304166677262766080 233
304167130264379393 248
304167503561650176 59
304167847494569984 233
304168300450025472 59
304168438857875456 233
304169558749609985 59
304169793651625984 59
304170439553466368 59
304170632483074049 233
304170963858235392 233
304172771573895168 59
304173144883728384 202
304173585277280256 59
304174004716044288 202
304175229465423872 233
304175632110219265 233
304176470979379201 59
304176789746511872 233
304176819094032385 185
304178597474729984 59
304180359090798592 58
304180824650174464 186
304181730636607488 59
304182007439708160 233
304183269950373888 233
304183328645459968 233
304183538364846080 233
304183760675549184 69
304184343696396288 15
304185622933958656 59
304187426493063168 184
304187682333016064 59
304187799773515778 59
304189448155955200 129
304190840639733760 14
304191813718249472 59
304191817933524992 59
304192468038074368 2
304193269145939968 4
304194200298192897 59
304194334511747072 59
304194766525059073 58
304194787496570881 59
304195961880719360 233
304197316670271488 14
304199149551767552 59
304200357549051904 2
304200902775029760 233
304200919585808384 144
304201502573076482 11
304202463072882688 186
304203436163989504 190
304203478094450689 59
304205701075591168 233
304206611243737088 129
304206661583794176 233
304207307498205185 191
304208049894195202 14
304208532243369984 13
304217365451771905 13
304217755496886272 69
304218871185956865 15
304220825744207872 58
304222415372840960 129
304225053585846273 59
304225888273301505 185
304226077021184000 58
304226513216208896 233
304229885440843776 220
304235832972296192 19
304236030091993089 58
304236101374181377 59
304236822815449088 233
304239838520045569 186
304240018862530562 184
304241440735776769 184
304241679819481089 233
304243856646496256 59
304244288651403265 58
304248986292867074 59
304251037290729473 14
304251037324304384 14
304252173972295680 58
304252853428559873 58
304254459855396865 59
304254669553803264 92
304254908629135362 186
304257475572539392 15
304258138247401472 4
304258465432485889 185
304259576918859776 233
304260810023243776 3
304262605189558273 185
304262802317651969 233
304266468160323585 59
304267344765665280 187
304273506173087744 15
304275968237912064 184
304276496749572098 69
304278652592476160 4
304286617584144386 58
304290669302804480 4
304293219414450177 59
304293861130391552 58
304294087652155392 187
304295039734013952 124
304296662929657856 185
304297195610451968 185
304297594094493696 4
304300391691059200 13
304306200781156352 187
304310290256891904 14
304310457991311360 59
304310483178106880 13
304311967957524481 233
304312387387944960 248
304312995549413377 59
304314669110280192 231
304317663834959875 184
304318821467049985 58
304320536908017665 220
304320671134134272 231
304320943780659200 69
304321052824190977 28
304322407601164288 81
304323674264178689 184
304323732967661570 69
304324815110696962 189
304327566582493186 184
304330871694032896 59
304331316302848000 97
304332687802527744 45
304334579441995776 1
304334965322170368 233
304335435071623168 276
304337452569616384 45
304338681471320064 45
304341529403744256 45
304341567165038594 45
304344641585700864 15
304345262342676482 278
304348030570729473 45
304349108532043779 45
304350501045149697 58
304350832382586880 58
304351046308859904 13
304351172129595392 69
304352489149456384 45
304353873248804864 58
304355492254343168 45
304356800889774081 231
304357287399657472 45
304358801551798272 69
304358973526646785 58
304359871086723072 184
304359908852248577 45
304360764490260480 184
304360814809346048 69
304362786128027648 15
304362861663240192 69
304363817947774978 276
304364447072403458 45
304365223031214080 45
304366141583785984 233
304368423289384961 220
304368570077413376 189
304369778041176064 69
304370419769675776 220
304371036353347585 184
304371464159776768 45
304371724227588096 189
304373443854475266 124
304373443879636993 124
304373926207832064 45
304374383399538689 233
304377864650899457 59
304378858717712384 186
304379286524137472 231
304381962494300160 184
304383053009125376 186
304384810456055808 45
304389709365407744 233
304389910700388352 14
304390900547743744 4
304391387112153089 220
304392746062462977 58
304392934810349570 15
304393937253175296 184
304395296190898176 184
304395589808971776 15
304396906795249664 248
304397288481103872 276
304397452071550976 69
304397716300111872 248
304401189183832064 248
304401768010358784 15
304402619470864384 187
304404028731846657 28
304404859208220673 2
304407027646611456 187
304408164336553984 14
304409649095008257 186
304410399879610368 186
304410542473367553 124
304412417335640064 184
304412845150437377 15
304413319106809856 69
304414220886343680 187
304414271230590976 59
304417622458511362 69
304417819611762688 184
304417945457680384 129
304418276807680001 69
304420801761914880 59
304422659838599168 58
304422735344443392 129
304422743733043200 59
304423268016852992 187
304425952367222785 15
304427982393593856 69
304430704513654784 59
304431346258952193 69
304432394805575680 4
304432860381724673 45
304432868761939968 45
304432877179895809 14
304435330839371776 7
304444315034320898 59
304446865158578176 187
304446898717196288 15
304450707141046272 14
304451957056217088 278
304456755344179202 231
304458328203993088 15
304458395287683072 69
304458621796888576 14
304460500828295168 97
304462136623632384 97
304462371487903744 124
304466578387398656 184
304467736032055296 81
304470781075800064 186
304473113121419264 15
304476275630825472 14
304476422444027904 184
304482143441129472 13
304484064453357568 186
304487491195514880 14
304500720034537472 187
304503416980385792 184
304506181030912000 233
304510228534280192 186
304510232720207872 129
304511239336361985 59
304513227423899648 81
304513764303183872 184
304514653495623680 13
304516830368780288 69
304516922643472384 69
304516960358653952 69
304516981330169856 69
304516998119960576 69
304517186851069952 69
304520131265048576 69
304520471016255488 4
304524757586542592 187
304524883398885376 69
304527366443655169 16
304529736229593088 187
304532173116026880 233
304540154872332288 45
304542239449837569 186
304542688252928001 276
304544265294462976 69
304544504348819456 69
304544579879845888 187
304545339036274688 69
304546375041961984 248
304546601538560000 58
304548677714837504 187
304549994722123777 69
304552490320412673 124
304554193195253763 69
304554230973333504 184
304554772042760192 58
304556206473760770 59
304559008277229569 13
304559725511573504 15
304565253608464384 233
304565975003570176 69
304566293795848193 184
304567958934523904 69
304570592953253888 14
304571737989849089 15
304573528961871872 184
304581376500449281 59
304582517342732288 186
304582748042055680 69
304583586911223809 69
304584627094441984 3
304585549816164353 186
304585721778413568 184
304585755362213888 186
304585851806023680 186
304590884966649856 69
304595045716226048 275
304596144628068352 184
304596517942079488 276
304596656341516288 59
304598237585747969 69
304598891888775168 15
304599474922213376 186
304599604933033984 69
304600024371830786 69
304602268324491264 185
304602410909851649 69
304603287544557568 59
304605154001428480 6
304606445830299649 186
304607100150108160 6
304610396898197506 187
304614675071508480 186
304616713503260673 185
304619045536268289 184
304619343315075072 233
304620417069494272 185
304622124138639360 14
304624103850139648 124
304624749798105088 187
304628147175964672 186
304628495294803969 20
304628876968095744 184
304630659564072960 9
304636330267275264 58
304640038015213568 233
304643242463490048 185
304644811141566465 185
304646698578370561 20
304647872970907648 14
304647935906414594 220
304647982043758592 14
304648900600545281 69
304650498638741504 278
304652629332619265 185
304652730012667904 231
304653782745247744 186
304653875019931649 184
304654755840524288 184
304656009950023681 59
304659944207159296 186
304661097640775680 202
304663253483667456 278
304666810282811392 190
304667586237444096 185
304667703648595968 184
304667921760808961 185
304667959517933568 185
304669976952979456 189
304670039901085696 185
304673143677661185 231
304674221609598977 144
304674800423534592 187
304678457869209600 185
304678856315502592 3
304680668263219200 6
304681192551239680 189
304684317282553856 186
304687974749204481 220
304691200152178689 185
304691527295307776 185
304694077440552963 69
304697017647640576 202
304697625830125568 187
304698439533469698 185
304699534251028480 69
304699903341383680 185
304700389880655872 231
304700528275898370 184
304705808908812288 6
304707738271899650 190
304707809591840768 185
304708002550788096 220
304710108078829568 190
304710309388632064 14
304711093719293952 185
304712003879051264 6
304712142320439296 129
304712939213049856 187
304713509663567872 187
304715158025015297 69
304716953166159873 69
304717301310189570 186
304719096447127553 190
304719503323967488 69
304719826276974592 45
304719838868287489 45
304719838876692480 45
304720270873206784 220
304720337990475777 190
304721906660159490 45
304721961160937472 45
304722208641667072 45
304723164930387970 30
304723685036666880 45
304723869573472256 69
304723919917686784 190
304724670714875904 144
304727107592912896 59
304728340705730561 45
304730345608196096 186
304730458854400000 185
304730626626555907 220
304730781815828480 58
304731037647372288 14
304733856219660288 45
304734036587339777 185
304734099510292480 276
304735307465629696 190
304735357772124161 190
304737345880616960 190
304738046325186560 59
304739120079577089 190
304739799569403906 185
304740500001390592 190
304740722312085505 184
304742114791661568 69
304742412587249664 184
304742420975857664 184
304742953681842176 129
304744195174850560 185
304744790791176193 45
304749085720735744 276
304749266105159680 45
304749857497829376 248
304752436982198273 81
304752567001436160 69
304752638321389569 3
304754005668679682 185
304756488692449280 81
304757025559175168 15
304757281420091393 187
304757814088310784 202
304760179675779073 185
304760234184962048 278
304761345696489472 33
304766378873851904 129
304766777320161281 184
304767016408068096 184
304768190783840256 45
304769931415781376 187
304770292121739264 45
304771328131604481 129
304772527710957568 186
304772653548466177 185
304772921954562050 45
304773513351405568 129
304773911839637504 190
304781318946975745 11
304782531117580289 248
304793604067557379 45
304794006750105600 184
304795910968315906 231
304798536577454080 4
304800705024241666 95
304801736835600384 184
304804249219510272 69
304804261789851649 276
304805801124560896 220
304806514135269377 129
304807931810029568 186
304809689223401472 187
304811534712979458 69
304811769631739905 278
304813095002439680 14
304813740954636288 129
304814005178998784 69
304814768533946368 4
304814961467727872 276
304818920907497472 69
304826109957128193 45
304828949500936192 220
304829897384288256 202
304839217157120000 7
304854257922887681 185
304858913579343872 15
304880723955941377 184
304881021751541760 69
304887040573583361 129
304887074128027648 59
304890777715232768 59
304892094726668288 15
304894158320041984 184
304899296367616001 58
304901464814415872 276
304901611598258177 129
304901901030395904 69
304902391734620160 185
304906128859492354 233
304907055796465664 184
304908708377399296 190
304910348320903168 69
304910553850183680 15
304920917979574273 276
304922142720528384 14
304922260152676352 69
304922520203718656 15
304924936131203072 3
304925431063261185 4
304926752260640769 124
304931995136442369 30
304934817924001793 184
304939947536809984 16
304940098519179264 185
304945555325452288 185
304945639228329984 58
304946855572283392 190
304949648961970177 184
304950441706401792 185
304951913894522880 231
304954766021238785 233
304954958946635777 190
304954996699566080 14
304955206435741697 45
304955801993375744 233
304958813537193984 184
304959186800881665 184
304960159875211264 81
304960516403638274 45
304961288180727810 45
304961338491408385 58
304961493672267777 187
304964048028590080 45
304965616668901376 45
304967873221246977 69
304969387352412160 187
304969961972064258 15
304971388031217664 95
304971870384570369 14
304972453392834560 30
304975255183716352 16
304976102449872897 15
304979428524556288 69
304979915080613889 276
304980791681761281 3
304980976239513602 124
304981026562789376 184
304981949284483072 11
304985204064407554 184
304985355059347456 184
304987146039726080 129
304988605661716480 14
304988983149088769 278
304989696201740288 45
304989838774513664 190
304990321132044288 124
304991227101724672 69
304992581874483200 58
304992762221166592 190
304993814978891778 45
304994393813819392 24
304995064898285568 14
304998571311247361 15
304999846400622592 187
305001889022500864 184
305002136469663744 58
305002916647931904 58
305006641185705984 186
305008205627543554 12
305010025976455168 6
305011095528153088 186
305011858874707969 45
305013519844249602 69
305014845219164160 69
305014878802935808 4
305015407268466688 3
305015927362162688 187
305017416348479488 190
305019110838910976 186
305022562738532352 190
305023980430061568 58
305025855262961664 4
305028531233103873 184
305029164581404673 187
305029282021908480 3
305031987348000768 45
305034675917828097 4
305035300839755777 187
305035367965413378 184
305035900629434368 45
305039973323788288 15
305040375943413760 202
305043517485506560 185
305044004016361472 233
305045660766437376 4
305046705156530176 187
305048038936825856 190
305048152212402176 190
305049301447503872 58
305050899464740865 81
305051834815492096 190
305055370596986880 15
305056675021332480 129
305057039917412355 220
305057232851197952 45
305057669071392768 14
305057966858592256 15
305058143023558657 202
305058486973235200 187
305059304849956866 190
305059632009846784 81
305060386976190464 185
305061393634304001 124
305062077297483776 248
305062198923915266 276
305064971354640385 4
305066351280660480 13
305066988835844096 3
305067219522551809 58
305069006270902272 190
305072760160391168 45
305073850687836162 69
305077520708030464 45
305077768159391745 186
305083120108048385 69
305086219681935360 231
305086353912258561 190
305089113768480768 186
305090078470975489 124
305091596792258563 186
305096051130499072 95
305099427549429760 45
305101482762567680 14
305103261176852480 14
305103428944818176 14
305106314630139905 16
305106394296762369 58
305107413500043264 184
305108931846500352 186
305108965426094080 187
305110722810089474 14
305113029681491968 185
305120151622283264 58
305123985211932673 58
305127185486839808 202
305134416437587968 69
305136006091390976 186
305137398591934466 124
305137654440271873 202
305144747020935168 184
305146043073445889 10
305151248208900096 45
305153785758629888 187
305157640328204288 231
305158152024891392 185
305160731517673473 13
305164229562994688 185
305166465143828480 14
305168906195181568 14
305169115927154688 187
305173301855154176 3
305173566092095488 4
305179240960245761 129
305186337747775488 95
305190896939446272 3
305191777768443905 187
305194097205989376 59
305196378915753984 186
305202179629785088 7
305202846507335681 15
305204247421677569 187
305205765751320576 189
305207875490443264 187
305224161951895552 59
305239756378361856 186
305249499780104192 81
305270823592288256 45
305271691808997377 6
305294437515407361 4
305298921230585857 276
305300238275604480 14
305303077802635264 184
305316906401935360 15
305317132902739968 58
305319271989403648 15
305321625006514176 11
305322933629362176 233
305325072741171202 69
305333205467291648 81
305333364884373505 33
305339002012196864 185
305343116636999680 69
305344915968241664 9
305345146675949568 202
305352042103312385 16
305354462220922882 276
305360967603191809 187
305363182162161664 220
305363953930862592 45
305365451280629760 4
305383159653101568 186
305384682168672256 97
305388746453417984 124
305389136544690176 129
305391133020803075 187
305391669900099586 202
305401065145257984 81
305402784793116672 69
305409009136066560 276
305409285964304384 92
305413069243289601 13
305420375704104960 129
305423622078607360 69
305428017746944001 184
305429745770831872 81
305437094195630082 124
305440583877525505 276
305444417437827072 248
305444522333200385 202
305453586186379264 276
305453745569943553 14
305455821758791680 190
305457050689880068 69
305460318052691968 3
305461123354865664 276
305464839520780289 15
305470107558236162 2
305472036942258176 276
305472221504233472 275
305474113147924480 45
305481528643829760 184
305487291651063808 186
305487807550455808 124
305487845265657856 2
305489879498883073 69
305497756431171586 3
305497844515749888 45
305502235918471169 81
305506216329764864 220
305506535101059072 59
305513208242917376 233
305529385686020096 2
305536352416567297 184
305548192940974081 202
305555700728356866 2
305558498345889792 45
305559005844078592 184
305568979911581696 124
305569659372072961 186
305576043090157568 69
305580577149571072 59
305581395034636288 276
305590547005972480 129
305594787451527168 220
305595567587860481 220
305598335824314368 13
305601603208105984 58
305606120448356352 189
305607315820777472 220
305608414724251649 13
305610251846156288 275
305612047025057792 129
305641109336502272 184
305641247752728576 184
305644540281368576 187
305649707684864000 124
305653474165669889 187
305654501740777472 124
305663410450878464 220
305666505834651648 276
305681492103798785 4
305681508872626176 4
305685136945577984 58
305685136958169091 58
305685367619723264 58
305688819565473793 187
305690535002251264 187
305691122213203968 187
305692816707829760 187
305697841488224256 276
305699502440972288 2
305700286759071744 81
305701251453181952 14
305701654127325184 13
305704774676905984 276
305705198289047556 187
305705756131463168 185
305705877770477569 4
305706729214185473 14
305708708942475265 124
305715386270232576 184
305718192242843650 185
305718334849163264 202
305721119904763906 16
305722080400400384 185
305725792325885952 81
305725851054514176 185
305726165627310080 190
305728824841211904 186
305732100563283968 248
305732809400659970 187
305735657358241792 185
305735799952007169 4
305742569575432192 14
305745417478492160 58
305746671592153090 186
305748982649458688 185
305749645357875200 3
305750513566240769 58
305754477170929665 185
305762068886347776 248
305770772071325697 69
305774219759853568 184
305777046750109697 3
305778124656873474 81
305778355377143808 184
305784034435420161 187
305784927843147776 124
305787696087961600 220
305788820148862976 15
305790502043803649 3
305790569169448961 187
305798181822808064 14
305808222986584065 129
305808285922115585 129
305808621441277952 33
305811263882158080 190
305812916429529088 187
305813449101959169 124
305814032097632256 275
305814468301037568 124
305815202312646656 3
305815449801732096 3
305815479128305664 4
305816825516683264 3
305816888418648065 129
305816934555983872 187
305819711202017280 3
305819967029395456 4
305821762220859392 3
305822009680601088 3
305823586747297792 4
305826275283578880 184
305828091425599488 13
305831425867907072 124
305831530763276288 3
305832738722807808 45
305833262977282048 69
305833883759419392 184
305834282214100992 58
305834705834610689 3
305835909583077376 184
305840854667493376 58
305841534174101504 3
305842784059928576 3
305843169927503872 231
305844159808421888 3
305844306596466689 3
305844914770542594 233
305845950772023296 186
305846596694843392 33
305848052088987648 220
305848165372928001 3
305850090520735744 58
305850233143836672 58
305850233143840770 58
305850233148018691 58
305850233164800001 58
305850593853972480 2
305851613086633984 2
305852695187701760 3
305852711969116160 3
305853110448955392 3
305854276465463297 129
305855501198032896 190
305855622820290560 14
305855627039752192 184
305857686409474050 3
305863650713927680 3
305863873028820993 45
305864149827719168 124
305865886303125505 3
305866553180696576 276
305866922300436481 184
305869338211151873 129
305870441308893185 3
305871074657202176 3
305871477301968897 3
305871808664567809 220
305871846383960064 3
305872253227249665 3
305876611134259200 220
305878469219323904 220
305878519550984192 3
305880356639367170 3
305883208749314048 3
305883259080953857 3
305883288457867264 3
305883292660543489 3
305883317805383682 3
305883422654615553 3
305883498181443584 3
305883615600975874 3
305884412539703296 129
305884508991942656 3
305893178609893377 3
305895464501387264 3
305896181735755777 3
305896202732445697 3
305896349512105984 3
305896353702240256 3
305896391480336385 3
305896647311900672 81
305897024816041985 184
305897284858679297 3
305897628779048960 19
305897859486736384 3
305898354393624577 3
305898421498290177 3
305898471855112192 3
305898551517515776 3
305898694136455169 3
305898752835739648 3
305898790622208000 3
305898803200929794 3
305898903834869760 3
305898929034235905 3
305898987737718785 3
305899054838202371 3
305899193237655553 3
305899327467966464 144
305899973382385665 3
305901101654368257 3
305901416227155968 3
305903186244423681 3
305903391740141569 3
305903777624518657 3
305903890883297280 3
305903890895888384 3
305903911863197696 3
305903936995483648 3
305903949616144385 3
305904004125294592 3
305904012530696193 3
305904016708235264 3
305904029270151169 3
305904041865654273 3
305904046055780352 3
305904050258452480 3
305904054444376064 3
305904054469545985 3
305904092209901569 3
305904134148734977 3
305904134161313792 3
305904150904987648 3
305904150921744384 3
305904155120254978 3
305904163487895552 3
305904163517263873 3
305904176075010048 3
305904180277698561 3
305904188662091777 3
305904192864792576 3
305904209633624064 3
305904213832105984 3
305904247411720192 3
305904268358082561 3
305904280940969984 3
305904289342189568 3
305904293511299072 3
305904301908303872 3
305904306115198977 3
305904310309511168 3
305904327082516483 3
305904335458549760 3
305904356446838784 3
305904360620175360 3
305904369038155776 3
305904373224058880 3
305904373228257280 3
305904394208178177 3
305904398406676480 3
305904419348828160 3
305904419365588992 3
305904423559888896 3
305904427750002689 3
305904448729935872 3
305904503247486977 3
305904520007921664 3
305904520028905472 3
305904549363863552 3
305904557773438976 3
305904557777629185 3
305904578732359681 3
305904578753335297 3
305904582922485760 3
305904637482000384 3
305904645849624577 3
305904708785143809 3
305904721347096576 3
305904729744084992 3
305904759079047168 3
305904767476051969 3
305904801051459584 3
305904830386413568 3
305904855560638466 3
305904880739028993 3
305904884924952576 3
305904998166962176 3
305905014952558592 3
305905035936690176 3
305905094631751681 3
305905103016189952 3
305905161740623872 3
305905165960085504 3
305905174336139265 3
305905245635092480 3
305905472144285696 3
305905530856173568 3
305905535033675776 3
305905568592318464 3
305905589588987904 3
305905694408859648 3
305905702801649664 3
305905803460751360 3
305905807680233473 3
305905807684415488 3
305905837019385856 3
305905891545321473 3
305905904149209088 3
305905958658379776 3
305905962869469184 3
305906025796616192 3
305906084495912961 3
305906118033539073 3
305906218701037568 3
305906302620676096 3
305906407474094080 3
305906621383593984 3
305907074334855168 3
305907464434491392 3
305907472802144256 3
305907833541632000 3
305907846120357889 3
305907921592664064 3
305907942555807744 3
305908034830483456 3
305908080984596481 3
305908366214057986 3
305908403929235456 3
305908781433360384 184
305908844331155456 3
305909267960041472 3
305909297332764672 3
305909439951687681 3
305909632885473280 3
305909968404631553 3
305910236877828096 3
305910383670075392 3
305910387851788290 3
305910769529278465 3
305910958289743872 3
305911025398599680 3
305911130231042048 3
305911323169001473 6
305911335756124160 3
305911365124636673 3
305911721653063681 3
305912002650456064 3
305912271111069696 3
305912996725682176 3
305913307099971585 3
305913340641832960 3
305913365803450368 3
305914762506686466 3
305915626520707072 2
305915911766941697 3
305916792574971904 3
305916805128544257 3
305917706912280577 3
305917878878760960 3
305918352822509568 3
305918558364377089 3
305918814229516288 3
305919195877625858 3
305919959245144065 3
305921704088186880 3
305922052223803392 3
305922488410439681 3
305923981574295552 3
305924635889897473 3
305925327975223296 3
305925512516206592 3
305926183621623808 3
305926221357801472 3
305926615634939904 3
305927060222799873 186
305927232189251584 3
305927580308086784 3
305928087810486272 278
305928117158031361 3
305928679207346176 3
305928922493767681 186
305929631335333888 3
305929635521236992 3
305930981876047872 3
305931640385961985 3
305931652985679873 3
305933016138670080 3
305933406204751872 3
305933666234802176 3
305934358290788352 58
305934685450665984 3
305934853231226881 3
305937889890545664 278
305938695196909568 3
305940041585287169 3
305941165658742784 3
305941610233999363 3
305942029672779776 3
305942029676990464 3
305942029681176576 3
305943166358548480 3
305943321518407680 3
305944751784476672 3
305946123309289472 3
305948853834772481 3
305948950286962688 3
305953639510470656 3
305954503532888064 3
305954541277429760 3
305957397606825984 3
305958311956725760 189
305958991442370560 3
305959289237942273 3
305959998066929664 7
305961566745010178 3
305962514670297089 186
305963282215346176 3
305964527911051264 3
305964880232595456 3
305965073187348480 3
305965194813771776 3
305966172099194880 3
305972790715117568 3
305973151400083456 81
305975160501071872 3
305975470862766081 3
305976968254459904 3
305979082145951744 3
305979124118323200 144
305979782603104256 3
305979925238796288 3
305980491436277761 3
305981108007362561 187
305981976236675072 3
305983834304946177 3
305983918216212480 3
305984312443015168 3
305985151320612864 187
305988519363477504 3
305990511645302784 3
305992768180867073 3
305992956916166656 3
305993204367519744 185
305993552519888896 185
305994148090114049 3
305996517888638977 3
306006210908389376 81
306006663914213376 3
306007595062280192 3
306009771897655296 3
306010921141166081 3
306011227321143297 3
306012015837720576 3
306012145869545472 184
306013899076034560 3
306014771482882048 184
306015228674572289 3
306015652282507264 184
306017585881812992 3
306018370220859392 45
306018953216548864 58
306020224094834688 3
306020404437344256 58
306020995842576384 3
306021146820751361 3
306023520813596672 58
306024355496869888 92
306025227878543360 3
306025462780555264 3
306027098546524160 3
306028591727120385 3
306030659502215168 58
306035512349712384 3
306039723426721792 3
306043015946973184 3
306043221463683073 3
306044387476004864 144
306045398286475265 95
306045616428048384 278
306045889020047363 3
306046132302274560 3
306046560138055680 3
306047474500513792 95
306048380470165504 189
306048435000336384 95
306048585965924352 2
306050288865918977 3
306050657943691264 3
306051165467070464 185
306052788658520064 3
306054214713483264 13
306054269252030464 187
306054655128006657 14
306056341225611264 276
306057175925669888 3
306059348541595648 3
306059596026507264 278
306059621209100288 3
306059793146208258 3
306059801555787776 3
306059814147072001 3
306060191617658880 3
306060237742419969 15
306062104211898369 4
306062313948078081 275
306062519435411456 3
306063584813793280 3
306064910218051585 3
306065308668542977 184
306066466300645378 278
306067598754324481 202
306068177576673280 3
306068966089035776 3
306069431681970177 186
306072745148563456 69
306074649362567169 3
306076687811104768 11
306077266608263169 186
306077908366155776 185
306078382309920768 186
306079141495713792 69
306080961794297858 187
306082043937296384 3
306082979262906369 58
306083016999043072 15
306083327381741569 185
306083604201631744 3
306084707341316097 186
306085399363723266 3
306085537805111297 69
306085575537065984 184
306086150165131265 69
306087232312320003 69
306088498966966272 69
306089040040562689 69
306089346220580864 30
306089505595719680 69
306090529026879488 69
306090604532748288 69
306090755523481602 69
306091204309827584 202
306092554867331072 186
306093460836982785 69
306093804761526272 3
306094224187719680 69
306094610072088576 144
306096069689872386 3
306096405246787585 69
306096593969487872 3
306097965506912256 184
306100784091774976 3
306102428267335680 220
306102826722021377 3
306103363601313792 3
306104932237463553 185
306105364263337984 3
306106794512637952 3
306107968938725379 69
306107985694965760 275
306108195439538176 3
306108287680667648 3
306110607139143680 3
306110779126595584 187
306111823508299776 58
306112490394238976 69
306113920639332352 248
306117229957754881 69
306117963956768768 144
306118525989302272 184
306118697955782656 15
306118798644219904 69
306119578763808770 4
306120161759461376 3
306120660906823680 69
306120912552464384 4
306122049221427200 3
306122640588951552 69
306123110359388161 278
306125157179748352 69
306125807322034177 129
306127644402020352 129
306127812178374656 69
306127849935491072 4
306129687044825088 58
306130492338626560 0
306131226341826561 8
306131297640787969 69
306131356390408195 3
306132019073675265 129
306132480426115072 129
306132530782941184 129
306132547539197952 129
306133097022361601 14
306134007173746688 129
306136490180747264 69
306136653758603264 202
306137941439303680 144
306139245863632896 129
306139526856839168 8
306139677851787264 3
306139686269771776 3
306140361535942656 2
306140877452111872 15
306141292675624960 69
306141624042389504 124
306141645005529088 69
306141858898272257 3
306142005694697472 129
306142416736501760 185
306142777467625473 3
306144832663998464 8
306145319199047680 129
306146443272548352 276
306146472645246977 8
306146682339483649 187
306147873551171584 184
306148171329990657 187
306148959846559745 3
306149526115348481 69
306150172012969985 129
306150180393197568 129
306154009817931776 20
306155221971767298 129
306155754648383488 124
306156119552843776 233
306158267011313664 4
306158321562447872 186
306158363509661696 69
306158736769155073 3
306159210750676992 3
306160309645737984 3
306160477417897984 69
306161177875083264 3
306163518275735553 278
306163887374495744 97
306164822725234688 69
306165212791320577 8
306165489607012352 187
306165523153039361 144
306165728707481600 3
306166542389895168 3
306169205768720384 187
306170065605242880 129
306170350801154048 3
306171118367150080 15
306171521032925184 69
306171638456655873 184
306172112425603073 202
306172728975687680 129
306172733178400768 129
306173286813941760 186
306174238929321984 58
306174238941908993 58
306174243148800000 58
306174331216613377 3
306174704522235905 69
306176990405341185 190
306177112048558081 189
306180190671876096 129
306180232610709505 129
306180584911298560 3
306182048723369984 186
306182048748539904 186
306183638385565698 3
306187874624217088 3
306188646376157184 220
306189644633079808 129
306189673976442880 3
306189963400183808 69
306193490805661696 69
306194195431960576 4
306197940949635073 3
306199677378904064 4
306204748305031169 45
306206275010707456 3
306206371488100352 144
306206656696569856 3
306208602857811968 8
306211853472768000 95
306212163826106369 8
306214390988935168 8
306222154645643264 278
306223069016518656 248
306226353156534272 3
306226973926117376 3
306227200414318594 3
306229725376962560 8
306230723642273792 144
306234989224288256 81
306238197887803392 8
306238453740359680 8
306240563458482178 278
306242106970755072 58
306243172332339200 129
306243222651412480 129
306243671437750272 187
306247467308032000 69
306248939491975168 124
306250961150689280 129
306252324278530048 184
306255629394276352 129
306256380174692353 3
306256745104297984 14
306258284409663488 187
306263418208399361 129
306263455957147648 69
306263921550045184 186
306266882724462592 3
306267197305671680 220
306267855815602178 3
306268988256710656 129
306272339518173184 129
306277544641056768 15
306278622560403456 2
306282544238837761 186
306282976268931073 129
306290186285891584 24
306290542772367361 69
306294275723894785 69
306297425658781698 184
306300772704985089 129
306305268986302464 3
306309870141988865 184
306310268613431296 69
306310696415670272 233
306312944550023168 129
306318455865503744 3
306320838246924289 189
306322226574159872 185
306327989531074562 3
306333068854194178 184
306334360695611394 3
306337237971369984 69
306338756301053952 129
306342736703922178 15
306345043571138560 276
306348675846782976 248
306348789109760000 69
306348931678351360 187
306350118678962177 3
306351699919003648 187
306356804395339778 187
306361938252812288 69
306368632353607680 13
306369131479957504 3
306371085996265472 69
306374307221762048 187
306374974128680961 15
306375322239127554 58
306375926231465984 4
306379483018039296 278
306380233773293568 185
306382733591052288 69
306384654586486784 276
306388542702120963 3
306389054428180480 278
306391264805396480 186
306397166199513088 231
306398235759620097 184
306399909270151168 8
306401989661712385 185
306404254585872385 69
306406267822415873 69
306409673601458176 276
306411955319615488 69
306413599461625856 69
306413876298280960 278
306419492467113984 3
306419660264456192 3
306419790283677696 185
306420641731592193 187
306420864021311488 202
306421275050524672 276
306421434442469377 129
306422822752907264 186
306423372215099393 6
