33191722632613889 28
33191819571367937 27
33192271625064448 28
33192396690821120 26
33193476678098944 6
33193637294645248 23
33194248366985216 27
33194653989732353 6
33194797359435778 23
33194861104463872 2
33194960840962048 27
33195217758715905 6
33195322654068737 2
33195368707530752 39
33195665555193856 6
33196222072225792 27
33196244956348416 11
33197990952837120 5
33198854396448768 27
33199048240537600 45
33199458434940928 6
33199567616868352 3
33199661187600385 13
33200325326282752 3
33201084977651712 45
33203371833950208 3
33205311972048896 21
33206898425593856 28
33207140613103617 16
33208326640640000 16
33208422790856704 5
33209357202104320 37
33209871243419648 2
33210439097790464 3
33211002690473984 5
33211606263398400 23
33211993343131649 14
33212352774017025 3
33212373925888001 3
33212841112641536 23
33213205480218624 2
33213207115988993 6
33214759654391808 3
33215276099043328 16
33215612851331072 7
33215677892395009 14
33216273437425664 37
33218145925865472 6
33218180138672128 27
33218193250066432 37
33218636390858753 21
33219155788308480 37
33219399687086080 10
33219512610332672 15
33219792437518336 4
33220959712321537 29
33221138674880512 27
33221382804348928 16
33221910552645632 5
33221913660628994 14
33222929659469824 2
33224790349193216 16
33225556157792257 5
33226832933289984 15
33226850880724992 27
33227269036056576 37
33227358165008385 2
33229392691855360 27
33230318035009537 50
33231410873503744 27
33231607418589184 27
33232351123218432 16
33233626095161345 11
33233884216819712 45
33235570180227072 15
33236204107341825 15
33236564788121600 3
33237235876904960 27
33237656133435392 27
33238710594187264 17
33239137964265473 5
33239404780720128 2
33239547781320704 27
33239717222948864 27
33240836636409857 21
33240972036935680 2
33241391375060992 3
33241467132579840 3
33242080096559104 5
33242620163522560 21
33242991317491712 3
33244405448052736 27
33244738937159680 23
33245941343461376 2
33246192376750080 27
33246245619240960 45
33246485776695296 27
33247131246526466 2
33247185717956610 27
33247849663836160 27
33249501770682368 39
33249813399076865 15
33249860547252224 23
33250008883007488 15
33250235962621952 12
33250453860913152 2
33251038848880640 27
33251413001764864 6
33251637552226305 2
33252003106783232 15
33252114020962304 25
33252511573868544 6
33254239627116545 26
33255722284224512 16
33257909794115584 21
33258453669519360 6
33258941475459072 2
33258961700528128 3
33259197709688833 5
33259647980802049 3
33260124898328577 10
33260307283447808 27
33260621386481664 27
33260958885347328 2
33261919905251328 27
33261940688031744 27
33262103364112384 37
33262971782176768 15
33264471271153664 27
33264982988693504 27
33265599333273600 6
33267510186868736 27
33268049675034624 5
33268384489672704 29
33268488093044737 23
33268585421864960 27
33268742729236480 37
33269271605809153 5
33269359585529857 16
33269376509546497 9
33269504297406465 27
33269747457986560 29
33270112383410176 17
33271558214524929 8
33271968107073536 28
33272036319043584 27
33272400296550400 2
33272525483933696 3
33273630221664256 28
33274078861205504 15
33274297686573056 14
33274805956378624 21
33276150629269504 37
33278774036402176 27
33279006446985216 45
33279674582831104 3
33279954791702528 27
33280055178170368 13
33280489796145152 14
33280920836378624 14
33281252509483008 21
33281745600126976 17
33282345930854400 27
33282613162541056 3
33282864288104448 10
33282994512859136 27
33283136804626433 13
33284401936728066 27
33285518682759168 13
33285922183327744 4
33286086541189120 21
33286243110359040 6
33286568416387072 23
33287991682138113 13
33288316464005120 5
33288536677421057 16
33289072529121280 5
33289072579448832 6
33289881463554048 6
33290517185830913 6
33291186630299648 27
33291305136160768 13
33291326040571904 39
33292259323547649 23
33292529289928704 3
33293109186011136 2
33293120409960448 23
33293212663685121 27
33293679170953216 13
33293833861079040 21
33295974021472256 14
33296706040766464 12
33297787042922497 48
33298612591001600 1
33298867390779392 12
33299976855490560 2
33301004434800640 27
33301926867107840 27
33302076331139072 13
33304277246025728 4
33305131869011969 2
33305407556423680 27
33306328940150786 3
33307394914127872 14
33308814212075522 2
33310045278044160 16
33310482420998145 25
33311260766380032 27
33311342983127040 2
33311396003446784 3
33311855258632194 15
33312830832779264 6
33313511085969408 3
33314144924991489 23
33314820841275394 27
33315423587926016 6
33315769223741440 37
33316736610603008 27
33316849793896448 3
33317258596069376 5
33318465452376064 28
33319537222881280 5
33319669343461376 15
33321637201838081 27
33322282571014144 14
33323217259077633 5
33324963490435072 37
33325279938224128 3
33325416328462336 16
33325494132809728 13
33326896313794561 28
33327930738221057 5
33327948077469696 2
33330925278339073 2
33331306490236928 23
33332165697601536 27
33332179522027520 11
33333554754621440 29
33333604473905153 6
33334443204677632 29
33337095107903488 9
33337349521805312 12
33339145753460736 23
33339340247535617 15
33339533151965185 3
33339533743366144 3
33341125083271169 23
33341683760369664 48
33342487686807552 2
33343474636034048 21
33344603553792000 27
33346093525762048 13
33346266360455168 23
33346654094495744 27
33347103187017728 27
33347524437737473 3
33347605379547136 12
33347616108449792 6
33348131680686080 6
33348377513033728 27
33350237129019394 23
33352186536656896 23
33352984645599233 6
33353153395040257 5
33353527057190912 14
33354525599342592 11
33355922768134144 10
33356134869901314 59
33356246027345920 11
33356335970000896 11
33356503989616640 11
33357302580912128 21
33357376706846720 39
33357617275342848 3
33359847932043264 27
33361107498311680 3
33362303705415681 3
33362388803653633 27
33364655128711168 37
33364889586114561 9
33365141173043201 57
33366582008741888 27
33368531206668288 21
33369625563496448 12
33369992103723008 29
33371610496897025 48
33371739924733952 5
33373628129087490 15
33373801777467392 16
33373840193097728 45
33373846279028736 45
33374225104375808 2
33374485453217793 21
33375006629036032 4
33376863187501056 27
33377534213099522 5
33381199896379392 10
33381588280549376 11
33383797051359232 15
33384623333441536 3
33386062835351552 21
33387787151482880 11
33388532097622017 13
33389409176915969 37
33391536595017728 2
33391674583425024 21
33393031780499456 27
33393339436896256 2
33394385118822400 5
33394443545481216 8
33395956993105920 45
33396223817809920 23
33396269518950400 16
33399394887802880 5
33400457640542208 2
33400760528011264 2
33402151556349952 27
33402920149979136 5
33403741688307713 14
33403746633392129 14
33404161005461504 14
33406126372425728 28
33407065594535936 23
33407906174996480 13
33410471394549760 3
33410666744258560 0
33410775343169536 16
33411054734155776 0
33411338659172352 27
33412136533233664 27
33413697732870144 26
33413863420461056 21
33414684539363328 16
33418299542999040 11
33418751206490112 13
33420322896089089 6
33421419345874944 21
33424298379059200 3
33427300426977281 3
33430749147308032 27
33430827295580160 2
33431178606280704 26
33431641498062848 21
33433347908706304 2
33433747902697472 15
33439114237841408 5
33440118673117184 27
33440459686674432 6
33441821556219904 15
33444524231499776 48
33445664922800129 16
33446053793628160 10
33447406443954176 10
33449722408603648 48
33453318646800384 2
33453860722966528 3
33455373692178432 27
33458110400036864 11
33458293678538752 27
33458990092386304 37
33459849174056960 2
33466017904599040 6
33466112662310913 2
33466267985772544 5
33468260049494016 6
33469966896332800 3
33470137596125184 3
33470196421230592 28
33470823314497536 3
33474372425482240 3
33474482333159424 12
33480137362112514 27
33480970417995776 5
33481092530970624 6
33481427454525440 23
33481475881967616 13
33483791594946560 12
33484187910541313 11
33486057508970496 15
33492540477018112 2
33493661861814272 14
33496569370124288 5
33496967971606529 16
33497247777824768 26
33498398975856640 21
33499148292603904 13
33499533832880128 29
33501224246444033 27
33502042446102528 45
33505508052701184 26
33507411381719040 17
33508344199118848 23
33508591453343744 14
33509492855410688 14
33510112081481728 16
33511800787968000 14
33513543366086656 23
33514140244905985 13
33514651547344896 6
33515230587785216 25
33515506744950784 2
33516419014463488 23
33516922268024834 31
33518028993855488 13
33518319839481856 27
33518674736320512 23
33519247472726016 13
33519406084530177 27
33520403490156544 37
33520668909764608 13
33520902477975552 13
33522803978272768 5
33523197995384833 21
33524717671559168 27
33524943803121666 3
33525722479861761 48
33525945243537409 5
33526878752997377 6
33527419218436096 0
33527536038187010 5
33527838854352897 25
33527841312210944 5
33528056157188096 13
33528419429912577 6
33528859383037954 2
33529042191785984 5
33529435751714816 11
33529450767327232 21
33529783019110400 0
33531750735032320 23
33531757508689921 3
33532317314056192 37
33534430836428801 21
33536257858478080 27
33537581769555968 21
33537648752590850 21
33538179063754752 16
33538230116683776 23
33539217275486208 23
33541239060041730 17
33541251349348352 23
33545220180287488 37
33545492285624320 27
33545619612106753 28
33545689933807616 25
33547191578525696 45
33547217537073153 0
33547231877398528 0
33547245555032064 0
33547789946462208 0
33548739545137153 5
33548850287345665 23
33549951497670658 9
33551062635913216 0
33551717224284160 37
33552283149017088 2
33553119631646720 28
33553741655310336 10
33554064633503744 10
33554336902553600 27
33554739551543296 31
33554898305949696 27
33555403564392450 3
33556639583830016 48
33557435343966208 39
33560023292452864 3
33560298900164608 27
33560398212890624 15
33560769601732609 0
33561051022757888 23
33561216639045633 0
33563028075057153 5
33565715608903680 14
33566016902537217 3
33566253155090432 3
33566712917925888 15
33566821449736192 5
33567410619420672 3
33567685698654208 31
33567946399809536 29
33568242765135872 16
33568634760601601 50
33571020623319040 17
33571210457522176 2
33571684388704256 5
33572644611690496 28
33574118527868928 28
33574646964027392 37
33574765520224256 6
33575325732446208 12
33576866518405120 14
33577470590582784 16
33577517885427712 37
33577664384081921 6
33579788874547200 0
33579862476197888 16
33580129187790848 45
33580239875473408 10
33580547141935104 17
33581312786833409 3
33581589627666432 16
33581762919530496 27
33582658525069312 17
33584434007506944 13
33586086957547520 0
33586995477356545 5
33587659267899392 6
33588129596182528 14
33588181140119552 17
33588700671643648 17
33592927120789504 6
33595067021139968 29
33595147593715712 17
33595165004275712 48
33595186235838465 37
33596631106457600 1
33596831690653696 13
33596939387797504 16
33597238831751168 17
33597493732323328 21
33598179383574528 27
33599468855107585 15
33599563352776706 14
33599844258033664 21
33602459460964352 3
33602550338953216 21
33602824688369664 37
33605658687307776 17
33606324759568384 3
33607227793219584 2
33607892988858368 16
33608000958631936 45
33608188456603648 23
33608345365516288 27
33609640239570944 17
33610192662831104 12
33611167905611776 27
33611210293252096 37
33612029910585345 16
33612098655227905 2
33613584332361728 37
33614906674651136 29
33615376298278913 27
33615382547791872 3
33616636950880256 3
33617212061257729 21
33617943824699392 1
33618287334002688 6
33619968625086464 21
33620769611190273 28
33622052933992448 14
33622320245374976 12
33622680586424321 45
33624619323752448 3
33624690719199234 16
33625102922817536 9
33625816206147584 27
33626952602484736 31
33628017070841856 12
33628903159365632 9
33629265694031872 2
33629338909806592 31
33629339748663296 17
33629903358271488 12
33630971337113600 31
33631021220110336 25
33633432428875776 17
33633840232665089 2
33634456401092608 14
33635218019581952 17
33635369165520896 2
33636077730275328 14
33637351326486528 29
33637742415974400 21
33638358332735488 2
33638750793768960 16
33638979567878145 6
33639535090868224 11
33639592749957120 11
33642490078691328 50
33644283529527296 2
33644706596392960 12
33645398132264960 6
33646345524875264 14
33646487715975168 9
33646929720115200 2
33647509888835584 27
33648362540503040 3
33649603823935488 17
33649782559866880 14
33649826826555392 15
33650505087455232 8
33652056137015296 2
33653130809974784 6
33653238003662849 14
33653239220146176 17
33653348641017856 17
33655268201996288 31
33657020422823936 16
33658285156597760 27
33659477823590400 28
33659883861577728 14
33660591826534400 28
33661669712338945 15
33661673067773953 15
33662111070552065 15
33662554710478848 13
33663370846535680 37
33664013007060992 11
33664126983086080 37
33664179340574721 11
33666771730829313 5
33666958230552576 6
33667147775348736 37
33667388817805312 15
33667614332952576 28
33667671601975296 23
33667835548934144 26
33667971406626816 17
33668247375060992 4
33669512817549312 37
33669726047576064 29
33670893158801408 21
33674151948455938 2
33675478296432641 4
33677205250772992 17
33678862260899842 23
33684239400566784 27
33686028132818946 37
33687476962852864 3
33687718391185408 23
33689444728963072 15
33690022972497920 29
33690406520623104 31
33690990938165248 3
33695058750349312 23
33697978627657728 5
33699340019044354 2
33700450280669185 6
33700591892959232 14
33700801083867136 13
33703316437340160 15
33704807181062144 17
33705895070269440 5
33706609385414656 10
33707138433945601 21
33707611262029824 5
33708437988835328 2
33709346479284224 23
33709364598542336 17
33710874514432001 17
33710923331932160 12
33712124932923392 5
33713791854313472 15
33718442049667072 13
33724367154184192 6
33725260448669696 31
33725692843659264 5
33726035354722306 4
33728276685914112 29
33729419537285120 13
33732829368029184 31
33734396930564096 16
33735327810068480 12
33735384575770625 23
33736325714681856 2
33736627268354048 39
33738051641413632 31
33740073593733120 31
33744788364869632 17
33746331776327681 2
33749775782248448 37
33750566500827136 13
33752409796780032 5
33755473865875456 29
33761633603948544 5
33763862268350464 23
33766008078475264 6
33779867879342080 5
33779890838835201 45
33780034149818369 12
33788424825606144 5
33791357524901888 26
33792245094289409 14
33792850932011008 14
33793054187986944 2
33796976818528257 4
33798771540238336 12
33800817576251392 14
33805013625077760 11
33805290382032896 8
33810754960367616 11
33812626093907968 25
33812636726464512 14
33815596160253952 21
33816139578482688 5
33817367196733440 10
33817989102964736 14
33820768919879680 31
33820993608744960 5
33823403328671744 3
33823828090036224 16
33828341907718144 2
33829483270111232 8
33829967502516224 39
33832369173561344 15
33834793690992640 10
33835110490963968 14
33837842882891776 37
33839671452639232 28
33840094867623936 57
33840495138570240 21
33845715419533312 14
33850024282562560 15
33851490628014080 10
33856970993704960 23
33858109449437184 12
33858317977649152 2
33861430079913984 21
33866244889255936 6
33870356682899456 11
33872042138796032 29
33872857842851840 14
33874115857227777 5
33878396152840192 3
33882270234312704 17
33886610151968768 10
33886665583894529 6
33887189439877120 23
33888095787032576 31
33891139450830848 37
33891412583911425 28
33891900771680256 2
33893533110763520 4
33895424301473792 26
33895963147898881 4
33897048218533888 14
33897544161562624 59
33898013013442561 17
33898539859845120 3
33901964072853504 11
33903004490928129 14
33903277682724865 2
33903294195703808 39
33903886590939136 4
33907615037657089 2
33908552460410880 31
33910806470991872 2
33912396934291457 21
33913606059855872 37
33915143591043072 6
33915254974976000 23
33916042111623168 21
33916839809523713 14
33917306107215872 23
33917503407132672 2
33917778238906369 23
33917872883372032 12
33918077670260736 6
33920364622913537 21
33926681789988864 4
33926698424606720 23
33932484701851648 37
33935241240387585 23
33936078578651136 2
33936280073011200 21
33936788615602177 17
33936861063815168 23
33937695579308032 23
33937742693933056 0
33938897822031872 48
33941299740549120 0
33941721645580289 16
33942236148273152 28
33942491422003200 6
33944012440207361 45
33944052093157376 37
33945188330110976 11
33948762376249344 6
33951405974757376 4
33951749853159424 15
33955131271684096 45
33955546235150336 14
33955805367631873 37
33956871622627328 13
33958467559497729 17
33962354303569921 4
33962846387707904 2
33966053277044736 12
33966209263214592 23
33967221793357824 4
33968999230345216 23
33969567768256512 37
33969763558363136 15
33973534418014209 0
33974972925870081 12
33976108340748288 2
33979402219945984 4
33979799852552193 14
33980897241858048 23
33983160601546752 23
33985085640282112 10
33986017702715392 37
33986023419547648 6
33986192114454530 2
33988594456596482 13
33988641827069952 21
33988669442363392 23
33990778749460480 6
33990924681871361 5
33991674623426560 10
33996347837259776 23
33997528017936384 6
33999409423323136 4
34002285335945217 12
34006025543614464 13
34006529661206530 6
34011226669326336 27
34011355421868032 5
34016228007743488 15
34016847690989568 48
34017816617160704 6
34019476353585152 17
34022619619524608 6
34027430855315456 23
34029986566373376 45
34030043801845760 6
34030251944189952 17
34030519779860482 57
34031933511962624 17
34033267573260288 5
34034066432987136 6
34034345895272448 2
34034485368459264 0
34034504775503872 39
34035421985906688 21
34035444312186880 10
34037388133015552 25
34037666857095168 6
34038898560602112 37
34039093792866304 4
34039481267007488 13
34040710055337985 23
34046080261824512 29
34046120388726784 7
34048028532805632 21
34048651693129728 29
34048987593973760 37
34051030677336064 15
34052631659806720 37
34053242216255488 23
34054770297667584 23
34057568657608705 13
34061854267408385 25
34065926030626816 12
34068237306040320 14
34069181309657088 37
34070689170333697 14
34071113352876032 2
34071488239894528 21
34076882446065665 48
34080606237233152 45
34081190109519873 6
34083874724261888 37
34084115972104194 23
34090639834480642 16
34092199566114817 5
34093639260962816 21
34095140222017537 5
34095356878790656 23
34096959190999040 6
34097190330695680 4
34098551369760770 45
34100187647451136 45
34102258668937217 5
34102550642823168 1
34108106573090816 48
34110288408092672 14
34112227086696448 10
34114967892398080 5
34119572709711872 37
34125620560531456 5
34129029539827712 45
34132144339025920 17
34137089796739072 3
34138235705761794 48
34139231714541568 15
34141201615560705 3
34141762964426752 6
34145556880171008 10
34146608102772736 9
34148679891816449 4
34152096089509888 5
34154884924178432 14
34156830879911936 8
34157806605045760 10
34159426722078720 3
34160539831767040 23
34161535391633408 6
34161716623310849 23
34163466625359872 8
34169684743946240 14
34170614994440192 10
34173324812623873 3
34175415006265344 3
34182136441339904 3
34186356427063296 28
34186687638667264 16
34191143667240960 23
34191148067065856 6
34192105198854145 12
34195141094805504 12
34196242544197632 3
34196556970328064 48
34196606400069632 15
34197967921479680 3
34199168360652801 37
34199299428581376 12
34206159887933440 0
34207433509314560 10
34207984519225344 23
34211032578654208 11
34211398351331329 50
34212573473677313 6
34214291934543872 23
34219593782267904 45
34220035962568705 5
34220554386939904 6
34228587775139840 14
34229615492861953 12
34235209037647872 31
34237514923376640 4
34238894287364098 3
34241267537813504 10
34242061905436672 28
34242790003048448 6
34247861470240769 17
34251516520960000 45
34251517829586944 37
34254801533403136 21
34258521369477120 3
34259848925290497 37
34263076177969153 5
34264144685305856 17
34265236806565888 0
34265655301640192 4
34265847648223232 6
34268118356328448 0
34272772473495552 0
34272896184483840 6
34275032582594560 14
34276339871649792 2
34279777351241729 37
34280785636757504 37
34283428484481024 0
34286442272268288 23
34286510236766209 0
34286606911279105 5
34288043296817152 12
34292588471123968 5
34292862321430528 14
34293187421933568 14
34293197488259072 14
34294472170799104 6
34296069638590464 37
34298494160211969 14
34298876852699136 37
34299332588998657 37
34301542165123072 2
34303174483382273 16
34304486272933888 21
34304840330903553 3
34305026885160960 23
34305626242809856 45
34306892939403264 2
34309820718776321 23
34310549445550080 4
34310555804110848 4
34310562204622851 4
34310653866934272 4
34311669249220609 23
34314302349512704 6
34314715232473088 3
34314860862898178 23
34315199049629696 4
34316622445420544 4
34317781000261633 5
34318388415172608 37
34318421470482432 14
34319839069732864 28
34321306690256896 4
34324391311446016 37
34324823068905472 2
34325608863371264 37
34325696872448000 48
34325880499085312 28
34331343496159233 4
34331630046806016 11
34333293511966722 37
34334372953849856 16
34335209121910784 45
34335365527511040 13
34336055268220928 23
34337080268161024 21
34339551702949888 6
34340702926151680 6
34345571686817792 5
34346658917523456 28
34347074539495424 45
34347508419272704 11
34347650732007425 2
34348423045976064 2
34349703500005376 5
34353916917325825 37
34354688874782720 23
34354961219325952 5
34358705331900416 14
34359087068086272 2
34359435094790144 5
34360926228447232 37
34361955590344705 29
34362237711810560 25
34362309526691840 31
34363035288080384 31
34363037351682048 31
34364263023771648 13
34364701408378880 31
34365038613495808 31
34365537182027776 37
34368392945205248 37
34368715411689472 37
34370993459826689 23
34371622764814337 31
34371870492991488 23
34373436943892480 31
34373982169989120 6
34374037694062592 5
34374988265947136 31
34375261591965696 31
34376462039519232 31
34376914558779392 37
34377194927034368 5
34378139689820160 8
34379174877601792 23
34381288970395650 31
34381366368010240 31
34381947379650560 31
34383106626555904 3
34383338391216128 31
34384635995623424 16
34385815979302912 31
34387266558365696 31
34387370849599488 10
34389474792185857 31
34389740572647424 31
34389803298463744 15
34389878783348736 3
34390055866859520 0
34390242538561536 31
34390273010176000 5
34391562171453440 37
34391586255147008 31
34391667754672128 31
34391935812632576 31
34392120248770560 31
34392127727345664 50
34392232559640576 37
34392310380761089 31
34392380249481216 14
34392384246652928 31
34392428161015809 37
34392551406444545 31
34392568645033985 2
34392987211399169 31
34393574502039553 31
34393593447714816 31
34393910021197825 5
34394832952627200 31
34394983192596480 31
34396059736211457 21
34396060751241216 31
34396071836786688 31
34396362376224768 31
34396687300562944 31
34396892804677632 26
34397008634707968 31
34397230911725569 37
34397248322273280 37
34397318908219392 37
34397328915968000 31
34397368371642368 37
34397487959638018 37
34397490883072000 37
34397493319962624 37
34397512055914496 37
34397579668234241 37
34397602740961281 31
34397689013600256 37
34397865757384705 37
34398444525191168 45
34398563370934272 37
34398574464733185 37
34398633805750272 37
34398754505228288 37
34398939465646082 37
34399039189422080 37
34399073184256001 37
34399111201562624 37
34399161751175168 3
34399464714141696 37
34399644939198464 37
34399736945442816 37
34399879857967104 31
34399985877385216 6
34400208699793408 37
34400357044072448 37
34400540280627200 37
34400592298381312 37
34400678583468032 37
34400717196230657 31
34400981689040896 31
34401025494495232 37
34401165084991489 37
34401231157862401 37
34401240435658752 2
34401549149016064 37
34401676228042752 37
34401682125365248 37
34401697270861825 31
34401752635674624 37
34401934265819137 37
34402327452459008 31
34402382305562625 37
34402409690177536 37
34402470247538688 37
34402613571096576 37
34402628662337536 37
34402645544275969 31
34402748569104384 37
34403219337646080 31
34403284609400832 37
34403409780015104 37
34403535479115776 37
34403551081930752 37
34403589782773760 37
34405716064206848 37
34405808838025216 37
34405982792585217 37
34406400478158848 31
34406835406643200 37
34407192866070528 37
34407437792444416 37
34407494130343936 37
34407649063731200 31
34407656936448000 31
34407785890320384 31
34408210815258624 37
34408337789419520 37
34408706607157248 31
34408772654862336 31
34409078469955584 37
34409168588771328 31
34409324826730496 37
34409413359960064 37
34409473984438272 37
34409737286062080 5
34409782366568448 37
34409918974918656 31
34409938834956288 37
34410043285708800 31
34410297905123329 23
34410524514975744 37
34410525756489730 23
34410615913054208 37
34410828983705601 31
34410906624458752 37
34410933472206848 31
34411001407344640 2
34411129597861888 37
34411573774786560 31
34411972657160192 37
34412019260067840 37
34412605757988864 59
34412864156475393 2
34413544862654465 31
34413591784333313 37
34413636835352576 37
34413882617372672 37
34413930558263296 37
34413981972037632 37
34414085865091072 4
34414203192221696 37
34414266077413377 37
34414501302513664 37
34414727962558464 31
34414955188977664 31
34414975405522944 14
34416067287715840 31
34416275937562624 2
34416648752472066 8
34417574947065856 31
34417592630255616 31
34417692307886080 31
34417791389925376 37
34417923682476032 4
34417988048257024 37
34418201609777152 31
34418287009857536 31
34418503591141376 15
34419526237945856 12
34419593690750977 37
34419758312988672 31
34420014308134912 31
34420150815952897 37
34420525224693760 37
34422346622308352 37
34422356973715456 31
34422393459974145 31
34422424405540864 37
34422623668539392 31
34423256077312000 31
34423319444848641 31
34423422805086208 10
34423657040191488 31
34423912271974400 31
34424875531632640 37
34425322887712768 31
34426660258320386 31
34426678516121600 31
34426779338801152 31
34427032670572544 31
34427720850997248 31
34428371085561856 10
34428435535233025 2
34428672270278656 37
34429432101867520 31
34429753695932416 37
34429790471589888 37
34429878568890368 31
34430082164461568 31
34430447878406144 31
34430709695254528 3
34431401046704128 37
34431431744831488 37
34431620966645760 37
34431867121831936 37
34431894930071553 37
34431990698606592 37
34432174874693633 37
34432219510476801 37
34432224975650816 37
34432460280303616 37
34432499190865920 37
34432729877725184 31
34432784940400642 2
34433660904013825 31
34434227672055808 31
34434367791038464 14
34434975658934272 37
34435308623757314 37
34436143890046977 37
34436181034803200 14
34436185229107201 14
34436354985164801 37
34436614763585538 31
34436767029399552 6
34437233326956544 37
34438819570778112 31
34438963842256896 31
34440115715571712 37
34440503550279680 37
34441039129354241 37
34441599870050304 37
34442989090635776 37
34443187745460224 37
34443339717672960 37
34443591153618944 31
34444940020817921 37
34445637671981056 37
34447182627078145 31
34447243138310145 37
34448098147180544 31
34448214090326019 31
34448288644075521 14
34448484396441601 37
34450386169364482 31
34451108063608832 37
34451164405702658 31
34451548100624385 31
34452332079095808 37
34454132362461184 31
34454771528105984 31
34455216728317954 37
34455252182769664 16
34455320864493568 31
34455594979041281 37
34455793956818944 37
34455917210779649 37
34456111033618432 5
34456190230462464 31
34456558750404608 31
34458295557169152 37
34461462437036032 14
34461533526298624 37
34461949269901312 31
34462965369405440 45
34463762845147136 37
34465710629453825 31
34465813238906880 37
34466322922348544 2
34466337283645441 2
34467610309435392 31
34467845525995520 4
34468327074041856 31
34469851045040129 5
34469914492280832 14
34469977272619008 28
34470297369317376 26
34470297428037632 26
34470674902814720 31
34470756733689856 37
34470862530809856 31
34471235702226944 37
34471727304015875 23
34472209925799937 37
34472633865076736 45
34473198565203968 37
34474541094805504 31
34475260216614912 31
34476535574437888 31
34476978543267840 37
34477837759168512 37
34478479634333696 31
34479042157613056 37
34479074436976640 31
34479202405191680 31
34479462124888064 15
34481470739324928 37
34482122810982400 31
34482124815863808 31
34482153215500288 37
34482440965722112 37
34482791081058304 14
34483268699164672 37
34484610914197504 31
34485665966067712 37
34487012094377984 31
34489294009671680 39
34490790487007232 37
34493916287868928 11
34495093771747328 31
34496356219355136 37
34496495923240960 16
34497319248334848 17
34497911060561920 31
34499314931732480 2
34500165033263104 31
34501385131139072 23
34502733457260544 37
34504595413671936 37
34505156343103488 37
34505664940355584 31
34508911763652608 37
34509467957596160 48
34509700527562752 29
34510222357700608 29
34512488078778368 31
34513575665999873 31
34513858278203392 17
34515076819976192 2
34515663292735488 31
34515682758492160 17
34516687734833152 37
34516745230221312 31
34517483318677505 37
34517794565529600 31
34518627260567552 31
34518693245353984 39
34520327396524032 2
34525039374106624 16
34527679499735040 17
34528460789522433 31
34529279861596160 0
34530272498163713 37
34530422834597888 14
34531792056750080 31
34536870318710784 14
34537090855215104 31
34537169615855616 28
34538846829940737 31
34539076711358464 31
34541413907566592 5
34543406424260608 5
34543908675387392 11
34545484278272000 3
34546003663126528 1
34546135011950592 31
34547229008076801 14
34550461809819648 31
34550656140455936 5
34553453812387840 1
34554263841542145 31
34556533438152704 37
34556612983136256 37
34560011514417152 8
34560900832698368 14
34561017014910976 37
34565992604508160 2
34566413721014272 28
34571995068764160 37
34572793420972034 37
34573486865387520 37
34573833327345664 23
34574681512087555 37
34575240080134144 28
34575684848324608 31
34576799690133504 12
34578338370555904 17
34580512366403585 5
34580746056241152 23
34585551709405185 31
34588354041483264 31
34589497534451712 0
34591217840824320 37
34593462896558080 37
34593532614283264 28
34594816994058240 6
34596305338634240 2
34596882256760832 2
34598210219540482 31
34599119079084032 23
34601786912280576 31
34604341457321984 17
34605796058726401 31
34606347592929281 14
34606391796695040 17
34607321665507329 17
34607962160893953 16
34609527160569856 2
34610924153212928 23
34612849389084673 28
34613113328242688 37
34613309080608768 12
34614080371171329 31
34614299179622400 28
34614913150230528 31
34616034367377408 37
34617085019688960 31
34618889757265920 37
34619140077522944 31
34619427534147585 31
34619536493776896 29
34619661756661760 31
34619735081488384 29
34621297665253376 17
34621582064230400 11
34623951019708416 31
34624074252550145 12
34624839423623168 4
34625066629074944 31
34625935705645056 31
34627748366385152 48
34627801168486403 0
34627807027929088 0
34627816045674496 0
34627834525782016 13
34627878012329984 37
34627945863581696 28
34627962582081538 0
34628026616516608 29
34628950328086528 37
34629106276499456 37
34629136706179072 31
34629289987149824 31
34629385424207872 31
34629468630810624 31
34630622056026112 31
34631009618100224 5
34631454545678336 31
34631659680702464 14
34631824676225024 23
34632282962661378 0
34633906544185345 5
34634130574548992 37
34634199935754241 31
34634360019750912 17
34634369607929856 0
34634409118269440 29
34634711837974528 5
34635209055932416 0
34635341382025216 28
34635937354878976 37
34636237847400448 37
34636798877503488 37
34637345735192576 23
34637550534529026 21
34643061451530242 45
34643853143183360 31
34644171079811073 0
34644300738338816 31
34644376802033664 0
34644383236096000 37
34644406514487296 2
34644498331992064 37
34644696085180416 31
34645256959954944 37
34645401583747074 2
34645966137073664 0
34646404349562880 31
34646546490331137 37
34646687364419585 45
34646847733628928 12
34646865425207297 31
34646922304167936 0
34648862752776192 37
34648880540815361 31
34648990670651393 31
34649961685585920 37
34650033022308352 31
34650351755862016 31
34651561946783744 48
34653300397707264 37
34654372025602049 37
34654464329654272 3
34655158050758656 48
34655839704985600 31
34656161487650817 37
34657252191387648 31
34658614710898690 37
34659752768184320 12
34660228540665856 31
34660868843110400 37
34663599863500800 37
34663781808357376 29
34663831833677824 12
34664721147760640 0
34665187550175232 37
34665683837001729 31
34665921150713857 5
34665932534063104 21
34666383035863040 25
34667534972092416 37
34667774089367552 31
34668476119388160 11
34669303303245824 31
34669638520406016 31
34670252272910336 37
34670685804560384 37
34670752242339840 14
34670957633208321 31
34670970803331072 37
34671454071160832 12
34671659365437440 25
34671660812468224 25
34672224006832128 16
34672925592256513 31
34675169234665472 37
34675400500051968 37
34676624737705984 37
34676722989268993 37
34677168982204416 37
34677384577818625 31
34678263892680704 25
34681070678966272 37
34681228246388736 59
34681752685387776 31
34681983762169857 31
34682700510011392 2
34682724900020224 37
34682864171753472 25
34682954672250880 0
34683211334287361 31
34683695923204096 37
34683832531685376 23
34684458711908352 37
34684782101139456 31
34686417107951617 14
34686923289137152 28
34687280962600961 25
34687521560469504 31
34688460660936704 37
34688676407541760 37
34688864584998913 23
34689356128059392 12
34689635292549120 31
34690628147216384 8
34691278708932609 31
34691378130714624 37
34692320158814208 31
34692475364839424 15
34692577596805122 37
34692588061593600 39
34694320397230080 39
34694744156143616 4
34695127867850752 23
34696092897517568 45
34696391263526912 14
34696868193632256 37
34698008620703744 0
34698199113408512 13
34700413458456576 11
34701243121143808 37
34701326763950080 31
34701653491843072 2
34702501009686528 37
34702943630401537 31
34703576882225153 7
34703731148722176 6
34703789814448128 11
34705421801365505 37
34705724168736768 57
34705839109439488 0
34706785541562368 31
34707869400047616 8
34707956893224960 14
34709271165800448 15
34709517849591808 31
34709845567340545 31
34709868283695104 31
34710898211815425 37
34711188071784448 14
34711898351992832 31
34712613283827712 37
34714448748875776 14
34714824982134784 1
34716164613480449 23
34717292738650112 31
34717557957066753 8
34719709962174464 0
34719814849282048 31
34720781128695808 11
34720897864568832 13
34720961131450369 2
34721776827105280 31
34723345157206016 15
34723744593215488 23
34723960016871424 2
34724024974184448 2
34725139576782848 37
34725268333666304 37
34726073283379201 31
34728750289522689 45
34728863187607552 31
34728883752280065 26
34729872341340160 21
34730283022422016 23
34730881977565184 5
34731276850167808 14
34731888744595456 9
34731990729101312 21
34732177203662848 31
34732279511130114 9
34734411069132800 16
34734420598464513 31
34734763428290560 37
34736066858586112 23
34736135842308096 14
34736139059335169 14
34736611203743744 37
34736623493054464 31
34736743005556736 23
34736938262994944 37
34737243528626177 0
34737398621409280 5
34737443416711168 9
34737748464115712 45
34738327001235456 12
34738987629285376 11
34739034798432256 50
34739257906036736 9
34739350365417472 31
34740453421088769 14
34740845966008321 14
34741473622626304 29
34743079852314625 14
34744512588816384 2
34744610328682496 0
34744704180420608 14
34744935773118464 25
34745122117656576 14
34749275363606528 12
34750907937726464 9
34751415528202243 0
34751711843192832 0
34752783647244289 48
34754015182987264 37
34754540519563264 3
34755145539522561 23
34755516446015488 11
34755971859357697 25
34756345605394432 37
34757612889186305 37
34758580741611520 45
34759762457395201 5
34760025293463553 29
34760510893199360 31
34761216727449600 12
34762453829029889 31
34763068797886464 4
34763112661917698 5
34763715706363904 13
34763798942322688 25
34764138370564097 31
34764285468999680 25
34764366549090304 37
34764384588791809 11
34764832553041920 14
34765258920820736 14
34766288576315393 14
34766453005758464 23
34767158391087105 14
34767815600771072 0
34767973877166080 17
34768608269697024 0
34768755347169280 25
34769706023919616 0
34772909876584448 25
34773103301107712 25
34775189220761602 23
34775323308462080 4
34776411239612416 5
34776815805399041 25
34777860262731777 2
34779894068019201 8
34780510802804736 31
34780760116305920 28
34782005925249024 11
34782178369863681 17
34782907457343489 31
34783272391151616 12
34783309464604672 0
34784110803165184 31
34784437526855680 31
34785971081842688 37
34786063859851264 12
34788177344471040 5
34790572644376576 23
34790735010078721 37
34791379494244352 12
34793425467351040 31
34795900052176896 27
34796801164836864 37
34796884459659264 31
34796901165436928 37
34796924770983936 23
34796999786110977 31
34797445154086913 31
34798019752763393 21
34798383809957888 27
34798668628496384 27
34798910237052928 2
34799009268768768 5
34799052138741760 27
34799388991827968 2
34799908112306176 14
34799930870603776 31
34801182207647745 45
34803471081275392 4
34803511841525760 8
34804130178408448 27
34804801686478848 27
34805355380736000 27
34806263611138050 15
34807288745172993 9
34808165694443520 27
34808563134103553 27
34808587465261056 27
34808671800135680 27
34808698459131905 27
34809400715649024 27
34810964821938176 27
34813730780876800 14
34813732219518976 27
34814214983913472 27
34814306851749888 48
34815765353861120 31
34816022426943488 27
34818810062049280 23
34819187335503872 14
34822045783040001 2
34823971778068480 27
34824504203018240 31
34825268916916224 2
34826742476578817 23
34826820784230401 25
34827445580476416 14
34827648219885568 12
34827680574603264 0
34830179641597953 27
34833907069370368 13
34835142136561664 31
34835465911668736 37
34835672783126528 5
34836253874593792 2
34838554811043840 26
34841984053026816 37
34846906664353792 27
34849267340279808 5
34850373298556928 37
34850682838319104 5
34850707773329408 12
34851338475012096 5
34852387856453632 31
34852514805448704 27
34856627613990912 37
34856723634196482 8
34857364532236288 5
34861074347982848 12
34861773437804544 8
34869612017352704 31
34872339610996737 5
34875530457120768 0
34876093307559936 2
34878213394145280 27
34880795965399040 37
34882004113690624 23
34883437819072512 31
34891983029796864 37
34892486522445824 31
34893783522877440 31
34896804902338561 5
34898004435542016 48
34903006164029440 0
34905320375459840 3
34905873620934656 8
34909235875680256 29
34915635595059201 15
34917707736420352 23
34920222079066112 8
34921291089711104 15
34924511312883713 16
34926518085877760 27
34929094906880000 27
34929585694965760 31
34934916911206400 5
34936545592999937 12
34936582360272896 12
34938372589879296 0
34938562432466946 5
34941706969288704 5
34941794894483456 31
34942034594897920 27
34943862359199745 23
34945026907709440 31
34945283901100032 37
34946008152539136 31
34946569681764353 31
34946958061731840 31
34947310391664642 26
34951766319706112 16
34952093886320640 27
34952094221860864 27
34955375211974657 8
34958232145367041 23
34959534669692929 21
34961230280007680 16
34961246792978432 23
34961985808375808 23
34962786534559745 12
34965747121786880 48
34969337110470656 14
34970348151767040 9
34971360627261440 45
34974077521240064 2
34974453028884481 14
34976704363503616 13
34976911776022528 14
34977744446038016 27
34978646535962624 31
34978936819548161 31
34979614530998272 0
34979963866189824 16
34980421284401153 5
34981465930338304 26
34981546964295680 31
34982142656122881 26
34983143735820288 5
34984108694179841 23
34984756227612672 27
34985126807085056 27
34985941571473408 2
34988868784619520 45
34989085869211648 12
34990501505536000 15
34990602345136128 13
34991592234287104 12
34995012181692416 29
34995291564408832 2
34996663613399040 37
34996667379884032 0
34996747549937664 8
34997196898172928 31
34999916392755200 15
35000675188350977 27
35001459875516416 6
35001671738204160 17
35002475803049985 21
35002761426767872 8
35003230605807616 16
35003471153336321 31
35004267722969088 39
35004468554633217 2
35004971975970816 37
35005226276626432 27
35005396364038144 13
35006439906873345 31
35006475323580416 14
35008153057755138 37
35008352257974272 27
35008608190074880 27
35009472019562496 27
35009498363990016 31
35010633195851777 29
35010703718879232 8
35011432579866625 2
35011737946165249 37
35012493759750144 27
35012866822119424 5
35013184611950592 27
35013770719789057 27
35014906352766976 23
35015689450299392 25
35016607688425472 27
35017135780536320 31
35017427079139328 27
35018560514437120 10
35018849527009280 27
35019224632004608 5
35019841169653760 27
35020488887508992 31
35020565932675072 31
35021385818439681 27
35021622633046016 29
35022813232373760 31
35023374291836928 23
35023707030167552 8
35024106915110912 31
35024907704209408 27
35024923214749696 31
35025627253977088 29
35026814074093568 27
35026874094583808 27
35026995578413056 13
35027098938638337 23
35027159831687168 15
35028668392669184 25
35028915617529857 27
35029603969933312 48
35030909669347328 8
35031237613584384 8
35031434343223296 27
35032327759474688 37
35032915037388800 27
35033208445730816 27
35033407956189185 27
35033877152006144 27
35034191590592512 27
35034192811134976 27
35034676338892801 8
35036072291479552 27
35036881632624640 27
35037336492449792 29
35037603182944256 12
35038705525719040 27
35039908636659712 37
35040770519994368 27
35040801809506304 16
35041109348458496 16
35041223072813056 29
35041386109603840 25
35041837710319616 27
35042328104148992 27
35042473281585152 23
35042513228279808 5
35042688218697728 29
35043082500050945 16
35043166813949952 31
35044456474349568 27
35045204402642944 27
35045247205511169 31
35045605193551872 23
35046020488368128 27
35047250950361089 25
35047780284112897 8
35047852463890432 8
35048617307807744 29
35049162152091648 13
35049165302009856 8
35049683688620033 15
35050355188310016 28
35050774996189184 8
35051198532816896 8
35051474056642560 31
35051660304719872 8
35051687005786112 8
35052327983386624 59
35053299627458560 8
35053564271398912 63
35054581075415041 8
35055156865273857 29
