311230711480864768 142
311231223190147072 104
311231651017535488 104
311231932010725378 104
311232577958711296 104
311233077068300289 139
311233332929241088 104
311233358074089472 104
311234444415606784 104
311234960315019269 104
311235153269755904 104
311235404890267648 104
311236138906042368 22
311236503831465985 138
311237309129445376 57
311237493666222080 104
311237804036333568 9
311238886166773762 13
311239095911325696 104
311239372706045954 138
311239863435423745 136
311240186396831744 104
311241075606048768 104
311241490858909696 104
311241717330362368 3
311242036089085952 2
311242648486834176 104
311243323736195072 104
311243357294821377 177
311244171006603265 14
311244565258579968 104
311245001474592768 104
311245198590099456 136
311245513183866880 138
311245597057372160 104
311245752238219264 104
311245836136878080 138
311246041653575681 104
311246393979334656 104
311246435947515904 140
311246628864544768 139
311247207670099968 104
311247945876004866 140
311248465969680384 104
311250638627545088 138
311252320543469568 42
311252739986427906 104
311252832244346881 104
311252878381690880 104
311254992298328065 140
311255189447405568 9
311256481276252162 175
311256573563523073 178
311256774906875906 104
311256829416062977 104
311258356142731265 104
311259958375235584 140
311260818182389760 104
311261929689735168 22
311262273605881858 104
311262604964290560 104
311262902755676160 20
311262911148486656 91
311263074726313985 9
311263192154263552 104
311263221526953984 138
311264723108769793 2
311265180292104192 43
311265243206651905 104
311265532613644289 79
311265545179779073 104
311265742307852288 104
311267847831683075 104
311267902391214082 91
311271467549593600 91
311271530455781376 9
311272365122260992 140
311276244857663488 140
311276710396059648 191
311276773348347905 104
311279789019373569 104
311280132948115457 104
311280963458056193 104
311281080877604864 9
311281286419464194 140
311282313990377472 192
311282544710668288 8
311282947355443200 91
311283672974233600 104
311284453098000384 177
311284792832438274 177
311285803676487680 104
311286260851417088 104
311287519155220481 139
311287804359499778 104
311287884026109952 176
311288097948200962 53
311288106353573888 104
311289704366608384 2
311290065085153282 20
311290161549950976 104
311291679883804675 104
311300085260632064 104
311300114620755968 139
311300840260517891 138
311301955932811265 140
311302559908388864 42
311302694134501376 140
311304287944843265 104
311304313119072256 75
311305621737709568 104
311305974088613889 104
311307060379795457 104
311307953770729472 10
311309367267971072 14
311312882094702592 10
311313435734441984 104
311313817432883201 21
311316241736413185 104
311316321415606272 104
311317189653327872 104
311319882400681984 104
311322638045810688 59
311324189917343744 10
311326509400989696 22
311328296157724673 104
311329126617341952 177
311329541861818368 9
311330338800549888 104
311330988909264897 104
311331727110979587 142
311334747009871872 104
311336709931560960 104
311339021009842176 140
311340111516291072 104
311340166021255169 104
311341868917063680 104
311342821040877568 104
311342883951230977 1
311343768949370881 104
311344989508616192 104
311345408934821888 9
311346189050204160 91
311347472511422465 104
311349624214536192 140
311349766791507968 104
311351041876709377 104
311352014946848768 138
311360265163771904 59
311360315491221504 104
311362282615631873 192
311362647511691265 104
311370465673363456 142
311374345408749568 104
311378376139079681 53
311378556494176256 138
311379361808920576 140
311380100006424577 91
311382306206126080 104
311382767579586560 104
311385753919815680 91
311390082441547777 177
311391546278821888 91
311392880059088896 1
311394817814974464 140
311397548323635200 140
311400677261844481 104
311401193161244672 138
311402682155945984 91
311403957195001856 140
311407744651522049 104
311408646431055872 104
311409288163782656 7
311409590153654273 91
311410458391347200 104
311412027052654593 104
311412102550151169 9
311412819788701696 104
311414484927381504 104
311415978074443776 21
311416133276291072 191
311416590459600896 142
311419501306605568 140
311420445029195776 155
311420512129662976 1
311421174833901568 91
311421548126928897 7
311422173082431488 138
311423813051117568 11
311424354116325376 59
311425092305424384 104
311427692794892288 104
311428116398628864 104
311429253063397376 104
311429479539036161 53
311429508894949376 140
311430419058946048 140
311431975149924352 91
311433761931812864 136
311434714047197184 140
311435028594827264 6
311435464815017984 7
311435477385363456 7
311436257546878976 104
311436710531694593 104
311438920913149952 104
311439847883689985 104
311440208581238784 91
311443735969931267 59
311444247704379392 104
311446248379006977 104
311450396528885762 43
311451050840297472 7
311452741174177794 104
311453173174923264 21
311453240271175680 104
311453424841551872 79
311453814899240960 91
311455840735473664 91
311456172098068480 104
311456193086365696 104
311457946284482562 176
311458067944468480 139
311458395083374592 91
311459301048852480 104
311459997307518976 104
311460513206923265 104
311460911661600768 104
311461029106298881 104
311462027333865473 104
311462052499685376 91
311462836868104192 91
311462849430028288 140
311463616983465984 2
311463621165203456 139
311464388735401984 104
311464657179258881 104
311465869333110784 155
311466292953628672 8
311466326491291649 136
311467182137696257 140
311468373349392384 104
311469325439627264 104
311469342208434176 91
311470931870613507 72
311471686836969472 142
311471921730551808 104
311472240468295681 191
311472877998338048 104
311473997885865984 175
311475910496886786 104
311476053099036672 72
311476942291480576 104
311476988445593602 104
311478318031572992 72
311479379186290688 104
311480503238803458 104
311482189353205760 138
311482990473658368 9
311483409925033984 192
311484215206219777 91
311484362027843584 72
311484701753876481 72
311487428051496960 59
311488363381280769 104
311489953009922048 142
311490116583559169 1
311490208866656256 191
311490393416015872 140
311490443739267073 2
311490657673953281 191
311491781743243264 72
311492155053068291 136
311492482208763904 1
311493409116389376 142
311493669184237569 59
311493975347458048 104
311494147330699264 104
311494461899288576 72
311496101893136384 176
311496391279128576 191
311496408039555072 10
311496424846135296 192
311496445788303363 91
311496789737996288 136
311497037185155074 104
311499289547403264 72
311499750916620289 104
311499931267514368 72
311500094862135296 138
311500908557119488 140
311501915190087680 72
311504310125076480 91
311504318505308161 42
311505853633159169 75
311505908154892288 192
311508047266738176 22
311508110151925760 20
311508114358804481 7
311508496061452288 20
311510526100381697 75
311511213966241792 138
311512879075577856 72
311512908444098560 138
311513042682773504 138
311513701154967552 138
311514426786320384 21
311515928351363073 72
311517023056314369 104
311517031461711873 104
311517320839323648 91
311517517996769281 138
311518742725156864 72
311518805627133952 72
311519405437747200 176
311519938101788672 138
311520038773477377 43
311520521101660160 104
311520755991072768 136
311521393546235904 138
311521548714520577 43
311521791967371265 140
311522135917076480 53
311522219786395649 72
311522509197545472 6
311525256500232192 43
311525977916313601 91
311526418301464576 9
311526820963033089 72
311527001297137664 5
311528037286027264 43
311529723408838656 43
311530851697577986 10
311531166245195776 43
311531535369138176 138
311531732488814592 43
311532168679673856 43
311533246611599360 91
311535238943764480 43
311535457030774784 10
311535582868299776 43
311535612224208897 91
311535746450329600 72
311535910023999488 43
311536035844726784 43
311536157466976256 43
311536459452669952 143
311536484618481665 140
311536572711444480 140
311536644010434560 43
311538107818336256 91
311539919778635776 72
311540012023939074 140
311541022880591873 140
311541350032097280 43
311544642543951872 43
311545003258286080 43
311546131513487360 72
311546236396249088 140
311546475463204864 140
311546999772164098 140
311547469513236480 72
311547578548359168 43
311548677481168896 53
311549122077401089 10
311549147255812096 10
311549566656843777 2
311549977723817984 140
311550426505961472 139
311551080800604161 7
311551462507425792 43
311552242635399168 138
311554453033590784 10
311554796958146561 72
311554906026803204 43
311555522576928768 142
311556101382475776 104
311556541801197568 176
311556835410866176 72
311557187736580096 104
311557464560635904 1
311557812679475200 20
311557871382966272 20
311558513107283969 7
311559595258691584 72
311559746232647680 43
311560308298756096 72
311560379589341185 13
311560983577518080 138
311561319088283648 72
311562128588935168 177
311562313138323456 175
311562879386124289 43
311565991542939650 10
311567618953850882 43
311567858045964288 43
311568751424307200 140
311570387198676992 138
311572069097799680 43
311573268681334784 138
311575281938878465 104
311575399391961089 104
311576498295418881 140
311576544432762880 10
311577358123556864 20
311577458807803905 22
311577907564781568 43
311577970496126978 140
311578821918851072 43
311580910694838273 140
311582156407332865 75
311583762838343681 176
311585138540679168 1
311585197277712385 104
311586145211392000 43
311589148312080384 10
311589488059113472 10
311590498861191168 191
311590729573093377 177
311592457638924288 20
311593816555663361 138
311595141989294081 20
311595473335095297 140
311597188792864768 13
311598900081483776 104
311600108032643073 139
311600888173195264 191
311602775605800960 191
311603681592229888 104
311603836752105472 79
311604335882670081 10
311604717585321984 140
311605766140342272 104
311606286238232576 10
311606416249077762 140
311607401906307073 10
311607980728672257 20
311608299516731393 10
311608546955522048 104
311608756700061696 138
311609780080889856 43
311609805255102465 43
311610694472704000 43
311612741280464897 104
311613966025646080 138
311618076409991170 10
311619162734723072 104
311623017316896771 142
311625013809778690 75
311626985128464384 20
311627056414863360 138
311629812110340097 136
311630223147954176 140
311635600216322050 53
311636820762951681 43
311637093405306880 10
311637223428722690 178
311637512827330561 104
311640817951465473 10
311641149284700160 191
311643514863767553 13
311644206928109569 191
311645377164095488 191
311646262162235392 191
311646568346431488 16
311648682246283264 14
311651081421737984 139
311651270131851265 7
311651710571511808 191
311652868161695744 140
311657062469873667 191
311657481900281857 20
311658723439419392 43
311659411296899072 43
311662062109614081 140
311663173604347904 43
311664087924887552 43
311664268300914688 176
311664893252214787 104
311665191064592384 2
311667015578419200 10
311669322433060866 104
311669813158244353 43
311670131946307584 43
311671511863930881 20
311674171031707650 104
311676993827655680 43
311677639742062592 138
311679019651325952 191
311680143741575171 25
311682932970487808 104
311684384191299585 59
311685747310723072 4
311688154878976001 104
311690285551869952 10
311691090854019072 20
311691187348201475 43
311692428870578176 20
311696413450973184 10
311700897149353986 13
311706278445580289 43
311708023280250880 43
311710145593892864 104
311711445823942656 191
311711894627041280 191
311712045621989378 104
311712519557353472 142
311713769472540672 10
311714486698536961 191
311719838622040065 43
311720996262514688 20
311721788977594369 140
311725010228232193 20
311726083961655296 104
311733352694685696 22
311735898628820992 10
311739837088673792 43
311741053403267072 10
311743574205161473 136
311744903812087808 136
311747319701856256 59
311750800986742784 2
311751472083783680 2
311756341645541377 104
311760162673266688 43
311763849474879488 10
311767905337487360 59
311771743138242560 43
311772070306512897 192
311777782952759296 43
311777896198971394 43
311777959092563970 43
311779519382036481 176
311779930436403200 20
311780937052602369 9
311781671068372992 136
311782543479435264 142
311785831826345985 191
311792886612099072 138
311796296581255168 7
311798259544911873 10
311804844589596673 142
311809659650580480 43
311810183926009856 43
311810599187255296 43
311812717289811968 43
311813317079482368 9
311813413540069376 140
311814944461037570 191
311815917573136384 10
311816446021865472 43
311817326821507073 139
311817431708467200 140
311818509615263744 43
311822020268658688 10
311822343221702658 136
311822586516471808 192
311824721383677953 140
311827376378085376 43
311827825185411073 43
311829154783969280 138
311831830749917184 10
311834867413422080 43
311834934534864896 20
311836926825099264 10
311838927512272896 20
311839372100124672 9
311841225974095873 43
311841561543593984 10
311843046302023681 6
311843188920967169 43
311845290275663873 10
311846225580277760 20
311851204252676096 142
311852026306916354 138
311852617716342785 43
311852701581463553 140
311853024542855168 59
311854127678361600 43
311854589051805696 43
311857315328425984 43
311857806070403072 57
311859374752665601 10
311861459313389568 43
311861870363561986 104
311863745188069378 140
311864328200523777 138
311864869286715393 75
311865448100675584 59
311867616526495744 2
311869088756555776 142
311869122302590976 140
311869139084013568 142
311869705319247872 75
311869789188542464 43
311870250574569472 43
311871454323023876 9
311871852798676992 43
311873077543845888 43
311873480197021696 7
311873677304139776 7
311873752814206977 75
311874000257163264 43
311874763649867776 13
311875321492287489 80
311876537811099649 140
311877045321867264 10
311878718857564160 104
311880623084158976 22
311880811832029184 192
311881310958411777 21
311882875425390592 142
311883861091053568 9
311889582117490688 140
311893029852151808 176
311893361189597185 1
311893805777436673 140
311894929846710272 139
311897345774198784 9
311897505136787456 140
311899753283739648 140
311899937854062592 140
311900046922764288 10
311900093026549760 176
311900390847307778 7
311902710297407488 43
311903268135645186 140
311906313204555776 140
311906489335939072 20
311906774557011969 140
311907042988277760 140
311908016096178177 140
311909723152732160 140
311910813667573760 101
311913355445145600 138
311913502241611777 192
311914844389523456 101
311915209298161665 16
311917667160293376 16
311920850658000896 16
311920934527320064 20
311921555309481984 142
311923581149921280 104
311927905464758274 6
311929297977896961 190
311933664235749376 7
311935694283091968 10
311937988567384064 21
311939527881129985 59
311939997643198464 20
311945043403501569 140
311945286652137473 139
311948130415411201 59
311949606793646080 136
311949673898336258 80
311952479917068288 10
311953268421058560 104
311956888126377984 140
311957936685588482 176
311959211745636353 104
311960113529380864 101
311961271157284864 140
311966509855547392 175
311967747162664960 59
311972243464921088 140
311973459813093376 2
311978983694680064 2
311979629646839808 104
311980065829289984 59
311980376203616256 104
311981408006582272 4
311981848429486080 139
311982204928524288 5
311986747368148992 139
311988093731368960 191
311989763081125888 75
311992262890504192 140
311992741003415552 140
311994343265300480 2
311997228929671169 22
311997971338235904 139
312000164921495552 101
312002161414385664 10
312002228552597504 139
312004250211332097 136
312006552884244480 2
312007811158654976 142
312008285102407680 80
312012991136690176 9
312013385380282368 140
312016233329487872 191
312018225632268289 13
312020960280727555 20
312024789718032384 59
312026937168101377 140
312028740727209984 2
312033148932354048 9
312034159767998464 142
312036374364708864 16
312038983205023744 104
312041684345167872 10
312042137330016256 9
312042540008349696 143
312043320136310787 43
312053210300960768 20
312054464406237184 10
312055433298845698 8
312055559102795776 10
312057865965821952 80
312057882743042048 13
312066837582053376 142
312072764154597377 104
312092255064322048 191
312093702115979264 191
312093978956808192 191
312095786697625600 43
312105525842165761 5
312116959527440384 21
312119446732955648 10
312122772816011264 59
312123188064686080 10
312124559606300672 10
312124609950539776 101
312127533372026880 136
312136618226110465 4
312137188647264256 3
312137243189993472 3
312137587097751553 3
312137725518180352 3
312138086240882688 139
312139973677682688 138
312140636373516288 59
312141139710971904 4
312141252948807681 43
312142326686429184 4
312142335058276352 43
312142431523049472 142
312142746091655168 21
312146005070057473 4
312146160284471296 104
312146651013869569 4
312148169356107776 4
312148181922226176 4
312148622345109505 4
312148894941323264 4
312149163406147584 4
312150614610153472 4
312150782394920961 4
312151482860449792 4
312152271364431872 4
312152376222035968 4
312152418169270273 4
312153168970674176 4
312153512899407873 4
312153621959700480 142
312155467428278272 80
312155832349499392 175
312157027696799744 4
312158856413331456 4
312158856446877697 139
312158999049023488 4
312161230422949888 4
312161238798974977 4
312161549173276674 10
312161893089435648 4
312162874594295809 4
312163533100027904 4
312163705041338368 4
312164317397147648 4
312164682314158080 4
312164921393684481 4
312165235958095872 4
312167190520553472 4
312168314598219776 4
312171103810359296 139
312171691017138176 4
312172496319307777 4
312173012218687489 10
312173729453072384 4
312174035616288769 4
312174148858286081 4
312174849298690048 4
312175524610969602 139
312175910474354688 139
312176170538004480 3
312176241824382976 4
312176321524535296 3
312178557092777984 4
312179203002990592 4
312179312046514176 43
312179349803646977 43
312179475636944897 4
312180327076462592 43
312181916726087682 139
312182260650631168 4
312182457778720768 4
312185171497582593 4
312185272152514560 4
312185532224520192 43
312186027127214080 16
312186828230897664 4
312188032000339968 3
312188111704715264 3
312188824719601664 4
312189143507664896 4
312189218996748288 4
312189785240391680 3
312189948793077761 4
312190573744369664 4
312190749938704384 4
312190968029904897 16
312191496508026880 4
312191861399896067 4
312192935158480897 4
312193031635877888 3
312194440917811200 191
312194566730182656 4
312194713555988480 4
312196831675289601 3
312198438064361474 53
312201583792381952 59
312202418458877956 59
312202460401913856 101
312202544317345793 3
312203278307950594 3
312203618063368193 3
312203634819608577 4
312203777430142976 3
312204045844639747 22
312205388038684674 3
312205681656741889 4
312206000390283264 138
312206352716017664 3
312206679901106177 175
312207615209897984 4
312208915448352769 4
312209993392869376 53
312210026955698176 3
312210286998323200 138
312210593161551872 142
312210832228491264 139
312210979045920768 3
312211973104340994 14
312212656763310080 3
312213025887240192 4
312215093662347264 3
312216167383191552 4
312216372925038594 3
312217383756521472 4
312217597661835264 4
312218457481543680 7
312219405423607808 4
312221334786678786 139
312221783577206784 4
312221791953231872 4
312224044323852288 4
312224400835493888 4
312225701069717506 10
312227039031726080 138
312227131323207680 42
312227550745214977 3
312227743699976192 3
312228003713277954 59
312228662244175872 3
312229996016066560 4
312230088311726080 6
312230138609811456 3
312230570652479489 140
312230591624007680 4
312231027831631872 4
312232583914192897 140
312232772641107969 3
312233011729014784 4
312233338901520384 143
312233510838611968 4
312234420994179073 4
312234584605601795 4
312234974650699776 4
312236836934270976 4
312238451732910081 4
312238829211881472 3
312240829903290368 3
312241060581634048 16
312244747399995392 4
312244873224921088 4
312245468820287488 138
312245884039606272 4
312246739694391296 4
312247528223551488 140
312248371266080771 4
312248803291979776 4
312249277223141376 11
312249667293417473 43
312249805730623489 142
312249889620901889 4
312249952535474176 4
312251764453818372 4
312251768660705280 4
312252234224246784 4
312252800459497472 101
312253396046462976 177
312253706416562176 4
312254671106490369 4
312255723864211456 4
312256839582642176 2
312257540031389696 4
312257875558948864 143
312257967837806592 4
312259586847567872 4
312259876250337281 4
312260081775423488 4
312260211773685760 20
312260790616985600 139
312261046452772864 4
312263651128115201 143
312265446294441984 142
312266117366308865 42
312269862871384064 139
312271154712829953 4
312276020105453568 4
312276531814756352 4
312276657660645377 4
312277244863197184 4
312280050844192769 4
312281342681432064 4
312282697454198784 4
312284505190838272 139
312287088894697473 20
312288988897628160 9
312289181835608065 6
312290339480293376 192
312291283194482688 138
312291610362793984 42
312291828433043457 13
312295154549669888 43
312295443944071168 4
312296345706844161 4
312296345727819776 4
312296505115557888 4
312297461412687872 15
312297708885008384 155
312298556126003201 4
312299218817662976 4
312299613082222592 20
312302029001326595 59
312302398095900673 9
312302838502002688 143
312303111127572481 138
312303513801732098 140
312304155530240002 75
312304574931300353 20
312306911150239746 140
312307024429973504 138
312308463080439808 75
312308714734485504 4
312309364855808002 6
312309973025685504 4
312312946778853376 4
312314712568242178 59
312316583219453952 1
312319657644285952 21
312320681062846465 20
312323076014628864 140
312323931640066048 4
312324980220248065 155
312327383548055552 10
312327698146004992 3
312327853310083072 4
312328201470889986 4
312328218218725377 10
312329262617219072 4
312331804344475648 4
312333335265419264 59
312333796647239680 4
312335033996304385 140
312335457608400896 140
312335663125131264 1
312338871784448002 59
312340742444036096 4
312341652578635776 10
312342973813764097 42
312345377141579777 140
312346580902608896 10
312350099915276288 176
312350523552563200 4
312358996042461184 75
312367342707421184 4
312368693252325377 176
312369385312501761 9
312372505891446784 11
312372585574854656 10
312376993800937472 53
312378143015043073 4
312381699784835072 75
312382882582773761 9
312384350593380354 4
312385000710475777 6
312385889898737664 138
312389291483484160 1
312389966770622464 79
312393137681219584 4
312393301229711360 4
312394022666776577 8
312397592015278081 4
312398774809030656 142
312406920143179776 142
312409910707105793 75
312420262232604672 3
312421075935973378 139
312428151726804994 9
312428202071040002 6
312428269146357760 20
312431947571945474 75
312434191524585473 6
312435844067782656 3
312441590289412096 4
312445042184826880 75
312447109989289985 139
312454882038800384 4
312455796397047808 139
312455985111392256 75
312461072802123776 3
312461748089270272 4
312462763102449664 3
312467175535435777 4
312468677079478272 143
312471080432435200 3
312472774922883072 3
312476151325007872 4
312485252989874176 7
312485395583614976 138
312487345947553793 4
312488377729568768 4
312494673400823808 139
312496002957451264 4
312496116203679744 3
312497194143997952 80
312499832365404160 192
312507507950092288 4
312512159429062657 3
312519784690507776 4
312521051374510081 15
312521856664088576 80
312524541018656768 5
312524612334403584 5
312525958714388480 3
312526285870071808 75
312528882110705665 9
312536457040523265 8
312537274933997568 4
312537291690237952 4
312537438495051778 4
312538852004880385 3
312541058191990785 3
312541553107275776 4
312542714950479872 4
312543990002110464 142
312548305966084097 3
312548792467607552 5
312550046581288960 5
312550281466478592 59
312550663148146689 3
312551074168975361 59
312558602944667648 4
312559311815585793 6
312561224401428480 3
312561698345209858 59
312562105205284864 22
312562935681667072 75
312563250237689856 6
312563975852281856 75
312568241455247360 3
312571911475441665 3
312572515488788480 192
312575136895221760 4
312577531859591168 53
312579448635523073 142
312580262368272384 53
312580690178875392 59
312582271439872000 138
312583785550069760 140
312589938598215680 3
312593654768365569 20
312594229375426561 59
312594401367044096 5
312595340882743296 3
312595370238685184 140
312597425435078656 4
312597786153582593 6
312601305157885953 20
312601753965178880 3
312602135634255872 4
312602869658431490 140
312605755343781888 4
312607240106426368 80
312607936381857792 43
312608255123808257 138
312609945457668096 140
312610402632617984 3
312615754568699906 4
312615821639811072 3
312619718165032960 6
312622540919042049 6
312622893274116096 4
312622901658525696 4
312624088629792768 138
312625091089403905 138
312625544049078272 140
312625934115151872 142
312626546496139264 6
312626689089863680 3
312629037912711168 140
312635828478300160 4
312636004664242176 4
312639255245639680 138
312639309750624257 13
312644779118833666 3
312651213214736384 6
312652811215204353 72
312656103769010176 142
312656107938123776 14
312656539951448064 4
312658708406611968 22
312659308200472578 136
312660423902117888 3
312660482593021952 59
312663145997033474 3
312663578014527488 176
312669441655717889 140
312671081632776192 139
312675645006172161 4
312676353872908288 191
312681647080349696 42
312690098569371648 15
312690153103687680 6
312692099285913600 7
312692845838479360 155
312692938125750272 140
312693068149186563 59
312694821389205504 191
312695630885695488 8
312698717872463872 6
312698755616997376 138
312701410619838464 8
312705416167555072 1
312705730761334784 13
312707823702261761 53
312709388211208192 53
312710113813229568 139
312712479404875776 72
312714727547629571 142
312715121820565504 143
312716862444142592 7
312721111265710080 72
312722990313897984 59
312723791413403649 4
312724873560604672 138
312726832283783168 176
312727134294642688 140
312731483792084992 20
312735413850742784 80
312738865762947073 2
312742661599686657 191
312743378838233088 4
312748915327901696 80
312750366536130561 140
312752543384100864 142
312755055793172480 4
312766044865445889 155
312767970034204672 2
312775498818285568 4
312776681603604481 20
312777365296148481 4
312783023387058176 138
312785489642020864 2
312793001640480769 11
312794532553031682 142
312802728248229888 80
312811997639094272 59
312817295045054464 4
312823183864627200 142
312828103762272258 142
312830305797033984 80
312832612647440384 10
312839159976955904 142
312846260933640193 6
312848328704544769 53
312852116144279553 5
312872974447431680 140
312885326655926272 142
312885343433158656 142
312888703074848768 7
312899172061818881 143
312901244064780289 177
312902397481590785 190
312902569452257280 16
312902712062799873 7
312908122685571072 138
312922349798301698 142
312924203676467201 59
312926003028688897 4
312926330163449856 142
312927743643901952 22
312928746099314689 138
312932541961236481 142
312935280812363776 142
312936862085947393 59
312939894559354881 80
312944311165669376 7
312946664149229568 20
312947549151563776 140
312949923123441664 75
312951378559524864 9
312954369115041793 4
312956080370098176 53
312958248829472768 43
312959167365263361 20
312959943345070080 140
312964112462262272 138
312965148446961664 176
312969317589340160 9
312971410555432963 53
312984110903734272 43
312990914077405185 140
312995687178567681 192
313003132084961280 176
313006466556649472 139
313007867433201665 142
313010061070974976 4
313011386454269952 80
313015408821141504 41
313015597556445185 140
313015689814355969 142
313016675479994368 142
313017791164866560 176
313018126713380864 9
313018130920243201 21
313019171099258880 143
313025626141495296 59
313026578244325377 22
313032391524487169 175
313033003897061376 140
313033184285696000 142
313043133145419776 20
313043577762631681 7
313044739563872256 140
313059591590146048 20
313071910256791552 9
313077027311857665 2
313079514550906880 140
313080596698132480 139
313082073059557376 80
313085696971776000 138
313085994733809664 7
313086707773882368 175
313094140093140992 138
313096589566672897 138
313101710786711552 21
313102545478356993 138
313107603817373696 22
313116357329821696 7
313116785140453376 6
313120471937855489 7
313121675686330371 5
313130433414041600 138
313131624562823168 7
313132224352509952 4
313137056190713857 176
313145126035783682 142
313148330479861762 20
313150796734820353 138
313152814207598593 138
313167716582293504 20
313171340435791872 4
313172967825752064 4
313176147137531904 20
313178563048247296 138
313184640590561280 192
313189862478053376 192
313189988315574273 59
313192039330246657 20
313194836922605568 80
313198167199997952 7
313208300651024384 41
313215128994717698 59
313217423245467648 5
313218232758722560 7
313226248065282048 7
313227820954419200 7
313228114547318784 7
313235152581046272 4
313241842487541760 138
313245931954925568 2
313252017890000896 53
313252982558978048 53
313256665166278656 136
313268476343099393 4
313272268002308097 142
313277120778493952 136
313280400745193472 142
313284406309711872 142
313287040307437568 42
313289284293652480 136
313296167142309888 8
313297765151145984 138
313299908436320256 4
313303276454035456 43
313304383758680066 59
313308288659894272 138
313308431278817284 22
313309114941992960 142
313310092214820864 9
313310373245771776 9
313313472840605697 142
313314924036247552 142
313316060709388288 41
313317142860795904 142
313325799866527744 10
313326391275974656 138
313326936560640000 138
313327100121726977 138
313327272092385280 138
313327620219621377 138
313329834812116992 138
313329838989668352 138
313331906773135360 13
313332863074455553 9
313335761342697472 138
313337623643037697 138
313339934708752385 138
313347383788457984 140
313348272964112386 80
313349053113053184 178
313349472547663873 140
313350214931083264 4
313351968166928385 191
313352211415588865 6
313352374985035777 4
313355831112507392 140
313356917420470272 2
313357215211872257 140
313360788767264768 143
313361136902893569 59
313361719915339776 140
313364572046245888 2
313364945335107584 138
313373958890196992 140
313373971447947264 14
313376743912255489 142
313384528511123458 9
313385447097241600 2
313385493226201088 140
313386655061008384 140
313386671800455168 140
313387179323826176 140
313388940918927360 192
313392954884648960 138
313393919574540289 20
313394821366702081 229
313395362410950659 10
313399489631240192 143
313401549000937474 140
313402736001572864 8
313405164511969280 140
313406477320732673 142
313414559765520384 143
313414815588708353 143
313414844957216768 143
313414920471453696 143
313420574380658688 2
313422747025948672 140
313423107731890176 6
313423120319016960 59
313428501619408896 140
313429751526207488 59
313435036332470272 20
313440820298653696 138
313442565112344578 4
313446193176907780 140
313447405347561472 13
313449557000331265 59
313457844978606080 140
313458964845191168 2
313463154959085569 140
313466132893941760 190
313466166473539584 4
313468964078485504 42
313479294632460289 42
313518284903428096 22
313519413171220480 136
313520142963318784 22
313522659562500096 21
313524593124061184 142
313532813947334656 142
313533032055324672 138
313536400077230081 140
313537452864327680 138
313540258828533760 22
313541542298144769 7
313544956453191681 142
313549255631572993 136
313549716996624385 138
313552485245648896 53
313572156510453760 59
313574337573687296 14
313574572463099904 20
313574874432016384 57
313575528756039681 42
313584999494471682 138
313585125311004672 140
313590837948866560 139
313594524742070272 142
313594713506725888 9
313603924185739264 2
313606717579603969 59
313607036371865600 138
313608894452736000 78
313612300215013377 136
313613323633565696 142
313613378138550272 138
313614514807533568 2
313616960095154178 4
313621766771732480 177
313623259939733505 9
313624006492303360 14
313628192432877568 22
313628779618652160 57
313632881652166656 138
313640712438697984 142
313641098310463488 5
313643468075442176 2
313644600524959747 2
313647020642549762 8
313654071267561472 138
313655442838528000 59
313655669314166785 22
313656495587872768 22
313657376383315970 22
313657766453604352 155
313657841942687744 138
313660606005788672 5
313661457470459905 22
313663281984311298 14
313665093923663873 20
313666071175499776 6
313666683552288768 178
313667094594072578 142
313667555963305985 143
313669246272012289 176
313669346956304384 59
313670336786870272 10
313671234380525568 22
313671234384707585 22
313671523791667201 140
313672547210256385 15
313674946352148480 192
313675583856967680 138
313676171084718080 140
313679115456757764 140
313680843543552001 9
313681330061836288 9
313682223461191681 41
313682596724891650 75
313684358353526784 41
313685331436269570 7
313691287339552768 14
313693518696693760 2
313694261101084672 9
313694319829737473 138
313696089813446656 22
313696416969154561 53
313698069533310976 155
313699009049010178 41
313701622092034048 9
313703610192113664 2
313704969175982080 20
313706030330683392 59
313708798562926592 142
313709234787344384 2
313711088652926976 75
313714024657342464 2
313714649596043264 53
313714934833876993 53
313715131970379776 140
313717279454007296 140
313720324506140673 41
313722245480583169 41
313722362946269184 41
313722732019851265 142
313723260518924290 9
313725219246321664 6
313726993466273792 5
313729648456523776 138
313732248916611072 191
313733112955797505 140
313735868584169472 140
313737487619088385 41
313737605038616576 59
313741874823307265 22
313747692360699905 53
313748283728211969 192
313748682187104256 9
313749399408881665 59
313750338937171968 22
313750779339104256 140
313751915991298050 140
313752834556452864 53
313752876503666689 22
313757603475906560 14
313758404604731392 72
313760883409027072 142
313761684542062593 59
313761873277353985 22
313763664245186560 138
313763689398411265 21
313765111296823297 142
313765740421447680 14
313770169598087168 142
313776037467140098 176
313778960880259072 22
313780177224204289 140
313782165328494592 192
313782630883684353 11
313787504656539649 14
313788372898435072 142
313788607775272960 2
313789689918279681 6
313790700741337088 143
313798644753104896 14
313805653422505984 57
313812553065189377 139
313812930552532992 5
313814687940755456 192
313814763463385088 20
313818752233922561 6
313823978353459200 176
313824699748605953 5
313836737426247680 42
313837039411933184 140
313837261684891649 80
313838926861332480 192
313844140360208384 42
313847017656954881 138
313849605534138368 13
313855553073979392 14
313856681350152192 5
313863522255790081 57
313866252735115264 142
313868911940608001 59
313872875528531968 42
313877631881863169 22
313880064578170880 139
313880601440702464 22
313881343824121856 20
313889526940594176 53
313896816628342785 5
313897848410370049 22
313908648764121088 138
313908841676943360 192
313911144358227969 142
313911735771877376 59
313914348827451392 5
313916332703891456 7
313923949564157953 138
313926533251215361 176
313929481876303872 5
313929783857782784 53
313931218326532096 140
313934343083012096 192
313947316048498689 42
313949723562233857 9
313953154528075776 2
313954425406386176 9
313956056982245376 10
313957218783490048 10
313961073361444867 10
313962772062945282 59
313963191497547776 142
313964189712535553 10
313968212066844673 138
313975526933032961 42
313975615009193984 6
313979972903645184 59
313980631384199169 138
313981604496277506 10
313983772938874882 42
313986419527938048 10
313986419561476097 10
313986532782510082 9
313987065463316480 155
313987229062139904 10
313987233252261889 10
313988600574398464 7
313991666598027267 192
313992966836482050 10
313999228953305088 59
313999241548800003 10
314001313505632257 9
314012013166723072 10
314012306780585985 14
314013808362418176 13
314025732743512064 9
314026798126096385 10
314028568084611072 20
314030694630305794 10
314031281803505667 10
314031319556444160 9
314031843861200896 59
314034901513031681 9
314035065090879488 10
314035866190364674 139
314039737549733888 10
314039842373763072 42
314040672845983744 10
314041415258734592 138
314042447040749569 42
314042568675565569 9
314044514845196289 10
314045349515898880 142
314045886399381504 10
314046813332180993 10
314047744450887680 10
314048440709545984 10
314050915369893889 139
314053234807410688 9
314055378088390659 59
314056292463435776 142
314056426651799552 140
314056909013524480 10
314060281217167362 11
314061220774825987 140
314061241750544384 9
314072964800868352 10
314077347852738561 140
314081105940717568 6
314083110813843456 10
314087602917609473 42
314089259697049600 140
314097602167721984 176
314098629772197889 10
314101884518559745 138
314103574831431680 6
314104216589316096 140
314104636002930688 9
314104858284273664 16
314104958972731392 41
314108079509762048 140
314114995933827073 138
314115696382578690 139
314116119990521856 42
314122591801597952 140
314124382790381569 59
314124756087603200 176
314125565558939649 138
314127121679265792 140
314127159419613184 42
314127620797251585 6
314128744879120384 20
314133165667139585 177
314136437203292160 139
314137913610874880 138
314139465503346688 178
314139868152340483 79
314143135506767872 9
314143529800704000 42
314143752073670656 20
314148550353252352 22
314148848178188289 20
314149351465316354 192
314149997413277696 7
314150039360507905 155
314150051914080256 140
314150320370483201 7
314150970491826177 155
314156070736117760 42
314157849137778688 10
314158792839397377 10
314162995532029953 10
314163100397993985 7
314163939275575296 10
314167303107395585 155
314167605084708864 140
314168255193432064 140
314173330322239489 7
314178573172867073 142
314185334395117568 11
314190069781114880 5
314193240691703808 25
314193974665551872 42
314195157467684866 143
314196512236261377 53
314197132976459777 5
314205127340859392 59
314210806411689984 13
314214568694013952 5
314228489588965376 9
314230528050069504 10
314240900559691777 9
314241336750514176 42
314246432850849792 7
314247682745061376 176
314250291606347776 191
314250530660708352 7
314250530664882176 7
314268956259123200 2
314280935191351297 20
314284756210683904 143
314285305643556864 2
314287088205971456 140
314287880954593281 43
314305023049883648 7
314307938112114689 176
314308726628700160 10
314311809450524672 43
314312556040818688 7
314313193583419392 7
314315399791538176 59
314317983466004480 7
314319812199329792 7
314320093184143360 10
314320378405220352 7
314324765647196161 42
314328481796345857 59
314330432177045504 8
314330486669443072 192
314330591527047170 5
314330662859595776 138
314334337061486593 21
314335918330875904 178
314337449243451392 176
314337759630356480 22
314344218858496000 42
314345716191465472 42
314345774911741953 42
314348937412759553 21
314349428167299073 10
314350644523835395 142
314353395983060992 10
314353442133004288 5
314354356482875395 10
314354402599251969 9
314355543449948161 11
314356491379429376 7
314357493792911360 42
314358018093494272 20
314359335121731584 5
314359867781558272 57
314361356763672577 10
314361432248549376 13
314362455658729473 59
314364741562814465 177
314365085491556352 42
314367258149404673 42
314370613580013570 42
314370789761748993 42
314371276292640768 42
314372517806620673 10
314372748501725184 10
314373033722785792 42
314373830619586561 42
314374078108692481 10
314375508357943297 10
314376758252142592 10
314376775037747200 9
314378679255957504 140
314380470198616064 42
314382965838852096 140
314384408662654976 140
314385029407064064 42
314385058775572482 10
314386258338148352 21
314386317050003457 10
314386728100167680 13
314388988830048256 138
314390880486301696 42
314391861936664578 10
314391933227253760 42
314392709207035904 10
314393149604773888 20
314393355121487874 57
314393753571950593 176
314394818941956096 20
314395481621004288 57
314395947171983362 21
314396815392919554 9
314397650076188672 42
314397910106255361 10
314398035956363265 10
314400573522857984 42
314403018776907777 140
314404872680263680 10
314405992567808000 7
314406592349093888 7
314406596539187201 7
314408559448322050 175
314408865628295169 59
314409272496775168 6
314411235418468352 10
314411575178055681 142
314412577599938560 43
314412703450009601 155
314413194150027265 42
314413533897048064 10
314415303922696192 140
314416453124239360 9
314416654484373504 42
314416847388827648 9
314417275241390081 192
314424095146143744 21
314428394332909568 174
314428402729889792 42
314430483092103168 42
314430877348282369 2
314432676725678082 21
314433905627394049 101
314435323331481600 42
314435616936960000 20
314436367692222465 10
314436824892309504 21
314436875211403265 42
314437391098183682 142
314437735031111681 142
314437873455747073 140
314438334808223744 140
314441136632647680 42
314441220514512897 140
314442654979076096 138
314443556750245888 20
314446719255453696 143
314446903800651776 192
314447771992223744 2
314447772013174784 10
314447776215863297 142
314448283714072577 42
314448417927602176 10
314448489226596352 10
314448501826256896 10
314449089020452864 42
314449139360477185 21
314449277772517376 20
314449424581529600 142
314452134089330689 10
314453019087495169 142
314454088626622465 175
314455728586911744 10
314456315802050560 20
314457309839511552 20
314457410502799360 21
314457725079801856 10
314457926423166978 142
314458719142440960 10
314459901952933889 138
314460434604359681 21
314460728222416896 21
314461558682030081 138
314461877436551170 10
314462837932191745 20
314463383221067776 142
314463634858332160 10
314463727162363905 175
314465115447627776 142
314467409740304384 20
314469204889858049 142
314469855023734784 10
314470542881210368 79
314470568047038464 7
314473374036406272 42
314473550192984065 21
314473592148611072 8
314474867217022976 21
314474867229597696 5
314477073429307392 10
314477442519666689 7
314478063259877378 10
314478142985216000 10
314478709212057600 10
314479631929589761 5
314480495972982784 140
314481368375623680 138
314481498407444480 59
314482098201325568 20
314482257563889667 140
314482920284893184 10
314483297759670272 10
314484316992319488 13
314486594491002880 192
314489576653742080 140
314490507764060160 142
314493552841351169 177
314496115565273088 142
314498242085797888 175
314498300789288961 2
314501278736723968 5
314502390244048897 21
314503413645848576 7
314506471280898048 42
314511315731365888 20
314513840677191681 142
314516189495840768 21
314518328578289666 21
314518336992079872 21
314519268119162880 42
314523034595778562 80
314527522496843778 175
314529036669968384 140
314529321857478656 142
314535995016093696 142
314542257095204864 5
314543678985232384 8
314548930253824001 142
314550373094404096 138
314551828513710080 142
314551887229767680 42
314555246837899264 21
314562419110342658 42
314565837476487169 21
314566126870863872 57
314574104445480960 140
314576109335359488 175
314579150214164480 140
314579456398352386 21
314579804512989184 21
314581159281586176 21
314586649596141568 11
314588444783411200 9
314588855795851265 11
314589354943201281 14
314593494700261376 138
314603175174873088 143
314604991283359744 138
314621508473479168 59
314626449380347904 7
314627204321529856 7
314628164821319680 42
314629028847947776 7
314629444088242176 155
314629595099955201 142
314629993529475072 42
314630245208707072 21
314639548166569984 59
314639925679108096 7
314643616641466368 5
314644891718262785 42
314646934331740161 175
314653582328745984 140
314653783638556672 138
314656501564325888 21
314656711271141376 5
314660377088634880 5
314660515492270081 59
314661094318829568 176
314663648628989952 7
314663988375986178 139
314664323932889088 140
314666697917353986 53
314671760417112065 91
314677951205605376 140
314679041728864256 2
314679717011795968 5
314682820821917696 59
314683038921523200 11
314686385963540480 192
314687363240574976 7
314693310772023296 59
314697718993915904 192
314700990534258689 192
314701372215934976 175
314702672454369280 5
314703142216413185 1
314708380897931265 91
314708573844291584 176
314709232354222080 192
314711841207111680 21
314715385368829952 142
314716522037800960 142
314719072166244354 6
314719361581608960 7
314720372417241089 7
314724092752326656 175
314724453458251776 5
314725585924526081 2
314730296144715776 140
314731550224818178 21
314734805025705986 142
314736738595643393 138
314738651194068992 140
314739511001231360 79
314739821409075200 142
314740106625957888 20
314743348789391361 42
314744779047055360 59
314745387233730561 42
314747274657951744 142
314747471802798082 142
314748373582352384 7
314751464776007680 142
314754287551016961 142
314758335037583360 142
314758565753655297 140
314764718780846080 140
