626361202931834880 422
626362285053841409 124
626363069405368320 22
626363522365063168 124
626363748870172672 124
626364738734288896 22
626367418894430208 124
626367439836680193 124
626368391960489984 13
626368467449425920 139
626368538777882624 124
626370304579743744 139
626370740778962944 19
626371093104689152 139
626371856459780096 124
626372858894286848 13
626373114759393280 124
626373391579156480 124
626375962670665728 124
626376184989794304 124
626377074161373184 102
626377246144462848 124
626377724286910464 124
626377917212311552 22
626378181449224192 124
626378504435826689 22
626378647050579968 226
626379787867713536 70
626380987434340352 406
626381507528159233 124
626382082164457472 8
626382270891331584 22
626382942017753089 22
626383084615675904 8
626383592130744320 22
626383629883703296 124
626383780853362688 124
626383994758791168 406
626384695211614209 139
626385504729067522 367
626386930792579073 124
626387576715354112 13
626387807381159936 228
626388038097223680 0
626388449101086722 430
626388688180805632 124
626388855965491200 13
626389233461276673 139
626389271222558720 124
626389388654612480 8
626389409634480128 8
626389946480242688 190
626390244292587520 124
626390579807711232 13
626390663727181824 183
626391213151789056 139
626391225743077376 124
626391473223827456 124
626392278504968192 34
626392530171654144 22
626393050286153728 19
626393947867348992 34
626394350512173056 22
626394413422370816 367
626394681836965888 124
626395248089038852 34
626395382306594816 34
626395613010206720 422
626395696879382528 19
626396154058530816 364
626396367972384768 124
626396477011574784 80
626396669970505728 139
626397039073562624 124
626397663995559936 22
626397852768403456 34
626398184093253632 367
626398481897226240 124
626399303976812544 22
626399404644241408 34
626399643715264512 22
626400251881127936 124
626400679704158208 406
626401199789592576 228
626401380161462272 406
626401522755219456 366
626401891849613312 124
626402273544024064 124
626403963844304896 124
626404119021010944 124
626404123240452096 124
626404202923823105 124
626404601391120389 22
626405486401859584 124
626405570287943681 100
626406333638660097 124
626406962779983873 34
626406966982782976 124
626407008929976320 124
626407650658377729 139
626407688373710849 22
626408053290700801 124
626408527246962689 364
626408854419566592 16
626409382893391872 22
626409445795471360 19
626409605195792384 102
626409739396648960 367
626410611828600832 22
626410884441575424 367
626411471660912640 13
626411505219727360 124
626411576501927936 124
626412125955694592 124
626412482483978240 11
626412696372535297 13
626412763502497793 34
626413153572777984 124
626413350713454592 22
626413510105260033 183
626413854034161664 34
626413858199064576 80
626413967271981057 22
626414013392384000 19
626414080522256384 19
626414407678062592 124
626414441215729664 11
626415049389817856 11
626415103936565248 22
626415229770047488 34
626415288473513985 124
626415535924858880 367
626416030861017088 364
626416555140583424 124
626416639022493696 11
626416727115497472 124
626416802608713728 124
626417037485699072 124
626417071069380608 260
626417561790320640 124
626418073487167489 22
626418379692376068 124
626418413238259713 34
626418635540701184 124
626418962679623680 11
626419721835941888 139
626420065802399744 124
626420350985895936 124
626420678137376768 139
626420707493326848 139
626421152097898496 124
626421592516509697 124
626422804670361601 364
626423337351294976 34
626423421207904256 139
626423576414023680 139
626423693866995713 22
626423744190267393 260
626424541112336384 34
626425304488112128 70
626425778423492608 22
626426084599439360 11
626426378221715460 124
626426793432645632 124
626426868925755392 8
626427590354563074 124
626427867203813376 19
626428701861916672 124
626428940949651456 8
626429377140629504 124
626429750412587008 124
626430283093540864 422
626430304094281728 22
626430736099373056 124
626431361037922304 19
626431784666791936 124
626431872730595328 22
626431948227874816 124
626431973397893120 1
626432464135811076 124
626432480921415680 124
626432782928117760 124
626433097488330752 34
626433189741883392 268
626433625962053632 124
626433802147991552 22
626434104125468672 124
626434515163054080 139
626434565507280897 124
626434921989578752 124
626435341453410304 22
626436209645092864 124
626436637497683974 124
626437635733614592 22
626437652494057472 22
626438038391013376 139
626438139050086400 124
626438537488015360 22
626439078578405376 34
626439493814480896 422
626439607064768513 22
626439900653490176 226
626440500447432704 183
626441817446293504 19
626442027174129667 19
626442094278803457 34
626442299799678976 139
626442526287917056 161
626442983454437376 22
626443629364662272 11
626444103358803968 11
626444220769955840 22
626444581488467968 422
626444774439043072 11
626445814605283329 22
626447098075029504 11
626448121481043968 22
626448125683609600 26
626448213738848256 19
626448360552050689 190
626448461236301824 124
626448905828339712 161
626448935192760320 34
626449212000075776 19
626449681774735360 124
626449694328291328 19
626449937623089153 34
626450076047667200 460
626451644683829248 22
626453062383706112 139
626453397927911424 19
626453414684307457 124
626453666371756033 80
626454354220961792 190
626454429735088128 172
626454542977118208 19
626457088898793472 124
626457676109578240 139
626458250741858304 139
626459471271849985 124
626460700186144768 11
626460737930723329 100
626461052507521024 34
626461555824136193 80
626461937526829056 13
626462738613579776 102
626463594260131840 124
626463741069004801 124
626464118556463108 22
626464231794216960 34
626464651220512768 364
626464739325952000 101
626464852542750720 101
626465955678420992 22
626467465615278080 22
626467469792669696 19
626469034301612032 8
626469055243882497 19
626471152391577600 102
626471475378298880 22
626471546664554496 22
626471748003864576 139
626471987066634240 19
626473098565578753 124
626474277160755205 124
626475136980381696 101
626475287996444673 22
626476936340967424 364
626477653579665408 124
626478567925354496 34
626478823798894592 124
626479310342258688 8
626479968843755520 367
626480526690488320 22
626481139025334272 22
626481214522793984 124
626481558484942848 80
626482309257134080 124
626483399784595456 226
626483571730055168 22
626484255397425152 124
626484582582472704 139
626484733564710912 406
626484892927262721 8
626484901353783298 22
626485350123311105 196
626486050584702976 22
626486809745186816 102
626486834915352581 124
626486893631311872 22
626488617477783557 19
626488655238926336 177
626489607329181697 124
626489875768999937 34
626490874034319361 183
626491188598714368 19
626491549308694528 19
626492052637810688 364
626492333626933249 102
626492799223906305 102
626493642274902016 22
626493646465015809 22
626494036543565824 22
626495089309696001 228
626495521302179840 161
626498172119085056 124
626499317147271168 124
626500755793571844 124
626501376550547456 226
626501439469305856 124
626501611431555072 22
626502135711199236 366
626502248982515712 422
626502509033615361 124
626504220280287232 22
626504224478638080 19
626504383862304769 102
626505524713029632 228
626506753652453376 124
626506778822488064 124
626507072415354880 19
626507277944664064 102
626507860961312768 139
626508192323796993 22
626508628527333377 34
626508892768477185 226
626509182175346688 11
626510398510858240 176
626510654355177472 22
626510926984798208 124
626511799408590848 124
626513019946827776 4
626513632302637056 176
626513707800117248 176
626514823493238784 22
626514865423785984 8
626515083544367104 11
626516253771984896 34
626516660619325440 364
626516966782730240 124
626517239429070848 22
626518178928046080 406
626521291097423872 22
626521832187920385 176
626522733942304770 124
626523933530046465 183
626524256508116992 124
626524516538294272 34
626524667524837376 124
626525883864449024 364
626529826518757376 34
626531734914506752 124
626532703802888192 124
626533127456980992 124
626533320399024129 22
626534058571497472 139
626534301857767424 364
626535174243663872 7
626536810047377408 4
626538370311675904 365
626538458404655105 367
626540723328970752 102
626542174537015296 124
626542237472698368 11
