30394131587006464 3
30394202042925056 2
30396111764066304 8
30398100472336385 3
30400409612853249 3
30401574056493056 10
30402208474333184 2
30404278992510976 10
30404296335958016 1
30404459720871936 1
30405193854091264 2
30405450293846016 4
30406089992310786 20
30406773076664320 11
30406955428216832 9
30407444110778369 1
30407494970900482 2
30407607617323008 4
30408437502312449 3
30408707682607105 5
30409874428919808 1
30410134425436161 13
30410295151169538 43
30410427095588864 15
30410542388609024 20
30410847616499712 2
30411347749507072 20
30411467085844481 6
30412963919699969 6
30414963528962048 20
30416908838772737 10
30417452680609792 14
30418069784367104 11
30418510702186496 11
30419324359417857 1
30419457826357248 8
30419510313877504 7
30419535756533762 43
30420445060669440 20
30421875943284738 11
30422510541479936 20
30422846366814209 1
30423259409289216 20
30423743528439808 41
30424035380699136 41
30424818289475584 18
30424834911510530 5
30424957825589248 6
30425952878075904 10
30427146451165184 4
30428029847080961 4
30428075191701504 20
30428482223734785 20
30429182278246400 42
30429664170213377 2
30429676585353216 7
30429702262886401 3
30430409875521536 5
30430799341817857 0
30431564932325376 12
30431589796151296 2
30432405177245697 1
30433013120634881 0
30433695596814338 8
30436694226378752 0
30437370604036096 12
30438372140908544 20
30439179359879168 4
30439920199798787 8
30440791239299072 2
30440960940834816 22
30441473379934208 4
30442043301953536 10
30444102684254208 0
30447887317995520 12
30448953891749888 10
30450989928554496 13
30452220143079424 12
30453671854612480 12
30455347827183616 14
30456490821156864 3
30458775651487745 17
30459074709557248 8
30460023981215744 14
30461512313208833 9
30463111500664832 15
30463763110957056 9
30464679839006720 14
30467526097895424 14
30467978906574849 8
30468165997690880 20
30468336726839296 20
30470388030906368 9
30471649639796736 14
30472788686929920 13
30472790909915136 52
30473143420190720 9
30473227012673536 20
30473698460827648 2
30475778487488512 10
30477678087770113 11
30478670644649985 42
30480639975227392 1
30481155169984512 15
30481547861688320 14
30483070356295680 12
30483402603888640 3
30483897565319168 11
30484140813975552 12
30484142076465153 3
30485744480944128 10
30486017530142721 14
30486674869846017 8
30488264842412032 11
30489791292252160 20
30490739947343872 20
30491845029011457 20
30494588875571200 3
30494895642775553 5
30496069259370496 18
30497056829210624 1
30497269086158848 20
30497840182591488 15
30499716567408641 20
30500268705583104 11
30502858264674304 12
30505402755981312 9
30505596528623616 1
30506925409968128 11
30507036248641536 14
30509900467544064 0
30510620902162433 12
30511580726697984 12
30512734403567617 5
30513117570015232 8
30514003763535872 12
30514793148321792 12
30515000489541632 11
30515437863178240 11
30515965208829952 3
30516341437890560 11
30517151785820160 2
30517355016622080 11
30517481307111424 2
30517822215954433 0
30519207938494464 20
30519362016247808 11
30519843119702016 5
30521128367689728 10
30521472812318720 4
30521804636295168 10
30522327510818816 10
30522653617954816 2
30522904919674880 42
30522982673686529 22
30523230930345984 2
30523878992252928 11
30524726552043521 2
30525698133196800 2
30526250707591170 11
30526264926281728 12
30526334815965185 1
30526954549547008 12
30527259790020608 0
30527280530857984 11
30527799424983041 2
30530005184286720 9
30533114522505217 11
30534154814750722 12
30536204508209152 11
30536217355358208 5
30536477695807488 11
30538645840596992 11
30538724529938432 4
30543224477065216 0
30544174625333249 3
30544903666663424 10
30545019244912640 0
30545151508094976 2
30545481935360000 4
30546563214348288 10
30547340561481728 0
30548386033696769 0
30548764452200448 13
30550652635582465 8
30550707274776576 1
30550858202615808 58
30551131616706560 22
30554037510213632 41
30555539452723200 17
30558796480774144 8
30561539077439488 0
30562259365269505 14
30562965165965312 0
30563119608635393 4
30564289693614080 20
30564389102813184 0
30565841099563009 58
30565953972477952 20
30566403673165824 21
30567532691726337 8
30567972326080512 1
30569342814916608 14
30570299074289664 52
30571851667210240 8
30572012694933504 22
30573100659638272 20
30573254447988736 10
30573552751087616 21
30574540144775168 10
30575014923210752 20
30576362389504000 1
30579096920526849 13
30579313057202176 4
30581002782908416 2
30581469411803137 12
30581701998546945 20
30582751925112832 1
30583068972548096 10
30583328172154880 14
30585243689811968 4
30586103354359808 0
30587022007603200 15
30587270037774337 2
30587682639847424 41
30587685898817536 0
30588669546987521 10
30589582479196160 14
30589797806379008 21
30589863128473600 9
30590163398696962 8
30591435266854912 21
30592623563509760 21
30592728618246144 21
30595032692035584 4
30595216985559040 21
30595305447628801 0
30595338775568384 10
30595496607219712 21
30596907529146368 58
30596941884686336 21
30597380348837889 10
30597453803683840 12
30597951457853442 14
30598702481539073 0
30598852146888705 0
30599022376919043 12
30599622661505024 22
30600106524807168 10
30600631047688192 21
30601061328756736 21
30601504758964224 21
30601574359236608 5
30601638104272896 20
30604010075455488 10
30604291001556992 0
30604356764049408 21
30605376395157504 14
30606523621187584 4
30607467759013889 21
30608387918004224 14
30608814784905217 21
30609760164249600 5
30610163136208897 21
30610832643596288 10
30612864184098816 21
30612876720869376 9
30612914654154753 22
30614030007664641 2
30614420178608128 4
30614560461291520 21
30614953798930432 11
30615506033577986 18
30615587910586368 15
30615948226465792 17
30616053729988609 0
30617632570875905 8
30617750103658496 0
30618672548544512 12
30618896893476864 20
30619096106143744 21
30619675389853697 10
30619741349478400 21
30620268149866496 12
30620671297986560 0
30621101021204481 1
30621165881917440 2
30621207644610560 12
30623517682704385 10
30623652437295104 10
30623689372340224 10
30625618529878016 0
30625784481714178 12
30626856424177664 11
30628460376363008 0
30631313245470722 0
30631645262385152 0
30632759630241792 20
30633192612438017 10
30633266906136576 10
30633267564650497 10
30633783929606144 0
30633937722155009 5
30634433082036225 12
30635254607773696 0
30635609009684480 4
30635802346131456 10
30635932134670337 10
30636685423280128 22
30636864566206464 0
30636957327425536 0
30637090941181952 12
30637444080607233 20
30638299320160256 10
30638368878497792 12
30638928268632064 11
30640030691098624 1
30640574671355905 1
30641734190895104 5
30642168938889216 10
30642236995674112 10
30642254842433536 10
30642412799922177 10
30642989122461696 12
30643478249603073 10
30643688136773633 2
30644248546119680 0
30644328925757442 7
30644440372617216 2
30645241832800256 10
30646843612336128 20
30646884209000448 12
30647283783565315 0
30647647756881920 0
30647808595857408 0
30648625222656000 15
30648899844706305 12
30649439165087744 4
30649612721197056 10
30650131585966081 41
30650358351007744 0
30650642112450560 10
30650789974245376 2
30651305655533568 13
30651755398168577 15
30651873035821058 3
30652307230162946 0
30652426038022145 17
30652469818163200 41
30652616639782912 0
30652775805231104 9
30653164818534400 2
30654010809651200 2
30655398331551745 15
30655509635792898 1
30655752150458368 11
30655803581009920 2
30656014466416640 12
30656300463427584 4
30656489479737344 0
30657495219306497 12
30658222981386240 10
30658825623179265 14
30658867457167361 0
30659286824648704 21
30660131339378688 10
30661460132634624 21
30661645986430976 0
30661896084398081 7
30662708818870272 20
30662992135725058 2
30663550510825472 2
30665425624760320 21
30665945395503104 20
30666356126912512 14
30667222271660032 43
30667277003137024 8
30667873680625664 5
30667917641129984 17
30668107966062593 2
30668394940334082 2
30670049274499073 18
30670377176801280 5
30670629837479936 10
30671913017671680 41
30672144434204672 8
30672774355746816 2
30673075070566400 4
30674081439285248 15
30674139169693696 52
30674320539787264 0
30675536665649153 4
30676047032754176 41
30676488235782144 14
30677307916029953 11
30678113146896384 14
30678791273586688 2
30679835969851392 0
30679899958153216 15
30680440994009088 21
30681449719930880 4
30681793300537345 52
30681838317993984 14
30681987794608129 21
30682519665909760 12
30682713602129920 4
30682863334596608 0
30683314293571584 4
30684138470121472 8
30684726008221696 5
30685454885986304 14
30685769240682496 0
30685922668322817 8
30686640804462593 0
30686906152914944 8
30687382806200320 12
30687510287876096 5
30687676050968576 0
30688418593767425 4
30690244298801152 10
30690750979121152 5
30690905920905217 5
30691049823272960 8
30692826006159361 8
30692963696779264 22
30692965663899648 2
30693301371797504 0
30693949492432896 8
30693955515457536 11
30694014181179392 8
30694279877754880 8
30694308940087296 8
30694341957656577 8
30694362178392064 8
30694599844429824 21
30694625152864256 14
30694705004027905 8
30695206714089472 8
30696004445544448 8
30696271408799744 5
30696903955976192 0
30697038798651393 10
30697835959689216 10
30698289095507968 41
30698291976998912 10
30698300843761664 13
30700109821902848 20
30700392937426944 15
30700828272631810 20
30701010049572864 2
30701401030000640 4
30702025264074752 2
30702141668589568 4
30702222312472576 20
30702331435683841 14
30704132692123648 1
30704571940605952 8
30705239468277760 5
30705516032303104 8
30707908433940480 43
30708356368834560 4
30708440749842432 15
30709282534072320 3
30710163916718080 8
30710400962007040 2
30710955126034432 0
30711295409917952 13
30711690580463616 15
30711726592753664 7
30712242315988992 8
30713349721292800 0
30714203610284032 17
30714235914813440 10
30714733577379840 10
30714909889138688 4
30715531464019968 21
30717644617285633 2
30717679631343616 9
30717788247035904 43
30718627057500160 15
30719112057458688 2
30719835499397120 5
30720214500900864 11
30721287810711552 2
30722018458468352 20
30722713739862016 5
30723301865168898 13
30723400687165441 12
30723587551797248 11
30723941496520705 10
30724717266599936 17
30724724736655361 14
30725193940865024 15
30725724151218176 15
30725780250038272 20
30726678577676288 15
30726960552345600 4
30727022598692865 2
30727039271047169 9
30727184507211776 2
30727342653444098 2
30727849589608448 17
30728757538988032 0
30728915328696320 22
30730850555400192 5
30730965840035840 17
30731514387898368 11
30731833859645441 6
30732007998754817 0
30733025167806464 10
30733728082825216 3
30733920714629120 20
30734117633007616 0
30738531445903360 13
30738883704524804 1
30739970184450048 5
30740770164051969 9
30740860484194305 10
30741349401624576 17
30741431043760128 6
30741828105928705 0
30742243136503809 10
30742388892762113 14
30743339112341504 7
30744276954517504 2
30745569156665345 15
30746843432357889 5
30747420539224065 4
30747501699010560 6
30747642342408192 5
30749550717173761 4
30749631398805504 6
30751177817722880 20
30752379854917632 5
30752754582421505 5
30752887374090240 6
30753110859186177 8
30753435431206912 2
30754443725115393 11
30754794272464896 10
30755448344805376 10
30755499901198336 2
30755695221547009 6
30756756170743808 12
30757517512417280 17
30758000822063104 4
30759655357546497 4
30759670763233280 12
30760799676923904 1
30761666429849601 10
30762024019431424 12
30762245684207616 14
30763473105321985 22
30764163454214144 7
30764349832306689 7
30764363740618753 15
30764752242221056 7
30765010984636416 2
30765094837166080 4
30765413604265984 2
30766283096072193 2
30766415304728576 20
30767162398347264 10
30767633527742465 7
30768499169169410 7
30768650319306752 2
30768879231832064 20
30769192563113984 7
30769389959651328 5
30769474357432321 2
30769480061685760 2
30769590342520832 20
30769661930905601 7
30769994920890369 7
30770321975939072 7
30770417580904448 6
30771167350493184 6
30771207527735296 10
30771299412353025 7
30771878641532928 22
30772067800449024 2
30772936331755520 8
30773099582464000 7
30773173859393536 12
30773571605241856 10
30773824219783169 8
30774027257647104 13
30775368881283072 13
30775556672851968 3
30775875972632576 10
30775893412548608 17
30776915782533120 8
30777394444902400 2
30777895618088960 7
30778510737940482 7
30779211341893633 10
30779809588051968 7
30780680245870592 2
30783565595680768 13
30784370889461760 5
30784787199303680 3
30784884444237826 7
30786145579180032 22
30786150633308160 7
30786465180942337 8
30786660539043840 10
30786779879575553 5
30786975921340416 2
30787730694733825 7
30788420263481345 1
30788874045235200 2
30789460249550848 17
30789479836950528 6
30790504476053505 2
30792108231098368 20
30792302746148865 9
30792615909662720 7
30793840872923137 7
30793871919157248 10
30794679930851328 14
30794765645651969 12
30794785610530816 7
30795007745069056 4
30795493609050114 1
30795816356544513 2
30796220553236482 7
30796264580849664 14
30797038568341504 22
30798171567292416 0
30798218992287745 3
30798300072378368 6
30799302041280512 8
30799400179597312 20
30799418651316224 0
30799516428935168 7
30799530383380480 20
30799946957455360 10
30800704616538113 10
30800937832415232 10
30800973278478337 2
30801558824296448 15
30802679919804416 15
30802764497948673 41
30803091490086912 14
30804602349690881 5
30804962472632320 3
30805240047472641 0
30806167512948736 6
30806290825478144 7
30809053655470080 9
30809380861517824 2
30809400276946944 8
30809856231342080 12
30810435741556736 9
30810599508152322 15
30810994859053056 6
30811039540969472 11
30811245200277504 43
30811330365628416 4
30811692007034880 5
30812119582638081 2
30812570696818688 15
30812919910375424 2
30813082452238336 10
30814181259218945 20
30814638606123008 0
30814672844234752 12
30814936187801601 4
30815462040272897 6
30815506499899392 12
30817335593926656 10
30818430751875072 3
30820829377855488 10
30821047011905536 4
30821340269252609 6
30821805958635520 0
30821876708147201 10
30824505316220928 2
30825725640577024 6
30826402152452097 5
30826476634902528 7
30826845066764288 0
30827081088638976 7
30828059540062208 4
30828837197578241 7
30829574321348609 5
30829945810845696 58
30831823445561344 17
30832275302129664 20
30835299768602624 6
30836390203756544 2
30837239881670656 15
30837766195515393 0
30838167116447744 8
30838480187686913 14
30838682105683968 1
30841105708744704 9
30841242736660480 7
30841911602315264 10
30843661369475072 18
30844978678734848 8
30845288147066880 3
30846724134150144 8
30846813036617728 7
30848387767083009 3
30848491068588034 2
30848811400175616 8
30850469203025920 7
30853143038267392 6
30853353982394369 13
30853481984172033 1
30855995433426944 10
30856188946022400 1
30859094680145920 15
30859325845020672 4
30861237927542784 5
30862456993615872 1
30862580280983552 4
30863974702518272 10
30866478949466112 5
30867592214220800 14
30868827214446592 8
30869360079806464 8
30869628771115008 6
30873156688285696 15
30877629548597248 21
30879660090855424 8
30880212254199808 2
30881939376316416 8
30882016325009409 8
30882540759810048 7
30883051328241664 0
30883172178726912 14
30884120213065728 1
30885547757019137 13
30886602393788416 12
30887092338827264 12
30887683228172288 9
30888289225408512 12
30888675101384704 14
30889281832615937 5
30889954028552192 3
30889992091860992 0
30893229247303680 22
30894590957461504 21
30897152850919424 12
30897264503296000 5
30898468339847168 2
30899786374709248 11
30899867677102080 20
30900163576864768 11
30900201635979264 14
30900281470357505 2
30901455317630976 0
30901599693963264 7
30901618283126784 13
30901994185039872 21
30902834127966208 11
30906004711415808 11
30906101285261312 14
30906776094244864 20
30907638732554240 15
30907702188179456 2
30908718753255424 21
30909554422194177 15
30909763394994176 1
30909778985222144 12
30909954219053056 12
30911885272424448 22
30912007314083840 3
30914542103957506 6
30915093449416704 2
30917381039591424 43
30918262418046976 10
30918931124322304 14
30919347245416448 11
30920494291099648 1
30922563710357505 21
30922877704339456 22
30922899971899392 1
30924642650689536 58
30925155819593730 0
30925397151449088 1
30926810753540096 11
30928608558059520 11
30929131730378752 3
30930536184684544 20
30931191146221568 4
30932402738044929 2
30933644491100161 7
30933944996200448 15
30937150102966272 12
30940485400928257 0
30941177725329408 12
30941202039701504 12
30943433900171264 2
30944520879210496 11
30945164574859265 18
30947181829562368 14
30947664312934400 4
30949399253229569 21
30950381580189696 11
30950530419261440 12
30950664595046401 7
30950817078968320 3
30951279899451393 14
30952121918558209 11
30953552272687104 21
30953903105249280 9
30954320551747584 18
30955137207898112 43
30955643955318784 0
30958344684445696 0
30958583155793920 18
30958635953692672 14
30959520830197760 14
30960624460636160 1
30960864022503424 0
30964881050046464 20
30965007487336448 14
30965261251117056 12
30965474883801088 6
30965491879120896 10
30965554693021696 21
30965603900588032 21
30965801007714304 21
30965883492900864 21
30965912911745024 21
30965919140290560 21
30965997460520960 21
30966243016052736 21
30966287513423873 21
30966333579468800 12
30966722299170816 12
30967193713774592 21
30967515932790784 0
30967993412354048 2
30968591931154432 3
30968784990773248 21
30969612254318593 1
30969685075828736 21
30970130141810690 10
30972398136205314 21
30972462355189760 21
30973115597062144 8
30973373026668544 21
30973853450637314 0
30974100771966977 12
30974941620862979 21
30975093987344384 41
30975935201157120 21
30976917108690944 6
30978068348669952 21
30978683426570240 10
30979001044439040 21
30979125250363392 21
30979854593691649 10
30980749117095937 21
30981257949085696 13
30981650468835329 0
30982361281728512 6
30982428747108352 12
30982438305927168 42
30982557902307328 0
30983170572685312 2
30983191900721152 0
30984078123601920 1
30984263960633344 14
30984556509138944 2
30984641087283200 10
30985168126746626 11
30986508492087297 41
30986862751387648 21
30986944829718528 2
30986955508424704 2
30987245456461824 41
30987549543497728 14
30987991069491201 2
30988086536052736 2
30988222540554241 2
30991621130555392 18
30991683206250496 7
30993728348880896 7
30994784835346432 2
30994802350751744 58
30995050531913728 0
30995353041895424 5
30996863431745536 13
30996955274420224 2
30997096152694784 4
30997594171768833 0
30997718914568192 7
30998150332289025 7
30998595251478528 0
31000008140529664 52
31000463302205441 12
31000764365152256 13
31000791112220673 2
31001570321633280 0
31002172166504448 11
31003042060963840 14
31004787692535809 0
31006409738948610 12
31006950024028160 52
31007791548207104 2
31007837429698560 21
31008096289558528 22
31008319246172160 3
31009872048824320 0
31009999022981120 18
31010185665323008 2
31010364237815808 9
31010708799885312 18
31011128637128704 18
31011134693711872 2
31011164343238656 15
31011836841164800 10
31012102047006721 2
31012345664765952 14
31012396382298112 20
31012699076825088 2
31012906489348097 4
31013162908123136 2
31013541624414208 5
31013576655249408 4
31013591524057088 4
31013667185098752 4
31013827193606144 4
31013841781395456 4
31013859800129536 4
31013951194013697 4
31014334557589504 2
31014687294357505 21
31014876402950144 0
31014946573647872 12
31015040563814400 2
31015267429523456 18
31015788127191040 4
31016423132233728 43
31017281295224833 2
31017491043975168 7
31017840668573696 17
31018159435681792 15
31018234127843328 18
31018244877852672 18
31018698110148608 13
31018836186628097 7
31019356867526656 2
31019360352993280 18
31019396239466496 18
31019648199688193 7
31019797906989056 4
31020198379130880 18
31021244371435520 2
31021529835765760 2
31021687252193280 4
31021967737884673 18
31022047308021760 18
31023781514321921 12
31023837533446146 2
31023870030913537 18
31024106895843330 18
31024114823077888 18
31024641724125185 11
31025236015058945 43
31025621903609856 14
31025641658785792 18
31025643072258048 0
31025916150816768 18
31026158963265536 12
31026201132802048 2
31026341839114241 18
31026545933942784 2
31027421830447105 2
31028061164019712 22
31028767937789952 18
31029060939288577 2
31029504864423936 0
31030035276111872 18
31030124962914304 18
31030150850158593 4
31030487795367936 0
31030494665637892 5
31030924468559872 21
31031718513213440 18
31031759911002112 18
31032997956288515 2
31034134478458881 18
31034174752169984 4
31034679394045952 20
31035097440329729 21
31035749952397312 2
31036127410388992 1
31037174539354113 2
31037520846262272 18
31037694935040001 1
31037925034565632 18
31038184691335168 18
31038272813662208 11
31038670572093441 12
31039496002736128 7
31039534988795905 15
31039688655507456 1
31040417793310720 0
31041352833695744 8
31041984353280000 2
31042306303852544 22
31042449660973056 4
31042518963453952 0
31042778481819648 18
31043176684851200 2
31043823626878976 18
31044465690939392 18
31045108283482112 18
31045240588603392 21
31045366132514816 18
31045393429037056 18
31046395154669568 18
31046551061139457 43
31046593557831680 20
31046849024499712 4
31048071110467586 2
31048166426025986 2
31048353655558144 18
31049104964452352 0
31050271983411200 18
31051246827737090 21
31051852053221376 6
31052423128686592 18
31052452727885824 9
31052570369728512 12
31052725697384449 10
31052864197496832 2
31053474338709504 2
31053656509911040 12
31055301985697792 18
31055459574087681 20
31055778429276160 1
31055989058830337 11
31056295876362240 1
31056912183205888 0
31057351620431872 9
31057439944089600 0
31058203127062529 21
31058541116657664 14
31058594338181121 17
31059718105468928 14
31059921093009408 13
31061904994603009 20
31062559175999488 2
31063615565987840 18
31065622423011328 18
31066063718322176 15
31066504539676673 15
31067024973103104 11
31067596199563264 3
31068538898747392 3
31068571312324608 0
31068858617954304 13
31069597247475712 22
31070296945459200 9
31071789631143937 0
31072009869852672 11
31072039590690816 2
31072347490361345 8
31072348505374721 8
31072366792544257 7
31072472556118017 9
31072897015480320 2
31073305100296192 4
31073318543032320 14
31074798310268929 21
31075092746215424 2
31075146924036096 18
31075313429516288 18
31076061462659072 18
31076332137881600 18
31076425310142464 10
31078625642029056 0
31079228757770240 12
31079386023198721 0
31080347219263488 4
31081790139531265 42
31082026941554688 13
31082325320138752 0
31082773166956544 12
31083514283692033 4
31083518196977664 12
31083523758620673 5
31084250191101952 4
31084675116048384 52
31085134354583552 2
31086604953059328 52
31086874403540992 4
31087044226711552 15
31087418727735296 20
31087671757512704 22
31087921217937408 2
31087996493111296 20
31088441139666944 15
31088604361003008 2
31090208116056064 18
31090279184343040 11
31091019378335744 10
31091400284049408 14
31091994977632256 10
31092826821369857 18
31094703621414912 43
31094934228439040 20
31095346109095937 22
31095382507266048 13
31096345146163200 3
31097874544599040 0
31098415081332736 21
31098607977369601 18
31099222732316673 13
31099423782084608 10
31099538177531904 2
31100236550119424 4
31100738906099714 0
31101132273098752 3
31101134374436864 4
31101259872215040 2
31101750245068801 0
31102256325599233 2
31104992857300992 9
31105170322489344 21
31105781336121345 10
31106823008288769 1
31107918388535296 4
31108442777198592 18
31109802788659200 2
31110638814109697 20
31110803671224321 10
31111680507256833 18
31111880143540224 3
31112518961201152 2
31113395839180800 0
31114000670400512 14
31114540473122816 2
31115816892112897 11
31115844079587328 5
31116011696553984 2
31116681023586305 2
31116779371630592 11
31117215788965889 15
31117687467802624 9
31118228382031873 13
31118649196544000 2
31119405844795394 2
31119543506046977 9
31119573893775361 2
31120562348625920 2
31121223412883456 2
31122825305657344 14
31123228814483456 6
31124672380674048 4
31124991944687616 20
31125701058895874 2
31125930910949377 13
31128320552738816 12
31128517605326848 2
31129009882402817 2
31129345066012672 2
31129479409569792 2
31130243469152256 1
31130387040174080 13
31131371611103232 0
31131445204357121 2
31131687672881153 20
31132710705565696 14
31133324697141249 22
31135430875291649 2
31135460042477568 2
31137005664468992 20
31139501162102784 14
31139661069942785 10
31140736409796609 20
31143839632728064 0
31144464038764544 13
31144800455495681 10
31147431294926848 0
31147614292418560 9
31147677928394752 2
31147902940217346 20
31149429419413504 20
31150167855996928 0
31150854518087680 11
31152254899724288 3
31153333771177984 20
31155431632019457 15
31155803561926656 11
31156154063134721 12
31156659652927488 2
31157697839628288 2
31160647492304897 12
31160749384540161 14
31160987822333952 2
31162151691358208 2
31162181697413120 2
31164008929173504 2
31164377784651776 2
31167200224092160 2
31167797417484289 9
31168112128692224 4
31168737197424640 20
31171333400305664 3
31173198477266945 11
31175122647785472 10
31175267573571584 0
31175455365144577 15
31175798983491584 2
31176393446391808 2
31178972884635648 9
31180229808488449 9
31180699922866177 9
31182195607470080 9
31183953457057793 12
31185246959439872 9
31185471144992768 4
31185639047172097 7
31186539111260161 11
31187010144182272 11
31187069468413952 14
31187141350400000 12
31188443958611969 3
31191421952204801 2
31192640489783296 20
31193526230323200 3
31193849732796416 17
31193943542603777 13
31196853986926592 0
31198473860685824 14
31198665850753025 15
31198962056695809 9
31199726539902977 3
31200356755046400 3
31201613666320385 10
31201852355772416 11
31203980398821376 22
31204939556454400 18
31205944025161728 0
31206369348558848 14
31206920995999746 3
31206941996875776 4
31206989136666625 22
31207938504790017 2
31208344513417217 18
31209867557470208 2
31210617436119040 0
31210659614031872 3
31211512802574336 20
31211938725761024 10
31213116251447296 9
31214698540048384 15
31214716097400833 11
31216070039699456 3
31216127501672448 2
31218888129650688 12
31219949385023488 15
31220608494739456 3
31220914683121664 11
31221921399963648 11
31222767160401923 1
31222961499283456 10
31223664930193409 11
31225212070535168 12
31226577924653056 4
31227454337056768 0
31228067758215169 3
31228698111770624 12
31228836662214656 0
31230245910618112 12
31230268593414144 9
31230480170876928 0
31234119782367233 22
31235101018820608 2
31235152201912320 2
31235518612119553 10
31237205229830144 0
31239223256293376 1
31239414566879232 2
31240250109984768 12
31240623314964480 2
31241976984641536 2
31243779268677632 15
31244303820918784 13
31244843439095808 1
31246627213676545 4
31247389662646273 1
31247776054517760 12
31249687239467008 10
31249821952118784 12
31249887840436224 3
31254361870958592 3
31255257963044864 3
31256160044589057 13
31256750145409024 14
31259521435308032 18
31260408840986624 4
31260417296695296 4
31260439643947009 4
31260442315726848 4
31260442705793024 4
31260461554999298 4
31260794079416320 1
31261786745339904 2
31263364470538240 6
31263743979552768 2
31263929590091776 14
31264716974194689 11
31265066254864384 3
31265161838858240 2
31265427015335936 1
31268819217424384 18
31269345250246656 14
31269520672825344 4
31271537130602496 1
31273563319173122 0
31274798323601409 9
31275425594347520 1
31276298647113728 2
31276607888957440 2
31280039735595009 6
31280399111950336 14
31280613415723008 3
31283912407785472 2
31283916992155649 2
31284810353741825 4
31284921209200641 12
31285491366100993 2
31286090224635904 8
31286109472292864 2
31287055673729024 20
31289241761746944 2
31290428993052672 4
31290850642235392 6
31291004959072256 6
31292040750829568 20
31293731701260288 0
31295548401131520 14
31296654984355840 4
31296678459875328 4
31299916881993728 14
31299921579610112 18
31300012923166720 12
31300161028235265 15
31301399597817856 6
31303419125825536 6
31303874081984512 0
31304742340661248 8
31306557291503616 0
31312198722658305 2
31313035649875969 11
31313048425725952 12
31314236164542464 12
31315354999324672 12
31315497316257792 4
31315702530965506 2
31316259006054401 3
31318938021265408 2
31319628084936704 4
31319916309127168 20
31324492491923456 14
31324914770255872 18
31329095719591936 14
31330125442191360 1
31330499074981888 5
31330501872586753 14
31331264925540352 21
31331279676903424 12
31331500536369152 1
31331870423650304 21
31338264753340416 2
31340035500408832 4
31340071860834304 2
31340540746268672 6
31340983396335616 1
31343165118087169 14
31343482496880640 6
31345998840209409 21
31347221337219072 0
31347593162268672 22
31348236769820672 21
31352119541891073 13
31352723509092352 15
31354920925929473 6
31355051209396224 18
31359062411055104 21
31359592764014592 15
31360085192089600 9
31361239879778304 14
31362489916592128 5
31363167950999552 1
31363349748912128 20
31365951563763712 10
31366458361520130 14
31367523815395329 2
31367888132636672 42
31368070408708096 2
31368638988558337 11
31370453759033344 3
31370691341193217 1
31371147513692160 9
31372058491359232 18
31372223163932672 1
31372703940214784 13
31373776805437440 20
31375726355685377 13
31377104851435520 15
31377999555207168 12
31378267915161600 0
31378604751331328 0
31379582183538689 18
31380634714775552 17
31381838840733696 3
31381901876920320 20
31382407521239041 1
31382608390660096 41
31382773830782976 12
31384843216486400 13
31386765759614977 5
31387358490267648 22
31387404828934144 18
31387551839293441 14
31389209428234242 0
31389468770435073 20
31389896627195904 1
31393500272529408 12
31394346062315520 18
31394628003434497 4
31394797096800256 18
31395475361890304 5
31395755189075968 12
31396276645924864 20
31396671703220224 18
31396975362445313 0
31397676553605120 10
31397693683142658 1
31398370350206977 2
31398611271024641 21
31399339309932545 0
31400130095616001 21
31402465458917377 18
31405044901355520 18
31406410256355328 18
31407484170145792 18
31408746303332353 13
31409578230943744 18
31409606391500800 9
31410105647894528 18
31411367932067840 15
31413608780931072 12
31413650270986241 20
31414231677009920 2
31414777767010304 0
31414860923277312 18
31415047490117634 12
31415088246169600 12
31415194911506432 3
31416044081913856 18
31416196981067776 14
31417341728260096 15
31418086171082752 12
31418487326908416 18
31418997807259649 18
31419091105357824 2
31420193662042112 13
31421122289336321 2
31421364304875520 1
31424021111246849 18
31424967899873280 2
31424975139250176 18
31425369449963520 18
31425604452614146 5
31426539723689984 18
31426798810046465 18
31426832662265857 20
31427033556848641 3
31427759045611520 6
31428420801925120 3
31428493468237824 9
31428546798813184 0
31431335247609856 20
31431536888782849 4
31432727026733056 0
31432945419952128 20
31433327906922496 4
31433632128172032 2
31434793199599616 21
31435262596747264 9
31437204932788225 11
31437237254094848 20
31437407396040705 2
31441099969003520 0
31442088453210113 1
31442614079197185 21
31442910696177665 14
31443107291598848 18
31447361003720704 12
31448339769724929 6
31449595846336512 3
31450065537073152 13
31450267119525888 6
31450686512173056 2
31452420420665344 21
31452422190665728 3
31452522002513920 3
31452799485087744 20
31453275672805376 2
31455723212775424 3
31455815084802048 3
31456126100836352 43
31456453080383488 12
31456542574252032 13
31456595212767232 0
31457280905973760 21
31457316683386880 5
31457406059810816 22
31458812468658176 2
31459972197908480 14
31461069528502272 18
31464165482692608 1
31464675170328576 6
31464809216090112 21
31467121900789760 2
31467184836317184 1
31467302188748800 12
31467680355586048 2
31467720469905408 21
31468490040803328 20
31468756320391168 14
31469968528769025 14
31471387839303680 3
31471733798076416 52
31473669091893248 6
31473705490063360 14
31476880397836288 6
31477961861373952 21
31481606854152192 15
31482127098839040 52
31484405264424960 0
31485497012396032 10
31488592257744896 3
31491223910879234 6
31492039682039808 10
31492400543178752 42
31493461895020544 5
31494358188425218 9
31494433346158592 13
31495605129838592 0
31496694457704448 12
31498848211828736 8
31501865678016512 6
31503072236670976 2
31503592129040384 3
31506974361260032 15
31507810986496001 1
31508580809052161 10
31508627588120576 3
31508788771037184 21
31523385842335744 3
31524647337988096 21
31527343109443585 3
31528624356069376 20
31528642743894016 2
31528807936565248 1
31532143444230144 7
31533473051185152 20
31533605201121280 21
31535593183772673 3
31536020499468289 41
31537684090462208 22
31539440006463488 22
31540846591479808 1
31541787378065409 14
31542354045308929 58
31546173600829441 15
31546270132740096 1
31547140597620738 14
31548936007196673 12
31549322411646976 5
31549597696393216 3
31549742353747968 14
31553007199985664 14
31553156345233408 1
31554061517979648 41
31555900334407680 20
31557043903012864 6
31559113523597312 20
31559175330856960 21
31559868326350849 43
31562402864570368 1
31562758805782528 21
31562782507802625 18
31563924398669825 11
31565204835794944 3
31568963183845376 6
31569527422586881 5
31570912188825600 6
31574200246341633 21
31574865592979456 14
31575391466426368 5
31577262197317633 21
31579382669639680 14
31580700553519104 1
31582344502575104 14
31582648186961921 2
31585147258146816 4
31585270302253056 1
31587174298165248 1
31587601542545408 20
31587866031165440 1
31588307586519040 13
31588433650515969 6
31588589909315584 1
31589908644626432 10
31590126110904320 14
31590322957975552 11
31590445049970688 9
31591003676737536 4
31591444397424640 10
31591858408787968 2
31592177809227776 3
31592707545636865 13
31593201001299970 3
31594108174737408 1
31594123525881856 1
31594358910226432 1
31594475058892801 5
31595126736289793 3
31595212220399616 12
31596255645798400 9
31599782774439936 3
31600749309861889 1
31609210277990401 11
31609386329710593 22
31610154927521792 21
31612106658816000 5
31613004512493568 21
31615062405808128 3
31615359102492672 3
31617061889249280 12
31617379486142464 20
31619459839954944 1
31622713848107008 22
31622888691867648 12
31627404900311040 0
31627673281232896 5
31628886605299712 21
31629001239830528 10
31629044269191168 21
31629235835637760 21
31629248502435840 15
31629662966784000 5
31631535366995968 21
31632553471377408 21
31632894636068864 21
31633604350058496 3
31634565726470144 3
31636328948965376 6
31636393063096320 2
31637593485484032 18
31638843664891904 20
31639213241794560 21
31639242950053888 12
31640927348981761 1
31642136910757888 20
31643428668313600 21
31643748362362880 21
31644368326631424 21
31647223557128192 21
31647814786228224 12
31648201748520961 21
31648402789896192 20
31648931624525824 21
31650454555328512 1
31650972241502208 21
31651067670302720 21
31652021882851328 21
31652159686705152 10
31653032269709312 21
31653095016497153 21
31653409140514816 1
31653516321759232 21
31653948410560512 21
31654224773251072 21
31654912601358336 11
31655045367861249 21
31655251593404416 22
31655260195921921 22
31655267053604864 22
31655567781011456 21
31656691342770176 14
31657587443245056 3
31657763553677312 21
31657852259016705 21
31658343235854336 21
31658757616308224 21
31659605524226048 21
31660595627425792 20
31661116648067072 18
31661587676798976 21
31662105904021504 10
31663375410798592 21
31664292503756800 21
31664959955927040 4
31665631019405312 6
31665824276156416 21
31666932327383040 21
31668642445791232 3
31668993525813249 13
31669571555430400 18
31669649288470529 21
31670225099300864 12
31672576916856832 21
31672753975197696 21
31672985840517120 14
31673221942091777 21
31673243798609920 21
31673636943306752 21
31673673651855360 21
31673680954138624 21
31673744418152448 21
31673993819856896 21
31673999100477440 21
31674021217046528 21
31674306199035905 21
31674396498202624 21
31674409378910209 21
31674451988848641 21
31674849906659328 12
31675031993982977 21
31675229210152960 21
31675360097599488 21
31675432579375104 21
31675539873857537 21
31677899845148672 21
31677930400645120 22
31678562608091136 21
31679285982920704 21
31679425338679296 20
31679542569472000 21
31679701269348352 18
31679783616118784 5
31680131110010880 21
31681152569835520 21
31681793237188608 11
31682953595584513 14
31683709740519424 18
31684419873935361 21
31684842953375744 1
31685731671875584 42
31686032277639169 21
31686265921343489 3
31686276293853184 4
31688182005235712 42
31688661296742400 20
31689430863450112 17
31689854869835776 22
31689881163931648 13
31690834835415040 21
31691436936138752 43
31692185296441344 21
31692655704412161 22
31693234325426177 18
31694473117306880 3
31694530558296064 20
31694965050449921 18
31695509810839552 43
31695880826396672 3
31696221231915008 5
31697432387526656 11
31699819923767296 9
31700342240444418 18
31700382858092544 9
31702927013838848 9
31703050271850498 12
31707233054101504 20
31708419303931905 18
31709059719634945 5
31711079461552128 20
31711154204053504 18
31715048300744704 20
31715391927484418 18
31716826710802432 22
31717825269731328 14
31718977201774592 52
31719526622040064 3
31720687227895808 10
31720767683043328 2
31721475786416129 18
31722157654417409 17
31724837294571520 14
31724937890762752 2
31726486222274560 0
31726872656084992 12
31728925046476802 9
31729684089675777 9
31729824913424384 9
31730063380582401 1
31730139196817408 17
31730185619378176 11
31730879315316736 3
31731638631137281 14
31732480914489344 14
31735139432144896 18
31735455657500672 18
31735910097756161 11
31736465394241536 3
31736590074118145 18
31737924319969280 15
31737979026280448 13
31740806834425856 42
31744066563604480 5
31744449365155840 12
31745086442184704 4
31745096726609920 4
31745508766646273 14
31746913468424193 20
31747239311314944 2
31749443879440384 4
31749813007548416 3
31751008367419392 6
31751433325903872 12
31752954860011520 6
31753400517398528 52
31754236366688256 10
31757312548937728 13
31759478898561025 18
31760140914925569 18
31760876486795264 14
31762855594303488 4
31763145265520640 0
31763149904412672 0
31763182657740801 18
31763804341673985 20
31764477875585024 58
31765042370187264 58
31767856039329792 14
31768073216204800 20
31769205439205376 13
31769395265019904 14
31769479050432512 0
31769523052875777 20
31770091230076929 9
31771605050855424 18
31773184512495616 9
31774912318283777 20
31776820869206016 18
31776979199991808 20
31777091523444736 8
31777427092938752 2
31777476736716800 2
31777488208142336 18
31777782535028736 4
31778373868978177 18
31778698306781184 9
31780127859802112 0
31780569960415232 3
31781089181704192 20
31781229795745792 20
31781548416049152 18
31783210920706048 5
31785455397638144 4
31786830126911488 18
31787064592699392 3
31787173657190400 3
31787373297668096 14
31789024293167104 3
31789477273804800 2
31789696912723969 14
31790456400510979 21
31791078399025153 13
31792129172840448 9
31793296351174656 20
31793298611904512 41
31793758529921024 15
31795576903303169 3
31795708822552576 3
31800150301081600 21
31801180061433856 14
31802123293294592 12
31803411594739713 3
31803419240960000 3
31803439788855297 3
31803718215139328 4
31804215198224384 3
31806612809187328 3
31807173218537472 7
31807230709866496 20
31807594473459712 3
31808292451786752 10
31809671195009024 3
31810488266399744 3
31810603328741376 18
31811055877365761 4
31811254737702913 3
31811330562334720 2
31811864388177920 20
31812598013894656 1
31814327216377856 20
31816947943346176 5
31816986417700864 21
31817694814670850 11
31818985011945472 11
31820162705399808 14
31820266728329216 11
31821748101976066 4
31821797401821184 18
31824265858777088 18
31824638501724160 4
31824794554994688 3
31824817023885312 13
31825453668900864 10
31826421026398208 18
31827324445917184 18
31828141269848064 5
31830108431982592 3
31831410260058113 8
31836139568500736 42
31836755116171264 3
31837272005419008 18
31838446431510528 18
31839368880590850 1
31839946834714624 18
31840187944280064 3
31841010615058432 13
31841332263649280 3
31841375750193152 15
31841982963777536 15
31842252955324417 3
31844361520025600 18
31844731885457409 20
31845325505306624 9
31845403099926528 20
31845404345630720 3
31845488307208192 18
31845789533736960 3
31846049488310272 4
31847913957105665 42
31849548460597249 18
31849691155013632 14
31849694669840384 21
31849942708391936 3
31851486715576320 3
31852394992115712 21
31853087438143490 2
31853505325047808 20
31853848926621697 4
31854246383058944 3
31856209573187584 18
31857122555723776 3
31858497041735680 14
31858896867954688 18
31859055030964224 3
31861291236724738 4
31861590575816705 9
31861702156877824 13
31862468191977472 9
31864469529305088 41
31865568277569536 3
31865841687470080 5
31866849633243136 0
31868819316146176 18
31869348700229632 12
31870844829442048 13
31871158500458496 58
31872613319970816 14
31872977108738048 3
31873295653539840 15
31875281820061696 18
31876829782478848 17
31877108653367296 9
31878654489264128 9
31879597431726080 15
31879763714904064 22
31880216670380032 22
31881538727575552 4
31882212055973888 22
31882977344491520 22
31883171909869570 3
31883368232656896 22
31883562986766336 22
31883690422308864 1
31884272092585984 22
31885326528020480 22
31885627276394496 9
31885657626378240 3
31885777986129920 9
31885796969545728 3
31885983020482560 2
31886068898861056 1
31887568748417024 2
31888385719144448 6
31888462969839617 22
31889401910923264 0
31890053449908225 12
31890241614782464 22
31891056119255040 41
