33191722632613889 8
33191819571367937 0
33192271625064448 8
33192396690821120 11
33193476678098944 14
33193637294645248 79
33194248366985216 0
33194653989732353 6
33194797359435778 9
33194861104463872 5
33194960840962048 0
33195217758715905 4
33195322654068737 6
33195368707530752 126
33195665555193856 14
33196222072225792 0
33196244956348416 2
33197990952837120 13
33198854396448768 0
33199048240537600 167
33199458434940928 167
33199567616868352 0
33199661187600385 8
33200325326282752 0
33201084977651712 17
33203371833950208 0
33205311972048896 6
33206898425593856 8
33207140613103617 112
33208326640640000 13
33208422790856704 2
33209357202104320 9
33209871243419648 5
33210439097790464 0
33211002690473984 12
33211606263398400 6
33211993343131649 16
33212352774017025 2
33212373925888001 0
33212841112641536 9
33213205480218624 5
33213207115988993 14
33214759654391808 0
33215276099043328 140
33215612851331072 22
33215677892395009 16
33216273437425664 16
33218145925865472 167
33218180138672128 0
33218193250066432 9
33218636390858753 79
33219155788308480 140
33219399687086080 14
33219512610332672 4
33219792437518336 3
33220959712321537 6
33221138674880512 0
33221382804348928 18
33221910552645632 67
33221913660628994 19
33222929659469824 5
33224790349193216 140
33225556157792257 11
33226832933289984 21
33226850880724992 0
33227269036056576 9
33227358165008385 6
33229392691855360 0
33230318035009537 16
33231410873503744 0
33231607418589184 0
33232351123218432 140
33233626095161345 2
33233884216819712 167
33235570180227072 13
33236204107341825 69
33236564788121600 2
33237235876904960 0
33237656133435392 0
33238710594187264 17
33239137964265473 11
33239404780720128 9
33239547781320704 0
33239717222948864 0
33240836636409857 79
33240972036935680 79
33241391375060992 0
33241467132579840 0
33242080096559104 8
33242620163522560 5
33242991317491712 0
33244405448052736 0
33244738937159680 13
33245941343461376 5
33246192376750080 0
33246245619240960 167
33246485776695296 0
33247131246526466 17
33247185717956610 0
33247849663836160 0
33249501770682368 3
33249813399076865 112
33249860547252224 6
33250008883007488 69
33250235962621952 9
33250453860913152 5
33251038848880640 0
33251413001764864 4
33251637552226305 6
33252003106783232 13
33252114020962304 22
33252511573868544 14
33254239627116545 11
33255722284224512 15
33257909794115584 79
33258453669519360 14
33258941475459072 79
33258961700528128 0
33259197709688833 13
33259647980802049 0
33260124898328577 18
33260307283447808 0
33260621386481664 0
33260958885347328 5
33261919905251328 0
33261940688031744 0
33262103364112384 9
33262971782176768 69
33264471271153664 0
33264982988693504 0
33265599333273600 67
33267510186868736 0
33268049675034624 13
33268384489672704 79
33268488093044737 9
33268585421864960 0
33268742729236480 79
33269271605809153 11
33269359585529857 13
33269376509546497 4
33269504297406465 0
33269747457986560 22
33270112383410176 11
33271558214524929 167
33271968107073536 18
33272036319043584 0
33272400296550400 9
33272525483933696 0
33273630221664256 18
33274078861205504 33
33274297686573056 16
33274805956378624 6
33276150629269504 9
33278774036402176 0
33279006446985216 126
33279674582831104 0
33279954791702528 67
33280055178170368 2
33280489796145152 14
33280920836378624 19
33281252509483008 6
33281745600126976 11
33282345930854400 0
33282613162541056 0
33282864288104448 33
33282994512859136 0
33283136804626433 0
33284401936728066 0
33285518682759168 15
33285922183327744 3
33286086541189120 6
33286243110359040 14
33286568416387072 6
33287991682138113 8
33288316464005120 1
33288536677421057 62
33289072529121280 8
33289072579448832 14
33289881463554048 14
33290517185830913 14
33291186630299648 0
33291305136160768 13
33291326040571904 79
33292259323547649 8
33292529289928704 2
33293109186011136 5
33293120409960448 6
33293212663685121 0
33293679170953216 62
33293833861079040 62
33295974021472256 16
33296706040766464 22
33297787042922497 140
33298612591001600 11
33298867390779392 62
33299976855490560 5
33301004434800640 0
33301926867107840 0
33302076331139072 17
33304277246025728 12
33305131869011969 5
33305407556423680 0
33306328940150786 0
33307394914127872 16
33308814212075522 0
33310045278044160 13
33310482420998145 79
33311260766380032 0
33311342983127040 6
33311396003446784 0
33311855258632194 33
33312830832779264 14
33313511085969408 0
33314144924991489 126
33314820841275394 0
33315423587926016 14
33315769223741440 17
33316736610603008 0
33316849793896448 0
33317258596069376 12
33318465452376064 18
33319537222881280 1
33319669343461376 33
33321637201838081 0
33322282571014144 16
33323217259077633 8
33324963490435072 9
33325279938224128 0
33325416328462336 6
33325494132809728 2
33326896313794561 19
33327930738221057 62
33327948077469696 5
33330925278339073 18
33331306490236928 9
33332165697601536 0
33332179522027520 2
33333554754621440 79
33333604473905153 14
33334443204677632 18
33337095107903488 4
33337349521805312 0
33339145753460736 9
33339340247535617 33
33339533151965185 0
33339533743366144 0
33341125083271169 9
33341683760369664 140
33342487686807552 9
33343474636034048 6
33344603553792000 0
33346093525762048 6
33346266360455168 6
33346654094495744 67
33347103187017728 0
33347524437737473 2
33347605379547136 22
33347616108449792 14
33348131680686080 62
33348377513033728 0
33350237129019394 9
33352186536656896 9
33352984645599233 17
33353153395040257 12
33353527057190912 17
33354525599342592 2
33355922768134144 14
33356134869901314 112
33356246027345920 2
33356335970000896 2
33356503989616640 2
33357302580912128 17
33357376706846720 14
33357617275342848 2
33359847932043264 0
33361107498311680 0
33362303705415681 0
33362388803653633 0
33364655128711168 5
33364889586114561 4
33365141173043201 156
33366582008741888 0
33368531206668288 126
33369625563496448 22
33369992103723008 69
33371610496897025 140
33371739924733952 12
33373628129087490 79
33373801777467392 13
33373840193097728 10
33373846279028736 10
33374225104375808 5
33374485453217793 140
33375006629036032 1
33376863187501056 0
33377534213099522 1
33381199896379392 18
33381588280549376 2
33383797051359232 67
33384623333441536 0
33386062835351552 140
33387787151482880 2
33388532097622017 112
33389409176915969 9
33391536595017728 5
33391674583425024 62
33393031780499456 0
33393339436896256 5
33394385118822400 15
33394443545481216 112
33395956993105920 10
33396223817809920 9
33396269518950400 33
33399394887802880 15
33400457640542208 9
33400760528011264 6
33402151556349952 0
33402920149979136 15
33403741688307713 16
33403746633392129 16
33404161005461504 16
33406126372425728 17
33407065594535936 19
33407906174996480 0
33410471394549760 0
33410666744258560 33
33410775343169536 13
33411054734155776 33
33411338659172352 0
33412136533233664 0
33413697732870144 11
33413863420461056 140
33414684539363328 140
33418299542999040 2
33418751206490112 13
33420322896089089 14
33421419345874944 140
33424298379059200 2
33427300426977281 0
33430749147308032 0
33430827295580160 5
33431178606280704 12
33431641498062848 6
33433347908706304 6
33433747902697472 33
33439114237841408 12
33440118673117184 67
33440459686674432 14
33441821556219904 14
33444524231499776 140
33445664922800129 33
33446053793628160 18
33447406443954176 18
33449722408603648 140
33453318646800384 5
33453860722966528 13
33455373692178432 0
33458110400036864 2
33458293678538752 0
33458990092386304 9
33459849174056960 5
33466017904599040 14
33466112662310913 5
33466267985772544 15
33468260049494016 8
33469966896332800 2
33470137596125184 0
33470196421230592 8
33470823314497536 0
33474372425482240 0
33474482333159424 12
33480137362112514 0
33480970417995776 12
33481092530970624 14
33481427454525440 9
33481475881967616 15
33483791594946560 22
33484187910541313 2
33486057508970496 33
33492540477018112 6
33493661861814272 19
33496569370124288 15
33496967971606529 13
33497247777824768 18
33498398975856640 62
33499148292603904 8
33499533832880128 15
33501224246444033 0
33502042446102528 17
33505508052701184 11
33507411381719040 11
33508344199118848 6
33508591453343744 19
33509492855410688 19
33510112081481728 140
33511800787968000 19
33513543366086656 9
33514140244905985 13
33514651547344896 14
33515230587785216 14
33515506744950784 5
33516419014463488 9
33516922268024834 156
33518028993855488 8
33518319839481856 13
33518674736320512 9
33519247472726016 13
33519406084530177 0
33520403490156544 9
33520668909764608 13
33520902477975552 13
33522803978272768 13
33523197995384833 6
33524717671559168 0
33524943803121666 0
33525722479861761 8
33525945243537409 11
33526878752997377 14
33527419218436096 10
33527536038187010 13
33527838854352897 8
33527841312210944 8
33528056157188096 19
33528419429912577 14
33528859383037954 79
33529042191785984 11
33529435751714816 2
33529450767327232 6
33529783019110400 33
33531750735032320 14
33531757508689921 0
33532317314056192 9
33534430836428801 6
33536257858478080 0
33537581769555968 5
33537648752590850 79
33538179063754752 5
33538230116683776 6
33539217275486208 6
33541239060041730 18
33541251349348352 6
33545220180287488 9
33545492285624320 0
33545619612106753 17
33545689933807616 1
33547191578525696 157
33547217537073153 33
33547231877398528 33
33547245555032064 33
33547789946462208 33
33548739545137153 67
33548850287345665 19
33549951497670658 6
33551062635913216 33
33551717224284160 9
33552283149017088 4
33553119631646720 8
33553741655310336 22
33554064633503744 18
33554336902553600 67
33554739551543296 10
33554898305949696 0
33555403564392450 0
33556639583830016 16
33557435343966208 14
33560023292452864 2
33560298900164608 0
33560398212890624 5
33560769601732609 33
33561051022757888 9
33561216639045633 33
33563028075057153 13
33565715608903680 112
33566016902537217 2
33566253155090432 0
33566712917925888 67
33566821449736192 12
33567410619420672 0
33567685698654208 156
33567946399809536 62
33568242765135872 13
33568634760601601 16
33571020623319040 11
33571210457522176 5
33571684388704256 13
33572644611690496 157
33574118527868928 157
33574646964027392 9
33574765520224256 14
33575325732446208 22
33576866518405120 19
33577470590582784 13
33577517885427712 9
33577664384081921 14
33579788874547200 33
33579862476197888 62
33580129187790848 167
33580239875473408 14
33580547141935104 11
33581312786833409 2
33581589627666432 62
33581762919530496 0
33582658525069312 11
33584434007506944 2
33586086957547520 33
33586995477356545 67
33587659267899392 14
33588129596182528 19
33588181140119552 11
33588700671643648 18
33592927120789504 14
33595067021139968 6
33595147593715712 11
33595165004275712 140
33595186235838465 9
33596631106457600 12
33596831690653696 6
33596939387797504 157
33597238831751168 11
33597493732323328 140
33598179383574528 0
33599468855107585 15
33599563352776706 112
33599844258033664 140
33602459460964352 140
33602550338953216 140
33602824688369664 9
33605658687307776 11
33606324759568384 15
33607227793219584 6
33607892988858368 15
33608000958631936 157
33608188456603648 9
33608345365516288 0
33609640239570944 11
33610192662831104 12
33611167905611776 167
33611210293252096 9
33612029910585345 13
33612098655227905 5
33613584332361728 9
33614906674651136 15
33615376298278913 11
33615382547791872 0
33616636950880256 0
33617212061257729 140
33617943824699392 11
33618287334002688 14
33619968625086464 140
33620769611190273 18
33622052933992448 5
33622320245374976 22
33622680586424321 167
33624619323752448 0
33624690719199234 140
33625102922817536 4
33625816206147584 0
33626952602484736 9
33628017070841856 22
33628903159365632 4
33629265694031872 9
33629338909806592 9
33629339748663296 11
33629903358271488 12
33630971337113600 9
33631021220110336 10
33633432428875776 18
33633840232665089 10
33634456401092608 19
33635218019581952 11
33635369165520896 5
33636077730275328 112
33637351326486528 6
33637742415974400 140
33638358332735488 9
33638750793768960 13
33638979567878145 14
33639535090868224 2
33639592749957120 2
33642490078691328 16
33644283529527296 6
33644706596392960 123
33645398132264960 14
33646345524875264 16
33646487715975168 12
33646929720115200 5
33647509888835584 0
33648362540503040 2
33649603823935488 11
33649782559866880 19
33649826826555392 112
33650505087455232 2
33652056137015296 5
33653130809974784 5
33653238003662849 167
33653239220146176 11
33653348641017856 11
33655268201996288 9
33657020422823936 15
33658285156597760 0
33659477823590400 8
33659883861577728 0
33660591826534400 8
33661669712338945 10
33661673067773953 10
33662111070552065 33
33662554710478848 6
33663370846535680 9
33664013007060992 2
33664126983086080 9
33664179340574721 2
33666771730829313 13
33666958230552576 14
33667147775348736 9
33667388817805312 10
33667614332952576 17
33667671601975296 79
33667835548934144 0
33667971406626816 11
33668247375060992 3
33669512817549312 9
33669726047576064 167
33670893158801408 140
33674151948455938 5
33675478296432641 10
33677205250772992 18
33678862260899842 9
33684239400566784 0
33686028132818946 79
33687476962852864 2
33687718391185408 6
33689444728963072 79
33690022972497920 15
33690406520623104 9
33690990938165248 2
33695058750349312 6
33697978627657728 13
33699340019044354 17
33700450280669185 67
33700591892959232 19
33700801083867136 62
33703316437340160 67
33704807181062144 11
33705895070269440 13
33706609385414656 14
33707138433945601 6
33707611262029824 12
33708437988835328 5
33709346479284224 9
33709364598542336 11
33710874514432001 11
33710923331932160 22
33712124932923392 12
33713791854313472 12
33718442049667072 6
33724367154184192 14
33725260448669696 9
33725692843659264 12
33726035354722306 3
33728276685914112 6
33729419537285120 6
33732829368029184 9
33734396930564096 79
33735327810068480 12
33735384575770625 9
33736325714681856 5
33736627268354048 18
33738051641413632 156
33740073593733120 9
33744788364869632 11
33746331776327681 6
33749775782248448 9
33750566500827136 6
33752409796780032 12
33755473865875456 6
33761633603948544 12
33763862268350464 9
33766008078475264 14
33779867879342080 6
33779890838835201 157
33780034149818369 22
33788424825606144 13
33791357524901888 11
33792245094289409 19
33792850932011008 9
33793054187986944 17
33796976818528257 67
33798771540238336 22
33800817576251392 19
33805013625077760 2
33805290382032896 17
33810754960367616 2
33812626093907968 9
33812636726464512 19
33815596160253952 140
33816139578482688 12
33817367196733440 14
33817989102964736 19
33820768919879680 156
33820993608744960 13
33823403328671744 2
33823828090036224 140
33828341907718144 5
33829483270111232 33
33829967502516224 112
33832369173561344 22
33834793690992640 18
33835110490963968 19
33837842882891776 9
33839671452639232 8
33840094867623936 156
33840495138570240 62
33845715419533312 19
33850024282562560 122
33851490628014080 18
33856970993704960 9
33858109449437184 22
33858317977649152 5
33861430079913984 6
33866244889255936 14
33870356682899456 2
33872042138796032 9
33872857842851840 19
33874115857227777 12
33878396152840192 2
33882270234312704 79
33886610151968768 14
33886665583894529 14
33887189439877120 9
33888095787032576 9
33891139450830848 9
33891412583911425 13
33891900771680256 17
33893533110763520 22
33895424301473792 67
33895963147898881 22
33897048218533888 19
33897544161562624 156
33898013013442561 18
33898539859845120 2
33901964072853504 2
33903004490928129 16
33903277682724865 5
33903294195703808 156
33903886590939136 3
33907615037657089 6
33908552460410880 9
33910806470991872 5
33912396934291457 140
33913606059855872 5
33915143591043072 5
33915254974976000 9
33916042111623168 6
33916839809523713 19
33917306107215872 9
33917503407132672 5
33917778238906369 9
33917872883372032 12
33918077670260736 14
33920364622913537 21
33926681789988864 22
33926698424606720 9
33932484701851648 9
33935241240387585 9
33936078578651136 5
33936280073011200 140
33936788615602177 11
33936861063815168 6
33937695579308032 9
33937742693933056 33
33938897822031872 140
33941299740549120 33
33941721645580289 79
33942236148273152 18
33942491422003200 14
33944012440207361 10
33944052093157376 16
33945188330110976 2
33948762376249344 167
33951405974757376 67
33951749853159424 112
33955131271684096 157
33955546235150336 19
33955805367631873 9
33956871622627328 6
33958467559497729 11
33962354303569921 3
33962846387707904 9
33966053277044736 8
33966209263214592 9
33967221793357824 3
33968999230345216 6
33969567768256512 9
33969763558363136 17
33973534418014209 33
33974972925870081 17
33976108340748288 17
33979402219945984 3
33979799852552193 16
33980897241858048 9
33983160601546752 9
33985085640282112 14
33986017702715392 9
33986023419547648 13
33986192114454530 6
33988594456596482 126
33988641827069952 79
33988669442363392 6
33990778749460480 167
33990924681871361 1
33991674623426560 18
33996347837259776 6
33997528017936384 14
33999409423323136 67
34002285335945217 12
34006025543614464 15
34006529661206530 167
34011226669326336 67
34011355421868032 67
34016228007743488 17
34016847690989568 140
34017816617160704 14
34019476353585152 18
34022619619524608 167
34027430855315456 9
34029986566373376 10
34030043801845760 17
34030251944189952 11
34030519779860482 67
34031933511962624 11
34033267573260288 13
34034066432987136 14
34034345895272448 9
34034485368459264 3
34034504775503872 14
34035421985906688 6
34035444312186880 3
34037388133015552 112
34037666857095168 14
34038898560602112 9
34039093792866304 67
34039481267007488 17
34040710055337985 9
34046080261824512 15
34046120388726784 15
34048028532805632 5
34048651693129728 13
34048987593973760 9
34051030677336064 33
34052631659806720 9
34053242216255488 6
34054770297667584 9
34057568657608705 6
34061854267408385 6
34065926030626816 12
34068237306040320 16
34069181309657088 9
34070689170333697 9
34071113352876032 5
34071488239894528 6
34076882446065665 140
34080606237233152 17
34081190109519873 167
34083874724261888 9
34084115972104194 6
34090639834480642 126
34092199566114817 12
34093639260962816 62
34095140222017537 13
34095356878790656 9
34096959190999040 14
34097190330695680 3
34098551369760770 17
34100187647451136 16
34102258668937217 13
34102550642823168 5
34108106573090816 140
34110288408092672 3
34112227086696448 6
34114967892398080 12
34119572709711872 9
34125620560531456 13
34129029539827712 157
34132144339025920 11
34137089796739072 2
34138235705761794 140
34139231714541568 14
34141201615560705 2
34141762964426752 14
34145556880171008 18
34146608102772736 4
34148679891816449 3
34152096089509888 12
34154884924178432 17
34156830879911936 17
34157806605045760 18
34159426722078720 12
34160539831767040 6
34161535391633408 14
34161716623310849 6
34163466625359872 21
34169684743946240 19
34170614994440192 14
34173324812623873 0
34175415006265344 0
34182136441339904 11
34186356427063296 8
34186687638667264 126
34191143667240960 6
34191148067065856 14
34192105198854145 112
34195141094805504 112
34196242544197632 10
34196556970328064 22
34196606400069632 14
34197967921479680 22
34199168360652801 9
34199299428581376 112
34206159887933440 69
34207433509314560 14
34207984519225344 17
34211032578654208 2
34211398351331329 16
34212573473677313 14
34214291934543872 9
34219593782267904 10
34220035962568705 12
34220554386939904 14
34228587775139840 19
34229615492861953 167
34235209037647872 156
34237514923376640 3
34238894287364098 2
34241267537813504 14
34242061905436672 9
34242790003048448 14
34247861470240769 11
34251516520960000 17
34251517829586944 9
34254801533403136 6
34258521369477120 0
34259848925290497 9
34263076177969153 12
34264144685305856 11
34265236806565888 33
34265655301640192 3
34265847648223232 14
34268118356328448 33
34272772473495552 33
34272896184483840 14
34275032582594560 16
34276339871649792 6
34279777351241729 9
34280785636757504 9
34283428484481024 33
34286442272268288 6
34286510236766209 33
34286606911279105 12
34288043296817152 22
34292588471123968 12
34292862321430528 19
34293187421933568 19
34293197488259072 19
34294472170799104 14
34296069638590464 9
34298494160211969 19
34298876852699136 9
34299332588998657 9
34301542165123072 6
34303174483382273 126
34304486272933888 62
34304840330903553 2
34305026885160960 79
34305626242809856 16
34306892939403264 17
34309820718776321 6
34310549445550080 3
34310555804110848 3
34310562204622851 3
34310653866934272 3
34311669249220609 9
34314302349512704 14
34314715232473088 0
34314860862898178 6
34315199049629696 3
34316622445420544 3
34317781000261633 1
34318388415172608 9
34318421470482432 167
34319839069732864 9
34321306690256896 126
34324391311446016 9
34324823068905472 6
34325608863371264 9
34325696872448000 140
34325880499085312 17
34331343496159233 67
34331630046806016 2
34333293511966722 9
34334372953849856 126
34335209121910784 17
34335365527511040 123
34336055268220928 19
34337080268161024 6
34339551702949888 14
34340702926151680 14
34345571686817792 12
34346658917523456 8
34347074539495424 10
34347508419272704 2
34347650732007425 5
34348423045976064 6
34349703500005376 123
34353916917325825 9
34354688874782720 9
34354961219325952 12
34358705331900416 19
34359087068086272 5
34359435094790144 11
34360926228447232 9
34361955590344705 9
34362237711810560 22
34362309526691840 9
34363035288080384 157
34363037351682048 157
34364263023771648 6
34364701408378880 9
34365038613495808 9
34365537182027776 9
34368392945205248 9
34368715411689472 9
34370993459826689 9
34371622764814337 9
34371870492991488 6
34373436943892480 9
34373982169989120 9
34374037694062592 12
34374988265947136 9
34375261591965696 9
34376462039519232 9
34376914558779392 9
34377194927034368 123
34378139689820160 17
34379174877601792 6
34381288970395650 9
34381366368010240 9
34381947379650560 156
34383106626555904 2
34383338391216128 9
34384635995623424 13
34385815979302912 9
34387266558365696 9
34387370849599488 18
34389474792185857 123
34389740572647424 9
34389803298463744 10
34389878783348736 9
34390055866859520 3
34390242538561536 9
34390273010176000 123
34391562171453440 9
34391586255147008 123
34391667754672128 123
34391935812632576 123
34392120248770560 123
34392127727345664 16
34392232559640576 9
34392310380761089 123
34392380249481216 16
34392384246652928 123
34392428161015809 9
34392551406444545 123
34392568645033985 9
34392987211399169 9
34393574502039553 123
34393593447714816 123
34393910021197825 123
34394832952627200 123
34394983192596480 123
34396059736211457 6
34396060751241216 123
34396071836786688 123
34396362376224768 123
34396687300562944 123
34396892804677632 10
34397008634707968 123
34397230911725569 9
34397248322273280 9
34397318908219392 9
34397328915968000 9
34397368371642368 9
34397487959638018 9
34397490883072000 9
34397493319962624 9
34397512055914496 9
34397579668234241 9
34397602740961281 123
34397689013600256 9
34397865757384705 9
34398444525191168 167
34398563370934272 9
34398574464733185 9
34398633805750272 9
34398754505228288 9
34398939465646082 9
34399039189422080 9
34399073184256001 9
34399111201562624 9
34399161751175168 2
34399464714141696 9
34399644939198464 9
34399736945442816 9
34399879857967104 123
34399985877385216 14
34400208699793408 9
34400357044072448 9
34400540280627200 9
34400592298381312 9
34400678583468032 9
34400717196230657 123
34400981689040896 123
34401025494495232 9
34401165084991489 9
34401231157862401 9
34401240435658752 5
34401549149016064 9
34401676228042752 9
34401682125365248 9
34401697270861825 123
34401752635674624 9
34401934265819137 9
34402327452459008 123
34402382305562625 9
34402409690177536 9
34402470247538688 9
34402613571096576 9
34402628662337536 9
34402645544275969 9
34402748569104384 9
34403219337646080 123
34403284609400832 9
34403409780015104 9
34403535479115776 9
34403551081930752 9
34403589782773760 9
34405716064206848 9
34405808838025216 79
34405982792585217 9
34406400478158848 123
34406835406643200 9
34407192866070528 9
34407437792444416 9
34407494130343936 9
34407649063731200 123
34407656936448000 123
34407785890320384 123
34408210815258624 9
34408337789419520 9
34408706607157248 9
34408772654862336 123
34409078469955584 9
34409168588771328 123
34409324826730496 9
34409413359960064 9
34409473984438272 9
34409737286062080 12
34409782366568448 9
34409918974918656 9
34409938834956288 9
34410043285708800 123
34410297905123329 9
34410524514975744 9
34410525756489730 9
34410615913054208 9
34410828983705601 123
34410906624458752 9
34410933472206848 9
34411001407344640 9
34411129597861888 9
34411573774786560 123
34411972657160192 9
34412019260067840 9
34412605757988864 67
34412864156475393 9
34413544862654465 123
34413591784333313 9
34413636835352576 9
34413882617372672 9
34413930558263296 9
34413981972037632 9
34414085865091072 67
34414203192221696 9
34414266077413377 9
34414501302513664 9
34414727962558464 9
34414955188977664 123
34414975405522944 19
34416067287715840 123
34416275937562624 9
34416648752472066 17
34417574947065856 123
34417592630255616 9
34417692307886080 123
34417791389925376 9
34417923682476032 3
34417988048257024 9
34418201609777152 123
34418287009857536 123
34418503591141376 33
34419526237945856 22
34419593690750977 9
34419758312988672 123
34420014308134912 123
34420150815952897 9
34420525224693760 9
34422346622308352 9
34422356973715456 123
34422393459974145 123
34422424405540864 9
34422623668539392 123
34423256077312000 9
34423319444848641 123
34423422805086208 14
34423657040191488 123
34423912271974400 123
34424875531632640 9
34425322887712768 123
34426660258320386 123
34426678516121600 123
34426779338801152 123
34427032670572544 9
34427720850997248 123
34428371085561856 18
34428435535233025 5
34428672270278656 14
34429432101867520 123
34429753695932416 123
34429790471589888 9
34429878568890368 123
34430082164461568 9
34430447878406144 123
34430709695254528 2
34431401046704128 9
34431431744831488 9
34431620966645760 9
34431867121831936 9
34431894930071553 9
34431990698606592 9
34432174874693633 9
34432219510476801 9
34432224975650816 9
34432460280303616 9
34432499190865920 9
34432729877725184 123
34432784940400642 5
34433660904013825 123
34434227672055808 9
34434367791038464 16
34434975658934272 9
34435308623757314 9
34436143890046977 9
34436181034803200 14
34436185229107201 14
34436354985164801 9
34436614763585538 123
34436767029399552 14
34437233326956544 9
34438819570778112 123
34438963842256896 9
34440115715571712 9
34440503550279680 9
34441039129354241 9
34441599870050304 79
34442989090635776 9
34443187745460224 9
34443339717672960 9
34443591153618944 9
34444940020817921 9
34445637671981056 9
34447182627078145 123
34447243138310145 9
34448098147180544 9
34448214090326019 123
34448288644075521 14
34448484396441601 9
34450386169364482 123
34451108063608832 9
34451164405702658 123
34451548100624385 123
34452332079095808 9
34454132362461184 123
34454771528105984 123
34455216728317954 9
34455252182769664 15
34455320864493568 9
34455594979041281 9
34455793956818944 9
34455917210779649 9
34456111033618432 13
34456190230462464 9
34456558750404608 9
34458295557169152 9
34461462437036032 14
34461533526298624 9
34461949269901312 123
34462965369405440 123
34463762845147136 9
34465710629453825 123
34465813238906880 9
34466322922348544 5
34466337283645441 5
34467610309435392 9
34467845525995520 10
34468327074041856 123
34469851045040129 12
34469914492280832 14
34469977272619008 8
34470297369317376 11
34470297428037632 11
34470674902814720 123
34470756733689856 9
34470862530809856 123
34471235702226944 9
34471727304015875 9
34472209925799937 9
34472633865076736 167
34473198565203968 9
34474541094805504 123
34475260216614912 123
34476535574437888 123
34476978543267840 9
34477837759168512 9
34478479634333696 123
34479042157613056 9
34479074436976640 9
34479202405191680 123
34479462124888064 13
34481470739324928 9
34482122810982400 123
34482124815863808 123
34482153215500288 9
34482440965722112 9
34482791081058304 14
34483268699164672 9
34484610914197504 123
34485665966067712 9
34487012094377984 123
34489294009671680 11
34490790487007232 9
34493916287868928 2
34495093771747328 9
34496356219355136 9
34496495923240960 3
34497319248334848 11
34497911060561920 123
34499314931732480 5
34500165033263104 123
34501385131139072 9
34502733457260544 9
34504595413671936 3
34505156343103488 9
34505664940355584 123
34508911763652608 9
34509467957596160 140
34509700527562752 79
34510222357700608 79
34512488078778368 123
34513575665999873 123
34513858278203392 11
34515076819976192 6
34515663292735488 123
34515682758492160 11
34516687734833152 9
34516745230221312 9
34517483318677505 9
34517794565529600 123
34518627260567552 9
34518693245353984 11
34520327396524032 9
34525039374106624 126
34527679499735040 11
34528460789522433 9
34529279861596160 14
34530272498163713 9
34530422834597888 19
34531792056750080 123
34536870318710784 19
34537090855215104 123
34537169615855616 167
34538846829940737 123
34539076711358464 123
34541413907566592 13
34543406424260608 12
34543908675387392 2
34545484278272000 3
34546003663126528 11
34546135011950592 123
34547229008076801 19
34550461809819648 9
34550656140455936 12
34553453812387840 0
34554263841542145 123
34556533438152704 9
34556612983136256 9
34560011514417152 8
34560900832698368 19
34561017014910976 9
34565992604508160 6
34566413721014272 8
34571995068764160 9
34572793420972034 9
34573486865387520 9
34573833327345664 79
34574681512087555 9
34575240080134144 18
34575684848324608 123
34576799690133504 22
34578338370555904 11
34580512366403585 12
34580746056241152 6
34585551709405185 9
34588354041483264 9
34589497534451712 4
34591217840824320 9
34593462896558080 9
34593532614283264 167
34594816994058240 14
34596305338634240 5
34596882256760832 6
34598210219540482 123
34599119079084032 9
34601786912280576 123
34604341457321984 11
34605796058726401 123
34606347592929281 19
34606391796695040 11
34607321665507329 11
34607962160893953 15
34609527160569856 10
34610924153212928 9
34612849389084673 17
34613113328242688 9
34613309080608768 22
34614080371171329 123
34614299179622400 167
34614913150230528 156
34616034367377408 9
34617085019688960 123
34618889757265920 9
34619140077522944 123
34619427534147585 123
34619536493776896 15
34619661756661760 123
34619735081488384 15
34621297665253376 11
34621582064230400 2
34623951019708416 123
34624074252550145 22
34624839423623168 10
34625066629074944 123
34625935705645056 123
34627748366385152 8
34627801168486403 33
34627807027929088 33
34627816045674496 33
34627834525782016 15
34627878012329984 9
34627945863581696 8
34627962582081538 33
34628026616516608 6
34628950328086528 9
34629106276499456 9
34629136706179072 123
34629289987149824 123
34629385424207872 123
34629468630810624 123
34630622056026112 123
34631009618100224 11
34631454545678336 9
34631659680702464 19
34631824676225024 6
34632282962661378 33
34633906544185345 12
34634130574548992 9
34634199935754241 123
34634360019750912 11
34634369607929856 33
34634409118269440 15
34634711837974528 13
34635209055932416 33
34635341382025216 8
34635937354878976 9
34636237847400448 9
34636798877503488 9
34637345735192576 9
34637550534529026 6
34643061451530242 167
34643853143183360 123
34644171079811073 33
34644300738338816 123
34644376802033664 33
34644383236096000 9
34644406514487296 9
34644498331992064 9
34644696085180416 123
34645256959954944 9
34645401583747074 5
34645966137073664 33
34646404349562880 9
34646546490331137 9
34646687364419585 167
34646847733628928 17
34646865425207297 123
34646922304167936 33
34648862752776192 9
34648880540815361 123
34648990670651393 123
34649961685585920 9
34650033022308352 9
34650351755862016 123
34651561946783744 140
34653300397707264 9
34654372025602049 9
34654464329654272 2
34655158050758656 140
34655839704985600 123
34656161487650817 9
34657252191387648 123
34658614710898690 9
34659752768184320 1
34660228540665856 123
34660868843110400 9
34663599863500800 9
34663781808357376 15
34663831833677824 17
34664721147760640 4
34665187550175232 9
34665683837001729 9
34665921150713857 13
34665932534063104 69
34666383035863040 15
34667534972092416 9
34667774089367552 9
34668476119388160 2
34669303303245824 123
34669638520406016 9
34670252272910336 9
34670685804560384 9
34670752242339840 19
34670957633208321 9
34670970803331072 9
34671454071160832 17
34671659365437440 15
34671660812468224 15
34672224006832128 15
34672925592256513 123
34675169234665472 9
34675400500051968 9
34676624737705984 9
34676722989268993 9
34677168982204416 9
34677384577818625 123
34678263892680704 15
34681070678966272 9
34681228246388736 19
34681752685387776 123
34681983762169857 9
34682700510011392 5
34682724900020224 9
34682864171753472 10
34682954672250880 33
34683211334287361 9
34683695923204096 9
34683832531685376 17
34684458711908352 9
34684782101139456 123
34686417107951617 19
34686923289137152 167
34687280962600961 10
34687521560469504 123
34688460660936704 9
34688676407541760 9
34688864584998913 9
34689356128059392 12
34689635292549120 9
34690628147216384 8
34691278708932609 123
34691378130714624 9
34692320158814208 123
34692475364839424 67
34692577596805122 9
34692588061593600 11
34694320397230080 156
34694744156143616 3
34695127867850752 9
34696092897517568 9
34696391263526912 19
34696868193632256 9
34698008620703744 4
34698199113408512 13
34700413458456576 2
34701243121143808 9
34701326763950080 123
34701653491843072 6
34702501009686528 9
34702943630401537 9
34703576882225153 1
34703731148722176 17
34703789814448128 2
34705421801365505 9
34705724168736768 235
34705839109439488 33
34706785541562368 123
34707869400047616 8
34707956893224960 19
34709271165800448 33
34709517849591808 123
34709845567340545 9
34709868283695104 9
34710898211815425 9
34711188071784448 19
34711898351992832 9
34712613283827712 9
34714448748875776 19
34714824982134784 11
34716164613480449 9
34717292738650112 123
34717557957066753 167
34719709962174464 33
34719814849282048 9
34720781128695808 2
34720897864568832 15
34720961131450369 79
34721776827105280 123
34723345157206016 112
34723744593215488 9
34723960016871424 6
34724024974184448 6
34725139576782848 9
34725268333666304 9
34726073283379201 123
34728750289522689 167
34728863187607552 123
34728883752280065 112
34729872341340160 18
34730283022422016 9
34730881977565184 13
34731276850167808 14
34731888744595456 12
34731990729101312 62
34732177203662848 123
34732279511130114 12
34734411069132800 19
34734420598464513 9
34734763428290560 9
34736066858586112 9
34736135842308096 19
34736139059335169 19
34736611203743744 123
34736623493054464 123
34736743005556736 9
34736938262994944 9
34737243528626177 33
34737398621409280 12
34737443416711168 12
34737748464115712 123
34738327001235456 12
34738987629285376 2
34739034798432256 16
34739257906036736 4
34739350365417472 123
34740453421088769 19
34740845966008321 19
34741473622626304 19
34743079852314625 19
34744512588816384 5
34744610328682496 33
34744704180420608 19
34744935773118464 10
34745122117656576 19
34749275363606528 15
34750907937726464 12
34751415528202243 33
34751711843192832 33
34752783647244289 140
34754015182987264 9
34754540519563264 15
34755145539522561 6
34755516446015488 2
34755971859357697 10
34756345605394432 9
34757612889186305 9
34758580741611520 167
34759762457395201 12
34760025293463553 6
34760510893199360 123
34761216727449600 12
34762453829029889 123
34763068797886464 1
34763112661917698 67
34763715706363904 2
34763798942322688 10
34764138370564097 9
34764285468999680 15
34764366549090304 9
34764384588791809 2
34764832553041920 19
34765258920820736 19
34766288576315393 19
34766453005758464 6
34767158391087105 19
34767815600771072 4
34767973877166080 11
34768608269697024 33
34768755347169280 10
34769706023919616 33
34772909876584448 10
34773103301107712 15
34775189220761602 9
34775323308462080 10
34776411239612416 12
34776815805399041 10
34777860262731777 6
34779894068019201 8
34780510802804736 9
34780760116305920 8
34782005925249024 2
34782178369863681 11
34782907457343489 123
34783272391151616 12
34783309464604672 33
34784110803165184 9
34784437526855680 9
34785971081842688 9
34786063859851264 22
34788177344471040 1
34790572644376576 6
34790735010078721 9
34791379494244352 22
34793425467351040 9
34795900052176896 126
34796801164836864 9
34796884459659264 9
34796901165436928 9
34796924770983936 6
34796999786110977 9
34797445154086913 123
34798019752763393 79
34798383809957888 126
34798668628496384 126
34798910237052928 6
34799009268768768 13
34799052138741760 126
34799388991827968 17
34799908112306176 19
34799930870603776 123
34801182207647745 167
34803471081275392 67
34803511841525760 8
34804130178408448 126
34804801686478848 126
34805355380736000 126
34806263611138050 112
34807288745172993 12
34808165694443520 126
34808563134103553 126
34808587465261056 126
34808671800135680 126
34808698459131905 126
34809400715649024 126
34810964821938176 126
34813730780876800 19
34813732219518976 126
34814214983913472 126
34814306851749888 140
34815765353861120 123
34816022426943488 126
34818810062049280 79
34819187335503872 16
34822045783040001 6
34823971778068480 126
34824504203018240 9
34825268916916224 6
34826742476578817 17
34826820784230401 4
34827445580476416 19
34827648219885568 12
34827680574603264 33
34830179641597953 126
34833907069370368 2
34835142136561664 123
34835465911668736 9
34835672783126528 67
34836253874593792 5
34838554811043840 12
34841984053026816 9
34846906664353792 126
34849267340279808 12
34850373298556928 9
34850682838319104 12
34850707773329408 12
34851338475012096 12
34852387856453632 123
34852514805448704 126
34856627613990912 9
34856723634196482 112
34857364532236288 12
34861074347982848 12
34861773437804544 112
34869612017352704 123
34872339610996737 12
34875530457120768 11
34876093307559936 9
34878213394145280 126
34880795965399040 9
34882004113690624 9
34883437819072512 123
34891983029796864 9
34892486522445824 123
34893783522877440 123
34896804902338561 157
34898004435542016 16
34903006164029440 33
34905320375459840 13
34905873620934656 8
34909235875680256 8
34915635595059201 33
34917707736420352 19
34920222079066112 8
34921291089711104 15
34924511312883713 126
34926518085877760 126
34929094906880000 126
34929585694965760 123
34934916911206400 12
34936545592999937 22
34936582360272896 8
34938372589879296 33
34938562432466946 67
34941706969288704 12
34941794894483456 123
34942034594897920 126
34943862359199745 6
34945026907709440 9
34945283901100032 9
34946008152539136 123
34946569681764353 9
34946958061731840 123
34947310391664642 122
34951766319706112 126
34952093886320640 126
34952094221860864 126
34955375211974657 8
34958232145367041 6
34959534669692929 6
34961230280007680 126
34961246792978432 6
34961985808375808 6
34962786534559745 12
34965747121786880 79
34969337110470656 19
34970348151767040 9
34971360627261440 157
34974077521240064 9
34974453028884481 8
34976704363503616 1
34976911776022528 8
34977744446038016 126
34978646535962624 123
34978936819548161 9
34979614530998272 4
34979963866189824 126
34980421284401153 12
34981465930338304 122
34981546964295680 123
34982142656122881 122
34983143735820288 12
34984108694179841 9
34984756227612672 126
34985126807085056 126
34985941571473408 6
34988868784619520 122
34989085869211648 22
34990501505536000 112
34990602345136128 15
34991592234287104 12
34995012181692416 6
34995291564408832 6
34996663613399040 6
34996667379884032 4
34996747549937664 8
34997196898172928 9
34999916392755200 67
35000675188350977 126
35001459875516416 6
35001671738204160 6
35002475803049985 6
35002761426767872 8
35003230605807616 6
35003471153336321 9
35004267722969088 79
35004468554633217 6
35004971975970816 9
35005226276626432 126
35005396364038144 15
35006439906873345 123
35006475323580416 8
35008153057755138 9
35008352257974272 126
35008608190074880 126
35009472019562496 126
35009498363990016 123
35010633195851777 1
35010703718879232 8
35011432579866625 6
35011737946165249 9
35012493759750144 126
35012866822119424 67
35013184611950592 126
35013770719789057 126
35014906352766976 6
35015689450299392 1
35016607688425472 126
35017135780536320 123
35017427079139328 126
35018560514437120 126
35018849527009280 126
35019224632004608 157
35019841169653760 126
35020488887508992 9
35020565932675072 123
35021385818439681 126
35021622633046016 79
35022813232373760 9
35023374291836928 9
35023707030167552 8
35024106915110912 156
35024907704209408 126
35024923214749696 123
35025627253977088 15
35026814074093568 126
35026874094583808 126
35026995578413056 15
35027098938638337 6
35027159831687168 122
35028668392669184 1
35028915617529857 126
35029603969933312 140
35030909669347328 8
35031237613584384 8
35031434343223296 126
35032327759474688 9
35032915037388800 126
35033208445730816 126
35033407956189185 126
35033877152006144 126
35034191590592512 126
35034192811134976 126
35034676338892801 8
35036072291479552 126
35036881632624640 126
35037336492449792 22
35037603182944256 12
35038705525719040 126
35039908636659712 9
35040770519994368 126
35040801809506304 126
35041109348458496 6
35041223072813056 15
35041386109603840 1
35041837710319616 126
35042328104148992 126
35042473281585152 9
35042513228279808 12
35042688218697728 15
35043082500050945 13
35043166813949952 156
35044456474349568 126
35045204402642944 126
35045247205511169 123
35045605193551872 6
35046020488368128 126
35047250950361089 10
35047780284112897 8
35047852463890432 8
35048617307807744 15
35049162152091648 13
35049165302009856 8
35049683688620033 67
35050355188310016 8
35050774996189184 8
35051198532816896 8
35051474056642560 123
35051660304719872 8
35051687005786112 8
35052327983386624 156
35053299627458560 8
35053564271398912 17
35054581075415041 8
35055156865273857 15
