30394131587006464 4
30394202042925056 5
30396111764066304 8
30398100472336385 4
30400409612853249 4
30401574056493056 8
30402208474333184 5
30404278992510976 17
30404296335958016 15
30404459720871936 15
30405193854091264 5
30405450293846016 7
30406089992310786 6
30406773076664320 15
30406955428216832 6
30407444110778369 1
30407494970900482 5
30407607617323008 18
30408437502312449 14
30408707682607105 8
30409874428919808 1
30410134425436161 1
30410295151169538 12
30410427095588864 5
30410542388609024 18
30410847616499712 5
30411347749507072 18
30411467085844481 7
30412963919699969 1
30414963528962048 6
30416908838772737 8
30417452680609792 14
30418069784367104 17
30418510702186496 10
30419324359417857 1
30419457826357248 10
30419510313877504 2
30419535756533762 29
30420445060669440 18
30421875943284738 0
30422510541479936 6
30422846366814209 2
30423259409289216 48
30423743528439808 60
30424035380699136 3
30424818289475584 16
30424834911510530 1
30424957825589248 9
30425952878075904 60
30427146451165184 7
30428029847080961 7
30428075191701504 18
30428482223734785 60
30429182278246400 55
30429664170213377 6
30429676585353216 3
30429702262886401 4
30430409875521536 1
30430799341817857 2
30431564932325376 0
30431589796151296 5
30432405177245697 2
30433013120634881 2
30433695596814338 13
30436694226378752 7
30437370604036096 2
30438372140908544 6
30439179359879168 7
30439920199798787 10
30440791239299072 5
30440960940834816 16
30441473379934208 7
30442043301953536 8
30444102684254208 0
30447887317995520 16
30448953891749888 8
30450989928554496 8
30452220143079424 16
30453671854612480 16
30455347827183616 29
30456490821156864 4
30458775651487745 2
30459074709557248 10
30460023981215744 28
30461512313208833 10
30463111500664832 28
30463763110957056 6
30464679839006720 14
30467526097895424 28
30467978906574849 10
30468165997690880 6
30468336726839296 6
30470388030906368 55
30471649639796736 14
30472788686929920 7
30472790909915136 12
30473143420190720 10
30473227012673536 60
30473698460827648 5
30475778487488512 13
30477678087770113 15
30478670644649985 48
30480639975227392 2
30481155169984512 47
30481547861688320 17
30483070356295680 16
30483402603888640 28
30483897565319168 15
30484140813975552 16
30484142076465153 4
30485744480944128 27
30486017530142721 14
30486674869846017 2
30488264842412032 0
30489791292252160 18
30490739947343872 28
30491845029011457 47
30494588875571200 4
30494895642775553 3
30496069259370496 16
30497056829210624 2
30497269086158848 28
30497840182591488 5
30499716567408641 14
30500268705583104 6
30502858264674304 16
30505402755981312 48
30505596528623616 1
30506925409968128 15
30507036248641536 14
30509900467544064 2
30510620902162433 0
30511580726697984 16
30512734403567617 16
30513117570015232 10
30514003763535872 16
30514793148321792 28
30515000489541632 15
30515437863178240 15
30515965208829952 4
30516341437890560 12
30517151785820160 5
30517355016622080 15
30517481307111424 5
30517822215954433 0
30519207938494464 6
30519362016247808 12
30519843119702016 11
30521128367689728 13
30521472812318720 17
30521804636295168 25
30522327510818816 28
30522653617954816 5
30522904919674880 73
30522982673686529 29
30523230930345984 6
30523878992252928 15
30524726552043521 6
30525698133196800 6
30526250707591170 15
30526264926281728 12
30526334815965185 15
30526954549547008 16
30527259790020608 2
30527280530857984 15
30527799424983041 6
30530005184286720 15
30533114522505217 15
30534154814750722 16
30536204508209152 15
30536217355358208 12
30536477695807488 15
30538645840596992 0
30538724529938432 18
30543224477065216 18
30544174625333249 4
30544903666663424 8
30545019244912640 18
30545151508094976 6
30545481935360000 18
30546563214348288 8
30547340561481728 0
30548386033696769 0
30548764452200448 1
30550652635582465 47
30550707274776576 2
30550858202615808 46
30551131616706560 47
30554037510213632 29
30555539452723200 7
30558796480774144 10
30561539077439488 0
30562259365269505 14
30562965165965312 0
30563119608635393 7
30564289693614080 6
30564389102813184 0
30565841099563009 48
30565953972477952 6
30566403673165824 6
30567532691726337 10
30567972326080512 15
30569342814916608 14
30570299074289664 28
30571851667210240 10
30572012694933504 16
30573100659638272 5
30573254447988736 8
30573552751087616 6
30574540144775168 8
30575014923210752 18
30576362389504000 2
30579096920526849 1
30579313057202176 18
30581002782908416 6
30581469411803137 12
30581701998546945 18
30582751925112832 2
30583068972548096 13
30583328172154880 14
30585243689811968 18
30586103354359808 0
30587022007603200 12
30587270037774337 6
30587682639847424 17
30587685898817536 0
30588669546987521 13
30589582479196160 28
30589797806379008 6
30589863128473600 47
30590163398696962 10
30591435266854912 6
30592623563509760 6
30592728618246144 6
30595032692035584 7
30595216985559040 6
30595305447628801 2
30595338775568384 13
30595496607219712 6
30596907529146368 7
30596941884686336 6
30597380348837889 13
30597453803683840 16
30597951457853442 14
30598702481539073 0
30598852146888705 0
30599022376919043 16
30599622661505024 16
30600106524807168 13
30600631047688192 6
30601061328756736 6
30601504758964224 6
30601574359236608 3
30601638104272896 6
30604010075455488 13
30604291001556992 2
30604356764049408 6
30605376395157504 14
30606523621187584 7
30607467759013889 6
30608387918004224 14
30608814784905217 6
30609760164249600 11
30610163136208897 6
30610832643596288 13
30612864184098816 6
30612876720869376 6
30612914654154753 29
30614030007664641 6
30614420178608128 18
30614560461291520 6
30614953798930432 10
30615506033577986 46
30615587910586368 28
30615948226465792 8
30616053729988609 0
30617632570875905 12
30617750103658496 0
30618672548544512 16
30618896893476864 60
30619096106143744 6
30619675389853697 13
30619741349478400 6
30620268149866496 11
30620671297986560 0
30621101021204481 2
30621165881917440 6
30621207644610560 16
30623517682704385 13
30623652437295104 13
30623689372340224 13
30625618529878016 0
30625784481714178 11
30626856424177664 12
30628460376363008 0
30631313245470722 0
30631645262385152 2
30632759630241792 48
30633192612438017 13
30633266906136576 13
30633267564650497 13
30633783929606144 2
30633937722155009 3
30634433082036225 16
30635254607773696 0
30635609009684480 18
30635802346131456 8
30635932134670337 2
30636685423280128 27
30636864566206464 0
30636957327425536 0
30637090941181952 16
30637444080607233 14
30638299320160256 8
30638368878497792 16
30638928268632064 11
30640030691098624 15
30640574671355905 15
30641734190895104 11
30642168938889216 13
30642236995674112 13
30642254842433536 13
30642412799922177 13
30642989122461696 11
30643478249603073 3
30643688136773633 5
30644248546119680 0
30644328925757442 25
30644440372617216 5
30645241832800256 13
30646843612336128 18
30646884209000448 11
30647283783565315 0
30647647756881920 0
30647808595857408 0
30648625222656000 25
30648899844706305 16
30649439165087744 18
30649612721197056 7
30650131585966081 29
30650358351007744 0
30650642112450560 13
30650789974245376 6
30651305655533568 47
30651755398168577 12
30651873035821058 4
30652307230162946 0
30652426038022145 47
30652469818163200 17
30652616639782912 0
30652775805231104 8
30653164818534400 6
30654010809651200 5
30655398331551745 12
30655509635792898 2
30655752150458368 12
30655803581009920 5
30656014466416640 16
30656300463427584 18
30656489479737344 2
30657495219306497 11
30658222981386240 8
30658825623179265 11
30658867457167361 2
30659286824648704 6
30660131339378688 8
30661460132634624 6
30661645986430976 0
30661896084398081 3
30662708818870272 6
30662992135725058 6
30663550510825472 5
30665425624760320 6
30665945395503104 28
30666356126912512 14
30667222271660032 73
30667277003137024 10
30667873680625664 1
30667917641129984 11
30668107966062593 5
30668394940334082 6
30670049274499073 0
30670377176801280 1
30670629837479936 8
30671913017671680 16
30672144434204672 2
30672774355746816 6
30673075070566400 7
30674081439285248 5
30674139169693696 12
30674320539787264 0
30675536665649153 18
30676047032754176 3
30676488235782144 14
30677307916029953 47
30678113146896384 14
30678791273586688 6
30679835969851392 0
30679899958153216 12
30680440994009088 6
30681449719930880 7
30681793300537345 12
30681838317993984 13
30681987794608129 6
30682519665909760 16
30682713602129920 7
30682863334596608 0
30683314293571584 18
30684138470121472 2
30684726008221696 3
30685454885986304 14
30685769240682496 7
30685922668322817 2
30686640804462593 7
30686906152914944 2
30687382806200320 16
30687510287876096 1
30687676050968576 0
30688418593767425 7
30690244298801152 13
30690750979121152 3
30690905920905217 1
30691049823272960 2
30692826006159361 2
30692963696779264 16
30692965663899648 5
30693301371797504 0
30693949492432896 2
30693955515457536 0
30694014181179392 2
30694279877754880 2
30694308940087296 2
30694341957656577 2
30694362178392064 2
30694599844429824 6
30694625152864256 14
30694705004027905 2
30695206714089472 2
30696004445544448 2
30696271408799744 1
30696903955976192 0
30697038798651393 13
30697835959689216 8
30698289095507968 8
30698291976998912 8
30698300843761664 6
30700109821902848 6
30700392937426944 12
30700828272631810 18
30701010049572864 25
30701401030000640 7
30702025264074752 5
30702141668589568 7
30702222312472576 55
30702331435683841 14
30704132692123648 2
30704571940605952 2
30705239468277760 3
30705516032303104 2
30707908433940480 12
30708356368834560 18
30708440749842432 12
30709282534072320 1
30710163916718080 2
30710400962007040 5
30710955126034432 0
30711295409917952 12
30711690580463616 25
30711726592753664 0
30712242315988992 2
30713349721292800 0
30714203610284032 28
30714235914813440 13
30714733577379840 8
30714909889138688 17
30715531464019968 6
30717644617285633 25
30717679631343616 10
30717788247035904 3
30718627057500160 25
30719112057458688 6
30719835499397120 12
30720214500900864 47
30721287810711552 25
30722018458468352 6
30722713739862016 11
30723301865168898 7
30723400687165441 11
30723587551797248 15
30723941496520705 8
30724717266599936 12
30724724736655361 14
30725193940865024 5
30725724151218176 25
30725780250038272 6
30726678577676288 12
30726960552345600 7
30727022598692865 25
30727039271047169 10
30727184507211776 25
30727342653444098 5
30727849589608448 47
30728757538988032 0
30728915328696320 8
30730850555400192 3
30730965840035840 28
30731514387898368 12
30731833859645441 16
30732007998754817 7
30733025167806464 17
30733728082825216 6
30733920714629120 6
30734117633007616 0
30738531445903360 7
30738883704524804 73
30739970184450048 11
30740770164051969 1
30740860484194305 8
30741349401624576 0
30741431043760128 16
30741828105928705 7
30742243136503809 13
30742388892762113 14
30743339112341504 3
30744276954517504 25
30745569156665345 18
30746843432357889 1
30747420539224065 55
30747501699010560 16
30747642342408192 11
30749550717173761 0
30749631398805504 16
30751177817722880 28
30752379854917632 17
30752754582421505 47
30752887374090240 16
30753110859186177 2
30753435431206912 6
30754443725115393 12
30754794272464896 13
30755448344805376 8
30755499901198336 6
30755695221547009 16
30756756170743808 16
30757517512417280 47
30758000822063104 6
30759655357546497 6
30759670763233280 11
30760799676923904 2
30761666429849601 8
30762024019431424 28
30762245684207616 11
30763473105321985 1
30764163454214144 3
30764349832306689 3
30764363740618753 12
30764752242221056 3
30765010984636416 25
30765094837166080 18
30765413604265984 25
30766283096072193 25
30766415304728576 18
30767162398347264 2
30767633527742465 3
30768499169169410 3
30768650319306752 25
30768879231832064 60
30769192563113984 3
30769389959651328 3
30769474357432321 25
30769480061685760 25
30769590342520832 18
30769661930905601 3
30769994920890369 3
30770321975939072 3
30770417580904448 16
30771167350493184 16
30771207527735296 28
30771299412353025 3
30771878641532928 55
30772067800449024 25
30772936331755520 2
30773099582464000 3
30773173859393536 16
30773571605241856 8
30773824219783169 2
30774027257647104 15
30775368881283072 17
30775556672851968 4
30775875972632576 13
30775893412548608 11
30776915782533120 13
30777394444902400 25
30777895618088960 3
30778510737940482 3
30779211341893633 13
30779809588051968 3
30780680245870592 25
30783565595680768 8
30784370889461760 47
30784787199303680 7
30784884444237826 3
30786145579180032 47
30786150633308160 3
30786465180942337 2
30786660539043840 8
30786779879575553 1
30786975921340416 25
30787730694733825 3
30788420263481345 28
30788874045235200 25
30789460249550848 7
30789479836950528 16
30790504476053505 5
30792108231098368 60
30792302746148865 48
30792615909662720 3
30793840872923137 3
30793871919157248 8
30794679930851328 14
30794765645651969 16
30794785610530816 3
30795007745069056 17
30795493609050114 15
30795816356544513 25
30796220553236482 3
30796264580849664 14
30797038568341504 55
30798171567292416 2
30798218992287745 4
30798300072378368 16
30799302041280512 10
30799400179597312 18
30799418651316224 2
30799516428935168 3
30799530383380480 12
30799946957455360 13
30800704616538113 2
30800937832415232 13
30800973278478337 25
30801558824296448 17
30802679919804416 28
30802764497948673 73
30803091490086912 14
30804602349690881 1
30804962472632320 4
30805240047472641 2
30806167512948736 16
30806290825478144 3
30809053655470080 8
30809380861517824 25
30809400276946944 2
30809856231342080 11
30810435741556736 18
30810599508152322 28
30810994859053056 16
30811039540969472 47
30811245200277504 12
30811330365628416 0
30811692007034880 1
30812119582638081 25
30812570696818688 25
30812919910375424 25
30813082452238336 48
30814181259218945 60
30814638606123008 0
30814672844234752 11
30814936187801601 18
30815462040272897 16
30815506499899392 16
30817335593926656 8
30818430751875072 6
30820829377855488 13
30821047011905536 8
30821340269252609 16
30821805958635520 48
30821876708147201 8
30824505316220928 5
30825725640577024 16
30826402152452097 3
30826476634902528 3
30826845066764288 0
30827081088638976 3
30828059540062208 7
30828837197578241 3
30829574321348609 3
30829945810845696 48
30831823445561344 47
30832275302129664 28
30835299768602624 16
30836390203756544 25
30837239881670656 25
30837766195515393 0
30838167116447744 2
30838480187686913 14
30838682105683968 2
30841105708744704 6
30841242736660480 3
30841911602315264 13
30843661369475072 0
30844978678734848 2
30845288147066880 4
30846724134150144 2
30846813036617728 3
30848387767083009 4
30848491068588034 25
30848811400175616 10
30850469203025920 3
30853143038267392 16
30853353982394369 7
30853481984172033 2
30855995433426944 13
30856188946022400 2
30859094680145920 25
30859325845020672 7
30861237927542784 1
30862456993615872 2
30862580280983552 55
30863974702518272 13
30866478949466112 11
30867592214220800 14
30868827214446592 2
30869360079806464 28
30869628771115008 16
30873156688285696 25
30877629548597248 10
30879660090855424 12
30880212254199808 25
30881939376316416 13
30882016325009409 13
30882540759810048 3
30883051328241664 2
30883172178726912 14
30884120213065728 1
30885547757019137 11
30886602393788416 16
30887092338827264 11
30887683228172288 8
30888289225408512 16
30888675101384704 14
30889281832615937 11
30889954028552192 4
30889992091860992 0
30893229247303680 27
30894590957461504 6
30897152850919424 11
30897264503296000 1
30898468339847168 25
30899786374709248 17
30899867677102080 18
30900163576864768 17
30900201635979264 14
30900281470357505 25
30901455317630976 0
30901599693963264 4
30901618283126784 1
30901994185039872 6
30902834127966208 17
30906004711415808 17
30906101285261312 14
30906776094244864 12
30907638732554240 17
30907702188179456 1
30908718753255424 6
30909554422194177 12
30909763394994176 2
30909778985222144 16
30909954219053056 11
30911885272424448 16
30912007314083840 4
30914542103957506 16
30915093449416704 25
30917381039591424 12
30918262418046976 8
30918931124322304 14
30919347245416448 17
30920494291099648 15
30922563710357505 1
30922877704339456 18
30922899971899392 15
30924642650689536 6
30925155819593730 0
30925397151449088 2
30926810753540096 17
30928608558059520 15
30929131730378752 4
30930536184684544 18
30931191146221568 18
30932402738044929 25
30933644491100161 3
30933944996200448 25
30937150102966272 16
30940485400928257 1
30941177725329408 11
30941202039701504 28
30943433900171264 25
30944520879210496 17
30945164574859265 0
30947181829562368 14
30947664312934400 7
30949399253229569 6
30950381580189696 17
30950530419261440 11
30950664595046401 0
30950817078968320 28
30951279899451393 14
30952121918558209 17
30953552272687104 6
30953903105249280 28
30954320551747584 0
30955137207898112 73
30955643955318784 0
30958344684445696 2
30958583155793920 0
30958635953692672 14
30959520830197760 14
30960624460636160 2
30960864022503424 0
30964881050046464 28
30965007487336448 14
30965261251117056 11
30965474883801088 16
30965491879120896 8
30965554693021696 6
30965603900588032 6
30965801007714304 6
30965883492900864 6
30965912911745024 6
30965919140290560 6
30965997460520960 6
30966243016052736 6
30966287513423873 6
30966333579468800 16
30966722299170816 11
30967193713774592 6
30967515932790784 0
30967993412354048 25
30968591931154432 4
30968784990773248 6
30969612254318593 2
30969685075828736 6
30970130141810690 8
30972398136205314 6
30972462355189760 6
30973115597062144 2
30973373026668544 6
30973853450637314 0
30974100771966977 16
30974941620862979 6
30975093987344384 12
30975935201157120 6
30976917108690944 16
30978068348669952 6
30978683426570240 8
30979001044439040 6
30979125250363392 6
30979854593691649 13
30980749117095937 6
30981257949085696 73
30981650468835329 18
30982361281728512 16
30982428747108352 16
30982438305927168 4
30982557902307328 0
30983170572685312 5
30983191900721152 0
30984078123601920 2
30984263960633344 14
30984556509138944 5
30984641087283200 8
30985168126746626 12
30986508492087297 29
30986862751387648 6
30986944829718528 5
30986955508424704 5
30987245456461824 13
30987549543497728 14
30987991069491201 25
30988086536052736 25
30988222540554241 25
30991621130555392 0
30991683206250496 3
30993728348880896 3
30994784835346432 5
30994802350751744 6
30995050531913728 0
30995353041895424 12
30996863431745536 1
30996955274420224 25
30997096152694784 0
30997594171768833 0
30997718914568192 3
30998150332289025 3
30998595251478528 0
31000008140529664 60
31000463302205441 11
31000764365152256 12
31000791112220673 25
31001570321633280 2
31002172166504448 15
31003042060963840 14
31004787692535809 0
31006409738948610 11
31006950024028160 16
31007791548207104 5
31007837429698560 6
31008096289558528 27
31008319246172160 6
31009872048824320 0
31009999022981120 0
31010185665323008 25
31010364237815808 47
31010708799885312 0
31011128637128704 0
31011134693711872 25
31011164343238656 25
31011836841164800 8
31012102047006721 25
31012345664765952 14
31012396382298112 28
31012699076825088 5
31012906489348097 0
31013162908123136 5
31013541624414208 1
31013576655249408 0
31013591524057088 0
31013667185098752 0
31013827193606144 0
31013841781395456 0
31013859800129536 7
31013951194013697 0
31014334557589504 25
31014687294357505 6
31014876402950144 0
31014946573647872 11
31015040563814400 25
31015267429523456 0
31015788127191040 0
31016423132233728 0
31017281295224833 5
31017491043975168 0
31017840668573696 17
31018159435681792 12
31018234127843328 0
31018244877852672 0
31018698110148608 25
31018836186628097 3
31019356867526656 5
31019360352993280 0
31019396239466496 0
31019648199688193 0
31019797906989056 0
31020198379130880 0
31021244371435520 5
31021529835765760 25
31021687252193280 55
31021967737884673 0
31022047308021760 0
31023781514321921 16
31023837533446146 5
31023870030913537 0
31024106895843330 0
31024114823077888 0
31024641724125185 8
31025236015058945 0
31025621903609856 14
31025641658785792 0
31025643072258048 2
31025916150816768 0
31026158963265536 11
31026201132802048 25
31026341839114241 0
31026545933942784 5
31027421830447105 25
31028061164019712 7
31028767937789952 0
31029060939288577 5
31029504864423936 0
31030035276111872 0
31030124962914304 0
31030150850158593 7
31030487795367936 0
31030494665637892 1
31030924468559872 6
31031718513213440 0
31031759911002112 0
31032997956288515 5
31034134478458881 0
31034174752169984 18
31034679394045952 18
31035097440329729 6
31035749952397312 5
31036127410388992 2
31037174539354113 25
31037520846262272 0
31037694935040001 15
31037925034565632 0
31038184691335168 0
31038272813662208 8
31038670572093441 7
31039496002736128 0
31039534988795905 25
31039688655507456 2
31040417793310720 0
31041352833695744 13
31041984353280000 25
31042306303852544 29
31042449660973056 7
31042518963453952 0
31042778481819648 4
31043176684851200 5
31043823626878976 0
31044465690939392 0
31045108283482112 0
31045240588603392 6
31045366132514816 0
31045393429037056 0
31046395154669568 0
31046551061139457 0
31046593557831680 18
31046849024499712 18
31048071110467586 5
31048166426025986 25
31048353655558144 0
31049104964452352 0
31050271983411200 0
31051246827737090 6
31051852053221376 0
31052423128686592 0
31052452727885824 8
31052570369728512 16
31052725697384449 8
31052864197496832 5
31053474338709504 25
31053656509911040 11
31055301985697792 0
31055459574087681 18
31055778429276160 2
31055989058830337 10
31056295876362240 2
31056912183205888 0
31057351620431872 48
31057439944089600 0
31058203127062529 6
31058541116657664 14
31058594338181121 47
31059718105468928 14
31059921093009408 1
31061904994603009 18
31062559175999488 25
31063615565987840 73
31065622423011328 0
31066063718322176 12
31066504539676673 12
31067024973103104 10
31067596199563264 4
31068538898747392 4
31068571312324608 0
31068858617954304 60
31069597247475712 27
31070296945459200 10
31071789631143937 2
31072009869852672 15
31072039590690816 25
31072347490361345 13
31072348505374721 13
31072366792544257 3
31072472556118017 8
31072897015480320 25
31073305100296192 18
31073318543032320 14
31074798310268929 6
31075092746215424 5
31075146924036096 0
31075313429516288 0
31076061462659072 0
31076332137881600 0
31076425310142464 13
31078625642029056 0
31079228757770240 55
31079386023198721 0
31080347219263488 7
31081790139531265 13
31082026941554688 12
31082325320138752 2
31082773166956544 28
31083514283692033 7
31083518196977664 16
31083523758620673 11
31084250191101952 7
31084675116048384 12
31085134354583552 5
31086604953059328 12
31086874403540992 7
31087044226711552 25
31087418727735296 48
31087671757512704 8
31087921217937408 25
31087996493111296 47
31088441139666944 25
31088604361003008 5
31090208116056064 0
31090279184343040 17
31091019378335744 8
31091400284049408 14
31091994977632256 8
31092826821369857 0
31094703621414912 0
31094934228439040 6
31095346109095937 27
31095382507266048 17
31096345146163200 4
31097874544599040 0
31098415081332736 6
31098607977369601 0
31099222732316673 6
31099423782084608 8
31099538177531904 25
31100236550119424 7
31100738906099714 7
31101132273098752 4
31101134374436864 6
31101259872215040 5
31101750245068801 0
31102256325599233 5
31104992857300992 8
31105170322489344 6
31105781336121345 27
31106823008288769 15
31107918388535296 7
31108442777198592 0
31109802788659200 25
31110638814109697 18
31110803671224321 8
31111680507256833 0
31111880143540224 6
31112518961201152 25
31113395839180800 0
31114000670400512 28
31114540473122816 5
31115816892112897 8
31115844079587328 1
31116011696553984 25
31116681023586305 25
31116779371630592 0
31117215788965889 25
31117687467802624 18
31118228382031873 8
31118649196544000 5
31119405844795394 5
31119543506046977 6
31119573893775361 6
31120562348625920 5
31121223412883456 5
31122825305657344 14
31123228814483456 9
31124672380674048 15
31124991944687616 6
31125701058895874 5
31125930910949377 11
31128320552738816 16
31128517605326848 25
31129009882402817 25
31129345066012672 5
31129479409569792 25
31130243469152256 73
31130387040174080 13
31131371611103232 0
31131445204357121 25
31131687672881153 18
31132710705565696 14
31133324697141249 55
31135430875291649 25
31135460042477568 25
31137005664468992 60
31139501162102784 14
31139661069942785 8
31140736409796609 60
31143839632728064 7
31144464038764544 17
31144800455495681 8
31147431294926848 0
31147614292418560 6
31147677928394752 6
31147902940217346 28
31149429419413504 6
31150167855996928 2
31150854518087680 15
31152254899724288 18
31153333771177984 28
31155431632019457 25
31155803561926656 12
31156154063134721 16
31156659652927488 25
31157697839628288 5
31160647492304897 16
31160749384540161 14
31160987822333952 25
31162151691358208 5
31162181697413120 25
31164008929173504 25
31164377784651776 5
31167200224092160 25
31167797417484289 10
31168112128692224 15
31168737197424640 6
31171333400305664 4
31173198477266945 15
31175122647785472 8
31175267573571584 0
31175455365144577 29
31175798983491584 25
31176393446391808 25
31178972884635648 10
31180229808488449 8
31180699922866177 47
31182195607470080 6
31183953457057793 11
31185246959439872 48
31185471144992768 18
31185639047172097 3
31186539111260161 12
31187010144182272 17
31187069468413952 14
31187141350400000 16
31188443958611969 8
31191421952204801 25
31192640489783296 3
31193526230323200 4
31193849732796416 8
31193943542603777 13
31196853986926592 0
31198473860685824 14
31198665850753025 5
31198962056695809 18
31199726539902977 4
31200356755046400 4
31201613666320385 13
31201852355772416 17
31203980398821376 16
31204939556454400 0
31205944025161728 0
31206369348558848 29
31206920995999746 4
31206941996875776 7
31206989136666625 29
31207938504790017 5
31208344513417217 0
31209867557470208 25
31210617436119040 0
31210659614031872 4
31211512802574336 28
31211938725761024 8
31213116251447296 6
31214698540048384 2
31214716097400833 15
31216070039699456 4
31216127501672448 25
31218888129650688 28
31219949385023488 73
31220608494739456 4
31220914683121664 10
31221921399963648 10
31222767160401923 15
31222961499283456 8
31223664930193409 17
31225212070535168 16
31226577924653056 55
31227454337056768 0
31228067758215169 4
31228698111770624 16
31228836662214656 0
31230245910618112 16
31230268593414144 8
31230480170876928 0
31234119782367233 7
31235101018820608 25
31235152201912320 25
31235518612119553 8
31237205229830144 0
31239223256293376 2
31239414566879232 5
31240250109984768 8
31240623314964480 6
31241976984641536 5
31243779268677632 12
31244303820918784 6
31244843439095808 2
31246627213676545 18
31247389662646273 2
31247776054517760 1
31249687239467008 8
31249821952118784 1
31249887840436224 4
31254361870958592 4
31255257963044864 4
31256160044589057 7
31256750145409024 14
31259521435308032 0
31260408840986624 18
31260417296695296 18
31260439643947009 18
31260442315726848 18
31260442705793024 18
31260461554999298 18
31260794079416320 2
31261786745339904 5
31263364470538240 3
31263743979552768 25
31263929590091776 14
31264716974194689 17
31265066254864384 4
31265161838858240 25
31265427015335936 15
31268819217424384 0
31269345250246656 14
31269520672825344 55
31271537130602496 2
31273563319173122 0
31274798323601409 48
31275425594347520 15
31276298647113728 25
31276607888957440 25
31280039735595009 3
31280399111950336 14
31280613415723008 4
31283912407785472 25
31283916992155649 25
31284810353741825 1
31284921209200641 11
31285491366100993 25
31286090224635904 13
31286109472292864 25
31287055673729024 18
31289241761746944 5
31290428993052672 5
31290850642235392 3
31291004959072256 3
31292040750829568 17
31293731701260288 0
31295548401131520 14
31296654984355840 1
31296678459875328 1
31299916881993728 14
31299921579610112 0
31300012923166720 11
31300161028235265 27
31301399597817856 3
31303419125825536 0
31303874081984512 0
31304742340661248 10
31306557291503616 2
31312198722658305 25
31313035649875969 17
31313048425725952 11
31314236164542464 11
31315354999324672 11
31315497316257792 55
31315702530965506 6
31316259006054401 4
31318938021265408 25
31319628084936704 1
31319916309127168 6
31324492491923456 14
31324914770255872 0
31329095719591936 17
31330125442191360 15
31330499074981888 11
31330501872586753 14
31331264925540352 6
31331279676903424 16
31331500536369152 2
31331870423650304 6
31338264753340416 25
31340035500408832 1
31340071860834304 12
31340540746268672 3
31340983396335616 15
31343165118087169 14
31343482496880640 0
31345998840209409 6
31347221337219072 0
31347593162268672 25
31348236769820672 6
31352119541891073 25
31352723509092352 12
31354920925929473 3
31355051209396224 0
31359062411055104 73
31359592764014592 25
31360085192089600 48
31361239879778304 14
31362489916592128 11
31363167950999552 2
31363349748912128 14
31365951563763712 12
31366458361520130 17
31367523815395329 25
31367888132636672 48
31368070408708096 25
31368638988558337 47
31370453759033344 4
31370691341193217 15
31371147513692160 7
31372058491359232 1
31372223163932672 2
31372703940214784 6
31373776805437440 6
31375726355685377 17
31377104851435520 14
31377999555207168 16
31378267915161600 0
31378604751331328 0
31379582183538689 0
31380634714775552 46
31381838840733696 4
31381901876920320 6
31382407521239041 15
31382608390660096 0
31382773830782976 11
31384843216486400 2
31386765759614977 1
31387358490267648 7
31387404828934144 0
31387551839293441 14
31389209428234242 0
31389468770435073 18
31389896627195904 2
31393500272529408 16
31394346062315520 0
31394628003434497 1
31394797096800256 0
31395475361890304 3
31395755189075968 17
31396276645924864 18
31396671703220224 0
31396975362445313 0
31397676553605120 13
31397693683142658 2
31398370350206977 25
31398611271024641 6
31399339309932545 0
31400130095616001 10
31402465458917377 0
31405044901355520 0
31406410256355328 0
31407484170145792 9
31408746303332353 13
31409578230943744 0
31409606391500800 28
31410105647894528 0
31411367932067840 12
31413608780931072 11
31413650270986241 18
31414231677009920 25
31414777767010304 0
31414860923277312 0
31415047490117634 11
31415088246169600 11
31415194911506432 4
31416044081913856 0
31416196981067776 12
31417341728260096 14
31418086171082752 11
31418487326908416 0
31418997807259649 0
31419091105357824 5
31420193662042112 7
31421122289336321 25
31421364304875520 15
31424021111246849 0
31424967899873280 5
31424975139250176 0
31425369449963520 46
31425604452614146 47
31426539723689984 0
31426798810046465 0
31426832662265857 27
31427033556848641 4
31427759045611520 3
31428420801925120 73
31428493468237824 8
31428546798813184 0
31431335247609856 6
31431536888782849 55
31432727026733056 0
31432945419952128 6
31433327906922496 18
31433632128172032 25
31434793199599616 6
31435262596747264 6
31437204932788225 12
31437237254094848 18
31437407396040705 25
31441099969003520 0
31442088453210113 2
31442614079197185 6
31442910696177665 14
31443107291598848 0
31447361003720704 11
31448339769724929 0
31449595846336512 4
31450065537073152 8
31450267119525888 3
31450686512173056 1
31452420420665344 6
31452422190665728 4
31452522002513920 4
31452799485087744 6
31453275672805376 25
31455723212775424 4
31455815084802048 4
31456126100836352 0
31456453080383488 11
31456542574252032 17
31456595212767232 0
31457280905973760 6
31457316683386880 11
31457406059810816 27
31458812468658176 25
31459972197908480 18
31461069528502272 0
31464165482692608 2
31464675170328576 3
31464809216090112 6
31467121900789760 25
31467184836317184 2
31467302188748800 11
31467680355586048 5
31467720469905408 6
31468490040803328 6
31468756320391168 14
31469968528769025 14
31471387839303680 18
31471733798076416 12
31473669091893248 0
31473705490063360 12
31476880397836288 0
31477961861373952 6
31481606854152192 25
31482127098839040 29
31484405264424960 2
31485497012396032 8
31488592257744896 73
31491223910879234 0
31492039682039808 8
31492400543178752 7
31493461895020544 11
31494358188425218 8
31494433346158592 12
31495605129838592 2
31496694457704448 28
31498848211828736 2
31501865678016512 7
31503072236670976 25
31503592129040384 4
31506974361260032 25
31507810986496001 2
31508580809052161 17
31508627588120576 4
31508788771037184 6
31523385842335744 4
31524647337988096 6
31527343109443585 4
31528624356069376 18
31528642743894016 25
31528807936565248 2
31532143444230144 3
31533473051185152 18
31533605201121280 6
31535593183772673 4
31536020499468289 12
31537684090462208 27
31539440006463488 27
31540846591479808 2
31541787378065409 14
31542354045308929 9
31546173600829441 25
31546270132740096 15
31547140597620738 14
31548936007196673 11
31549322411646976 11
31549597696393216 6
31549742353747968 27
31553007199985664 14
31553156345233408 2
31554061517979648 28
31555900334407680 18
31557043903012864 0
31559113523597312 18
31559175330856960 6
31559868326350849 12
31562402864570368 0
31562758805782528 6
31562782507802625 0
31563924398669825 15
31565204835794944 4
31568963183845376 1
31569527422586881 1
31570912188825600 3
31574200246341633 6
31574865592979456 14
31575391466426368 11
31577262197317633 6
31579382669639680 14
31580700553519104 15
31582344502575104 12
31582648186961921 25
31585147258146816 18
31585270302253056 15
31587174298165248 15
31587601542545408 6
31587866031165440 15
31588307586519040 17
31588433650515969 28
31588589909315584 15
31589908644626432 17
31590126110904320 14
31590322957975552 12
31590445049970688 28
31591003676737536 18
31591444397424640 8
31591858408787968 25
31592177809227776 4
31592707545636865 1
31593201001299970 4
31594108174737408 15
31594123525881856 15
31594358910226432 15
31594475058892801 11
31595126736289793 4
31595212220399616 16
31596255645798400 14
31599782774439936 4
31600749309861889 15
31609210277990401 17
31609386329710593 27
31610154927521792 6
31612106658816000 11
31613004512493568 6
31615062405808128 4
31615359102492672 4
31617061889249280 11
31617379486142464 6
31619459839954944 15
31622713848107008 27
31622888691867648 12
31627404900311040 0
31627673281232896 11
31628886605299712 6
31629001239830528 8
31629044269191168 6
31629235835637760 6
31629248502435840 25
31629662966784000 1
31631535366995968 6
31632553471377408 6
31632894636068864 6
31633604350058496 4
31634565726470144 4
31636328948965376 7
31636393063096320 25
31637593485484032 0
31638843664891904 6
31639213241794560 6
31639242950053888 11
31640927348981761 0
31642136910757888 6
31643428668313600 6
31643748362362880 6
31644368326631424 6
31647223557128192 6
31647814786228224 11
31648201748520961 6
31648402789896192 6
31648931624525824 6
31650454555328512 2
31650972241502208 6
31651067670302720 6
31652021882851328 6
31652159686705152 8
31653032269709312 6
31653095016497153 6
31653409140514816 1
31653516321759232 6
31653948410560512 6
31654224773251072 6
31654912601358336 28
31655045367861249 6
31655251593404416 27
31655260195921921 27
31655267053604864 27
31655567781011456 6
31656691342770176 14
31657587443245056 4
31657763553677312 6
31657852259016705 6
31658343235854336 6
31658757616308224 6
31659605524226048 6
31660595627425792 15
31661116648067072 46
31661587676798976 6
31662105904021504 8
31663375410798592 6
31664292503756800 6
31664959955927040 0
31665631019405312 3
31665824276156416 6
31666932327383040 6
31668642445791232 4
31668993525813249 6
31669571555430400 46
31669649288470529 6
31670225099300864 28
31672576916856832 6
31672753975197696 6
31672985840517120 14
31673221942091777 6
31673243798609920 6
31673636943306752 6
31673673651855360 6
31673680954138624 6
31673744418152448 6
31673993819856896 6
31673999100477440 6
31674021217046528 6
31674306199035905 6
31674396498202624 6
31674409378910209 6
31674451988848641 6
31674849906659328 16
31675031993982977 6
31675229210152960 6
31675360097599488 6
31675432579375104 6
31675539873857537 6
31677899845148672 6
31677930400645120 27
31678562608091136 6
31679285982920704 6
31679425338679296 6
31679542569472000 6
31679701269348352 46
31679783616118784 1
31680131110010880 6
31681152569835520 6
31681793237188608 15
31682953595584513 14
31683709740519424 46
31684419873935361 6
31684842953375744 2
31685731671875584 14
31686032277639169 6
31686265921343489 4
31686276293853184 15
31688182005235712 17
31688661296742400 6
31689430863450112 29
31689854869835776 55
31689881163931648 2
31690834835415040 6
31691436936138752 12
31692185296441344 6
31692655704412161 55
31693234325426177 46
31694473117306880 4
31694530558296064 18
31694965050449921 46
31695509810839552 12
31695880826396672 4
31696221231915008 11
31697432387526656 15
31699819923767296 48
31700342240444418 46
31700382858092544 16
31702927013838848 18
31703050271850498 11
31707233054101504 18
31708419303931905 46
31709059719634945 11
31711079461552128 28
31711154204053504 0
31715048300744704 4
31715391927484418 46
31716826710802432 16
31717825269731328 14
31718977201774592 12
31719526622040064 4
31720687227895808 13
31720767683043328 25
31721475786416129 46
31722157654417409 47
31724837294571520 14
31724937890762752 25
31726486222274560 0
31726872656084992 27
31728925046476802 18
31729684089675777 18
31729824913424384 18
31730063380582401 15
31730139196817408 47
31730185619378176 12
31730879315316736 4
31731638631137281 14
31732480914489344 29
31735139432144896 46
31735455657500672 60
31735910097756161 12
31736465394241536 4
31736590074118145 46
31737924319969280 25
31737979026280448 7
31740806834425856 29
31744066563604480 47
31744449365155840 7
31745086442184704 7
31745096726609920 7
31745508766646273 11
31746913468424193 28
31747239311314944 5
31749443879440384 7
31749813007548416 4
31751008367419392 13
31751433325903872 47
31752954860011520 28
31753400517398528 60
31754236366688256 8
31757312548937728 6
31759478898561025 46
31760140914925569 46
31760876486795264 14
31762855594303488 17
31763145265520640 0
31763149904412672 0
31763182657740801 46
31763804341673985 6
31764477875585024 48
31765042370187264 8
31767856039329792 14
31768073216204800 6
31769205439205376 7
31769395265019904 17
31769479050432512 28
31769523052875777 28
31770091230076929 18
31771605050855424 46
31773184512495616 9
31774912318283777 6
31776820869206016 46
31776979199991808 6
31777091523444736 11
31777427092938752 5
31777476736716800 5
31777488208142336 46
31777782535028736 18
31778373868978177 0
31778698306781184 6
31780127859802112 0
31780569960415232 4
31781089181704192 6
31781229795745792 18
31781548416049152 46
31783210920706048 1
31785455397638144 18
31786830126911488 46
31787064592699392 4
31787173657190400 4
31787373297668096 14
31789024293167104 4
31789477273804800 5
31789696912723969 14
31790456400510979 10
31791078399025153 17
31792129172840448 6
31793296351174656 6
31793298611904512 0
31793758529921024 29
31795576903303169 4
31795708822552576 4
31800150301081600 10
31801180061433856 14
31802123293294592 11
31803411594739713 4
31803419240960000 4
31803439788855297 4
31803718215139328 18
31804215198224384 4
31806612809187328 4
31807173218537472 1
31807230709866496 6
31807594473459712 4
31808292451786752 13
31809671195009024 4
31810488266399744 4
31810603328741376 46
31811055877365761 7
31811254737702913 4
31811330562334720 5
31811864388177920 18
31812598013894656 15
31814327216377856 6
31816947943346176 3
31816986417700864 10
31817694814670850 15
31818985011945472 15
31820162705399808 14
31820266728329216 15
31821748101976066 0
31821797401821184 0
31824265858777088 46
31824638501724160 0
31824794554994688 4
31824817023885312 12
31825453668900864 8
31826421026398208 46
31827324445917184 46
31828141269848064 1
31830108431982592 4
31831410260058113 13
31836139568500736 14
31836755116171264 4
31837272005419008 46
31838446431510528 46
31839368880590850 2
31839946834714624 46
31840187944280064 4
31841010615058432 3
31841332263649280 4
31841375750193152 12
31841982963777536 25
31842252955324417 4
31844361520025600 46
31844731885457409 28
31845325505306624 8
31845403099926528 6
31845404345630720 4
31845488307208192 46
31845789533736960 4
31846049488310272 7
31847913957105665 48
31849548460597249 0
31849691155013632 14
31849694669840384 6
31849942708391936 4
31851486715576320 6
31852394992115712 48
31853087438143490 25
31853505325047808 6
31853848926621697 55
31854246383058944 4
31856209573187584 17
31857122555723776 4
31858497041735680 18
31858896867954688 46
31859055030964224 4
31861291236724738 18
31861590575816705 47
31861702156877824 7
31862468191977472 18
31864469529305088 29
31865568277569536 4
31865841687470080 27
31866849633243136 0
31868819316146176 46
31869348700229632 11
31870844829442048 1
31871158500458496 7
31872613319970816 12
31872977108738048 4
31873295653539840 12
31875281820061696 46
31876829782478848 47
31877108653367296 28
31878654489264128 6
31879597431726080 25
31879763714904064 27
31880216670380032 27
31881538727575552 18
31882212055973888 27
31882977344491520 27
31883171909869570 4
31883368232656896 27
31883562986766336 27
31883690422308864 15
31884272092585984 27
31885326528020480 27
31885627276394496 13
31885657626378240 4
31885777986129920 16
31885796969545728 4
31885983020482560 6
31886068898861056 2
31887568748417024 27
31888385719144448 3
31888462969839617 27
31889401910923264 0
31890053449908225 16
31890241614782464 27
31891056119255040 1
