30394131587006464 0
30394202042925056 8
30396111764066304 9
30398100472336385 0
30400409612853249 25
30401574056493056 2
30402208474333184 8
30404278992510976 16
30404296335958016 1
30404459720871936 1
30405193854091264 8
30405450293846016 15
30406089992310786 14
30406773076664320 9
30406955428216832 15
30407444110778369 4
30407494970900482 8
30407607617323008 3
30408437502312449 20
30408707682607105 13
30409874428919808 13
30410134425436161 13
30410295151169538 54
30410427095588864 8
30410542388609024 14
30410847616499712 8
30411347749507072 14
30411467085844481 0
30412963919699969 13
30414963528962048 14
30416908838772737 2
30417452680609792 11
30418069784367104 4
30418510702186496 16
30419324359417857 4
30419457826357248 17
30419510313877504 13
30419535756533762 4
30420445060669440 14
30421875943284738 60
30422510541479936 14
30422846366814209 1
30423259409289216 14
30423743528439808 54
30424035380699136 55
30424818289475584 12
30424834911510530 6
30424957825589248 13
30425952878075904 17
30427146451165184 4
30428029847080961 4
30428075191701504 14
30428482223734785 14
30429182278246400 60
30429664170213377 2
30429676585353216 7
30429702262886401 25
30430409875521536 6
30430799341817857 0
30431564932325376 4
30431589796151296 8
30432405177245697 1
30433013120634881 0
30433695596814338 17
30436694226378752 25
30437370604036096 0
30438372140908544 14
30439179359879168 4
30439920199798787 9
30440791239299072 8
30440960940834816 6
30441473379934208 15
30442043301953536 2
30444102684254208 3
30447887317995520 13
30448953891749888 2
30450989928554496 2
30452220143079424 6
30453671854612480 13
30455347827183616 11
30456490821156864 25
30458775651487745 25
30459074709557248 9
30460023981215744 4
30461512313208833 15
30463111500664832 8
30463763110957056 15
30464679839006720 11
30467526097895424 4
30467978906574849 17
30468165997690880 11
30468336726839296 14
30470388030906368 53
30471649639796736 11
30472788686929920 12
30472790909915136 18
30473143420190720 6
30473227012673536 14
30473698460827648 8
30475778487488512 16
30477678087770113 18
30478670644649985 53
30480639975227392 1
30481155169984512 12
30481547861688320 29
30483070356295680 6
30483402603888640 4
30483897565319168 18
30484140813975552 6
30484142076465153 25
30485744480944128 14
30486017530142721 11
30486674869846017 5
30488264842412032 3
30489791292252160 14
30490739947343872 14
30491845029011457 10
30494588875571200 0
30494895642775553 13
30496069259370496 12
30497056829210624 1
30497269086158848 14
30497840182591488 8
30499716567408641 12
30500268705583104 14
30502858264674304 6
30505402755981312 15
30505596528623616 4
30506925409968128 18
30507036248641536 11
30509900467544064 2
30510620902162433 4
30511580726697984 6
30512734403567617 3
30513117570015232 9
30514003763535872 6
30514793148321792 4
30515000489541632 18
30515437863178240 18
30515965208829952 25
30516341437890560 18
30517151785820160 8
30517355016622080 18
30517481307111424 8
30517822215954433 3
30519207938494464 14
30519362016247808 18
30519843119702016 13
30521128367689728 17
30521472812318720 54
30521804636295168 2
30522327510818816 8
30522653617954816 8
30522904919674880 2
30522982673686529 29
30523230930345984 2
30523878992252928 18
30524726552043521 2
30525698133196800 2
30526250707591170 18
30526264926281728 18
30526334815965185 1
30526954549547008 6
30527259790020608 0
30527280530857984 4
30527799424983041 2
30530005184286720 18
30533114522505217 18
30534154814750722 6
30536204508209152 18
30536217355358208 18
30536477695807488 18
30538645840596992 3
30538724529938432 3
30543224477065216 3
30544174625333249 0
30544903666663424 2
30545019244912640 3
30545151508094976 2
30545481935360000 3
30546563214348288 2
30547340561481728 3
30548386033696769 3
30548764452200448 13
30550652635582465 29
30550707274776576 1
30550858202615808 8
30551131616706560 29
30554037510213632 4
30555539452723200 25
30558796480774144 9
30561539077439488 3
30562259365269505 11
30562965165965312 3
30563119608635393 4
30564289693614080 14
30564389102813184 3
30565841099563009 12
30565953972477952 14
30566403673165824 16
30567532691726337 9
30567972326080512 1
30569342814916608 11
30570299074289664 25
30571851667210240 9
30572012694933504 6
30573100659638272 14
30573254447988736 2
30573552751087616 16
30574540144775168 2
30575014923210752 14
30576362389504000 1
30579096920526849 13
30579313057202176 3
30581002782908416 53
30581469411803137 18
30581701998546945 14
30582751925112832 1
30583068972548096 2
30583328172154880 11
30585243689811968 3
30586103354359808 3
30587022007603200 4
30587270037774337 2
30587682639847424 54
30587685898817536 3
30588669546987521 17
30589582479196160 14
30589797806379008 16
30589863128473600 15
30590163398696962 9
30591435266854912 16
30592623563509760 16
30592728618246144 16
30595032692035584 15
30595216985559040 16
30595305447628801 0
30595338775568384 17
30595496607219712 16
30596907529146368 15
30596941884686336 16
30597380348837889 17
30597453803683840 6
30597951457853442 11
30598702481539073 3
30598852146888705 3
30599022376919043 6
30599622661505024 4
30600106524807168 17
30600631047688192 16
30601061328756736 16
30601504758964224 16
30601574359236608 13
30601638104272896 14
30604010075455488 17
30604291001556992 0
30604356764049408 16
30605376395157504 29
30606523621187584 4
30607467759013889 16
30608387918004224 29
30608814784905217 16
30609760164249600 13
30610163136208897 16
30610832643596288 49
30612864184098816 16
30612876720869376 20
30612914654154753 29
30614030007664641 2
30614420178608128 3
30614560461291520 16
30614953798930432 12
30615506033577986 32
30615587910586368 6
30615948226465792 6
30616053729988609 3
30617632570875905 12
30617750103658496 3
30618672548544512 6
30618896893476864 14
30619096106143744 16
30619675389853697 2
30619741349478400 16
30620268149866496 13
30620671297986560 3
30621101021204481 1
30621165881917440 2
30621207644610560 6
30623517682704385 17
30623652437295104 17
30623689372340224 17
30625618529878016 3
30625784481714178 13
30626856424177664 18
30628460376363008 3
30631313245470722 3
30631645262385152 0
30632759630241792 20
30633192612438017 17
30633266906136576 17
30633267564650497 17
30633783929606144 0
30633937722155009 5
30634433082036225 6
30635254607773696 3
30635609009684480 3
30635802346131456 2
30635932134670337 2
30636685423280128 20
30636864566206464 3
30636957327425536 3
30637090941181952 6
30637444080607233 15
30638299320160256 2
30638368878497792 6
30638928268632064 18
30640030691098624 1
30640574671355905 1
30641734190895104 60
30642168938889216 17
30642236995674112 17
30642254842433536 17
30642412799922177 17
30642989122461696 13
30643478249603073 5
30643688136773633 8
30644248546119680 3
30644328925757442 18
30644440372617216 8
30645241832800256 17
30646843612336128 14
30646884209000448 13
30647283783565315 3
30647647756881920 3
30647808595857408 3
30648625222656000 12
30648899844706305 6
30649439165087744 11
30649612721197056 15
30650131585966081 4
30650358351007744 3
30650642112450560 17
30650789974245376 2
30651305655533568 49
30651755398168577 18
30651873035821058 0
30652307230162946 3
30652426038022145 29
30652469818163200 54
30652616639782912 3
30652775805231104 12
30653164818534400 2
30654010809651200 8
30655398331551745 18
30655509635792898 1
30655752150458368 18
30655803581009920 8
30656014466416640 6
30656300463427584 3
30656489479737344 2
30657495219306497 13
30658222981386240 2
30658825623179265 29
30658867457167361 0
30659286824648704 16
30660131339378688 13
30661460132634624 16
30661645986430976 3
30661896084398081 7
30662708818870272 14
30662992135725058 2
30663550510825472 8
30665425624760320 16
30665945395503104 14
30666356126912512 11
30667222271660032 54
30667277003137024 9
30667873680625664 6
30667917641129984 10
30668107966062593 8
30668394940334082 2
30670049274499073 3
30670377176801280 6
30670629837479936 2
30671913017671680 6
30672144434204672 5
30672774355746816 2
30673075070566400 4
30674081439285248 8
30674139169693696 18
30674320539787264 3
30675536665649153 5
30676047032754176 20
30676488235782144 29
30677307916029953 13
30678113146896384 11
30678791273586688 2
30679835969851392 3
30679899958153216 32
30680440994009088 16
30681449719930880 4
30681793300537345 18
30681838317993984 17
30681987794608129 16
30682519665909760 6
30682713602129920 4
30682863334596608 3
30683314293571584 3
30684138470121472 5
30684726008221696 5
30685454885986304 29
30685769240682496 5
30685922668322817 5
30686640804462593 5
30686906152914944 5
30687382806200320 6
30687510287876096 6
30687676050968576 3
30688418593767425 4
30690244298801152 17
30690750979121152 5
30690905920905217 6
30691049823272960 5
30692826006159361 5
30692963696779264 15
30692965663899648 8
30693301371797504 3
30693949492432896 5
30693955515457536 3
30694014181179392 5
30694279877754880 5
30694308940087296 5
30694341957656577 5
30694362178392064 5
30694599844429824 16
30694625152864256 11
30694705004027905 5
30695206714089472 5
30696004445544448 5
30696271408799744 6
30696903955976192 3
30697038798651393 17
30697835959689216 14
30698289095507968 14
30698291976998912 2
30698300843761664 17
30700109821902848 15
30700392937426944 32
30700828272631810 14
30701010049572864 11
30701401030000640 4
30702025264074752 8
30702141668589568 4
30702222312472576 14
30702331435683841 29
30704132692123648 1
30704571940605952 5
30705239468277760 5
30705516032303104 5
30707908433940480 54
30708356368834560 3
30708440749842432 32
30709282534072320 5
30710163916718080 5
30710400962007040 8
30710955126034432 3
30711295409917952 32
30711690580463616 12
30711726592753664 3
30712242315988992 5
30713349721292800 3
30714203610284032 55
30714235914813440 2
30714733577379840 2
30714909889138688 54
30715531464019968 16
30717644617285633 11
30717679631343616 0
30717788247035904 32
30718627057500160 12
30719112057458688 2
30719835499397120 18
30720214500900864 29
30721287810711552 11
30722018458468352 14
30722713739862016 13
30723301865168898 3
30723400687165441 13
30723587551797248 18
30723941496520705 2
30724717266599936 18
30724724736655361 11
30725193940865024 8
30725724151218176 12
30725780250038272 14
30726678577676288 32
30726960552345600 4
30727022598692865 11
30727039271047169 6
30727184507211776 11
30727342653444098 8
30727849589608448 10
30728757538988032 3
30728915328696320 6
30730850555400192 5
30730965840035840 55
30731514387898368 18
30731833859645441 12
30732007998754817 25
30733025167806464 13
30733728082825216 15
30733920714629120 14
30734117633007616 3
30738531445903360 5
30738883704524804 20
30739970184450048 13
30740770164051969 18
30740860484194305 14
30741349401624576 3
30741431043760128 12
30741828105928705 25
30742243136503809 14
30742388892762113 11
30743339112341504 7
30744276954517504 11
30745569156665345 13
30746843432357889 4
30747420539224065 4
30747501699010560 12
30747642342408192 18
30749550717173761 3
30749631398805504 12
30751177817722880 14
30752379854917632 54
30752754582421505 18
30752887374090240 12
30753110859186177 5
30753435431206912 2
30754443725115393 18
30754794272464896 2
30755448344805376 14
30755499901198336 2
30755695221547009 12
30756756170743808 6
30757517512417280 10
30758000822063104 2
30759655357546497 11
30759670763233280 13
30760799676923904 1
30761666429849601 2
30762024019431424 4
30762245684207616 4
30763473105321985 6
30764163454214144 7
30764349832306689 7
30764363740618753 18
30764752242221056 7
30765010984636416 11
30765094837166080 3
30765413604265984 11
30766283096072193 11
30766415304728576 14
30767162398347264 17
30767633527742465 7
30768499169169410 7
30768650319306752 11
30768879231832064 14
30769192563113984 7
30769389959651328 5
30769474357432321 11
30769480061685760 11
30769590342520832 14
30769661930905601 7
30769994920890369 7
30770321975939072 7
30770417580904448 12
30771167350493184 12
30771207527735296 8
30771299412353025 7
30771878641532928 54
30772067800449024 11
30772936331755520 5
30773099582464000 7
30773173859393536 6
30773571605241856 6
30773824219783169 5
30774027257647104 5
30775368881283072 49
30775556672851968 25
30775875972632576 2
30775893412548608 10
30776915782533120 17
30777394444902400 11
30777895618088960 7
30778510737940482 7
30779211341893633 17
30779809588051968 7
30780680245870592 11
30783565595680768 2
30784370889461760 6
30784787199303680 5
30784884444237826 7
30786145579180032 18
30786150633308160 7
30786465180942337 5
30786660539043840 2
30786779879575553 3
30786975921340416 11
30787730694733825 7
30788420263481345 55
30788874045235200 11
30789460249550848 25
30789479836950528 12
30790504476053505 8
30792108231098368 14
30792302746148865 20
30792615909662720 7
30793840872923137 7
30793871919157248 14
30794679930851328 11
30794765645651969 6
30794785610530816 7
30795007745069056 54
30795493609050114 1
30795816356544513 11
30796220553236482 7
30796264580849664 11
30797038568341504 4
30798171567292416 2
30798218992287745 25
30798300072378368 12
30799302041280512 9
30799400179597312 14
30799418651316224 2
30799516428935168 7
30799530383380480 18
30799946957455360 17
30800704616538113 17
30800937832415232 2
30800973278478337 11
30801558824296448 16
30802679919804416 14
30802764497948673 55
30803091490086912 11
30804602349690881 13
30804962472632320 0
30805240047472641 0
30806167512948736 12
30806290825478144 7
30809053655470080 20
30809380861517824 11
30809400276946944 5
30809856231342080 13
30810435741556736 15
30810599508152322 6
30810994859053056 12
30811039540969472 13
30811245200277504 54
30811330365628416 3
30811692007034880 6
30812119582638081 11
30812570696818688 12
30812919910375424 11
30813082452238336 20
30814181259218945 54
30814638606123008 3
30814672844234752 13
30814936187801601 29
30815462040272897 12
30815506499899392 6
30817335593926656 14
30818430751875072 15
30820829377855488 2
30821047011905536 2
30821340269252609 12
30821805958635520 3
30821876708147201 2
30824505316220928 8
30825725640577024 12
30826402152452097 5
30826476634902528 7
30826845066764288 3
30827081088638976 7
30828059540062208 4
30828837197578241 7
30829574321348609 5
30829945810845696 17
30831823445561344 10
30832275302129664 6
30835299768602624 12
30836390203756544 11
30837239881670656 12
30837766195515393 3
30838167116447744 5
30838480187686913 11
30838682105683968 1
30841105708744704 15
30841242736660480 7
30841911602315264 49
30843661369475072 3
30844978678734848 5
30845288147066880 0
30846724134150144 5
30846813036617728 7
30848387767083009 0
30848491068588034 11
30848811400175616 17
30850469203025920 7
30853143038267392 12
30853353982394369 3
30853481984172033 1
30855995433426944 17
30856188946022400 1
30859094680145920 12
30859325845020672 4
30861237927542784 13
30862456993615872 1
30862580280983552 4
30863974702518272 2
30866478949466112 3
30867592214220800 29
30868827214446592 5
30869360079806464 12
30869628771115008 12
30873156688285696 12
30877629548597248 16
30879660090855424 12
30880212254199808 11
30881939376316416 17
30882016325009409 17
30882540759810048 7
30883051328241664 2
30883172178726912 11
30884120213065728 6
30885547757019137 13
30886602393788416 6
30887092338827264 13
30887683228172288 6
30888289225408512 6
30888675101384704 11
30889281832615937 13
30889954028552192 25
30889992091860992 3
30893229247303680 4
30894590957461504 16
30897152850919424 13
30897264503296000 6
30898468339847168 11
30899786374709248 18
30899867677102080 14
30900163576864768 18
30900201635979264 11
30900281470357505 11
30901455317630976 3
30901599693963264 4
30901618283126784 0
30901994185039872 16
30902834127966208 18
30906004711415808 18
30906101285261312 29
30906776094244864 14
30907638732554240 3
30907702188179456 4
30908718753255424 16
30909554422194177 18
30909763394994176 1
30909778985222144 6
30909954219053056 13
30911885272424448 6
30912007314083840 25
30914542103957506 12
30915093449416704 11
30917381039591424 54
30918262418046976 2
30918931124322304 29
30919347245416448 18
30920494291099648 1
30922563710357505 12
30922877704339456 20
30922899971899392 1
30924642650689536 2
30925155819593730 3
30925397151449088 1
30926810753540096 18
30928608558059520 18
30929131730378752 0
30930536184684544 14
30931191146221568 5
30932402738044929 11
30933644491100161 7
30933944996200448 12
30937150102966272 6
30940485400928257 13
30941177725329408 13
30941202039701504 4
30943433900171264 11
30944520879210496 18
30945164574859265 3
30947181829562368 11
30947664312934400 4
30949399253229569 16
30950381580189696 18
30950530419261440 13
30950664595046401 3
30950817078968320 0
30951279899451393 11
30952121918558209 18
30953552272687104 16
30953903105249280 20
30954320551747584 3
30955137207898112 15
30955643955318784 3
30958344684445696 2
30958583155793920 3
30958635953692672 11
30959520830197760 11
30960624460636160 1
30960864022503424 3
30964881050046464 14
30965007487336448 11
30965261251117056 13
30965474883801088 12
30965491879120896 20
30965554693021696 16
30965603900588032 16
30965801007714304 16
30965883492900864 16
30965912911745024 16
30965919140290560 16
30965997460520960 16
30966243016052736 16
30966287513423873 16
30966333579468800 6
30966722299170816 13
30967193713774592 16
30967515932790784 3
30967993412354048 11
30968591931154432 25
30968784990773248 16
30969612254318593 1
30969685075828736 16
30970130141810690 14
30972398136205314 16
30972462355189760 16
30973115597062144 5
30973373026668544 16
30973853450637314 3
30974100771966977 6
30974941620862979 16
30975093987344384 54
30975935201157120 16
30976917108690944 12
30978068348669952 16
30978683426570240 2
30979001044439040 16
30979125250363392 16
30979854593691649 2
30980749117095937 16
30981257949085696 13
30981650468835329 3
30982361281728512 12
30982428747108352 6
30982438305927168 55
30982557902307328 3
30983170572685312 8
30983191900721152 3
30984078123601920 1
30984263960633344 29
30984556509138944 8
30984641087283200 14
30985168126746626 18
30986508492087297 54
30986862751387648 16
30986944829718528 8
30986955508424704 8
30987245456461824 55
30987549543497728 11
30987991069491201 11
30988086536052736 11
30988222540554241 11
30991621130555392 3
30991683206250496 7
30993728348880896 7
30994784835346432 8
30994802350751744 2
30995050531913728 3
30995353041895424 18
30996863431745536 13
30996955274420224 11
30997096152694784 17
30997594171768833 3
30997718914568192 7
30998150332289025 7
30998595251478528 3
31000008140529664 25
31000463302205441 13
31000764365152256 32
31000791112220673 11
31001570321633280 2
31002172166504448 4
31003042060963840 17
31004787692535809 3
31006409738948610 13
31006950024028160 6
31007791548207104 8
31007837429698560 16
31008096289558528 20
31008319246172160 15
31009872048824320 3
31009999022981120 3
31010185665323008 11
31010364237815808 6
31010708799885312 3
31011128637128704 3
31011134693711872 11
31011164343238656 12
31011836841164800 14
31012102047006721 11
31012345664765952 29
31012396382298112 14
31012699076825088 8
31012906489348097 17
31013162908123136 8
31013541624414208 6
31013576655249408 17
31013591524057088 17
31013667185098752 17
31013827193606144 17
31013841781395456 17
31013859800129536 4
31013951194013697 17
31014334557589504 11
31014687294357505 16
31014876402950144 3
31014946573647872 13
31015040563814400 11
31015267429523456 3
31015788127191040 17
31016423132233728 3
31017281295224833 8
31017491043975168 3
31017840668573696 18
31018159435681792 32
31018234127843328 3
31018244877852672 3
31018698110148608 12
31018836186628097 7
31019356867526656 8
31019360352993280 3
31019396239466496 3
31019648199688193 3
31019797906989056 17
31020198379130880 3
31021244371435520 8
31021529835765760 11
31021687252193280 4
31021967737884673 3
31022047308021760 3
31023781514321921 12
31023837533446146 8
31023870030913537 3
31024106895843330 3
31024114823077888 3
31024641724125185 4
31025236015058945 3
31025621903609856 11
31025641658785792 3
31025643072258048 2
31025916150816768 3
31026158963265536 13
31026201132802048 11
31026341839114241 3
31026545933942784 8
31027421830447105 11
31028061164019712 4
31028767937789952 3
31029060939288577 8
31029504864423936 3
31030035276111872 3
31030124962914304 3
31030150850158593 4
31030487795367936 3
31030494665637892 6
31030924468559872 16
31031718513213440 3
31031759911002112 3
31032997956288515 8
31034134478458881 3
31034174752169984 10
31034679394045952 14
31035097440329729 16
31035749952397312 8
31036127410388992 1
31037174539354113 11
31037520846262272 3
31037694935040001 1
31037925034565632 3
31038184691335168 3
31038272813662208 4
31038670572093441 32
31039496002736128 3
31039534988795905 12
31039688655507456 1
31040417793310720 3
31041352833695744 17
31041984353280000 11
31042306303852544 29
31042449660973056 4
31042518963453952 3
31042778481819648 25
31043176684851200 8
31043823626878976 3
31044465690939392 3
31045108283482112 3
31045240588603392 16
31045366132514816 3
31045393429037056 3
31046395154669568 3
31046551061139457 3
31046593557831680 14
31046849024499712 11
31048071110467586 8
31048166426025986 11
31048353655558144 3
31049104964452352 3
31050271983411200 3
31051246827737090 16
31051852053221376 3
31052423128686592 3
31052452727885824 7
31052570369728512 6
31052725697384449 14
31052864197496832 8
31053474338709504 11
31053656509911040 13
31055301985697792 3
31055459574087681 14
31055778429276160 1
31055989058830337 16
31056295876362240 1
31056912183205888 3
31057351620431872 15
31057439944089600 3
31058203127062529 16
31058541116657664 11
31058594338181121 10
31059718105468928 11
31059921093009408 9
31061904994603009 14
31062559175999488 11
31063615565987840 20
31065622423011328 3
31066063718322176 18
31066504539676673 32
31067024973103104 16
31067596199563264 25
31068538898747392 0
31068571312324608 3
31068858617954304 49
31069597247475712 20
31070296945459200 6
31071789631143937 2
31072009869852672 18
31072039590690816 11
31072347490361345 17
31072348505374721 17
31072366792544257 7
31072472556118017 18
31072897015480320 11
31073305100296192 3
31073318543032320 29
31074798310268929 16
31075092746215424 8
31075146924036096 3
31075313429516288 3
31076061462659072 3
31076332137881600 3
31076425310142464 49
31078625642029056 3
31079228757770240 32
31079386023198721 3
31080347219263488 4
31081790139531265 49
31082026941554688 32
31082325320138752 2
31082773166956544 4
31083514283692033 4
31083518196977664 20
31083523758620673 60
31084250191101952 4
31084675116048384 18
31085134354583552 8
31086604953059328 18
31086874403540992 4
31087044226711552 12
31087418727735296 53
31087671757512704 49
31087921217937408 11
31087996493111296 14
31088441139666944 12
31088604361003008 8
31090208116056064 3
31090279184343040 4
31091019378335744 2
31091400284049408 11
31091994977632256 2
31092826821369857 3
31094703621414912 3
31094934228439040 16
31095346109095937 20
31095382507266048 49
31096345146163200 25
31097874544599040 3
31098415081332736 16
31098607977369601 3
31099222732316673 49
31099423782084608 14
31099538177531904 11
31100236550119424 4
31100738906099714 25
31101132273098752 25
31101134374436864 12
31101259872215040 8
31101750245068801 3
31102256325599233 8
31104992857300992 18
31105170322489344 16
31105781336121345 17
31106823008288769 1
31107918388535296 4
31108442777198592 3
31109802788659200 11
31110638814109697 14
31110803671224321 14
31111680507256833 3
31111880143540224 15
31112518961201152 11
31113395839180800 3
31114000670400512 16
31114540473122816 8
31115816892112897 4
31115844079587328 6
31116011696553984 11
31116681023586305 11
31116779371630592 3
31117215788965889 12
31117687467802624 15
31118228382031873 6
31118649196544000 8
31119405844795394 8
31119543506046977 15
31119573893775361 2
31120562348625920 8
31121223412883456 8
31122825305657344 11
31123228814483456 3
31124672380674048 11
31124991944687616 14
31125701058895874 8
31125930910949377 13
31128320552738816 6
31128517605326848 11
31129009882402817 11
31129345066012672 8
31129479409569792 11
31130243469152256 25
31130387040174080 49
31131371611103232 3
31131445204357121 11
31131687672881153 14
31132710705565696 29
31133324697141249 17
31135430875291649 11
31135460042477568 11
31137005664468992 11
31139501162102784 11
31139661069942785 14
31140736409796609 14
31143839632728064 25
31144464038764544 16
31144800455495681 14
31147431294926848 3
31147614292418560 15
31147677928394752 2
31147902940217346 14
31149429419413504 14
31150167855996928 2
31150854518087680 4
31152254899724288 15
31153333771177984 14
31155431632019457 12
31155803561926656 18
31156154063134721 6
31156659652927488 11
31157697839628288 8
31160647492304897 6
31160749384540161 11
31160987822333952 11
31162151691358208 8
31162181697413120 11
31164008929173504 11
31164377784651776 8
31167200224092160 11
31167797417484289 6
31168112128692224 10
31168737197424640 14
31171333400305664 25
31173198477266945 4
31175122647785472 2
31175267573571584 3
31175455365144577 12
31175798983491584 11
31176393446391808 11
31178972884635648 15
31180229808488449 20
31180699922866177 6
31182195607470080 15
31183953457057793 13
31185246959439872 15
31185471144992768 3
31185639047172097 7
31186539111260161 18
31187010144182272 18
31187069468413952 11
31187141350400000 13
31188443958611969 15
31191421952204801 11
31192640489783296 14
31193526230323200 25
31193849732796416 18
31193943542603777 49
31196853986926592 3
31198473860685824 11
31198665850753025 8
31198962056695809 29
31199726539902977 0
31200356755046400 25
31201613666320385 17
31201852355772416 18
31203980398821376 6
31204939556454400 3
31205944025161728 3
31206369348558848 29
31206920995999746 25
31206941996875776 4
31206989136666625 29
31207938504790017 8
31208344513417217 3
31209867557470208 11
31210617436119040 3
31210659614031872 25
31211512802574336 14
31211938725761024 2
31213116251447296 15
31214698540048384 13
31214716097400833 18
31216070039699456 25
31216127501672448 11
31218888129650688 4
31219949385023488 32
31220608494739456 0
31220914683121664 12
31221921399963648 12
31222767160401923 1
31222961499283456 2
31223664930193409 18
31225212070535168 13
31226577924653056 20
31227454337056768 3
31228067758215169 25
31228698111770624 6
31228836662214656 3
31230245910618112 6
31230268593414144 12
31230480170876928 3
31234119782367233 4
31235101018820608 11
31235152201912320 11
31235518612119553 14
31237205229830144 3
31239223256293376 1
31239414566879232 8
31240250109984768 4
31240623314964480 2
31241976984641536 8
31243779268677632 32
31244303820918784 16
31244843439095808 1
31246627213676545 4
31247389662646273 1
31247776054517760 13
31249687239467008 14
31249821952118784 13
31249887840436224 25
31254361870958592 25
31255257963044864 25
31256160044589057 5
31256750145409024 11
31259521435308032 49
31260408840986624 4
31260417296695296 4
31260439643947009 4
31260442315726848 4
31260442705793024 4
31260461554999298 4
31260794079416320 1
31261786745339904 8
31263364470538240 0
31263743979552768 11
31263929590091776 11
31264716974194689 18
31265066254864384 25
31265161838858240 11
31265427015335936 1
31268819217424384 3
31269345250246656 11
31269520672825344 4
31271537130602496 1
31273563319173122 3
31274798323601409 15
31275425594347520 1
31276298647113728 11
31276607888957440 11
31280039735595009 0
31280399111950336 11
31280613415723008 25
31283912407785472 11
31283916992155649 11
31284810353741825 4
31284921209200641 13
31285491366100993 11
31286090224635904 17
31286109472292864 11
31287055673729024 14
31289241761746944 8
31290428993052672 3
31290850642235392 0
31291004959072256 0
31292040750829568 49
31293731701260288 3
31295548401131520 11
31296654984355840 4
31296678459875328 4
31299916881993728 11
31299921579610112 3
31300012923166720 13
31300161028235265 12
31301399597817856 0
31303419125825536 0
31303874081984512 3
31304742340661248 9
31306557291503616 25
31312198722658305 11
31313035649875969 18
31313048425725952 13
31314236164542464 13
31315354999324672 13
31315497316257792 4
31315702530965506 2
31316259006054401 0
31318938021265408 11
31319628084936704 4
31319916309127168 14
31324492491923456 11
31324914770255872 3
31329095719591936 16
31330125442191360 1
31330499074981888 13
31330501872586753 11
31331264925540352 16
31331279676903424 20
31331500536369152 1
31331870423650304 16
31338264753340416 11
31340035500408832 4
31340071860834304 18
31340540746268672 0
31340983396335616 1
31343165118087169 11
31343482496880640 0
31345998840209409 16
31347221337219072 3
31347593162268672 60
31348236769820672 16
31352119541891073 32
31352723509092352 32
31354920925929473 0
31355051209396224 3
31359062411055104 25
31359592764014592 12
31360085192089600 14
31361239879778304 11
31362489916592128 13
31363167950999552 1
31363349748912128 14
31365951563763712 18
31366458361520130 16
31367523815395329 11
31367888132636672 53
31368070408708096 11
31368638988558337 13
31370453759033344 25
31370691341193217 1
31371147513692160 15
31372058491359232 54
31372223163932672 1
31372703940214784 49
31373776805437440 14
31375726355685377 49
31377104851435520 11
31377999555207168 20
31378267915161600 3
31378604751331328 3
31379582183538689 3
31380634714775552 25
31381838840733696 0
31381901876920320 14
31382407521239041 1
31382608390660096 3
31382773830782976 13
31384843216486400 13
31386765759614977 6
31387358490267648 4
31387404828934144 3
31387551839293441 11
31389209428234242 3
31389468770435073 14
31389896627195904 1
31393500272529408 6
31394346062315520 3
31394628003434497 4
31394797096800256 3
31395475361890304 5
31395755189075968 13
31396276645924864 14
31396671703220224 3
31396975362445313 3
31397676553605120 2
31397693683142658 1
31398370350206977 11
31398611271024641 16
31399339309932545 3
31400130095616001 16
31402465458917377 3
31405044901355520 3
31406410256355328 3
31407484170145792 3
31408746303332353 49
31409578230943744 3
31409606391500800 17
31410105647894528 3
31411367932067840 32
31413608780931072 13
31413650270986241 14
31414231677009920 11
31414777767010304 3
31414860923277312 3
31415047490117634 13
31415088246169600 13
31415194911506432 25
31416044081913856 3
31416196981067776 18
31417341728260096 11
31418086171082752 13
31418487326908416 3
31418997807259649 3
31419091105357824 8
31420193662042112 12
31421122289336321 11
31421364304875520 1
31424021111246849 3
31424967899873280 8
31424975139250176 3
31425369449963520 3
31425604452614146 13
31426539723689984 3
31426798810046465 3
31426832662265857 4
31427033556848641 25
31427759045611520 0
31428420801925120 32
31428493468237824 18
31428546798813184 3
31431335247609856 14
31431536888782849 4
31432727026733056 3
31432945419952128 14
31433327906922496 3
31433632128172032 11
31434793199599616 16
31435262596747264 14
31437204932788225 18
31437237254094848 14
31437407396040705 11
31441099969003520 3
31442088453210113 1
31442614079197185 16
31442910696177665 11
31443107291598848 3
31447361003720704 13
31448339769724929 0
31449595846336512 25
31450065537073152 2
31450267119525888 0
31450686512173056 8
31452420420665344 16
31452422190665728 25
31452522002513920 25
31452799485087744 14
31453275672805376 11
31455723212775424 0
31455815084802048 25
31456126100836352 3
31456453080383488 13
31456542574252032 49
31456595212767232 3
31457280905973760 16
31457316683386880 13
31457406059810816 20
31458812468658176 11
31459972197908480 20
31461069528502272 3
31464165482692608 1
31464675170328576 0
31464809216090112 16
31467121900789760 11
31467184836317184 1
31467302188748800 13
31467680355586048 8
31467720469905408 16
31468490040803328 14
31468756320391168 29
31469968528769025 11
31471387839303680 15
31471733798076416 18
31473669091893248 0
31473705490063360 18
31476880397836288 0
31477961861373952 16
31481606854152192 32
31482127098839040 25
31484405264424960 1
31485497012396032 14
31488592257744896 15
31491223910879234 0
31492039682039808 2
31492400543178752 11
31493461895020544 13
31494358188425218 20
31494433346158592 32
31495605129838592 25
31496694457704448 4
31498848211828736 5
31501865678016512 0
31503072236670976 11
31503592129040384 25
31506974361260032 12
31507810986496001 1
31508580809052161 16
31508627588120576 25
31508788771037184 16
31523385842335744 25
31524647337988096 16
31527343109443585 25
31528624356069376 14
31528642743894016 11
31528807936565248 1
31532143444230144 7
31533473051185152 14
31533605201121280 16
31535593183772673 25
31536020499468289 54
31537684090462208 20
31539440006463488 20
31540846591479808 1
31541787378065409 29
31542354045308929 60
31546173600829441 12
31546270132740096 1
31547140597620738 11
31548936007196673 13
31549322411646976 13
31549597696393216 15
31549742353747968 18
31553007199985664 11
31553156345233408 1
31554061517979648 55
31555900334407680 11
31557043903012864 0
31559113523597312 14
31559175330856960 16
31559868326350849 54
31562402864570368 0
31562758805782528 16
31562782507802625 3
31563924398669825 4
31565204835794944 25
31568963183845376 13
31569527422586881 6
31570912188825600 0
31574200246341633 16
31574865592979456 11
31575391466426368 13
31577262197317633 16
31579382669639680 11
31580700553519104 1
31582344502575104 18
31582648186961921 11
31585147258146816 11
31585270302253056 1
31587174298165248 1
31587601542545408 14
31587866031165440 1
31588307586519040 49
31588433650515969 17
31588589909315584 1
31589908644626432 16
31590126110904320 18
31590322957975552 18
31590445049970688 20
31591003676737536 3
31591444397424640 2
31591858408787968 11
31592177809227776 0
31592707545636865 13
31593201001299970 0
31594108174737408 1
31594123525881856 1
31594358910226432 1
31594475058892801 13
31595126736289793 25
31595212220399616 20
31596255645798400 20
31599782774439936 25
31600749309861889 1
31609210277990401 4
31609386329710593 60
31610154927521792 16
31612106658816000 13
31613004512493568 16
31615062405808128 0
31615359102492672 0
31617061889249280 13
31617379486142464 14
31619459839954944 1
31622713848107008 14
31622888691867648 18
31627404900311040 3
31627673281232896 13
31628886605299712 16
31629001239830528 4
31629044269191168 16
31629235835637760 16
31629248502435840 12
31629662966784000 13
31631535366995968 16
31632553471377408 16
31632894636068864 16
31633604350058496 0
31634565726470144 0
31636328948965376 32
31636393063096320 11
31637593485484032 3
31638843664891904 14
31639213241794560 16
31639242950053888 13
31640927348981761 4
31642136910757888 14
31643428668313600 16
31643748362362880 16
31644368326631424 16
31647223557128192 16
31647814786228224 13
31648201748520961 16
31648402789896192 14
31648931624525824 16
31650454555328512 1
31650972241502208 16
31651067670302720 16
31652021882851328 16
31652159686705152 2
31653032269709312 16
31653095016497153 16
31653409140514816 4
31653516321759232 16
31653948410560512 16
31654224773251072 16
31654912601358336 4
31655045367861249 16
31655251593404416 20
31655260195921921 20
31655267053604864 20
31655567781011456 16
31656691342770176 11
31657587443245056 0
31657763553677312 16
31657852259016705 16
31658343235854336 16
31658757616308224 16
31659605524226048 16
31660595627425792 14
31661116648067072 3
31661587676798976 16
31662105904021504 2
31663375410798592 16
31664292503756800 16
31664959955927040 17
31665631019405312 0
31665824276156416 16
31666932327383040 16
31668642445791232 0
31668993525813249 17
31669571555430400 3
31669649288470529 16
31670225099300864 4
31672576916856832 16
31672753975197696 16
31672985840517120 11
31673221942091777 16
31673243798609920 16
31673636943306752 16
31673673651855360 16
31673680954138624 16
31673744418152448 16
31673993819856896 16
31673999100477440 16
31674021217046528 16
31674306199035905 16
31674396498202624 16
31674409378910209 16
31674451988848641 16
31674849906659328 6
31675031993982977 16
31675229210152960 16
31675360097599488 16
31675432579375104 16
31675539873857537 16
31677899845148672 16
31677930400645120 20
31678562608091136 16
31679285982920704 16
31679425338679296 14
31679542569472000 16
31679701269348352 3
31679783616118784 6
31680131110010880 16
31681152569835520 16
31681793237188608 18
31682953595584513 29
31683709740519424 3
31684419873935361 16
31684842953375744 1
31685731671875584 29
31686032277639169 16
31686265921343489 0
31686276293853184 10
31688182005235712 4
31688661296742400 14
31689430863450112 10
31689854869835776 20
31689881163931648 13
31690834835415040 16
31691436936138752 16
31692185296441344 16
31692655704412161 20
31693234325426177 3
31694473117306880 0
31694530558296064 14
31694965050449921 3
31695509810839552 16
31695880826396672 0
31696221231915008 13
31697432387526656 4
31699819923767296 20
31700342240444418 32
31700382858092544 6
31702927013838848 15
31703050271850498 13
31707233054101504 14
31708419303931905 3
31709059719634945 13
31711079461552128 53
31711154204053504 3
31715048300744704 25
31715391927484418 3
31716826710802432 15
31717825269731328 29
31718977201774592 18
31719526622040064 55
31720687227895808 2
31720767683043328 11
31721475786416129 32
31722157654417409 10
31724837294571520 29
31724937890762752 11
31726486222274560 3
31726872656084992 6
31728925046476802 15
31729684089675777 15
31729824913424384 29
31730063380582401 1
31730139196817408 10
31730185619378176 18
31730879315316736 0
31731638631137281 11
31732480914489344 14
31735139432144896 3
31735455657500672 25
31735910097756161 18
31736465394241536 0
31736590074118145 3
31737924319969280 12
31737979026280448 0
31740806834425856 29
31744066563604480 54
31744449365155840 6
31745086442184704 16
31745096726609920 16
31745508766646273 3
31746913468424193 14
31747239311314944 8
31749443879440384 16
31749813007548416 0
31751008367419392 17
31751433325903872 29
31752954860011520 17
31753400517398528 32
31754236366688256 13
31757312548937728 17
31759478898561025 32
31760140914925569 3
31760876486795264 11
31762855594303488 54
31763145265520640 3
31763149904412672 3
31763182657740801 32
31763804341673985 14
31764477875585024 54
31765042370187264 60
31767856039329792 11
31768073216204800 14
31769205439205376 25
31769395265019904 11
31769479050432512 25
31769523052875777 53
31770091230076929 20
31771605050855424 3
31773184512495616 6
31774912318283777 14
31776820869206016 32
31776979199991808 14
31777091523444736 10
31777427092938752 8
31777476736716800 8
31777488208142336 32
31777782535028736 20
31778373868978177 3
31778698306781184 15
31780127859802112 3
31780569960415232 0
31781089181704192 14
31781229795745792 14
31781548416049152 3
31783210920706048 6
31785455397638144 10
31786830126911488 3
31787064592699392 0
31787173657190400 25
31787373297668096 11
31789024293167104 0
31789477273804800 8
31789696912723969 11
31790456400510979 16
31791078399025153 16
31792129172840448 15
31793296351174656 14
31793298611904512 4
31793758529921024 12
31795576903303169 25
31795708822552576 25
31800150301081600 16
31801180061433856 11
31802123293294592 13
31803411594739713 0
31803419240960000 25
31803439788855297 0
31803718215139328 4
31804215198224384 25
31806612809187328 0
31807173218537472 13
31807230709866496 14
31807594473459712 25
31808292451786752 17
31809671195009024 0
31810488266399744 0
31810603328741376 3
31811055877365761 4
31811254737702913 25
31811330562334720 8
31811864388177920 14
31812598013894656 1
31814327216377856 14
31816947943346176 5
31816986417700864 16
31817694814670850 3
31818985011945472 3
31820162705399808 11
31820266728329216 3
31821748101976066 3
31821797401821184 3
31824265858777088 3
31824638501724160 3
31824794554994688 25
31824817023885312 6
31825453668900864 2
31826421026398208 3
31827324445917184 3
31828141269848064 6
31830108431982592 0
31831410260058113 49
31836139568500736 29
31836755116171264 25
31837272005419008 3
31838446431510528 3
31839368880590850 1
31839946834714624 3
31840187944280064 25
31841010615058432 3
31841332263649280 25
31841375750193152 32
31841982963777536 12
31842252955324417 25
31844361520025600 3
31844731885457409 14
31845325505306624 18
31845403099926528 20
31845404345630720 25
31845488307208192 3
31845789533736960 25
31846049488310272 4
31847913957105665 53
31849548460597249 3
31849691155013632 11
31849694669840384 16
31849942708391936 25
31851486715576320 15
31852394992115712 16
31853087438143490 11
31853505325047808 14
31853848926621697 4
31854246383058944 0
31856209573187584 3
31857122555723776 25
31858497041735680 20
31858896867954688 32
31859055030964224 0
31861291236724738 10
31861590575816705 10
31861702156877824 25
31862468191977472 15
31864469529305088 54
31865568277569536 25
31865841687470080 20
31866849633243136 3
31868819316146176 3
31869348700229632 13
31870844829442048 2
31871158500458496 60
31872613319970816 18
31872977108738048 25
31873295653539840 32
31875281820061696 32
31876829782478848 10
31877108653367296 55
31878654489264128 15
31879597431726080 12
31879763714904064 20
31880216670380032 49
31881538727575552 4
31882212055973888 20
31882977344491520 20
31883171909869570 0
31883368232656896 49
31883562986766336 20
31883690422308864 1
31884272092585984 20
31885326528020480 49
31885627276394496 6
31885657626378240 0
31885777986129920 6
31885796969545728 25
31885983020482560 2
31886068898861056 1
31887568748417024 20
31888385719144448 0
31888462969839617 20
31889401910923264 3
31890053449908225 6
31890241614782464 20
31891056119255040 60
