298913684791640064 28
298913798037860352 32
298914439791521792 32
298916314641211392 35
298916906025488384 30
298918432773111809 32
298918483096391681 30
298918495670919169 32
298918600524300288 34
298918676021796864 34
298920106296221696 30
298920701853847554 0
298921624617488384 30
298921632989343744 13
298921708490997761 32
298922379583827968 32
298923017147400192 32
298923067466448897 32
298923281371762688 13
298923742753587201 32
298923977643016192 32
298924535456096257 32
298924539675566080 31
298927429534228480 32
298929124033036288 34
298929480548888578 13
298930910793981953 30
298930982097141760 12
298931888091963393 32
298932315902586881 32
298933167346311168 32
298933523853754368 33
298933825852026881 13
298935277081198592 34
298935495180840960 34
298935717487325184 1
298937126756691969 32
298938557010165761 34
298938607358586881 32
298939114877755392 13
298942856180142080 34
298942856180142081 32
298943493726941184 32
298945414705606656 28
298945536352976897 13
298947134395408384 13
298949529309417474 32
298949600641941504 32
298949814538883073 32
298950754067156992 28
298952142394372096 10
298954042380537856 30
298955506205208576 32
298955715912036352 32
298957347492093953 34
298957758567424000 32
298958324773289984 0
298959276901277696 34
298961936090005505 28
298962661683642368 32
298964012257910786 13
298964058412032002 13
298964486193307648 1
298967598387826689 0
298968881832275968 32
298971532644995073 32
298971901726973953 32
298972040139005952 32
298972400882708481 14
298975118762336256 13
298975311712903168 12
298975500456570880 21
298977396265189376 14
298978541335367680 13
298979585700270081 14
298980969828982784 13
298980969837391872 33
298980986597814274 4
298981317956218880 28
298981527688212480 10
298982379115147264 13
298982479778422785 32
298982978879635457 13
298985222836453376 32
298987181572235264 33
298990142755053569 32
298992239919628288 32
298992596418715648 21
298992940360011777 21
298993926050824192 21
298994609701392384 13
298994999784243200 0
298996069302407168 28
298996073509302272 28
298999210848694273 28
298999856796680193 29
298999923871989760 29
299000309752135680 28
299000968262082560 32
299003346445037568 28
299003887514431488 29
299007771423170560 32
299008782254616576 34
299010699034771457 32
299011378516201472 13
299012519362715649 30
299014071280357376 23
299015291827003392 29
299015350526304257 28
299015509926617090 28
299015577014517760 28
299016877261336576 31
299016894059540481 13
299017837752770560 0
299019179921653761 32
299020882821664768 32
299027203658760192 12
299032178086535168 1
299032392012800000 30
299033218252959744 13
299036007465095168 23
299037139939762177 32
299038297559293954 28
299039727825346560 1
299039790748295169 1
299039807512907776 1
299041741103845376 15
299042328281247745 10
299042512851570688 20
299044857484288000 32
299045771809009664 29
299046405144731648 31
299046530978029568 14
299049022398795777 29
299049265672630272 14
299051434119413760 1
299051610292768768 13
299052897965064192 21
299054588261171200 32
299056345682964481 10
299056404399005696 11
299056521831137281 32
299056588927418368 28
299059940201492481 32
299060758061408256 32
299062372893609984 28
299064390320287744 28
299065854140743680 32
299067749970362368 32
299068307800223744 32
299070593733623808 23
299079309497356288 32
299080454529765376 29
299082677515075584 28
299084371988725760 32
299085303136808960 32
299087140241948673 32
299087626777022464 32
299088474022219777 29
299089820385431553 14
299090558620688384 26
299091103855046657 32
299091703632101376 32
299093238764171264 10
299093742080626688 32
299093939196141569 30
299094392201957377 28
299096879420018688 32
299097022034767873 32
299097122693853184 32
299098682958159873 18
299099123389448192 29
299099622486462464 1
299101337973571584 28
299104596939374593 10
299107717501562880 29
299110640918872064 14
299113207858085889 13
299114067673620480 34
299115523109691393 36
299116114506551297 32
299119163769774082 6
299122015871311873 33
299126885487611904 32
299128076657364995 32
299130136056442880 32
299130631001079808 32
299130819736371200 21
299130953954099200 21
299134183547224064 1
299134569452556288 34
299134586192027648 0
299134611391401984 32
299135127290785793 32
299138424009527296 30
299141246776119297 13
299141498442768385 32
299141620077588480 34
299146573546405888 32
299147303355285504 32
299147638882832384 32
299147735335063552 32
299150650409902080 32
299151883501723649 3
299153116631269376 10
299156438528450560 1
299156526613032962 22
299157013160685568 0
299157025726812161 19
299158674100854786 13
299158833484402688 30
299160347623948289 28
299162285384011777 14
299162314739953665 14
299162692252479489 31
299163040354553857 26
299163216515309568 28
299164223152480256 26
299166118977880064 14
299166148363157504 32
299166366454398977 13
299166722957639680 29
299166760706379776 1
299167960294096896 14
299170132951977984 1
299170141323792385 1
299170258772717569 1
299171114410729472 0
299172259468288001 32
299172880208510976 30
299174151091007489 28
299176625734565888 39
299177246462193664 13
299177552675749888 1
299179226190471168 10
299181289804800000 14
299181923144704002 26
299182208332214273 2
299183118483603456 14
299186373280284673 23
299187279266713602 13
299188260712886273 14
299188545938137089 14
299188944371863552 28
299190915728289794 28
299192719258054656 33
299193008665026560 1
299193050629029888 28
299194417946963968 14
299195588178767872 11
299197450428768256 23
299199916696297474 28
299200713605664768 28
299201451803176962 1
299202911412555776 26
299203980989456384 14
299204022915702784 30
299205205726216192 26
299209400030220289 1
299210251469725696 32
299211811738243072 1
299211828498673664 11
299212428309299200 14
299212663169372161 14
299212877095632897 14
299213380403744769 14
299213833392779264 14
299214168941273088 26
299215578231607297 34
299215641137795072 1
299215964078223361 34
299216089919922177 32
299217167872827393 32
299218098999934977 25
299218551980568577 23
299218849797136385 3
299219411796111360 33
299219806081650691 26
299220091294347264 10
299220812727214081 31
299221592838393856 29
299222519787970562 32
299223337677250560 12
299225292235489280 11
299226076574527488 31
299228458914037760 21
299228760908120064 28
299230010835881984 13
299230618988969985 26
299231759856459777 28
299231982154571777 13
299231998915010561 14
299232212816101376 28
299232506413211648 13
299233387254804480 36
299233521472532481 14
299234221921284096 28
299234695860875264 14
299235144651374592 26
299235224334774272 36
299235287274491904 0
299236121920016385 25
299236436484448256 29
299237015310987264 12
299238298776379393 25
299241322865381377 13
299241780052901888 32
299243805868175360 28
299245831733780481 23
299245861098106880 35
299248084062457856 21
299248277029793792 35
299248432214851585 19
299248788705517568 2
299248885199687680 31
299249799545372673 35
299250193809956867 31
299250323850158080 28
299250802000789504 23
299252123206553600 26
299253985464971264 35
299254237135781888 25
299254555894480896 35
299254723641495552 25
299254878830747649 35
299256539800301569 35
299256980189626370 0
299257168933298176 11
299257454154358785 30
299258066539540480 26
299258817315741696 30
299259454820610049 1
299260411126091778 35
299261216449245184 23
299262839628128257 32
299263288418635776 13
299264135672250369 23
299265381405700096 23
299266157339365376 35
299266417361051648 2
299268883636969472 35
299269340799307777 12
299269835739770880 35
299273933553823744 35
299275556753653760 22
299275883913560065 30
299276139761897472 35
299276668240015363 10
299277104447647745 32
299277465170366465 1
299277758796816384 43
299278274691997696 35
299279600058507264 31
299279612662403072 31
299281059701473281 34
299281957295112192 34
299282007605784577 31
299282380907225089 10
299283312021733378 23
299283790180790273 13
299287246295683073 22
299287325979054080 35
299287871242776577 12
299290433945747458 33
299290782072971265 35
299293500011343872 19
299294213026226176 23
299295307764748288 22
299296834462023680 32
299297446834622464 22
299298528969240577 14
299298633831034880 19
299299992777146368 36
299300215079448576 25
299300663861575680 19
299300949095235585 8
299300986848165888 26
299301297201483776 2
299301452394950657 25
299301972505403394 19
299304157712629761 19
299306858865373184 25
299307035034525696 2
299309098627891201 2
299310432408182784 3
299310948320178178 22
299312466645643265 2
299315671098093568 31
299316199571980288 25
299316199580368896 25
299316472184971264 29
299316602225188864 19
299316975501451265 2
299317373981306880 26
299318552584921088 2
299320070910394368 31
299320603591180288 23
299320972706734080 25
299322126119346177 31
299325120873390080 0
299325913580044288 19
299326131667099648 25
299326718869647360 2
299327192842776576 23
299327201231380481 25
299327402562183168 36
299327763280707584 2
299330518909083648 2
299331429081427968 28
299331949196091392 2
299332267942232066 34
299332737725259776 2
299334390289424384 2
299334599996227584 13
299334801306025984 2
299334901960933376 30
299335313023709184 2
299337464705855488 2
299338001547423744 2
299338983027126272 23
299339238875484160 23
299341302485635072 35
299343068283428864 2
299343252828594177 34
299343638704582657 26
299343705800855552 2
299343831650934784 2
299345517740183552 37
299346444719108096 11
299347845578895361 26
299349535900192769 11
299350714520580098 33
299351066837929984 11
299353432408596480 28
299353440793001986 28
299354288067592192 2
299354564891660289 28
299355055625211905 22
299355097543110656 32
299355290481074176 22
299355575693754369 25
299356926280597504 2
299357521859182592 25
299358142603616257 28
299358289404256256 28
299359107301908480 13
299359916794195968 23
299360642421366784 31
299363838489399296 2
299364178198663168 2
299369911849992192 2
299370297721774081 2
299371442762563585 30
299371874750693376 31
299372059304284161 37
299372562612359169 25
299373556674994177 2
299374416498921472 28
299374424921088001 19
299375452492013568 2
299376983438131201 23
299377272824147968 21
299378782781972482 13
299379051225829376 2
299382037570281473 2
299383694311976962 15
299384197628456961 2
299386345116286977 2
299389411148324864 10
299389897683369985 2
299395845223227392 34
299396763750629376 2
299398458262028288 2
299401700471623680 26
299406234510032896 13
299408742678675458 2
299409891926343680 2
299410776937078786 2
299412270113492993 2
299412655964307456 2
299415768137871360 2
299416103698964480 2
299416799966019585 2
299416829330341888 2
299417487823470592 22
299417953399619585 2
299419043897679872 2
299419735949455360 35
299426560082063360 2
299427411534176256 13
299428745335435264 14
299428774708142081 13
299429131198808065 2
299434940314054656 2
299436131487977472 2
299437775680311297 2
299439025591308288 8
299445526737334272 13
299449842667761664 1
299451193267208192 2
299455601480695808 2
299457019130290176 2
299458378088996864 2
299459313427161088 2
299462530458349568 1
299463826489896960 15
299464195605405696 21
299464438845693952 26
299465793639432195 2
299470684160139264 35
299470805794975744 26
299471690805690368 2
299472584209203201 23
299474350019588096 35
299475889316564992 19
299480419160711168 25
299482797326860288 30
299484584121335808 35
299487725634080768 35
299488145077047296 32
299489487250145280 30
299490204463534080 26
299490519032135680 1
299493350208315392 30
299494071632805889 36
299495761933135872 1
299497796141203456 1
299500266603024388 26
299500514062766080 33
299500572791435265 32
299500740559388672 23
299512396534382592 25
299515617772441601 10
299515949101510658 21
299519476498567168 23
299521200391081984 10
299521233920352259 14
299521917617057792 10
299521921798787072 30
299525189165789184 25
299526992695545856 25
299528196460797952 14
299528532034453504 31
299530138448715777 31
299532000728068096 23
299532504015179777 23
299534504698200064 39
299538086629609473 35
299539214922571777 23
299539349123526656 25
299539403657863168 1
299540745826750465 26
299540984927227904 25
299541253341728771 23
299542423569321984 30
299550447268683776 8
299551189643714560 35
299554167595352064 23
299554171789647872 23
299554486383427584 19
299557376229523456 23
299558064133140481 26
299558550659792896 11
299558789739319296 25
299559993496186881 26
299560207405707264 23
299562564604555265 15
299562719810572288 23
299562883354861568 19
299563701248339969 10
299563759997968387 25
299564623986835456 23
299564733063888896 35
299564938593177601 25
299566725366697984 23
299566733730136064 35
299568268862189568 26
299568390492798977 15
299569707487477760 21
299570386994094080 10
299572354110091264 30
299574614844137472 28
299574803600404480 25
299575512429387777 3
299576749740675072 25
299578574258720768 23
299579664794529792 30
299580608483586048 23
299583636804628480 35
299583955563323394 23
299584349811126272 23
299585239020355584 30
299589705933156352 10
299590163141636096 31
299591555621199872 30
299591983436021760 28
299592109294501888 23
299592251879866368 2
299592960734003200 2
299594508436402178 14
299598866293071872 30
299600560796086272 23
299601227682041856 25
299604595712335872 9
299604855767592960 25
299607414288826368 23
299608643215712256 32
299609561759899648 23
299609788260696064 26
299611931541663744 30
299615094063632385 23
299617015050694657 23
299619422589554688 23
299620651533221888 28
299621393904066560 32
299621876244832257 23
299622278889619456 23
299624111829831683 23
299625382678769664 23
299626066367090689 23
299626594861998080 23
299628331270291456 0
299628641686536192 26
299628817817931776 23
299629950305198080 30
299630797521039360 35
299631342809919489 23
299632001311457281 12
299637026075054080 3
299639219687653376 11
299639471341719552 23
299639475565391872 23
299639731396964352 23
299640616386695168 26
299641123897503744 23
299641421705641987 19
299642315113373696 33
299644487729299456 23
299646052225675265 19
299648333939617793 30
299648455566053376 23
299648619143892993 23
299649709675524097 34
299650225553960961 31
299651852943892481 29
299653102833893376 23
299653341938589696 23
299653539054112768 23
299657087418499072 23
299658467344523264 26
299659415286583296 11
299660371566923777 0
299660396728573952 0
299663093674426370 0
299663647335133187 23
299663924150812672 23
299665757061652480 23
299667543851925504 0
299667954885349376 23
299669003465547776 23
299670232371441666 23
299673373905137664 35
299674166624411649 23
299675248792571906 35
299675840176865280 29
299678218334662656 23
299682068701523968 21
299682555240792064 19
299682605589225472 30
299683821912195072 23
299684178449035264 15
299684199399559169 23
299684694327439360 23
299686523073355776 23
299686581764255744 23
299688074957430784 4
299688532119781376 23
299689022853365760 31
299693288481517568 0
299693573677383684 23
299693951164755969 23
299694047663116288 23
299694865544011776 23
299695104606756865 23
299695696016191488 23
299697176576139264 23
299697885451280385 23
299700028723847168 23
299700490093096960 25
299702486594363392 23
299702494974599170 23
299703631639371777 23
299704147547144192 23
299704650838446080 23
299707817558941696 21
299708509598142466 23
299708580909678593 23
299710258639683585 23
299710652874911744 23
299710678070083585 23
299712594875387904 26
299713647633108992 23
299714318700797952 23
299715472130199554 10
299716835308363776 30
299717682557751296 30
299719007957815298 23
299721075741302784 23
299722619228397570 23
299725819499134978 23
299726188614647808 23
299726809367453696 25
299729040724615168 23
299729149759741952 23
299731431465287680 23
299732559737282562 33
299732803006910466 26
299732865942429697 34
299735852274298881 8
299738305933750273 0
299739312591863808 33
299744198930882560 23
299744630931599360 30
299750708503277569 23
299754139452309505 23
299755041219301376 23
299760346992877568 23
299762897146482689 3
299764235137851393 30
299768853066551296 23
299773408076496896 30
299779737281236992 23
299784707518898176 1
299786729190219776 36
299797571470254080 3
299798175424847872 32
299798720675991552 3
299799475667468288 21
299805058273513472 19
299808745062539264 26
299809030275203072 0
299811093872791552 19
299813312676376576 14
299816752009850881 1
299824339509997568 26
299828261167452161 2
299832086364299264 1
299832203809013760 19
299832614871785472 19
299834443571552256 30
299835089519529984 23
299835802555412480 14
299839434818457600 30
299843008361295873 33
299843989836795904 10
299850360951021569 25
299852902716022785 19
299855775801683968 10
299858606965268480 23
299859022205575169 19
299859655537094657 23
299860062384562177 23
299863975695355905 28
299864931967311873 23
299865242358403072 23
299865963778691072 23
299866454499655680 0
299868664902062080 23
299871265378951168 25
299871777088212992 23
299872603370311680 23
299873886802157568 7
299874054599495681 30
299876055269920768 28
299880308277399552 10
299882334130409472 23
299883860873854976 33
299885542798155778 23
299886780113645568 35
299887199518863361 21
299889149870215168 23
299889720320720896 23
299890030711824385 23
299890236224307200 25
299890441741017088 23
299891628703879168 23
299891683246632960 23
299892123669508096 23
299892970918907904 10
299893000279052288 4
299893189005950976 23
299894359220969473 23
299894434697469953 23
299894535377522688 23
299894640239341570 23
299895953031323648 23
299897249100619777 30
299897706271363073 24
299897848886067202 30
299898561921970177 23
299899061039947776 34
299900101227339777 8
299900910736404480 0
299902072529223682 23
299902424875950080 23
299904094204723200 23
299904341656088577 34
299904635253161984 0
299904681411477504 23
299906271027539968 14
299906824705028096 23
299908494025437184 23
299908544331931649 23
299909068636700673 23
299910385648168960 23
299913065812619264 23
299914802237681666 23
299914827411910656 23
299915469148786690 23
299916723254091776 2
299916765188734978 23
299916928754003968 26
299917352387092480 12
299917423673499648 2
299917775995031552 23
299917939589672961 30
299918270935482368 19
299919466299523072 23
299920812671115264 11
299921366352789504 23
299924159742476289 23
299925543846047745 0
299926043005960192 1
299926500172513280 23
299926797963907072 23
299926999286304771 23
299928442114301952 23
299928823808524291 23
299928911909892097 23
299931067748589568 23
299931424285413376 23
299932833558962177 23
299934129594720257 28
299934666461437952 23
299934754566987776 23
299936868483624960 0
299939485720907776 23
299939976475447296 35
299940056142073858 23
299940391719956480 23
299941238956765184 10
299941939413921792 31
299944690864754688 23
299945122873876480 0
299945756197015553 19
299945848475897856 0
299946376970788865 23
299947048071991296 23
299947970793717760 21
299948130210807808 23
299948855808651265 23
299950105690259456 10
299950160220397568 21
299951003300667392 23
299951431090323456 23
299951737299664898 23
299953763161100289 23
299954388108210177 10
299954895614787585 30
299955872862457859 26
299956963381506048 23
299957043090034688 28
299957563183755264 23
299957584138481664 23
299957680632647680 26
299957684831154177 0
299958498521919488 26
299958506881183744 23
299958636908802049 30
299958934733746177 23
299960037827309568 33
299961698780082176 23
299962571191103488 23
299962810258051072 25
299963271618895872 23
299963808506605570 28
299966593528627201 11
299969542111780865 10
299972536828043264 26
299972868186460161 23
299975103754682368 23
299976122991534081 23
299977070891646976 13
299977729405763584 23
299977859412418562 23
299977934935060480 2
299980371813101568 23
299980384375033856 23
299980506030817280 23
299980543758585856 0
299980556349865984 23
299981034517303297 0
299981240046587904 23
299981516853899264 26
299981869179604992 23
299982544470933505 23
299982825480912897 23
299983685292269569 23
299983974720233472 23
299984897458724865 1
299985677586677760 23
299985803449344001 0
299985807610093568 23
299986155754110977 23
299986159956811776 23
299986495488536577 23
299987946738688000 26
299987997070348288 11
299988668158988288 29
299988726845693952 37
299989171462881280 23
299990505255735296 23
299991264399609856 23
299991696438083584 23
299992292012462080 23
299992392679952384 23
299993193800413184 23
299993328026525697 22
299993378341388288 23
299993470607687680 25
299994833785864192 23
299995915899510784 23
300000462541819906 26
300001477534048256 23
300001687270211584 23
300001796292759553 28
300002014396567552 23
300002479985270784 23
300002484187967489 23
300003310474252288 23
300003339834363904 23
300004212216041472 25
300004409365131264 23
300004430349217793 23
300004669424562176 23
300004723916951552 23
300004736537604099 26
300006787531280384 19
300006955290853376 23
300007429255593985 28
300007823536947200 0
300009358660628481 12
300010944082350080 23
300011816501788672 23
300012684743700480 23
300013083185786880 23
300014081442717696 23
300014404395732992 13
300015394243112960 34
300015473926492160 23
300016941932879872 10
300017667568439296 23
300018061828825088 28
300018313478688768 23
300019697611579392 23
300020272239624194 30
300022155452760064 23
300022344196452354 23
300022407127764992 28
300023103365476352 36
300023459910676481 23
300024235840114688 30
300024705581215746 11
300025011782184960 23
300025603191631872 12
300028325303304193 23
300028845392814080 26
300030049137078273 23
300030804120186880 34
300031122874699777 23
300031181586587649 23
300033970815524865 14
300034507678040064 23
300034994238271489 23
300035015184629761 23
300035845652631552 23
300038416781959169 0
300039532483579904 23
300039809278291969 23
300042011300478977 23
300044460753043456 13
300049007407939584 23
300049699463917570 23
300051922449231872 23
300055470801047552 23
300059430224019456 23
300060910813327360 23
300062232040062977 23
300064157242376192 21
300064861868675072 23
300065436475727872 23
300069995709333505 23
300071606313701376 0
300072583582318592 23
300074265481445376 31
300075460870672385 8
300077457359376385 23
300077843226980352 15
300078547886809089 23
300078635971395584 34
300081504871133184 12
300082289218555908 23
300082893173166080 23
300083916579147776 23
300084730303488000 23
300084935799238656 23
300085036458319873 23
300085149712928768 0
300086424798101504 30
300086588354994176 23
300088735855411200 23
300088920375427072 23
300090203840864257 10
300091793490468867 13
300099393577684992 21
300100177891557376 23
300100207247499265 23
300100282753368064 23
300102090519367680 28
300105752129961984 23
300110617514233856 23
300118867714392065 30
300120381858148353 23
300120679662116864 34
300122931999154176 11
300122961363496961 29
300124349682311168 23
300129579970998272 13
300134428586430464 28
300136383123701760 8
300141542121816064 12
300145518326206465 23
300151851721035776 0
300161465074216960 2
300170411524620288 21
300172181508354048 23
300174710690435072 0
300180846936211456 33
300189923435216896 32
300193719263563776 36
300194092560834560 2
300195904512724992 12
300208122520289280 23
300208458072997889 28
300215953269084160 21
300220487324278784 33
300221854667399169 23
300223654028001280 23
300225075880267777 23
300226124468854785 23
300226413880033281 16
300227403739971584 23
300230469772009472 0
300234617938653184 23
300235725213954048 23
300239068082630656 23
300240011809402880 0
300240263459270656 23
300242520003186688 23
300243153359867906 23
300243602133622784 0
300243711193923586 0
300243837031432192 23
300243975405715456 0
300250325611335680 0
300251382571757569 23
300253785907929088 14
300255560090136576 0
300257548194443264 23
300260631024648194 0
300261268542070785 34
300262048674234369 23
300262170321637377 23
300262468121403392 23
300263587979616256 28
300263759954468865 34
300264783385616385 23
300265005683720192 23
300266196828299264 23
300266662404423680 23
300267702604414976 23
300269124473462784 23
300269996897095680 23
300270068208660481 23
300272987410673664 23
300273000014557187 26
300274220557037568 23
300274514149920768 21
300275101369262081 23
300275386577743876 23
300275785028206592 23
300276477071601664 23
300277932528640001 0
300279467618742273 23
300280717538127872 23
300282261046169600 23
300282793697611777 23
300282823070343170 23
300282974048485377 23
300282995015831552 23
300287269024169984 23
300287529062641664 23
300288183369887745 23
300289672356167682 30
300292134408441856 19
300292646126116864 23
300292943913308160 23
300296869773471744 23
300298321027809280 23
300298652382015488 23
300301181555703808 23
300302330757267456 30
300302913769730050 23
300303551312302080 1
300305329709785088 28
300306856444833792 23
300308236345700352 23
300308362195775488 23
300309037482921986 34
300310631314227200 11
300312388702461953 23
300312405492252672 34
300312418079363072 23
300312782983794689 23
300315182104727552 28
300317153461157888 23
300318696965017601 10
300320513098670080 6
300320857010622466 23
300323205812461568 28
300323407147442177 0
300326921995182080 23
300329438544015360 26
300331107885408257 30
300331393119055872 21
300331955151589376 23
300332701741899779 23
300333901300260865 14
300337248367419392 23
300338636665282560 30
300341845320429568 23
300342256370585600 0
300343363654283265 30
300344668061855745 23
300347268551278593 23
300348493279686657 23
300349772554960897 12
300350611419963392 30
300352243004239872 32
300353161535832064 0
300357854957821953 0
300363152363773952 23
300367166316871681 23
300368936321572864 23
300369452233547776 11
300369938772811776 34
300370270093451264 28
300373067727765505 23
300380885910421505 12
300390130122891264 23
300392600588922880 23
300392659296608256 30
300393414271332352 23
300394920026464256 26
300394982936825857 35
300395930866311168 23
300396903940624384 30
300397151400374272 23
300402167813120001 0
300402687890051072 7
300408836718735360 10
300409444926377984 23
300417984499970050 25
300424997384646656 25
300425123205378048 23
300428625465995264 35
300436485574885376 30
300441669743017984 9
300445314597412864 13
300446782620577792 23
300448711987822593 39
300455699677339649 30
300481482076610560 23
300486947258896384 3
300491527443058688 21
300498179609214976 19
300512524116299776 33
300516345131458561 2
300519012700418048 11
300524394005012480 30
300527095124226049 11
300536465224519680 33
300548393820889088 11
300550709059919872 0
300551380152770560 33
300552114151776256 30
300559101874823168 3
300560171434930176 30
300562268574339072 11
300562381803753472 23
300563916944179202 31
300575988142727168 33
300577863004983296 30
300581839201001472 10
300589548323352576 30
300595701384093696 10
300598054359277568 30
300598771581059072 20
300602110259630080 19
300607135056797697 8
300612155621904384 10
300612214354767872 26
300624386224955392 22
300624684007960576 22
300624751129419778 23
300625782936576000 22
300626454021029888 22
300626659529338885 22
300627594875895809 22
300627984921014273 22
300628488262676482 22
300628966375563265 30
300630069481717761 25
300630077878714369 25
300631675929522176 3
300632418300346368 22
300633743717199875 23
300635056504975361 22
300636138656387073 25
300636734239145984 34
300637413708034052 22
300638168695324675 11
300638814601371649 31
300638877524303872 22
300639498285510656 28
300640026771984385 22
300640282611945474 22
300640320373276672 22
300640328745111552 22
300640593003020288 22
300641100526403584 22
300641478013759489 25
300641628996124673 22
300642581086359552 22
300644057506533377 22
300646582473330688 23
300647006085455872 23
300647534584541185 22
300649375892381699 22
300649631711363072 21
300649791115894786 22
300649984049684481 22
300650252485152770 2
300650395108253696 22
300650789377015809 23
300653087847231489 22
300653113021440000 31
300653431759192064 28
300654119646031873 11
300657340863086592 22
300659022758035456 29
300661979775909888 22
300662520824344576 21
300662915072151554 39
300667004547919872 26
300669898596691969 31
300672268370063360 22
300673904186380289 12
300674080313573376 28
300674206159470592 10
300674646540443649 22
300675393134948354 22
300678543048839170 22
300678589194579969 22
300681000936144896 14
300682829656883201 22
300684192780541953 39
300686147342966784 26
300686516454293504 22
300686977810968576 22
300687086883835905 22
300688131265552384 22
300692593988235266 22
300694326214815745 22
300695811019395075 22
300696209461501953 22
300700819035136001 22
300701087466389504 22
300701666263592960 22
300701674635411459 22
300702408638623744 22
300702731629367298 22
300702966510391297 22
300703700509401089 31
300705617314738176 25
300705717969616896 23
300705847984672770 6
300708901446352896 31
300710625301114880 25
300711829074747393 22
300711833264852992 22
300712965739524098 13
300714073014812672 22
300714572157947905 22
300715696214642688 25
300715733971787776 25
300716333748871169 22
300719152329535488 3
300722348359815168 13
300727729677025284 25
300728526573817856 31
300731890422386688 36
300733702370107393 22
300733916254457856 3
300734713205764097 22
300736873242951681 31
300738152522461184 26
300741432476594177 33
300742908871589888 22
300744607547944961 28
300746302042542080 22
300749779128954881 11
300750131446284288 30
300754036326539264 23
300761288303333376 21
300762085204295680 22
300771778249244674 30
300776048050708480 26
300776144532295680 0
300776165499604992 26
300776173892423680 26
300776220021379073 0
300776240988692480 26
300776257749123072 30
300776261977001985 0
300776266158706688 26
300776350040612865 26
300776408769257472 0
300776551350419456 26
300777138582327297 23
300777339883753473 21
300782029132423168 34
300783220314750978 13
300784226939326465 31
300785862726262787 23
300786085003423744 21
300786588328284160 22
300786932257013760 35
300788324799508480 2
300790212219531264 26
300790287716978688 26
300790799409500160 23
300791726342295552 12
300792728818696194 13
300792791733260289 13
300792863007055872 13
300795237004099586 13
300798672113897473 30
300799418720997377 26
300801205481906176 31
300805240419127297 22
300822466400501760 33
300823108145799170 22
300823787635613696 30
300825360466063361 12
300826115440783360 3
300827872879316992 23
300827960968110080 26
300830783722106880 22
300837037408415744 25
300837880471887872 28
300838903903047681 30
300844704596119552 22
300851176440750080 28
300853063881719808 22
300854791914016768 15
300855165194473472 30
300858017354743808 22
300864757563551744 23
300864975679918080 28
300870499582476289 31
300871984357732352 26
300872273768898560 31
300873066513326080 30
300873406230982657 0
300877172720160768 22
300878871413280769 35
300880901448024065 6
300882931512119296 25
300884353368612864 22
300885926224211969 33
300886911902416896 28
300901134770520064 22
300904691569655808 19
300916427228069889 25
300917110870274049 30
300920000741535744 3
300924488671961088 30
300926019605520384 30
300933498020171776 28
300934458519977985 10
300935163184033792 22
300935238677299200 30
300937142878748672 30
300938833179058177 30
300940150182137857 30
300943119770324992 30
300943950225747968 23
300946479395262464 30
300950178796535808 30
300952678568185857 30
300955971126181888 0
300956885459283970 30
300957191635079168 22
300957317497749504 23
300957783044526080 26
300958106014339072 28
300959548871692288 22
300963042726916097 25
300967597736869888 10
300969480975171584 30
300969854264045569 28
300970747642404864 30
300971372602089472 30
300971678773686272 30
300972073055031296 30
300976397357289473 25
300976426725806080 28
300978892993343488 22
300983141810728960 31
300985515807752193 30
300986413359448064 22
300992658682286080 1
300994198000259072 1
300996362252738560 28
301000543961227264 28
301001206686420993 30
301001340912549889 30
301004054606270465 0
301005791069085696 30
301013282100228096 9
301013546312028162 30
301013563118612480 12
301014066422493184 4
301015068840173568 31
301016100651548674 0
301018281706389504 28
301018415898972161 30
301018478838706176 23
301021117030748160 0
301021209301241858 22
301021624558301185 30
301021674889957376 11
301024170475675649 21
301024531223564288 22
301026397688823808 26
301028931027484672 30
301029165916909568 15
301033934815363072 22
301036023578779649 13
301036845666533376 28
301037772616122369 22
301037961380786179 30
301038192050724864 13
301038535975260160 22
301039546794119168 22
301039773303312384 30
301040729592049664 13
301043049063124993 22
301044017943150592 31
301044185702744064 31
301048417759678464 25
301049164358365185 30
301049969639579648 30
301052666614804480 22
301053065048510464 39
301054612763443200 22
301055107695529984 23
301055829115813888 33
301057678803877889 22
301057808797954048 21
301058677027258369 11
301058886750851072 21
301062724543213568 4
301065815741054976 25
301066637837205504 30
301070567900073985 22
301071159288545281 22
301071884907327488 25
301074544070889473 35
301076267959218177 22
301082026734387200 22
301082345488936960 14
301082404192395267 22
301083201122729984 25
301084300055552001 30
301085398950625280 30
301087630320357377 0
301088611762307072 32
301088762769854465 36
301088884400455681 36
301089496773033985 22
301090557944541184 23
301092407628423168 0
301092743185305600 26
301092797711273985 31
301093024195309571 0
301094907421016064 20
301096274793484288 36
301097801482375168 13
301099349193138176 13
301101190513565696 31
301109608464936960 22
301112548655263744 32
301116050899103744 30
301116587774210048 35
301120597537218561 22
301122124272242688 26
301123105751973888 22
301125546811731969 4
301126733808164864 13
301129254580670465 20
301129531404742656 20
301129544000221184 19
301143087399464960 28
301143259357540353 21
301145100682133504 30
301145968873713665 36
301146442830065665 30
301150070903013376 30
301150679106457600 30
301153304740773889 11
301155632571117569 2
301157952021217280 25
301160774800396288 20
301161445851287552 20
301163970847453184 36
301164658704932864 22
301167359840878592 22
301168202912759810 0
301169477964398592 31
301175626822475777 6
301175966548504580 28
301176318857474049 6
301176771859062785 1
301178013352091649 30
301179129049513984 2
301180546745237505 6
301181150725013506 2
301182924911439872 31
301184250319888384 30
301184627769499648 6
301185735065739264 6
301187471541141504 6
301188373316521984 8
301188713038376960 6
301188721447952384 22
301189241533239296 6
301189270864007168 8
301190025855504384 33
301190730498572289 6
301195813982437376 6
301198657724751872 6
301199790207799296 25
301202608750751744 10
301205385392574466 14
301206769500315648 6
301207306408976384 6
301207457399717888 6
301208661139783680 13
301209214787919872 25
301210477298606081 6
301211592979267584 6
301212196929691650 6
301212880638988288 22
301214126347272192 6
301214562529710080 6
301216047330103298 34
301216588386934784 6
301217645334765568 6
301217678918578177 6
301218039611936768 30
301221483143905280 25
301224062649237505 37
301227007038087168 30
301230333116956672 6
301230849024724992 6
301231411040505856 6
301231738221383681 6
301232023408885760 6
301233021686800384 6
301234032480514048 19
301234703590125568 30
301235303383957505 6
301236653937270785 6
301236893029388288 6
301238142923571200 28
301239317307736065 13
301240089068044288 6
301240932106399744 6
301242777600135168 33
301244937670885376 0
301245537477328896 6
301246695109435392 6
301249920525029377 6
301250683896737793 6
301250864247619584 30
301252248346955777 6
301252458074734592 23
301253401805717504 3
301254928519794688 28
301256966955741185 10
301257977766232064 6
301258015531741185 6
301259177362337792 30
301259663872241666 6
301260171399806976 6
301260326597435392 6
301261912040153091 6
301262562132099073 23
301263593943494656 6
301264470548815872 6
301267289116901376 30
301267977016332289 6
301268195090776065 6
301270124474818561 6
301270682325635073 6
301271374381600768 30
301271890285195264 30
301273563791495168 6
301276596277485568 10
301277351281577984 6
301278236283924481 30
301278383050985472 30
301279070929432577 10
301279356142104577 10
301280517976887297 10
301281851748794368 28
301282061472395265 10
301284028613550080 6
301284401906585600 10
301285358178537473 10
301285769228713985 6
301285895049457666 6
301286276743716865 6
301286486463090688 28
301286851363356672 6
301286926852448256 10
301287522460389376 22
301288290001240065 10
301289430881292290 10
301290059993346048 6
301290529767968768 6
301291028881739776 6
301291238592761856 10
301292136190603264 6
301292236845481984 10
301292412997890048 10
301292501090856963 10
301292765344591872 10
301292777935863808 10
301293692260593664 10
301293704864477184 6
301293721620713472 6
301293990051995648 10
301294006833410048 10
301294405288075266 10
301294459830824960 10
301295617441927168 10
301296217265164288 10
301296728936701952 6
301298113073778689 10
301298377327525888 6
301300159898345472 6
301301028110864384 6
301301292352040960 10
301301749514379264 10
301302965891907584 10
301303024586985473 10
301303095915339776 30
301304337433493504 10
301304526173007872 10
301304706502905856 10
301305000099971072 10
301305130127605760 10
301305453114175491 10
301305708949950464 10
301305855746383873 10
301306325537796097 10
301306371662548992 22
301306430378614784 30
301306887549382656 6
301307097281347584 26
301307344724316160 10
301307814490550272 30
301308460438548480 22
301308833723187200 10
301310331064565760 10
301310343655849984 10
301310389784825856 30
301310448509276162 28
301310515618119680 6
301310637244551168 10
301310725354319872 6
301311446766202881 10
301311564185747457 6
301311589389303809 10
301312461766791168 10
301312482776055808 1
301313598456750080 10
301314089190318080 10
301314139526144001 10
301314919666708480 10
301315569754443776 25
301315628487303169 30
301316169531543553 10
301316211478769664 10
301316219879948291 10
301316819661225984 10
301317490758262784 10
301317553660256257 30
301319004889427968 10
301319063634862080 10
301319285928779776 10
301319390777987072 10
301319441118019584 23
301319558550155265 10
301320095425236993 6
301320170914328576 25
301320657466187776 10
301321852826030080 8
301321869620043776 6
301322209346072576 10
301322452598927360 10
301322742043643905 10
301322742043664384 26
301322888823312385 6
301323123721113603 10
301323161465671681 10
301323627041804288 10
301324650447773696 10
301325044678811648 10
301325317316939776 28
301325724172832769 23
301326055531241472 30
301327494164914176 10
301327544488177664 10
301328404324679680 10
301328643395825664 6
301329209647845376 10
301329591308521473 10
301329712943357952 10
301329842970955777 10
301330090439102464 10
301330149155164160 10
301331080294854656 26
301331143234576384 10
301331260645707777 6
301331914969718784 6
301331990479773696 6
301332388917690369 10
301332544123715585 10
301333135524786176 6
301334452502659072 10
301334691590586368 10
301335165546946560 10
301335496901132289 10
301336004395155457 10
301336520311308288 10
301336918786985984 10
301337086542348288 10
301337405296893953 10
301338210620022784 4
301338701341028353 34
301338982376169472 10
301339007529385985 22
301339083022688256 10
301339091411296256 10
301339510866866177 10
301339632472301568 10
301340106437046272 10
301340198720110592 10
301340672672284672 10
301340999815397376 30
301341062763536386 10
301341180166283264 10
301341637358010368 10
301342656578064386 6
301342685938192384 6
301342954382053376 33
301343084392890368 10
301343604503351296 6
301344032305594369 10
301344078468100096 26
301344225264549889 10
301344254595305474 6
301344489505710080 10
301344887947800576 10
301345059918467072 13
301345236070846465 10
301345298981195776 10
301345303167123456 10
301345806487801856 22
301346032984412161 10
301346284651044864 10
301346636968370176 10
301346800563011584 10
301347538731151360 10
301347693945561088 10
301347765248724992 10
301347891077857280 10
301348461494800384 10
301348654445391872 10
301348717330591744 10
301349258416758784 10
301349417817079808 22
301349568791076864 10
301350063714738176 22
301350147596636160 12
301350751576399873 10
301351129059557376 6
301351523349327872 22
301351561081286656 10
301351829529300994 10
301352009859231744 10
301352991330549760 10
301353079444492288 10
301353104589340672 10
301353398199001089 22
301353477899165696 10
301353549172973568 10
301353725354729472 10
301353767310344193 10
301353989583282176 28
301354115433373697 10
301354287399829504 10
301354564211335168 6
301354815877947392 10
301355990262108160 0
301356829122912256 10
301357839966949376 22
301358250987757570 10
301358590751551488 10
301358796280852481 10
301358829818490880 10
301359005991858176 10
301359219876192257 6
301359333147566080 10
301359500919701504 10
301359547052875777 10
301360784355762177 10
301360947941998593 10
301361057010683904 10
301361090552528896 10
301361291858149376 10
301361358992179200 10
301361488998854656 22
301361572872347648 6
301361681945198592 10
301361694519750657 33
301361929413337090 10
301362072032251905 10
301362101379813376 30
301362235597549568 10
301363070272417792 10
301363279962439680 10
301363456131612674 6
301363531629068288 10
301364047528472576 6
301364097872695297 6
301364265632280576 22
301364274041847808 10
301365272248479747 10
301365498749276160 43
301365574259331072 10
301365930754203650 10
301366111147028480 10
301366438281752576 10
301366664765796353 10
301367008694525952 10
301367168090656768 10
301367264576425984 10
301367780463214593 6
301368069866008576 10
301368212468154369 22
301368552202575873 10
301368665473970177 30
301368711598710785 22
301369042940338176 10
301369219092713472 6
301369273631272961 6
301369357504761856 10
301369378497241088 22
301369521116176384 10
301369718214901761 10
301369936343859201 10
301370506752430080 22
301371358187769856 10
301371454656757761 10
301371517604872192 10
301371567915532289 10
301371827958206464 10
301372276769714176 6
301372314510041089 10
301372360626405376 10
301373069463789568 10
301373472146333696 10
301373644079247360 14
301373778330525696 10
301373887361474560 10
301373992206487553 10
301374084493758464 10
301374105477869570 10
301374784955117568 10
301374944313487361 10
301375527325945856 10
301375795773988864 10
301375812551200768 10
301375867093921792 10
301375921603100672 10
301376382976536577 10
301376877904420865 10
301376945009078272 10
301376999543435264 10
301377326686547968 19
301377339261063169 6
301377502843109377 10
301377519624544256 10
301377553170587648 10
301377985209057280 10
301378144600997888 10
301378740196360193 10
301379029569769472 10
301379197367099392 10
301379314795028480 10
301379314816004096 0
301379323175260160 10
301379730018553856 10
301380128494194689 10
301381458088570880 8
301381692986380289 10
301382632476930048 10
301383005799329793 10
301384482177568768 10
301384746401923072 22
301384830288031744 10
301384859685892097 10
301384981287141376 10
301384989705113601 10
301385170047602689 30
301385170051805184 6
301385279116296192 10
301385774010617856 6
301385803391696896 10
301385828557533184 6
301386398966108160 6
301386684182953984 10
301387032331177984 10
301387229463453696 22
301389142057697280 10
301389632782872576 10
301389880234225664 10
301390249328799744 22
301390408733298688 10
301390626828734464 10
301390681363079170 10
301390685569949698 10
301390790406569984 10
301390886883950592 10
301391222419910657 26
301391486652657664 10
301391784477589505 10
301392082239639552 10
301392094856089601 10
301393181168259073 10
301393294393487361 10
301393327973093377 10
301393520894300160 10
301394150039908352 10
301394447856455682 10
301394980512096256 10
301395190227275776 6
301395676762349568 10
301395790033723392 10
301395840365375490 10
301395890697023488 43
301395903279927297 10
301396092023611392 6
301396188484235265 10
301396305916350465 22
