35055158849175552 15
35055288075681792 15
35055845284777984 28
35056355442163712 28
35056804098473984 42
35057122219655168 28
35057231418359808 28
35057300112805888 28
35057756725575680 24
35057840427114496 28
35058089283559424 15
35058338244853764 28
35058427151523840 28
35058668416278528 15
35059071853797376 28
35059180847108096 24
35059402453032960 0
35060229741744128 30
35061937414868992 11
35065226357379073 30
35066295103782912 28
35066441501900800 15
35066972253192192 3
35067085990133760 28
35067092726185984 24
35067946019590144 28
35068336094056449 28
35068585340571649 30
35069290097020928 28
35070902005665793 28
35071649602732032 42
35072594151481344 30
35073980729802752 9
35076009669693441 28
35077527735111680 19
35077822745673728 28
35078116594548736 4
35078123699572737 28
35078701460750336 24
35079045930553344 28
35079243503247360 28
35079645514829824 28
35082334201978880 30
35086388722401280 28
35086687973412864 28
35087142791159809 6
35087482475257856 28
35087494273826816 3
35088376390631424 30
35088534306033665 4
35092790660562945 30
35092866069962752 4
35093215149297664 3
35094611483426816 24
35095013121593344 30
35100073129934849 6
35100242865029120 30
35104330025541632 43
35105429532966912 30
35105993557807104 3
35107141077434368 30
35108366829232128 30
35109758973255680 6
35111217613766657 11
35114725998215168 3
35124912364457984 1
297132611371941888 32
297132623929675776 32
297134112899203072 26
297135677387190272 38
297136184918945797 24
297136210068008961 38
297138961539801088 11
297142975480336384 32
297144665793249280 15
297144925831720960 1
297145454334971904 26
297146674873237505 32
297146913919217664 32
297147018801995776 32
297147354316931072 43
297148100903067648 10
297149808014147584 26
297150651073433601 26
297151355703922688 43
297152140055543810 36
297155218641154048 32
297160620921479170 39
297167004656361472 32
297174789267804160 14
297175674265927680 38
297183282750169088 38
297185476358586368 32
297187359613648897 32
297187388952825858 21
297188462707216384 26
297188798264135680 26
297195727233368064 45
297202765271285761 38
297203432173993985 32
297205399323566080 7
297207051858358272 26
297214102508535809 38
297214903591256065 38
297215868297961472 1
297216111571767297 38
297218305171808256 38
297219949364146176 36
297222965056135168 36
297224269463703552 39
297240790835531776 28
297244301497339904 13
297244808982966274 38
297254510420717568 9
297254581728071680 28
297255743520919552 42
297256007783026688 14
297256385249427456 38
297257769386528768 15
297259459699437568 5
297261766541443072 26
297261976294420480 32
297272965366702081 26
297273514812141568 26
297281962136182784 39
297287171465961472 35
297290602406617089 36
297290690491215872 26
297292645007507456 35
297296658977419265 35
297300870050222080 36
297302103171411968 36
297302132552499200 36
297302266774441985 36
297302283551645697 36
297302950450167808 36
297303004967743489 36
297303009166254081 36
297303684445007872 36
297303705416511489 36
297303864795881472 36
297305001435484160 5
297305068556922880 5
297305240506621953 36
297305299222659072 5
297305458606227456 36
297305496363343872 26
297305550910267393 2
297305563493183488 36
297305659966386177 36
297306528170532864 5
297306716930981888 36
297306851119337473 36
297306981138579459 38
297306985362239488 36
297307161493647360 36
297307459326976000 36
297307505451749376 36
297307576742330368 36
297307656429899778 36
297307778068926464 36
297307811648520192 5
297307916468371457 36
297308054905561088 36
297308130382065664 36
297308226859458561 36
297308289782398976 36
297308344299974656 5
297308373676879872 36
297308478526091264 0
297308570788184064 5
297308759527673857 36
297308860190953472 36
297308885373575169 26
297309246100471808 5
297309493526687745 36
297309527089483776 36
297309598409453568 38
297309778768691201 5
297309841670676481 36
297309858447904768 5
297309862654787585 5
297309967508205568 36
297310370144600064 36
297310386930192384 5
297310961545658368 5
297311150310297600 5
297311305474379776 36
297311418749947904 5
297311464878907394 5
297311531962605569 5
297311569707151360 5
297311573914038272 36
297311628465156096 36
297311687156056065 36
297311775257423873 5
297311968203792385 5
297311989150121984 5
297312014328532992 36
297312362438983680 5
297312450548731904 36
297312496686088193 36
297313377468948480 36
297313545245315073 5
297313583006613505 5
297313650081939456 5
297313666896916482 5
297313679475621888 36
297313729794686976 5
297313817891840001 5
297313952076029952 36
297313960493973504 36
297314346353164288 32
297314354745982976 5
297314509939417089 14
297314543468695552 5
297314551886651393 36
297314564461195264 5
297314644161343491 36
297314728022245377 36
297314799350607872 36
297314920985423873 36
297315030016352258 36
297315319419133954 5
297315353007112192 36
297316489659293696 5
297316493845209089 36
297316883898707968 5
297316888088805378 5
297316938420469761 5
297316938428858369 5
297316976165023746 36
297317185884405760 36
297317299147378689 5
297317601128878080 14
297317735350808576 5
297317806649786369 36
297318242869968896 36
297318452585172992 36
297318519689846784 36
297318653907595264 36
297318662283599872 36
297318712644608000 5
297318746161291264 36
297318758748401664 36
297318897189789697 5
297319060738301952 36
297319203340439552 36
297319631167827969 38
297319748599939073 5
297319840878829568 5
297319954133442560 22
297320008659390464 36
297320214180265984 36
297320360993492992 5
297320432300867584 5
297320499397160960 5
297320671367790593 5
297320734273978371 36
297320956584660992 36
297321225020137472 5
297321325666660353 36
297321367634837505 36
297321388581220353 36
297321413751234561 36
297321417953906690 5
297321497662484480 5
297321724133908481 5
297321740915339264 5
297321749282947072 36
297321870947147777 5
297321959031709697 5
297322059695017984 5
297322110026649601 36
297322164548431872 36
297322298774519811 5
297322340704976897 36
297322441380872192 5
297322529431879680 36
297322672038223874 5
297322823041572865 38
297322860781903874 36
297323741589929984 36
297324051993608192 5
297324140048826368 36
297324202984349698 5
297324454642597888 5
297324697903824897 36
297325117313265664 5
297325431881883649 38
297325444468965376 38
297325524173336576 36
297325633221046274 36
297325897449611264 5
297325918458888192 36
297326216225095681 5
297326329492283393 5
297326723756863488 5
297326723765260288 5
297327180931801088 36
297327545848827905 36
297327612919939073 36
297328208536281090 36
297328405668573184 36
297328619578073088 5
297328745394618368 36
297329504563634177 36
297329768813195264 5
297329986929565696 5
297330385380052992 36
297330616066777088 5
297330800620343296 5
297331501069131776 5
297331782074892289 5
297332381864587265 5
297332402852859904 36
297332482519470080 36
297332562211258369 36
297332872593944576 36
297333166203621376 5
297333229101387777 5
297333241709473792 5
297333719855947776 36
297333812134825984 36
297334202179936258 5
297334294475595776 36
297334516769501184 5
297334780998074368 5
297334831321317376 36
297335158510612480 5
297335439528955904 36
297335452090920960 36
297335460471136256 5
297335460487897089 36
297336014148603904 36
297336165139365891 5
297336190301007872 32
297336248996098048 5
297336253186207744 5
297336601342799872 36
297336693613285377 36
297336743944933376 5
297336915911397376 36
297338555871662080 36
297338950148845568 36
297339013042409472 5
297339524772675584 36
297339583463563265 5
297339654779310081 36
297339826749988865 36
297340044837011456 36
297340162311081984 5
297340275527921664 14
297340346835283968 5
297340720140918784 5
297340875325988864 5
297340934037831681 36
297341022109831168 36
297341298950672386 5
297341647098880000 5
297341726752907264 36
297342414652325888 36
297342540473069568 38
297343194767691776 5
297343958126833664 36
297344088167051266 36
297344193037230080 32
297344335609987074 36
297344352391397377 5
297344423728140288 36
297344444674498561 36
297344511808512001 36
297345140937342977 5
297345396785676288 5
297345593909596160 5
297345749128187904 5
297345761706917888 36
297346474713436160 36
297346583769538562 5
297346634113773569 5
297346734764462080 5
297346868969623552 36
297347040969621504 5
297347095474618368 5
297347095499771907 5
297347376497176576 5
297347422634512385 5
297347699441823747 32
297347867234947072 36
297348206956802049 36
297348219543904256 36
297348299231469568 5
297348844507774978 5
297349268115701760 5
297350023094611969 26
297350023102988288 5
297350044061925376 36
297350044078723072 36
297350236999909376 36
297351105254408192 5
297351130411835392 26
297351679853092865 36
297351973466935297 5
297352019600105473 32
297352250265845762 36
297352610980184065 5
297352686481850370 5
297353357562089472 5
297353424696115201 5
297353630225428480 5
297354292921257984 5
297354682957979648 36
297355010147233792 36
297356348130217984 36
297356515889782784 39
297356654314414081 39
297356822090752000 32
297356830470967296 5
297356893372960768 5
297357103104921601 5
297357241504366593 5
297357501542830080 36
297357509923069953 35
297357736415465472 5
297357757416357888 5
297357765800779776 5
297357858058670081 36
297358160056963073 36
297358403330781185 38
297358885663174656 36
297359078613733377 36
297359397372432384 36
297359565140410369 5
297359649039060993 36
297359716160520192 11
297359976194781184 5
297360290767597568 24
297360391409909761 36
297360416609296386 5
297360601141886976 36
297360848618397697 5
297361096052981761 5
297362610221895681 36
297363205808848897 5
297363298087739393 36
297363310653894656 5
297363692360720384 36
297364115964448768 36
297364304724885504 5
297364854145159169 36
297365630120767488 36
297365764330123266 5
297366322176724992 35
297366389277196288 32
297367161029140481 5
297367446229250049 36
297367689507241984 5
297367802774450176 36
297367987328008192 5
297367995712421890 36
297368192827940864 5
297368457085874177 36
297368784224796672 2
297369228821028864 36
297369233023717376 4
297369425961697280 36
297370138993389568 5
297370512278048768 26
297370864620556288 36
297371397259395072 21
297371514737668096 36
297371518931963904 36
297371716026527744 36
297371728634597376 5
297371967714099201 36
297372592640229376 36
297373163061407746 10
297373595074695168 36
297373687349395456 5
297373863518535681 5
297373993571348480 36
297374056464908288 5
297374123561197568 36
297374266188500992 36
297374316511780865 36
297374668845887489 45
297375457349881857 36
297375482545065984 36
297375872594370561 5
297376296231657472 5
297376443011317761 26
297376644333703168 36
297376778572410880 26
297377361559687168 5
297377982354423808 36
297378519208574977 36
297379114782973952 36
297379290943741952 5
297379592950390786 5
297379869791232000 26
297380754755829761 36
297380775727341568 36
297380868031385600 5
297381912396316672 36
297382122115706880 36
297382398956539906 36
297382726103879680 38
297383070045184000 32
297383200039268352 5
297384248636231680 36
297385011970195459 36
297385251079090176 36
297385393681207296 35
297385666285801472 5
297385725014441984 36
297386194772307970 38
297386236727922688 36
297386597438074880 36
297386891056144385 26
297387633439563777 38
297388094787833857 36
297388916900761600 5
297389042734080000 36
297389151769219072 5
297389290198032385 5
297389369852035073 36
297389495702130688 35
297389520855371777 36
297389655064711168 36
297389852222185474 5
297390212919746561 5
297391441850806272 45
297391483798044673 36
297391525749485568 36
297392284914298880 32
297392771457753089 36
297392846946832385 5
297392893075808256 5
297393111179603969 13
297393648063115264 36
297393975206227969 36
297394012975927296 36
297394059092303872 5
297394726007603202 5
297395560657334272 36
297396953174650880 38
297396965753376768 36
297397158712315904 36
297397175460171779 26
297397255160348672 36
297397360026345473 38
297397599097475072 36
297397674607525888 43
297397750100803584 36
297397750100803585 36
297397989167755264 36
297398026924859393 5
297398047867023362 5
297398312145911809 36
297399054504194048 39
297399075479891968 5
297399381680848897 5
297400052761112576 36
297400530907566081 36
297400765801172994 38
297400862265991168 36
297400920973639680 35
297401000690610176 36
297401059415052288 36
297401193611804672 36
297401252344651777 5
297402338648412160 5
297402728714498048 43
297402762268913664 36
297405337588342784 21
297405476004569088 5
297406893687709697 36
297407220830834688 36
297407493468983298 36
297408638513995776 5
297408986641219585 5
297409804517904384 5
297410127466745856 36
297410559496826880 5
297410626618273792 2
297410676945739776 5
297410899222859776 2
297411276722806786 5
297411658404470784 5
297411666788884480 36
297411750662393857 15
297413281612713984 39
297414057529589760 36
297414435042115586 36
297414888005980161 14
297415303233675264 5
297415340999196672 24
297415978525003776 5
297416091792207872 24
297417450742509568 5
297417597517983744 32
297418046337859584 43
297418801291603969 36
297419069722857472 5
297419300426354690 15
297420831343144961 36
297421078798680064 39
297421460476141568 43
297421905072377856 36
297422009955135488 36
297422433575649280 36
297422509085708288 36
297422664258166784 36
297423251469131776 14
297423385661673472 2
297426426536280064 36
297426577539604480 36
297426606891364352 14
297426858574741504 24
297427059871989761 36
297427068289953792 5
297427131179343872 36
297428095894437888 5
297428490146430977 5
297428519485595648 5
297428980859035649 47
297429140242563072 5
297429538726608896 39
297429878461063169 36
297431115780726785 5
297431434556215297 14
297431963013378048 36
297433175171399681 5
297433313583456256 5
297434777416507392 36
297436144767991808 36
297436316705116160 5
297436492878462976 5
297436799066849280 43
297437264613605377 38
297437281403416576 36
297437302362357760 38
297437369471234048 5
297437738603532288 26
297438053138587648 20
297438418063994881 38
297438736810143744 5
297441064674004992 36
297441496699912192 5
297442335527149568 4
297442977255653377 36
297443056981012481 36
297443413459075072 36
297443463807500290 38
297443556090589184 5
297444894069383169 38
297444977938665473 36
297445095383396354 45
297445326065905664 38
297445602910932992 39
297446500466819073 36
297448157246279682 36
297448304034324483 38
297449159663960064 32
297449973367316481 47
297451235836043264 40
297451370057977856 36
297452221497503744 5
297452594819911680 5
297452666106286081 32
297453811163881472 5
297453857284423681 36
297455086244859905 5
297455425962532864 36
297456805896929283 38
297457028195037184 8
297457430856601600 38
297458479420030976 5
297459444097351681 38
297460773683339264 38
297462237516398592 14
297462568849653760 4
297462782780125184 19
297462887650312192 26
297463470620807168 36
297463814557937664 5
297464749908717569 32
297464804417867776 36
297465873982181377 36
297465962049990657 32
297466209509720064 36
297466297598480384 32
297466658329616385 25
297467111289257984 32
297467119665299456 15
297467497182007297 28
297467895636692992 5
297468390577172481 36
297468868690055168 36
297469313286295553 0
297469539778691072 32
297469657231790080 5
297470127010631680 38
297470240235851778 32
297470290580086784 28
297470642880671745 32
297470894538883073 36
297471376909017088 32
297472320635801600 5
297472735855144961 36
297472870064459776 36
297473721503985664 32
297474119996432384 32
297474468102696960 36
297474778502148096 32
297474799448489984 32
297475084648591360 32
297475256648597504 32
297476699480797184 32
297476821098848256 32
297476884013383680 32
297477051810717696 32
297477370577833984 32
297478943441813504 36
297479786492735490 38
297480516284846080 32
297481967505661952 26
297482378576797696 32
297482684735819776 32
297483099997081600 32
297484047901392896 26
297484341511061504 39
297485138407874560 32
297485604000784384 32
297485981488128000 36
297486816129470464 5
297487541735682048 36
297487617266708480 32
297487621440012288 36
297489500475637760 38
297489722786328579 42
297490238694125568 36
297490544869920769 4
297490628743405569 32
297491174028107776 36
297491551502880768 32
297492402938204160 32
297492784619847680 32
297493589934612480 36
297494013567705089 32
297494047109545984 19
297495821304352768 38
297495875817701376 32
297496404316786689 19
297496924389535744 5
297497046028517376 5
297497167688503296 20
297497704538439680 32
297498237219258368 36
297499680059838464 36
297499730378891264 36
297500586021113856 36
297502192460509188 36
297502230184083457 36
297503945692168194 36
297504297988526080 32
297505862472306689 13
297505883427049473 36
297506084787200001 36
297506298663165953 32
297507313714098176 32
297508102243225600 32
297508156756615169 38
297509247284039681 36
297510912414334976 24
297510920781959169 5
297511109529853952 36
297511919026323456 43
297513064104878080 36
297515001860722688 32
297515207360671746 26
297515274473717760 32
297515756818673666 36
297516205638574080 32
297516264325279747 26
297516344033812481 32
297518105633099776 32
297518495728549888 32
297518508286287872 36
297518743171518464 5
297518759969710081 18
297519665909997568 36
297520336994455552 36
297521029063012352 26
297522857787928577 40
297523277239300096 36
297526376813182976 36
297527559585931264 5
297527605752631297 39
297528977264898050 32
297530797601206272 36
297531258974638080 36
297531351274516483 36
297532202718228482 19
297532282393214978 5
297532521472749569 32
297533637165993984 47
297534056571228161 5
297535470060048384 5
297541610537877506 5
297542587798138880 32
297543346950385664 38
297545385386332160 32
297545574142595073 32
297545712554606592 32
297545960001789952 5
297546345877737472 5
297547469951205376 36
297548371743354880 36
297548971507847168 36
297549638427361280 5
297549856543760385 5
297549898486779904 36
297550175306645504 5
297551135768707074 32
297552649925042177 26
297552738018021376 45
297552972894842880 36
297553950176055297 32
297554432512638976 36
297554818392793088 19
297557867651821569 2
297558500991713280 26
297559461487337474 32
297559478239383552 36
297559876731805698 36
297560287769403392 14
297561248244060161 36
297561319572398080 9
297561420214710272 32
297562900795633664 32
297562925982429184 15
297563026633154560 15
297563076985765888 13
297565014745821185 38
297565111223205890 26
297565413217288192 26
297566713438928896 32
297571595608813568 30
297571834688311297 36
297572711272693760 36
297575315935481857 36
297575613739458560 36
297576989458579457 15
297578000285843456 5
297580575596883968 32
297587223585497088 24
297587676570329089 26
297590243463401472 38
297590964896284672 38
297591036182663168 26
297595029193629698 5
297596505559273472 39
297597419917561856 14
297600041370124288 26
297600850858229761 36
297601580671311872 36
297603216466661376 5
297603619103051776 11
297606181843791872 36
297612334875168768 32
297614599790931968 3
297618219504631808 32
297618521456791552 38
297619540710420480 32
297621138723459073 5
297623101657718784 32
297623701426421760 38
297625203004043266 36
297627178533785601 25
297627958644977664 4
297629082714243072 14
297629728670638080 14
297633503535828992 4
297633562230935552 25
297633671316385792 45
297633805538324480 14
297636607320801281 15
297636682822479872 36
297639430070624257 5
297639635612487681 38
297642244452777984 32
297643544687038464 14
297645922857398272 26
297646245827194880 38
297646321337262080 15
297657000031043586 26
297658119918612483 38
297658933575835648 36
297659726320246784 36
297661827653971968 32
297666676277800961 25
297667594851319808 4
297668647588069376 19
297669524193431552 5
297670052705079296 5
297670220477251584 36
297671118045716480 5
297673412338405376 36
297674112782962688 42
297678667792924672 32
297679221462024192 5
297682430066835456 42
297683491259297793 36
297683830976942081 24
297685278011826176 14
297685902975713280 19
297687748456882176 26
297688398599163906 15
297691712061595648 28
297692362212245504 43
297693951849271298 5
297694132208562177 26
297694144783069185 26
297696631988568064 43
297697286320959488 32
297697391174356992 25
297698045485805568 38
297698280375218176 13
297698452320681984 39
297700998263226368 26
297701522555432960 21
297706270503342080 36
297708304757583872 36
297709730816724992 5
297710775211012096 36
297710812938764288 5
297711265927794689 13
297715003044265984 5
297715032404406272 5
297716571739148288 36
297717821637533696 5
297717871973384193 5
297718182326726656 5
297718773711007744 5
297721810395467777 28
297725195194613760 36
297725748872105984 5
297725937582231553 5
297726243778998273 5
297726998753734657 38
297727955071795201 5
297728571626110977 5
297728626131083264 5
297728668095107072 5
297728869438484480 28
297728974266699776 5
297729645384708096 38
297730639417970689 38
297731994190757890 5
297732187103563776 5
297734636577124354 36
297736322712498176 36
297737283208114177 5
297738717634887681 32
297738918978256896 24
297739309040164864 36
297740038861627392 32
297740856755097602 5
297741129359691776 5
297741179682975745 26
297741435573268480 5
297742496732160000 32
297743272661630976 5
297744300245143554 20
297745470476910592 39
297746896548683776 32
297746930107297793 5
297746988823351296 13
297747836076953603 38
297748528111951874 26
297748687491305472 38
297750080012824576 5
297750923051139072 5
297751048888676353 38
297751178933055488 5
297753049584254976 5
297753351578329091 19
297753842307715072 5
297754446279110656 26
297756719604453377 39
297762960712015873 43
297764105752813568 36
297764961386643457 38
297766869828501504 32
297767389897060352 32
297768027456434177 39
297768870490562561 32
297771689054457857 26
297772670542573568 39
297772951560925184 11
297774381806002176 36
297774520234819584 26
297774532809347072 36
297775707231232000 32
297775820443893760 32
297778328654446593 26
297783080809287680 10
297783462478372864 36
297786230714810368 36
297788793438752768 38
297790475354664960 32
297792446660747264 17
297795550458286081 26
297795978277289985 38
297798855586627584 28
297806975759183872 40
297811237146861568 19
297811266519592960 19
297811887293333504 38
297812013126647808 38
297812474483331073 35
297812583526846465 3
297813170737790978 19
297813359468896256 38
297813867009032193 26
297814554845511681 28
297817952256937984 26
297817960632954881 43
297819055358894081 36
297819432850440192 36
297820544341004288 15
297821509026725888 32
297822985392386048 38
297824163995987968 13
297826290520694784 19
297828270248980480 38
297834108720123904 25
297834234511491072 42
297835887084064768 36
297837925511622657 38
297839817155289088 32
297840467276619776 36
297843227137028096 26
297847136219975680 28
297849707336724480 43
297853213745508355 40
297853868069502977 11
297854442693337090 32
297854975344791553 38
297856514683707392 19
297856732762353665 11
297859048022364160 32
297871190528249856 10
297872738259959808 36
297873803579629569 32
297875108012384256 38
297876370506280961 36
297878845162401792 38
297879063262023680 39
297881877610639363 11
297883089764491264 38
297885623124111360 38
297887376359960577 39
297887896445263872 36
297897014878941186 39
297897098752425984 39
297897211990274048 39
297901406319435776 26
297903314710966272 32
297905567056404480 28
297908045894275072 8
297909132198019075 2
297917566964334594 28
297919727018336256 32
297924772766040064 43
297925091545739264 24
297926546965032960 32
297928916738400256 36
297939373134057472 36
297942711821008896 38
297945668805349378 26
297947459785736192 38
297956603360055297 14
297957194744352769 28
297966988456759297 39
297969077199196161 5
297972210373644288 39
297974513033957376 5
297974659826200577 5
297975502893887489 5
297976522101366785 32
297977914589323265 5
297978887693033473 5
297981030965596161 5
297981056123023361 5
297981291012427776 5
297982415098494976 5
297983392379707392 5
297983669195378688 5
297983937635037184 15
297984185086390272 5
297984407397097472 5
297984537420509185 5
297984826827493376 5
297985221079494656 5
297985816670650368 5
297987020444295168 5
297988303918096385 5
297989855810560000 5
297990078075121664 5
297990182966284288 5
297990409458679808 5
297990690468679680 5
297990757581721600 5
297991864857030656 5
297994872198164480 5
297994901541494784 0
297999397835395072 5
297999691424088064 5
298001897619615744 5
298002354828103680 5
298003994800959488 38
298006725271908352 32
298011112505475072 38
298011309650358272 32
298014270820589568 36
298016951014416384 36
298023884161179648 7
298034327999115264 38
298036781679509505 7
298041986777235457 43
298047045116260352 38
298047590371586048 36
298050299887751168 32
298051348488937472 1
298052267028918272 1
298055626691592192 1
298062287246352384 39
298074467475795968 42
298076292014804994 36
298077206381486080 38
298077244113420290 26
298079945232617473 1
298083015471529987 38
298084269581037569 7
298085234279317505 1
298085536252452864 28
298088589705748480 38
298090640732987392 38
298091739649032192 38
298094021316841472 39
298096336568475648 36
298096676336459777 2
298106461626695680 45
298106881069690880 42
298110169416626176 6
298111750639865857 47
298112081985679360 39
298112702751047680 39
298117194846445568 39
298118033711448065 40
298118864187826178 38
298119346541174785 26
298120013414535168 39
298123444355219456 39
298125960941817856 24
298126065832972288 13
298126275543982081 24
298127433163497473 39
298130717278343168 22
298131749093924864 24
298131900072067072 24
298132101411254272 24
298132508271341569 14
298135129719701504 19
298140192244654081 43
298141354062655489 43
298142180315369473 26
298148006232981504 15
298151298757431296 39
298153936974671874 42
298159301485264897 45
298162862440988673 38
298163235734052866 22
298163961361227777 14
298165517439614979 9
298166314374139905 0
298166528250097664 38
298171729216413696 32
298174971417612290 19
298175839613370368 36
298176309371236352 11
298176456180248576 40
298178066805555200 38
298178230362443776 2
298181904581160961 38
298186270855798784 36
298186472182394882 14
298188141494423552 38
298189244625723392 1
298192549724684288 39
298194172928749568 47
298194244219314176 38
298201080922263553 1
298202720928681985 19
298203702395809792 5
298205845676781568 11
298207582097649664 39
298210069315739648 24
298213936489181184 39
298215920382377984 32
298217023505317889 7
298217220633399296 36
298221121323560960 36
298222501262159873 36
298224350946021377 43
298226083185164289 19
298226565542715393 32
298226888487346177 45
298229119857090560 24
298233137996107776 43
298233305759903744 3
298233381290913793 15
298236774478667776 40
298243925775351810 24
298244127068413952 24
298244240339763201 24
298244420703244289 24
298244445864869888 24
298244722672144384 24
298245079204757504 24
298245158863003650 24
298245884498567168 24
298246010327674881 24
298246069056335873 24
298246165500153857 24
298246186488459264 24
298246207476756480 24
298246278754754561 24
298246509441466371 32
298246740119805952 24
298246819815763971 24
298247075676688385 24
298247461556871168 24
298247482519977984 24
298247495107096576 24
298247549624676353 24
298247801295474688 24
298247918723428352 24
298248027783692288 24
298248162005614593 24
298248619201527809 24
298248807941025795 24
298249462218907651 24
298249852310142979 24
298249852322721795 24
298250087191162881 24
298250653418024961 24
298250821173403648 24
298250829570396162 24
298251068654108672 3
298251194466439168 20
298251278373498880 39
298252188541648897 24
298252188550062081 24
298252222108672001 24
298252247253528576 24
298252905746673664 24
298253572645191680 24
298253769790091264 24
298253824324427777 24
298254017270779904 24
298254084362887169 24
298254403125780480 24
298255325885247488 24
298255493636452352 24
298256252801253376 24
298256273772793856 26
298257775342018562 24
298258802971668480 24
298259528565280768 24
298259859927883777 18
298260832981250048 4
298260879152123904 15
298260900090097665 24
298260963029827584 24
298260979786055681 24
298261336293511168 24
298261604758323200 24
298263110496710656 24
298264150684082177 24
298265966830305282 3
298266700812517376 3
298269729133563906 39
298270752539570177 24
298272686092742656 26
298273868911607808 24
298276800730128385 18
298276884612005888 18
298276960113664001 3
298277543121940483 24
298277736022147072 24
298277945775104000 28
298278897852764160 22
298278918820085761 38
298279665406193664 35
298281515119431681 38
298282093912395776 18
298282811159355392 3
298283951993257984 24
298284031697625089 38
298285331927691264 38
298286162383093760 24
298287810761330688 22
298289526231691264 24
298289551401693185 24
298291166191964160 38
298292428698419200 24
298292525146460160 36
298292625805565953 13
298293733131169792 24
298294924313501696 24
298296304210161664 24
298298653049753600 38
298300070711939072 24
298300188144062464 36
298300632752869376 24
298301538701557760 38
298303241601556480 3
298307259761565698 24
298307414917259264 24
298307477861175296 24
298308882961420288 24
298310204167176192 43
298310715868065793 24
298313874174791681 24
298316164235395073 13
298319918141698048 24
298321570705858561 24
298326515815419904 24
298327606321897472 38
298339807548035073 25
298340885479948289 28
298351614497001472 47
298354433065111552 2
298359025861537792 36
298361487917985792 15
298362024784711680 28
298362393858289665 19
298367821287682048 39
298371252236738560 36
298373353608200192 32
298374733509046272 10
298374892909379585 24
298376117625171968 39
298381461189439490 22
298381817675919361 36
298383638033227776 22
298385173119119360 22
298385424785752065 36
298387421274460160 1
298388826357895170 38
298390751547641856 22
298391787561689089 24
298391980491304961 36
298392148259258368 36
298392848716423170 22
298393175884693504 36
298393641456640000 1
298395176571899904 7
298396116062441472 36
298401723863670785 24
298402344637431808 25
298402470445588480 11
298410653541085185 38
298410695484121088 2
298411320431214595 14
298412222214967298 20
298412385771864064 36
298412675208187905 24
298412939424174080 22
298421239951806464 38
298422804422995968 24
298423181906169858 13
298423181910364160 24
298423894971404288 22
298424012399316992 22
298424050143870976 24
298427913081069568 24
298431037850148866 22
298431285305688066 18
298432883339694080 24
298434015810170880 24
298435026637451265 4
298435899035881473 22
298436452700811267 45
298437174100111360 28
298437346079154177 38
298437400600932353 36
298437417378136064 22
298439204160016384 11
298443591385239552 39
298444639969607680 9
298445659193896960 36
298446263182032896 26
298446871351947264 24
298447311758049282 36
298448721027411970 36
298449345982902272 26
298449706701430784 11
298450855932338176 38
298451199852675072 24
298454358167781376 36
298454492419063808 36
298454668554690560 38
298454869902245888 36
298454945387143170 43
298454999929864193 36
298457470358147072 24
298458476970123264 24
298459512967426048 26
298460381217710080 15
298461182312988672 36
298461333307924481 11
298461899538956288 7
298461920497917955 36
298462079906611200 36
298462155395698689 39
298462193140252674 28
298464420298903552 45
298466634920767488 36
298466962063892481 4
298467381481713665 36
298469893882400768 36
298471991017623552 39
298472116850925570 24
298472334971523072 24
298473324839837696 24
298474117567504385 26
298474348245839872 26
298475241619980289 24
298475770119086080 15
298475887563792384 26
298475900138291201 26
298476374103052289 36
298477275844853760 11
298478307664613376 2
298478525755826176 36
298478588695556096 36
298478643196342272 36
298478966170329090 36
298480983643136001 36
298481310765309953 42
298481403048382465 36
298482162229997568 18
298484397798215681 38
298486536863903744 24
298486868218085376 1
298488256545308673 45
298491704246423552 15
298492144652517380 45
298492798968156161 22
298492798976532480 28
298493121942126592 24
298494136980496384 39
298494338286108672 32
298495881806741504 4
298498385802059776 36
298500449399627776 36
298500541657513985 15
298501959344869376 36
298503309923328002 36
298505432232771584 6
298506354979659776 24
298506719854751744 26
298508296946581505 26
298508871566249984 7
298510473765203968 22
298510742217428992 22
298511623021289472 30
298512881320865795 36
298513992798834688 38
298514148000681986 28
298514269631303680 36
298514617750134784 24
298514848432680962 22
298515527926697987 35
298516278711287809 38
298516530352750592 39
298521206989127681 36
298523090235817984 11
298524239462539265 24
298525552279707648 22
298525866869284866 39
298527179682234370 19
298527624291045377 24
298530040189173761 24
298530946192396289 32
298531688584187905 19
298532808434016257 19
298532837823500289 19
298535094350663680 32
298535689916674049 43
298536222593277954 15
298536373584011264 19
298536721728016384 32
298536906273206273 19
298537988416208896 38
298538823082704896 40
298538944692379648 36
298540697924026368 24
298542472135581696 38
298543822701490176 19
298544116290187265 36
298544468590739460 32
298544485401497602 32
298544502178738177 32
298544544096595969 32
298544565059719168 4
298547257819684864 35
298549661176836096 38
298550130934697984 24
298550168670859264 5
298550277718556673 24
298550890099511296 24
298552416817799170 38
298553498931441665 22
298553985479110656 22
298556489495351296 32
298557403853627394 32
298558423044341760 36
298560411169607680 38
298562915169095680 20
298563804340572160 1
298564022469537793 39
298564521591709696 22
298564664198037504 36
298564823564828672 45
298565268182011904 32
298565725352771584 39
298566379643224064 24
298566421607247872 28
298570834023440385 1
298570955641475072 32
298572125848088576 32
298573761639227392 2
298573925187743746 24
298574428516790273 43
298574793442226176 36
298576710243332096 32
298576781512945664 39
298577028985262081 13
298582615819157505 19
298583865692389376 38
298584138317979648 39
298585199493656577 39
298585551806816256 38
298585958679474176 7
298586742993321985 24
298589880353685504 24
298592766013874177 1
298593109942599681 24
298593994970116096 15
298594120799232000 24
298594980610572288 32
298595223867621377 35
298599233626456065 36
298602807202807808 11
298605193724051456 38
298607395737833473 11
298607743898619904 7
298608528212512768 15
298609916527132672 35
298610411467571200 8
298611782984019968 36
298612449874153473 22
298612961591832576 32
298613007712399360 36
298613112603545601 22
298614232470147072 32
298616472215896065 19
298618057666998272 4
298620536525836288 36
298624579801317377 32
298625078952882177 45
298627285156786177 32
298627507446497280 38
298633194897559553 22
298633568203206657 36
298634734211325953 25
298635568877801472 7
298635694706917376 35
298641659003023361 43
298643202540462080 28
298646889333665792 24
298648223101353984 38
298653956710756353 39
298657526059261953 32
298658620768403457 38
298658880848809985 39
298660235600601088 32
298661611319750656 40
298663083512041472 7
298664211809198080 40
298664538952323072 19
298670847172956160 39
298671694439141376 39
298680980611403776 7
298685019747147777 41
298687905419902976 24
298699418788564992 32
298699842413264896 41
298703529219072000 36
298707736080814080 26
298708042260819968 22
298714954477998080 38
298719010374184960 39
298726497223598080 1
298730007830872064 1
298731723322179584 1
298732834795950080 43
298738555851784192 1
298738962686681089 38
298741949031120896 38
298742259422203904 1
298742985015840768 45
298746684408733696 22
298753193947590656 1
298754041209565186 1
298754791998377984 1
298756398387429376 24
298756629069975553 42
298757379875561472 1
298758000611586049 42
298758319391248384 22
298765894295900161 1
298765990760701953 1
298766204670185472 1
298767014196047872 39
298767190335823873 22
298767848833179648 39
298768033416093697 22
298769543357145088 42
298770466108223488 1
298771313340862464 47
298773095920058368 8
298773305643634688 38
298773486011305984 36
298774823998476288 6
298775503475728384 22
298779337069580289 1
298779760685895682 1
298780624708325376 38
298782482768216064 24
298783632036884481 1
298784068219322368 39
298784923857321985 22
298787620815794177 22
298791475385344000 1
298792721081065473 1
298792733659779072 28
298792846922743808 1
298792876245123072 1
298793413128642560 14
298794272977735681 1
298794746942484480 1
298796139430424576 1
298796558869229568 40
298797028610301952 1
298797628399943680 40
298799180321800192 1
298799398404620290 40
298800023351734272 40
298801826927628288 40
298802120499531777 1
298803391373668352 38
298804066677563392 40
298804297351716866 40
298805538878287872 35
298805736002187264 40
298805970866417665 35
298805970879008768 35
298806306435903488 28
298807954805768192 35
298807958962323456 35
298808344859267073 40
298808399376834560 36
298808688787984384 32
298808919495684096 19
298808999149715456 40
298810135822860288 40
298810194564108290 35
298810853053042688 40
298810915980189697 40
298812551754575872 35
298812782449680384 36
298813059235971072 35
298813680009740289 39
298813898134519809 35
298814141378994176 35
298814548222308352 35
298814753738981377 35
298815571653431296 35
298816091734552576 35
298816171443093504 35
298817182270386177 1
298817350029955073 35
298817450684866561 35
298818390208937985 35
298818876773371904 35
298819283604086784 35
298819531059634176 39
298819967258861569 36
298820541912059904 35
298820680307310592 22
298821670142111745 35
298821821153820672 41
298822207033991168 45
298822890697134080 41
298823272370421760 1
298823591141732353 35
298823700193607681 41
298824128012623873 39
298824404845092865 35
298824685855059969 35
298824731984023553 35
298826019635343360 41
298826866909925376 32
298827227620077568 4
298827294712156161 24
298828926304800769 41
298828934697594880 35
298829190529175554 32
298829358301323264 35
298829458981412864 39
298829614162255873 35
298829744202465281 35
298830247527317505 35
298830448853934081 35
298830524343005187 39
298830595633590272 35
298831317045489664 39
298831426101575682 40
298831719711260674 41
298831765865377792 35
298831900074704897 35
298831925219569665 35
298832134943154176 35
298832143323377666 35
298832285950685184 1
298833103818985472 19
298833149981495296 40
298833313555177472 35
298833611329781760 28
298833766539988993 35
298834781561581569 24
298835138052247552 32
298835293266657280 39
298836236997636096 35
298837633688285185 35
298837713354887169 35
298838149596073986 35
298838166343925760 40
298838304789504003 35
298838673884073985 35
298838703210655745 35
298838929740820480 35
298839332377206785 35
298839374307663872 35
298839701463375872 35
298839953142583296 11
298840548712775680 32
298841152696758273 35
298841836364103680 35
298842104791195648 1
298843027559038976 40
298843920941600768 35
298844055176110080 35
298844176815120385 35
298844327780691968 32
298844969517592576 35
298845800010743809 41
298846001312178176 39
298846122963779584 35
298846693389119488 1
298847171539775490 35
298847637082365952 40
298847741965127681 35
298849566478987264 40
298850229187379201 1
298850292097757184 41
298852364092321792 38
298852389245571072 36
298852875793219584 38
298853144237047810 38
298853307798151169 35
298855191036432385 35
298855853740670976 35
298856017297559553 36
298856021500243968 35
298856034112507904 41
298856105415700481 35
298856587727097856 35
298856755503452161 41
298857053315796994 35
298857325928804352 22
298857472746205184 19
298857984442908672 22
298858282234290177 41
298859150463610880 1
298859200791056385 1
298859506979463169 35
298859838312681473 35
298859989307650048 35
298860702339309568 22
298860891082989568 32
298860899479994369 42
298861272794025984 35
298861419594661888 35
298861578953043968 35
298861834805587968 28
298861914509946880 35
298861918691663873 39
298862262632984576 28
298862442996453378 40
298862623326347264 39
298862820479619072 35
298864519176929280 41
298864896639127552 40
298865404179267584 45
298866121409445888 32
298866578555031552 39
298867371316215808 35
298868969308295169 1
298869275500879872 20
298869397144104960 11
298869514572013569 36
298869833360109569 9
298869992718479361 22
298870160515796992 26
298870370243588097 35
298870579950387201 1
298870647034105856 40
298870684791238657 35
298871796298571777 35
298871859213123584 35
298872228295110656 1
298872526103257088 1
298872924557963264 1
298873041998454784 1
298873180423090176 1
298873373335887872 1
298873792795643904 1
298873918603792384 41
298874031845830656 1
298874119947161600 1
298874275136434177 35
298874551939518464 1
298874648412700672 40
298874732311375872 1
298874874905108480 35
298874912645468160 1
298875160138752000 22
298875172717486082 32
298875332096819200 39
298875365634494464 40
298875378229985280 1
298875839616008192 1
298875868955168768 28
298876170953428992 1
298876732973395968 1
298876745568882688 35
298877051769851904 1
298877156593917952 22
298877395673440256 1
298877651538558978 38
298877693494165504 35
298877903205199872 40
298878188417851394 1
298878725297143808 1
298878750462976001 1
298878893052526594 1
298878989529931776 1
298879048245977088 39
298879182438531072 1
298879186637049858 1
298879220225036288 1
298879337627791360 15
298879417344733185 1
298879643832942592 1
298879912285196289 1
298880105193799681 35
298880189088292864 1
298880239419932672 35
298880285553094657 1
298880323293429761 1
298880549802610688 1
298880570782527488 1
298880574968455169 35
298880713376280576 1
298880839222165505 1
298881703248797697 1
298881761943908352 1
298882206540103680 40
298882269446279169 38
298882349167435777 1
298882491748585472 1
298882655355813889 1
298882726650589184 1
298882839888404480 1
298883007652188162 35
298883754229919744 1
298884018496221184 40
298884567945838592 1
298884630860402689 40
298884966413135873 32
298885025104007169 1
298885088031174656 1
298885205484249090 1
298885582963228672 19
298885830422958080 1
298886300176613376 35
298886522470539265 1
298886757385125890 1
298887017427783680 1
298887671739215872 1
298888078590898176 35
298888107938435072 1
298888351203880962 35
298889429140000769 1
298890519654830081 1
298890578383482880 1
298890746172432384 1
298891308188180480 1
298891790524772354 1
298891819880677376 22
298892138664587264 1
298892197372260352 35
298892235129356288 1
298892440662835201 35
298892956570644480 1
298893120119132160 41
298893124334407680 1
298893224980914176 1
298893313078087681 1
298893879300726784 41
298894026118135808 35
298894055465689089 35
298894084821639168 1
298894097387778050 1
298894831416115201 41
298895846437711872 35
298896429416591361 1
298896538485272576 1
298899537395847169 41
298900766343704576 1
298900913148538880 42
298901206758203392 1
298901269676969985 47
298901311594835968 1
298901332566343680 1
298901500334309376 35
298901680701980672 39
298902314058657792 32
298902448272199680 1
298903106765348864 1
298903224201670656 1
298903350026567683 1
298903513629597697 1
298903580721696769 41
298903840764358656 1
298904339899113473 40
298904616702185473 1
298904822252457985 1
298904893526245378 38
298905371689504769 41
298905396859527169 1
298905472344420352 1
298905782718713856 1
298905837257256960 36
298906013405437952 1
298906860659015681 1
298906961343283203 1
298907481416036352 1
298907535967145984 40
298907686928535552 1
298908009906712576 41
298908131541528576 35
298908366422560768 1
298908580336246784 1
298908936831127554 35
298909280772435969 32
298909511471726593 35
298910627148226561 1
298911214350786560 35
298911608602759168 41
298912313271017472 1
298912392954400769 35
298912866931720192 1
