623002521708154880 205
623002844698931200 7
623002995660173312 107
623003075364564993 205
623003104716423168 9
623003385747386368 13
623003486402289665 7
623003532560498688 42
623003868104925185 13
623004463670779905 9
623006934120169472 9
623006984464285696 13
623007282251481088 9
623008318261325824 13
623008427288227840 151
623009693984624641 42
623009748510765057 9
623012357359411200 13
623014387402543108 58
623016891389313024 13
623017394714333184 200
623018049013035008 9
623018657204072448 7
623019034695483392 13
623019349268246528 9
623019814819336192 15
623020255225352192 125
623021324802347008 9
623022822168772608 125
623023426115125248 13
623024239822684161 198
623024558606544896 41
623025066087809024 108
623025431005003776 13
623026118874955776 9
623026655724843009 205
623026865465241600 151
623028325083185152 13
623028505429671938 9
623028903871774720 42
623029751125401600 42
623030678070906880 13
623030980060708864 205
623031391110963200 205
623032460645826560 13
623032473249669120 9
623035631535435776 9
623036642367029248 205
623036835321655296 52
623039498692096000 9
623039796508635136 125
623041197389520896 9
623042715723431936 13
623045903390273536 124
623046494808113152 13
623047803443372033 13
623048856209637376 1
623050508752801792 222
623051775449284608 13
623053461526024192 103
623054531077603328 107
623054921143705604 9
623056158488698880 66
623056674371280896 9
623057337067003904 13
623059916580753408 9
623061124531908608 13
623062181484064768 0
623062466696626176 140
623062865159815168 222
623062953256857601 198
623064001816174592 151
623064303818698752 13
623064651962560512 41
623067411797950464 13
623067449542311937 66
623067692820484096 205
623067982223278080 188
623068271617658880 219
623070272313237504 140
623070314273054720 205
623070511376003073 140
623070612055986176 9
623071111169884160 13
623072172324597760 9
623073149588901888 13
623073703266492416 66
623074634393591808 9
623074911196725252 13
623075804612722688 42
623077415200276480 14
623077977228746752 13
623079201965355008 205
623079357154742272 67
623079399131365377 13
623079994705739776 205
623083031390064640 222
623084906231525376 9
623085279516082176 151
623086688835911680 13
623086877575254016 189
623087099877523456 1
623088324589277184 58
623089222161956864 151
623089511577333761 198
623090186877042688 9
623090304309198848 188
623091604543401984 13
623091663280340992 0
623091831044091904 9
623092464354787328 66
623092753769955329 103
623093085136777216 13
623094393738760192 66
623094561519370240 66
623095404561891328 13
623096658696364032 9
623096759351259136 205
623096914548895744 205
623097157818667008 125
623097333945794560 9
623097841469161472 5
623100131575922688 219
623100441946136576 9
623100580345458688 5
623100727150444544 13
623101037520519168 1
623101893183709184 13
623102836880969729 13
623102912386854913 13
623103138875052033 0
623103407314726913 0
623105294747500544 41
623105600948424704 9
623106066482466816 205
623108763440943105 66
623109937825193984 0
623110474729558016 41
623112567662247936 1
623113024837185536 205
623113914042068992 41
623115403007365121 140
623115403028402176 13
623116267042533376 107
623116585797091328 106
623117340784373760 13
623117886035468288 0
623118632625770496 9
623119186290675712 9
623120201303859200 1
623121333765849088 198
623122185222098944 10
623122193589891072 198
623123162503450624 205
623123527374372864 9
623123988751994880 9
623124039087861764 5
623124215235895297 13
623124227818795008 13
623124676647063552 13
623125028964552705 205
623125037336236032 9
623125293188935680 205
623125381273530368 9
623125435778363392 0
623125570021232640 107
623125687445159937 9
623125754579156993 12
623125947487776768 219
623125960095875073 13
623126043981840384 205
623126270449176576 13
623126736041984001 1
623127142864433152 205
623127361001779200 205
623127671359307776 205
623128136910270464 205
623128367634644992 13
623128434714255360 205
623128694773551104 13
623129562986082304 0
623130670269726721 13
623130800297517056 205
623130905175916545 52
623130942899683328 205
623130972293320704 205
623131085535379456 205
623131253307387904 219
623131257506004992 13
623131366536966145 205
623131404281339904 205
623131446245507072 205
623131781789822976 205
623132347995717632 205
623133220415139840 205
623133614671269888 41
623133811824422912 205
623133920863719424 0
623134340294311940 58
623134508079034370 205
623134558414860288 205
623134625519439872 200
623134805866217472 205
623135049127432192 140
623135925757997057 205
623136340989845504 205
623136622025015296 198
623136684901797888 205
623136731068518400 205
623136760424464385 205
623136869463756800 205
623136903009841152 205
623136915605299200 205
623136919799644161 205
623136953370869760 205
623137150486335493 205
623137305658826752 107
623137309890846720 13
623137414748442624 205
623137469274419200 1
623137507018977280 205
623137536353923072 205
623137582482857984 205
623137758647726080 205
623137947420897280 13
623138224244944896 205
623138333263310849 13
623138354259820544 198
623138584921444353 13
623138589128421377 205
623138631071346688 13
623138702361890817 13
623139096635011072 205
623139121809235968 9
623139402810724352 20
623140182988972032 205
623140438816460800 205
623140724020613120 205
623140816299556864 140
623141164447731713 0
623141189613682688 205
623141202192388096 205
623141571299536896 219
623141902645350400 205
623142347228975104 205
623142594676150272 205
623142879897235456 41
623143060268912640 0
623143152539578369 9
623143169295675392 41
623143479678496768 13
623144188511698944 205
623144213706878977 205
623144935101984768 67
623144993839017984 205
623145123862433792 9
623145379706617856 205
623145451034808320 58
623147208427368449 205
623147598518431745 42
623148177319858177 140
623148370262003713 140
623148777118007296 9
623148999403552768 205
623149326546640896 58
623149771168026624 150
623149787945287684 150
623149813073375235 150
623149888570834944 150
623149896980238336 150
623149901178732544 106
623150068938481664 150
623150173796106240 150
623150610003574784 106
623150639359619072 205
623151318862045184 205
623151377586499584 67
623153000782106624 150
623153038509871105 41
623153160157270016 198
623153172740182016 15
623153726371557376 9
623154087094263808 41
623154275842134016 150
623154456167735296 9
623154888214716416 219
623155165009440768 198
623155416684474368 205
623155840304873472 106
623155966125551617 107
623156180047650816 103
623156553319710720 58
623156670781206528 200
623157463517413376 107
623157677418487808 52
623157807429259264 107
623157983594344448 150
623158356891426816 13
623158461761757185 205
623158726002909184 200
623159506130726912 6
623159514519445504 140
623160135267979264 13
623160156239466497 150
623160248510099456 205
623160462419472384 107
623160860907859968 205
623161947220013056 205
623162182084239360 107
623162182096719872 107
623162219837022209 107
623162257573330944 107
623162362439331840 205
623162366633603072 17
623162442135244800 205
623162639263399936 13
623162660260069377 13
623162677028896768 205
623162790249762816 107
623162807035400192 107
623162974836928513 107
623163142609219585 205
623163201295908864 67
623163398432407555 205
623163507509321729 13
623163822073712640 205
623163851425587200 205
623164329588838400 103
623164337968906240 103
623164971304787968 103
623165269104463872 13
623165285869199360 13
623166258951774208 198
623166732908101632 205
623167798282452992 5
623167966042030080 205
623168049915412480 219
623168641329070080 0
623168750372532224 1
623168976885936128 140
623169304037576704 150
623169476004085760 205
623169908021571584 107
623170239346315265 150
623170683938439168 103
623170713306841088 198
623170788800118784 219
623171359221383168 205
623171527014531072 13
623171828974948352 9
623171988396314624 108
623172059665821696 13
623172307125534720 198
623172818855923712 103
623172873365139456 205
623172881766305792 107
623173171173306368 9
623173179566108672 205
623173489919414272 107
623173557044953088 9
623174509147881472 41
623174685321134080 219
623175352223838208 13
623175855536254976 198
623175931008434176 0
623176144930607104 205
623176170100559872 0
623176740521664513 9
623176769890349056 7
623177365473112064 205
623177470322147328 9
623177596172288000 42
623179345167785984 9
623179491997818880 108
623180146279874560 9
623180272142434304 9
623180339255619585 41
623180414727929856 205
623181077440409600 41
623183447226511360 205
623183652734791680 42
623183715649363968 15
623184269318291456 124
623184369964814337 151
623184395147583488 103
623184797783830528 9
623185313695858688 198
623185368217747456 151
623185993164824577 205
623186555176419328 200
623186781672996864 205
623186894944346113 13
623187431794159616 9
623188031609118720 188
623188614604677120 198
623188681713586176 205
623188924983185408 205
623188971120631808 205
623189143074549760 205
623189264713449472 13
623189281507446784 13
623190543972073473 200
623191160522063872 58
623192011995123712 205
623192490116427777 41
623193006032748544 13
623193224128151552 205
623194058811437056 205
623194864113442816 58
623195338073976832 107
623195644237344768 41
623195820398092288 205
623196269222170624 205
623197267433025536 58
623197401663340548 200
623197900768706560 205
623198454420869121 151
623198597035724800 205
623199255558258688 205
623199268132753408 58
623199423309479937 13
623202107664015361 41
623202820720828416 41
623204309673603073 104
623205123393736704 125
623205454735224832 58
623205844805648385 107
623205974808113154 5
623206142592839680 200
623206918538948608 42
623207509940023296 188
623208311052070912 13
623208902440521728 198
623209535784620032 80
623209892287877120 41
623210462717591554 42
623210676652273664 205
623210827638796288 9
623211121252548609 13
623211410646892545 13
623211653925085184 0
623211679082541056 41
623211884611768321 107
623212631168565249 107
623213507799072769 58
623213541361852417 41
623213931432050688 219
623214329865744384 150
623214971594256384 198
623215604950904832 58
623216175380434944 107
623216909375254528 14
623216997459972096 20
623217039394516992 205
623218046048452608 9
623218238973997056 9
623218654222618625 205
623220109646131200 52
623220189321007104 13
623220189329518593 219
623220348717281280 198
623220671665995776 205
623221741226033152 188
623223272138604544 0
623223674770968576 151
623224178083127297 107
623224261998735365 205
623224383629176832 7
623225025357725696 42
623225260217905152 58
623226774390898688 1
623227365783654404 13
623227688723943424 58
623227789383176192 58
623228141725552641 205
623228158506958848 205
623229546830020608 15
623229802670071808 153
623230238881792000 42
623230368900972545 188
623231518132076544 205
623231627187990532 13
623231648176472064 14
623232143074979840 13
623232847730466816 13
623233762097152000 198
623234957482131456 107
623235666290323456 205
623236152821194752 198
623236282882347008 205
623236291249901568 188
623237054596395009 107
623238497458069504 205
623238501664968704 13
623240061925126145 188
623241928398639104 198
623243249591816192 198
623243568354693121 0
623244293994622976 205
623244486924091392 14
623244503692939264 106
623246177211813888 107
623246252734439424 107
623246403721019392 107
623246571488972800 107
623246684751990784 188
623246814762766336 107
623246848296267776 107
623246886074347520 107
623246965745127426 188
623247330670718976 107
623247561365790720 13
623247867520679936 188
623247892707442688 205
623248249214910465 198
623249033549623296 150
623249595578064896 205
623250086299045888 42
623250132465684480 188
623251101320523776 13
623251361388449793 205
623251667555782656 105
623251810174697472 105
623253634697023488 200
623254695860002816 42
623255274686664704 188
623255538894245889 106
623255920600985600 14
623256818186350592 7
623256830777561088 41
623257531218063360 41
623258047096315905 205
623258202277330944 107
623258210669957120 205
623258361677656064 205
623258399409467392 205
623259729016549376 9
623259900974534656 198
623260379133685760 107
623260693718904833 106
623261457086595072 205
623261486442545152 205
623262052648402944 9
623262304331665408 107
623262539225387008 205
623263805884248064 52
623264497948577792 104
623264527308599296 205
623264745416605696 151
623265039005282308 0
623265596847714304 15
623266351843381249 41
623266620258000896 13
623266674771300352 103
623266850932137984 13
623267253597941760 188
623267610126381060 58
623268369299456000 205
623268407052513280 188
623268432218185728 103
623268583183884289 188
623269136865603584 198
623269195552141312 13
623271024285626368 41
623271519230259200 13
623272408401575937 41
623272433571786752 13
623273054316068864 205
623273205327769601 13
623273305982808064 9
623273964475940867 15
623274753004965888 198
623275126302343170 198
623275189242044417 198
623275864520806400 205
623276757911650304 103
623277034735669248 13
623277521249898496 125
623277982627569665 58
623278070720516097 13
623278657910366208 198
623278834088038400 8
623279383541886976 13
623279782000594944 13
623279928788799488 151
623280658597720069 1
623280943814574080 7
623281090619416576 222
623281338091614208 13
623281623283335169 198
623281904318427136 1
623281912682049536 13
623282122422415360 205
623282445379473408 106
623282982242099200 58
623283011593748480 13
623283472992468992 9
623283758188392448 205
623283850475499520 13
623284257322958849 13
623284693539160064 1
623285125548146689 125
623285213632811008 4
623285263951904768 11
623285888915632128 105
623286761297317888 105
623287226881867776 108
623287344335060992 13
623287734392655872 13
623288636147167232 205
623288925570920449 9
623289789614194688 1
623290284508622848 41
623290284537999360 41
623290682975895552 13
623291974838136832 41
623292184528338944 198
623292406860001280 13
623292759173124096 41
623292771735052291 9
623292914362245120 8
623293447034638336 13
623293639989424128 200
623295300921266176 205
623295535781298176 41
623295992977313794 151
623296513049956352 13
623296529852297216 198
623296571803734016 198
623296735348178944 11
623297427433361409 107
623298098505379840 106
623298480178507777 219
623298945750581248 13
623299797202538496 205
623300480869904385 198
623300543788806144 150
623302305413115904 13
623303811168243712 200
623304033474899968 41
623304691976286208 41
623304821999714304 205
623305291740938240 41
623305354651267072 1
623305841211387904 42
623305912518877185 13
623307082729713664 140
623307611211829248 14
623308240357560320 41
623309205030567936 41
623311931345010688 13
623312329778831360 66
623312392722714624 41
623312711473057792 188
623312929589334017 205
623312950548299784 107
623313332242485248 13
623313546126843908 103
623313961354592256 205
623313961388130304 205
623314238178754562 198
623314456311803905 9
623314875721347072 198
623315068650848257 205
623316037560176640 198
623317069338177536 205
623318101162094592 10
623318604478451716 17
623318738692100096 200
623319334274908164 103
623320093460688896 7
623320626133008384 9
623320819066892289 7
623320978446225408 58
623321007793664000 198
623321129428463617 205
623321909594198016 13
623322425493749765 41
623323499206156288 7
623324514223456257 13
623324673619574784 112
623325277624532992 4
623325336323817472 58
623325395052433408 41
623325600586039296 41
623325642491330560 41
623325894170529792 41
623325982255095808 41
623326057744076800 13
623326070331195392 41
623326141621891076 104
623326301030449152 198
623326472996913152 198
623326636545458178 41
623326963726479360 198
623327118902956032 188
623327295047106563 41
623327370573774848 151
623327567701880832 13
623327659968303104 9
623327743871201280 41
623327915820904448 41
623328721148121088 13
623329023100383232 13
623329077655515137 41
623329622898397184 188
623330805700558848 7
623331036370440192 52
623333083203268608 13
623333368399179777 15
623333582338068480 20
623334316328755200 13
623334651860512768 13
623334949655986176 41
623334991611625473 41
623335012591513600 41
623337004877639681 13
623337038427729920 13
623337717930196992 198
623337810179825664 124
623338330265124864 41
623339458528591872 41
623340049950711808 20
623340179982524416 41
623340926560268288 13
623341069162409984 108
623341987727601664 13
623343170508705792 41
623344344905351168 58
623344361686831105 41
623345443825553408 13
623347012482789385 7
623347729729597440 0
623348816037568512 205
623349411645685760 198
623350753814425600 14
623351387150262272 205
623353131963777024 9
623353589142949888 13
623353752737705984 205
623354096653877248 41
623356181256364032 13
623356311242153984 7
623356793595498496 107
623357464688267264 198
623359150815252481 198
623359343736565760 188
623360681715310592 41
623362606905077760 13
623363584186159104 13
623363630311034880 13
623364968285515776 103
623366453069135873 13
623367250016276480 125
623368483129028608 0
623369171011792896 205
623370878085021696 103
623371435923361792 107
623371905664323584 13
623371976984276992 13
623375676381507584 15
623376129353629696 205
623377022744596480 198
623377324726026240 9
623378440398372864 198
623378595608723456 151
623379312838897664 107
623379904214626305 200
623380906674249728 13
623383792326021120 42
623383930763366400 125
623384782194372608 13
623387235870584833 13
623388804523667456 13
623388980684271616 9
623389295269806080 13
623390658418487296 198
623390666807185409 9
623391178520723456 1
623391845415038976 66
623391925106831360 13
623392956888715268 13
623393233712861184 7
623395121149648896 219
623397012776570880 5
623398279460446208 58
623398308841586688 58
623398371722555392 58
623398648555130880 140
623398971537522688 58
623399047039164416 58
623399302858149888 58
623399588095856640 200
623399718098354176 58
623400020117622784 188
623400661825097728 200
623400997382062080 58
623401811089752064 200
623402624755347456 13
623402964489736192 140
623402981287948288 205
623403878852206592 41
623404126324543488 140
623404201805266944 41
623404449285935104 52
623404453471879168 13
623405703395307520 58
623406391235969024 200
623407091697369089 198
623407150409224192 58
623407150434365444 58
623407511127732224 13
623407771174617088 198
623407909599363072 205
623410732361650176 205
623410870756835328 198
623411231458603008 41
623412217128443904 200
623412481377959936 13
623412619802574848 9
623414616278859776 106
623414616291282944 200
623415794899230720 205
623415807461101568 13
623417111881347072 200
623417183205507072 106
623417795552899072 41
623417808127266816 13
623418802211000320 9
623418965771988992 58
623420228240809984 13
623421440403087360 13
623421570418085892 15
623421679495020544 13
623421759174279168 13
623422157629079552 205
623425743754817536 151
623426314205171712 198
623427006261280768 219
623427983538307072 13
623428633663672320 13
623429506062139392 42
623431536084320256 150
623432836343812096 9
623433176094896129 205
623433742309322753 205
623435055134822400 205
623436040796274688 106
623436497975406592 106
623436833527984128 13
623437089355333632 13
623437957588983808 13
623439043905257472 14
623439173945589760 41
623439513688408064 66
623439631128920064 198
623440381900779520 0
623442265114050560 9
623442810394382336 200
623442877515964416 125
623443213043548160 106
623444580382470144 7
623444697818660864 106
623446291658375169 205
623446493001818112 13
623446623029477376 13
623447176660783105 41
623447763880136704 67
623449227662757889 66
623449869412208640 9
623451475809677313 106
623451526175064064 13
623452515992899584 200
623452612470267904 41
623452633462800384 41
623452939630321664 58
623453229062340608 13
623453916898824192 140
623453925283225600 140
623454437013524480 140
623454596376080384 140
623454638319099904 140
623455196165767168 140
623456051799658496 13
623456479627059200 151
623456852932624386 13
623456995543228417 13
623457322682052608 103
623457360447717376 151
623457498859573248 7
623457553381396480 7
623457956013563904 13
623459998643974144 9
623462037096669184 151
623462200661819393 15
623463228249653248 198
623463265994084352 13
623463500908630016 58
623463526066225152 9
623466868901314561 66
623467791685971968 198
623467896514084864 41
623467917485715461 10
623468148193296386 200
623469326797025280 200
623470203402256386 205
623472648668839936 200
623473219098550274 13
623473248441880576 13
623473634347094016 200
623473638541533186 9
623473755969302528 67
623474125084979200 13
623474380933349376 219
623474787785043968 58
623475521788248064 13
623475542721871872 41
623475840546918400 205
623475941214429184 13
623476566169927680 1
623476679386755073 13
623477035902599169 200
623477467924328448 205
623477467928526848 13
623477677639528449 200
623477837035606017 198
623477925090861056 200
623478067713826816 13
623478290007912448 41
623479611205287936 0
623479795767246848 41
623480378758553600 200
623480722725163009 13
623480886303047680 13
623481242806263808 41
623481305733439488 9
623484380149739528 13
623485084767621121 205
623486116600000512 13
623486179476926464 200
623486422750617600 198
623486867372154880 205
623487051908952064 205
623487605577945089 9
623488985466179585 198
623489178437750785 198
623489383933476864 198
623489501394898944 198
623489849526325248 67
623489908213051392 198
623490432522022913 198
623490692552245248 41
623491065866162176 198
623491091023663104 13
623492265432907776 13
623492634535825408 103
623492944901898240 198
623493347542482944 67
623494077368000512 107
623495415367729152 107
623495838996652033 198
623495985780514816 107
623496686229422080 13
623497583810326528 9
623497692858036224 9
623497718015635457 4
623497780930043904 7
623498154252574720 100
623498296846360576 58
623498779187089408 13
623498972104032258 9
623500029068619776 13
623500209453035520 1
623500771498291200 13
623500951844986880 198
623501799090167808 13
623502075914231808 13
623502465963462656 13
623502637946699776 15
623503233546354688 13
623503464203726848 13
623503661369528320 13
623504177256374272 205
623504286303940609 222
623504303081164800 9
623504533772046336 13
623504588277047296 13
623506131818795010 188
623506144368050176 13
623506379274350592 13
623506626721546240 13
623506718996201472 9
623506924529668096 200
623507415238115328 13
623507843073880065 13
623508233131565056 13
623508501579567104 58
623508681926160384 13
623509193639620608 107
623509264959574017 58
623509441124663297 2
623510749734834176 41
623512385513488384 15
623513018844979200 7
623513346000703488 13
623513467643895808 42
623513857709903873 13
623514180654661632 13
623515833218809856 103
623516600776310786 14
623516932138860544 58
623517305419472900 198
623518194620342272 41
623518697945235457 13
623519608113377280 58
623519696193654784 200
623520698598883328 9
623521847850610689 2
623522309249196032 7
623522464438448128 13
623522497976246272 200
623522875442466816 41
623523345234051073 219
623525027137388544 13
623526277056712705 107
623526319003832320 41
623526566463549440 13
623526977480192000 100
623527136884850688 15
623529213065302016 188
623529691207458816 205
623529947039035397 13
623531087906652160 13
623531243112509440 198
623531398297690112 13
623531553486995456 1
623531985475014656 13
623532006475960320 13
623532165842771968 58
623532677543497728 41
623533080201031680 205
623533583508967424 205
623534263003148288 13
623534762133745664 13
623534825014697984 13
623534908921622528 198
623535147992936448 20
623535580010442752 13
623536502736183296 15
623536582457446401 13
623537433896976385 151
623538302105292800 13
623538302126178304 13
623539518453477376 58
623539824641880065 9
623540336342790144 42
623540508304879616 13
623540567050326016 200
623542110550126592 41
623543469492051968 200
623543524009472000 0
623543905695440896 107
623544673244557312 13
623544803280723968 1
623546015455514624 1
623546409690771456 107
623546950781157376 13
623547273729806336 14
623547508615159808 13
623547571538141184 13
623547873511108608 9
623547898660261889 200
623547957418180608 21
623548859193683968 13
623549781940531201 198
623550213936906240 13
623550348167221249 200
623550566241800192 58
623550801143832576 13
623551728076648448 9
623552009099214848 198
623552017496186880 13
623553011520962560 41
623553154160947201 188
623553443530018816 14
623553800067022848 13
623554534082609152 107
623554831844683778 106
623555763017912320 13
623557658814062592 42
623557998577889280 9
623558136989908992 151
623558384436973568 105
623559323961163776 42
623559479150387200 205
623559529469489152 9
623560980694331392 13
623561022654279680 52
623561345628262400 13
623561567897026560 107
623561995745230848 106
623562016700112896 122
623562910078349312 9
623563329525665792 205
623563862214901760 13
623564457789272065 13
623564881422258176 7
623564893979971584 7
623564910786560000 125
623565577668263940 153
623565820959031296 198
623565888059506688 106
623566907271045120 9
623568664667791365 13
623569197344399360 7
623569214113124353 13
623569943947309056 205
623569952310558721 198
623570413721939968 13
623570703095349248 9
623570942166437888 58
623570992527491072 106
623572640872005632 188
623572728973373440 106
623572733138350080 41
623572733163483136 41
623573009996083200 205
623573920134754304 106
623574721238446080 13
623575425902583808 22
623575790815420416 219
623576088606867456 198
623576856160157697 205
623577686624071681 200
623578332546764801 13
623579028797157376 5
623579196556726272 58
623579657963634688 15
623579771209936896 13
623580014450245632 41
623581969012649985 5
623582266808270848 52
623583667705774080 13
623583743211606016 205
623584405911572480 7
623584925980184576 17
623585014081400832 58
623585165055406080 103
623585433495207936 198
623585467078983680 58
623585534179291136 200
623585999743008768 13
623586633070153728 17
623587664856399872 41
623587677464440832 103
623588709267410944 42
623589292279861248 13
623589648787484672 41
623591108413669376 188
623591527848112128 198
623591783700824064 9
623591875958677505 42
623592161183989760 200
623592589002964992 13
623593478178541568 41
623594270889525248 17
623595692771033088 13
623595734710001664 219
623596191880622082 9
623598423258763265 4
623598448416301056 41
623598490376015872 200
623599018837307393 58
623599979366621184 205
623600923068243968 58
623601803884670976 200
623602072324210688 42
623602110077235200 188
623602244265512960 58
623602252666769408 13
623602391061889024 17
623602546267942913 205
623603104127287296 58
623603167020736512 13
623603313808928768 13
623604572112691200 205
623604718904963072 188
623605176096673792 58
623605306132705280 15
623606828652494848 20
623607017391833088 13
623607684294578176 13
623607793338023936 14
623609341036392449 58
623609961776578560 107
623611387848208388 41
623612365137838080 13
623613191403249664 41
623613493380386816 13
623614227396235264 7
623614239983452161 41
623614269326782465 219
623614697179377664 188
623614881716043776 107
623615003363536896 41
623615502456262656 13
623615896741937152 200
623615993185718273 58
623616576198189056 14
623617201183027204 17
623617738016190464 7
623617834497765376 41
623618287486808065 13
623618576893771776 13
623619105384452096 200
623620422370770945 41
623620854413266944 41
623620875359645696 58
623621319972757504 13
623622586648371200 200
623624104999059456 104
623624105007316993 41
623624146941939712 17
623624604100247553 14
623624742537334784 17
623625434564022272 14
623625778517909506 219
623625833035497472 104
623626491541065728 103
623627342997532672 17
623627389130530816 14
623627603019235332 13
623627720484896769 219
623628144113811456 14
623628601263550464 41
623628894889975809 14
623629482079993856 17
623630639712075776 13
623630669059620865 41
623630824274046976 17
623632350992150528 14
623632371959660544 125
623632376162222080 9
623632573286080512 200
623632858482143232 14
623633139517267968 1
623633835754979332 14
623634146154422272 14
623634246796713984 41
623634578171928576 67
623634578184474624 13
623634582345113604 13
623635316356743168 14
623635542853357572 41
623636721469681664 107
623636780172972032 14
623637019269464064 13
623637593880530944 1
623638856357838848 107
623639007369515008 200
623639107994939392 58
623639649060130817 58
623639732984090624 150
623640232106311680 200
623640655710035968 42
623641070941958145 106
623641112876441600 58
623641213552447488 41
623641297459519488 14
623641955931701249 219
623642308261638144 13
623642731877896192 198
623643205830078464 188
623643381990838272 41
623643398776315904 205
623643772060962817 205
623643885324079104 13
623644128597950464 14
623644136982183936 13
623644258608803840 13
623644644484603904 58
623644900341493761 198
623645722450096128 14
623646326400675840 13
623646502590787585 1
623646628394569728 200
623646913598984192 13
623646972336041984 124
623647060416315392 198
623647219791589376 198
623647299470815233 13
623647811213598722 13
623648083809677312 198
623648184481484800 41
623648398378315776 198
623649925109317632 42
623649925134331904 58
623652324263772160 58
623652580099493888 58
623652735322165253 9
623654064920920065 9
623655096681762816 205
623655545476505600 188
623656145262145536 188
623656854124507136 205
623657093187289088 41
623657244182249472 9
623657449686331392 41
623657638467768320 66
623657856538136577 0
623658196285157377 17
623658754135818240 13
623658896754900993 13
623658938702143488 14
623659064493367296 17
623659723003293696 103
623659815303155712 14
623659873998258176 13
623659962095521792 17
623659983045963780 14
623660041774628864 0
623660071151640576 13
623660545091223554 14
623660704474664961 14
623660901602865152 205
623661111318040576 13
623661266507276289 14
623661795023044608 11
623661853705678848 67
623661987944206336 17
623662365418983424 41
623662554162663425 104
623662570940051456 14
623662713571442688 58
623662914877169665 14
623663275612499968 14
623663825032589312 14
623663862785703937 14
623663959279861760 14
623663971837591552 14
623664596813877248 14
623666618472767489 14
623667541211136000 198
623668396845047808 14
623668795282956292 219
623669793527341056 41
623671072815104001 58
623671580296523776 106
623672129758851073 14
623672729573572609 125
623673010554155009 14
623673337743568896 13
623673400649773056 13
623673459369836544 219
623675929823461376 150
623676017899610112 107
623676609296506880 13
623676798023417856 14
623677053871738880 106
623680128313245696 107
623680195409547265 14
623680296097976320 42
623681613071818752 104
623682418403209220 0
623682602948513792 106
623683966084608000 14
623684855281291266 41
623685530551721984 41
623686700766629888 106
623688680482275328 150
623689884239138818 106
623690660193792000 17
623690777651052544 13
623691335476707328 106
623691784279998464 41
623691926898900992 14
623692719626432513 200
623693478795411456 13
623694418319507456 41
623694426695536640 41
623695131321856000 14
623695173277450241 107
623696922310672388 13
623697199117893632 58
623697316579377152 13
623697375291408384 17
623699665356111872 198
623701565409501184 13
623702295189000192 14
623704438478278656 13
623705059268931584 1
623707479344459776 13
623709693957926912 41
623710016919318532 198
623710390225010688 17
623711052900007936 107
623712357332615168 200
623712462186151936 13
623712575432355840 41
623713842133135360 9
623713917618024448 58
623713951176609792 13
623714500634546176 58
623714722940981248 58
623715368838791168 200
623716887168323584 222
623717776394461184 58
623718304868343808 52
623719525398220800 205
623722645968814080 41
623723241538895872 13
623723354793447424 42
623723392538177536 58
623725640714358784 13
623726437636440065 107
623727226127675392 41
623727821744173056 13
623728408925634560 58
623728442509406208 200
623729520412131328 66
623730715788750848 58
623732196399030272 151
623732284479438848 13
623732485810028544 13
623732934588166144 219
623734570374946817 200
623734616491364352 13
623735455356461056 9
623736269047209984 0
623736952747995136 205
623737200195334144 205
623737468651749376 200
623738026477383680 200
623738726938738688 13
623739481892368384 13
623742472443834369 200
623742501812346880 41
623742690526494720 9
623745169377112065 9
623745232283152384 198
623745316198551554 9
623747040049278976 188
623748357048012800 151
623749120415502337 9
623751070746079233 13
623752962393919488 188
623753214043631618 124
623753570555404288 13
623755021784518656 9
623755176998912000 188
623758603732660224 13
623759216113795072 151
623759459387637760 9
623759945914171392 41
623760365357150208 13
623760533120888832 0
623761980168536065 13
623762185651515392 52
623762315687628800 13
623762793825566721 9
623763481716760576 13
623764517714067456 13
623764798711463937 200
623765746644955136 219
623765926970793984 200
623766778427146240 58
623766900066099200 200
623767000720904192 13
623768208684679168 200
623768707832119296 13
623768732960194560 9
623768741361381376 13
623768770708766720 41
623769370527838208 9
623769928336834560 1
623770184201994240 200
623770750445424640 9
623771673200824320 205
623771790645559296 13
623772046485360640 200
623772667255128064 14
623772814055608320 9
623772897912442882 52
623773996824272896 205
623775255106969600 188
623775804573491200 198
623776031053377536 200
623776211416780800 9
623776941217202176 9
623776941225570305 198
623777473906409472 9
623777985632432131 15
623779533318193152 205
623779579463778304 9
623779722074439680 52
623782297368690688 42
623782779701100544 13
623783366891016192 58
623783417231077376 58
623783467583709185 58
623783677277945856 200
623785103357906944 20
623785585673662464 13
623786646845161472 80
623787301177528320 67
623790807594704896 200
623791285770526720 67
623791520651608064 13
623792778921668608 0
623793076713078787 200
623793185773486080 200
623793378723938305 151
623794393724497920 13
623794821539344384 58
623794989324079104 13
623797795309359104 205
623798135068864512 9
623798260889743361 52
623798344779964416 125
623801737971765248 67
623803348580454401 9
623803667355947009 9
623804040644722688 4
623804510410924032 13
623807035373690880 41
623807287019339776 200
623807345752190977 11
623807400286359553 107
623808503380078593 188
623808721467084800 9
623810722175160320 9
623810734720438273 200
623811493910294529 52
623811615553662976 200
623811732977287169 13
623811955292155904 13
623811967879380992 200
623812236289536000 14
623812286625488896 200
623813758838808576 13
623813997918318593 52
623814031451758592 9
623814534785056768 188
623814811596406784 200
623814832580595712 58
623814836783345664 107
623815222663327744 9
623815520438091776 188
623815541397000192 58
623816011171676160 198
623816011184275456 198
623816011192664064 9
623816506099548160 6
623819572152549376 9
623819769259687944 222
623819974772133888 124
623820356483072000 41
623821312754974720 200
623822424249888772 106
623823497995943936 198
623823720293904384 52
623824026486611968 200
623824307521630208 200
623824483665727488 140
623825242830565376 41
623826014607671296 13
623827017025241088 7
623827251914674176 219
623827449038540800 200
623827532933152768 200
623828199806533632 58
623830347311128576 200
623831903402131456 13
623831957923856385 106
623832431880224768 106
623833916647055361 13
623836022179102720 13
623836584241049600 0
623837037230211072 200
623837167249272832 42
623837599241773056 9
623839130158432256 0
623839381837770752 107
623839520253874176 14
623839813846835200 13
623840090674954240 9
623840115857600513 107
623840422025039872 42
623840749189242880 13
623841944561692673 106
623843290920652801 219
623843383191171072 80
623843534207078400 106
623843966228807680 106
623844335310671872 20
623844482123960320 222
623845476174053376 9
623845799139655680 14
623847015483478016 219
623847464244785152 13
623847946585550849 13
623848101783162881 13
623849527867494400 41
623850140244267008 104
623850941331148800 58
623853596346597376 13
623853961255124992 15
623854108018143233 9
623854540048052224 219
623855915796553728 58
623855936755617792 188
623856003860316160 219
623856003868524544 103
623856259708489729 200
623856934987272192 188
623857404757811200 188
623858507868172288 200
623859464148402176 219
623859678066384896 150
623859803908120576 107
623860055574614016 13
623860198151725060 105
623861099931283456 103
623861196404445185 58
623861544535732224 200
623862077233459201 13
623862643464478720 219
623863129974272000 150
623863859795750913 5
623864941942956032 13
623865256515907586 13
623865407498141696 198
623865722045886464 200
623865776609603584 11
623865856267714560 13
623866422528241665 200
623870520367296512 41
623870587463729152 13
623870642002116608 15
623870642002116609 15
623870902028009472 200
623870952363962369 5
623871375971909633 67
623871673767309312 13
623871770249048064 14
623871854135091200 52
623872390989152256 219
623872688814034944 107
623873036928724992 17
623873255015862273 17
623873502500810752 9
623873896761176064 198
623873989031657472 200
623874152622112768 13
623875725485936640 11
623875754846064640 11
623875926795911168 0
623876929255571456 198
623878451762573312 0
623879835916627968 17
623880175630073856 7
623880431469858816 13
623880456656674816 41
623880980928008192 11
623881001928753152 13
623881442334916608 151
623882180507271172 13
623882948069228544 15
623883279419224064 41
623884583856160768 189
623884915218644992 13
623885892458016768 188
623887050110992384 13
623887494703153152 41
623887813478588417 219
623890778826235904 219
623890883704795136 13
623891407992852480 13
623892263614181376 9
623892737574703104 41
623892838238040065 11
623892855031881729 5
623893064730345472 41
623893287036817409 41
623894071380168704 8
623894155253538816 58
623894415291973632 9
623895237371392000 5
623895329671393280 13
623896000764231680 41
623896508258230272 41
623896592135749632 9
623897057699311616 13
623897288415555584 205
623898076927950852 106
623898227910164484 5
623899825935908864 5
623900736120864769 13
623900870330089472 198
623901323327631360 13
623902061504131072 9
623903231706443776 9
623903584057319424 14
623903672125272064 14
623904611640807425 9
623904615839436800 41
623905270142365696 13
623906968848220160 13
623907593807790080 13
623907849647882241 13
623907946137821184 42
623908386543915008 13
623909191812395008 103
623909569320886272 9
623910617905274880 13
623911217699139584 105
623911683237539840 200
623911788086718464 13
623912715057299457 58
623912895403831297 41
623913310639931392 151
623914476639756288 219
623914749282131968 219
623914896074371072 66
623915701393199104 188
623916519282618368 13
623916527654449152 14
623916582180397056 5
623918129903603712 105
623918759032459264 41
623919203616182272 42
623920461936660480 200
623920608716431360 13
623920944285917184 67
623922500355944448 41
623922936576000000 41
623923259541729280 67
623925029504425984 41
623925750924619776 189
623925964838469636 107
623928649188708352 58
623928745662001152 58
623929861350952960 41
623930574391021568 107
623930599577911296 52
623931052545814528 41
623931136411062272 41
623931396491382784 4
623931400652201984 9
623932096936079361 1
623932768012140544 106
623932768028901376 106
623932969342779392 14
623933875308212224 41
623933913044381696 13
623935137806356480 205
623935880177319936 52
623937125881221120 13
623937541134127104 107
623937604044595201 188
623938094799040512 107
623939281753624576 9
623940019984543744 58
623940196116090880 41
623940317776117760 9
623941408265777152 0
623942704314101761 107
623943148918689797 200
623943555762024448 42
623944474310352896 13
623944642103541760 58
623945023772585984 205
623945082476097536 151
623945254467600384 188
623945757792575488 42
623945959119147008 140
623947640997314560 13
623948354049847296 13
623948517640253440 42
623950014981632000 42
623950526695276544 150
623950979684134913 41
623951051004215297 106
623952183466156032 5
623952678356434945 58
623953471092473856 5
623953894704574464 188
623955547297964032 13
623955832502403072 219
623956537145430021 13
623956830717284352 15
623957568914784256 13
623957820598173696 13
623958357460828160 7
623958512666718208 58
623958806267977728 58
623959577994903552 13
623960458802892801 41
623960760813686784 42
623960765007986688 9
623961020835471361 200
623961872283357184 42
623962052655054848 108
623962354636591104 5
623963306760491008 188
623965567473442816 13
623966062418071552 13
623968016934535168 7
623968029517463552 200
623968708998750208 200
623969585629409280 67
623970453837590532 9
623970499975061505 108
623970617432211456 41
623972081223372800 105
623972454533308416 5
623973171734163456 200
623973364663619584 42
623973440190554112 198
623975411496693762 5
623975868688265217 151
623977689020526597 58
623978171336105985 9
623978729203736577 13
623979110860062720 13
623979920390287360 52
623979945535107074 13
623980360788000770 106
623981526787567616 198
623981681976963072 188
623983363909496832 41
623983904970698753 58
623984127251869696 15
623985947609317376 205
623986585139322880 80
623987193317576708 106
623988237682507776 41
623990552946569216 205
623990666184499200 200
623990708148543488 41
623990980757225473 13
623991047857799172 7
623991320487395328 200
623991337277386752 13
623991777674969088 14
623992834631335937 105
623993384085159936 189
623993853876547584 9
623994281674543104 13
623994302645964800 41
623994743052087296 13
623995506394562560 13
623995942623150080 107
623996412393472001 200
623996588562604032 13
623996764698218496 13
623996764710944773 14
623997171566780417 124
623997385463758849 1
623997456775163904 13
623999021233872896 11
623999562324152320 9
624000279516721152 20
624001122596995072 13
624001248430309376 106
624003580454809600 11
624004603865104385 13
624005895714906112 41
624006399035633665 5
624006659074093056 11
624007510492512256 13
624007619548594176 13
624008185792303104 13
624008374544412672 13
624008437467254784 13
624008802346618880 188
624009112750309376 106
624009427314569216 13
624009565714169856 13
624010865944215552 13
624010970793439232 13
624010995996844032 0
624011813869387776 13
624012770158075904 13
624014020069076992 9
624014137522319361 14
624015316125917185 5
624015718783168520 41
624016276600586240 42
624016758962319361 52
624017929177202688 52
624018239522238464 13
624018851924041729 107
624019158091431936 41
624019485234585600 41
624019996969037824 41
624020420560195585 41
624021678859943936 41
624021754365743108 188
624022480001343488 41
624024191252201472 41
624024551962345472 41
624025327916859392 41
624026271635382272 7
624026842052214784 41
624027076945801216 105
624028024858546176 41
624028314240462853 13
624028486236282880 9
624028729476395009 9
624029874542358529 9
624030369482936320 41
624030805673644032 9
624030952482807808 9
624031195744075777 13
624031271241523201 41
624032227563671552 9
624032701511643136 9
624033334847537153 11
624033347405221888 150
624034479888175104 9
624035872409825281 41
624036270872915968 41
624037491398479872 189
624038275750211584 41
624038485427621888 17
624038556768473088 41
624038745487081472 11
624038955227455488 200
624039374645112832 9
624039668250771456 41
624040330921426945 41
624041350154072064 41
624041379535192066 41
624041677330771968 9
624041702496440320 41
624042633594191872 13
624043090794442752 41
624043392792662016 9
624043766056374272 198
624044097431580672 9
624044323919695872 222
624046135846535169 106
624049159939751936 125
624049159947948032 9
624051592627486720 41
624051760429182976 103
624051793983631360 13
624051982718906368 13
624052251154321408 205
624052318267289600 9
624052913850159104 13
624053039670784000 188
624055623370420225 103
624055912769167360 13
624056315418013697 12
624056667764752385 9
624057317890195457 13
624057666017607680 13
624058731345477632 13
624059247257612288 219
624059305986269184 13
624059536672886784 200
624059704419975168 200
624059826075668480 13
624059842823483392 14
624060593633300481 9
624060664944812033 200
624060757206892546 5
624060828510220288 20
624061164058771458 13
624061554112266240 13
624063953258303488 9
624064171362140160 140
624064687257182208 4
624067174504644608 9
624067275168026624 58
624067547793461249 22
624068738975973376 103
624069242292338689 198
624069288425435136 41
624069758191861760 13
624070957737467904 5
624071360415969280 42
624071599495507968 13
624073193301626880 198
624073226868555776 12
624073252013342721 9
624075617634422784 42
624076129343815684 5
624076716512837632 5
624077328876969984 41
624077668632408064 198
624078260037509121 13
624078536844906496 41
624078847227465729 13
624079652533829633 22
624079753184587776 108
624081233799069696 200
624082395625472000 13
