28965792812892160 8
28967095878287360 14
28967672074993664 12
28967914417688576 11
28968479176531969 7
28968581949558787 20
28969422056071169 14
28971749961891840 0
28973080491589632 0
28974862038994945 14
28974904342740992 9
28976409057697792 10
28976831738683393 27
28977078074343425 3
28977806142603264 2
28978641706684416 0
28978659108855809 27
28978692289994752 0
28978703102902273 0
28979189172412416 41
28979992025104385 9
28981073769660416 12
28981945648021504 8
28982306546913280 9
28982468296056833 2
28984121623576576 27
28984180876509184 1
28986888295550977 7
28988056103030785 1
28988679422738432 12
28991176921063424 3
28994160543408128 2
28994302659006464 12
28994415271878656 21
28995339910389760 15
28999985865424896 1
29002642571132928 1
29005862890643456 4
29007171412819968 15
29009276655636480 25
29009602066522112 16
29010214539763712 14
29011014699712512 9
29012766593384448 14
29012851536433152 16
29013131535581185 13
29013250238586880 5
29013441859555328 20
29013847473913857 12
29014332280938497 10
29015605554188289 0
29016926957084672 13
29017191445692416 8
29017327156592641 9
29017472875102209 15
29018239753256960 13
29018577633804288 1
29019891558252544 14
29019891822493696 14
29020394044260352 10
29021146103939072 1
29024308256841728 20
29026821307633665 1
29028073680674816 20
29028510521630720 12
29030764767088641 10
29030848766414848 2
29031139016445952 0
29033090055667712 43
29033478980894720 1
29035904588845056 15
29036103193337856 12
29036629293273088 9
29036816577335297 8
29036864241405953 14
29038355773657088 2
29040431006220288 10
29040434730762241 10
29041201420181504 8
29042615496216577 43
29043623660097536 16
29047015467917312 43
29047424135729152 8
29047669389271042 3
29050818732761088 1
29052291231252481 16
29052635168378880 43
29056059649822720 3
29058588605423616 16
29058623388778496 3
29058771531595776 13
29058812631580673 20
29061870996426752 15
29063040141885440 41
29063772995854336 3
29064561537585152 1
29065426277244928 2
29071969169182720 20
29072363442147329 1
29072661762023424 0
29073665941311489 2
29074237117440000 27
29076614587351040 20
29077290914680832 3
29077633538990080 3
29078328514187264 8
29078682777681920 16
29079234555150336 1
29084350452600832 10
29085488702824448 16
29085649403387904 1
29087393730527232 20
29088437193674752 1
29088769479016448 20
29091393200717824 1
29091743618039808 25
29092904379097089 21
29093916263321600 13
29095227042045952 13
29095951092162560 12
29096638077214720 9
29096870043197440 10
29098825436102656 1
29099298461319168 9
29099316220002304 10
29100379476066304 10
29100380419792897 10
29101955431276544 20
29103119283523584 10
29104248104951808 1
29104314123292672 21
29104841708015617 12
29105101847138304 14
29105358521769984 12
29106262545268736 16
29106526375383040 14
29107027947036672 3
29107028639092736 3
29107950761017344 1
29110953991741440 9
29111389117222913 10
29112368654974976 15
29113753194725376 1
29114303076372480 1
29114521511534592 10
29114635131031553 1
29114803469422592 12
29115103752228864 12
29116319165054976 16
29117892305879040 3
29118142898774017 1
29119858486546432 20
29121866333425664 0
29123189728616448 12
29123642625368064 1
29124540076400641 1
29125863362531328 2
29126956435906560 16
29128265566261248 1
29129506572734464 1
29132141535170560 11
29134791727124480 20
29135654331879425 1
29136769857359872 10
29137857578803200 0
29138077012205568 15
29138949117054976 43
29139325186736128 13
29140507888193536 10
29140664843247616 14
29140809852919808 4
29141590802956288 3
29141602358272000 3
29143112831995904 1
29144586089660416 10
29145239897776128 1
29146553318903809 12
29146763931680768 0
29147252261920768 4
29148548893253633 0
29150999595712512 0
29151488777388034 3
29152079591247872 0
29153973357252608 20
29154219843911680 3
29155795539066880 1
29158862636457985 1
29164514175881216 13
29166436077273089 10
29166438837133312 1
29166967269097473 8
29168296024604672 20
29168726137901056 1
29171452892684288 0
29171459813281792 0
29171861619216384 1
29172176569507842 1
29173446634115072 10
29173602393784320 1
29175079959011328 0
29175166785290241 0
29175211366547456 3
29176831886229505 25
29178579929538561 20
29179771002814465 8
29180827543801856 2
29181179513020417 20
29181964837715968 15
29182482070904832 27
29183559537262592 0
29186470539427841 21
29186969426726912 20
29187116969758720 20
29188097493180417 1
29188847954821121 8
29189252570939392 0
29189562559369218 0
29192127565004803 0
29192228123447296 3
29192428552454144 9
29194258317578240 12
29195285909471232 2
29196522360938496 3
29196777391390720 20
29197242816528385 9
29197406167900160 15
29197670975279105 41
29197831495483392 3
29200247053885440 12
29200769030815745 10
29201546298265601 0
29201550891028480 0
29203588412604416 1
29203713767772160 20
29204967151640577 27
29205049238364160 41
29205210224132097 27
29208577998594048 1
29208662060830721 27
29208901270380544 14
29209195513380864 1
29210488889937921 27
29211381676900352 10
29214357573337088 5
29215491029467136 43
29215711926685696 11
29216912974020608 1
29217387161059329 1
29218495354904576 20
29222279778926592 3
29222540199075840 3
29223206648815616 43
29226514037866496 15
29226741591441408 20
29226904787623936 3
29227384355954689 27
29227416035524608 3
29228028110307328 10
29230144925212672 20
29230625923792898 1
29231694141722624 16
29233976694546433 2
29234496406560768 2
29235792475852800 21
29235914429440000 16
29236957544456193 0
29237069125525504 3
29238274983723008 12
29241634667364352 4
29242044727697408 8
29242412538793985 2
29243435076558848 15
29243589611487232 5
29243795040116736 15
29244811177361409 12
29246402953482240 2
29246644692197377 0
29246794013614080 9
29246836107644928 8
29247069965262849 3
29247566075924480 1
29248153114906624 5
29249383400738816 1
29250441338425344 1
29250490843791360 2
29250575958810624 3
29251107381317632 9
29251507526307840 13
29251554775146496 1
29251730197712897 27
29254971430014976 25
29255276477554689 3
29256455995527168 2
29256538929500160 5
29257299906269184 2
29259665913151488 27
29260687704334336 25
29261940865892352 0
29262481184522240 1
29262698759856128 2
29263153892167681 25
29263176147140608 12
29263476715159553 27
29263670991126528 13
29263731053568000 2
29266440230019072 20
29266864873938944 0
29267269871734784 0
29272175030566912 13
29272545265975296 10
29272648764624896 20
29275053019369472 1
29277341330964480 1
29277466086342656 2
29277566439268352 15
29277801056043008 41
29278178451132416 1
29278582916251649 5
29279658964946944 22
29281084667596800 0
29282124716572673 1
29283019516813313 1
29283034075238400 2
29283663715762178 15
29285714403262464 13
29286944739434496 27
29286953627156480 3
29287792064339968 41
29289103866470400 1
29289771616436224 2
29290389810708480 1
29290573068247040 3
29292552209305600 1
29293919611133953 22
29294490275549184 4
29294970749849601 2
29297215990140928 16
29299895592554496 43
29300211947929600 2
29300432631234560 10
29301031120666624 13
29302423323414528 2
29303172388356096 5
29303621862559744 5
29305405138010112 2
29305604833017856 22
29306324906938368 27
29306705099624448 2
29307412297023488 16
29310054939238400 22
29311442557599744 12
29311598619262976 12
29311701673312256 1
29311751300317184 1
29312275479269376 21
29314381577723906 3
29314636050337792 1
29314641565847553 13
29315509799354368 9
29316453584867328 43
29320064947716096 2
29320241817325568 0
29321101733531648 25
29321310815387648 1
29323727535611905 1
29323783848329217 12
29325854488133632 13
29327276457857024 22
29327417629741056 5
29327826977030144 16
29327931427786752 12
29328192661618689 2
29329475531440129 22
29330291977883648 27
29331173427642368 13
29331910735958016 21
29331967497474048 2
29335042605977600 8
29336280995201024 20
29338126753202176 4
29338823653597184 3
29339489428045824 1
29340097937670144 20
29341103475916800 1
29341219486175232 12
29341940289904640 27
29342662498721792 11
29344909521588224 3
29347682497597440 1
29348720315203584 1
29350697359118337 16
29352089729634304 1
29353838351753217 2
29353925098344448 1
29354370453737473 16
29354563387523073 16
29354629007413248 9
29355599888125952 9
29355674039230464 14
29356159487967233 12
29356702981693440 11
29358297316327424 1
29359106275934208 10
29360570884956162 13
29361000377491456 12
29361168602636288 10
29362083367751681 2
29364039217840129 4
29367651801243648 20
29367743086075904 16
29368515894968320 2
29369814963191808 20
29369935687852032 0
29370043007500289 9
29371237864050689 2
29373310793949184 16
29373617028472832 9
29373860709142528 2
29374780612280321 0
29374874547912704 4
29375766793818113 3
29376703235100672 3
29376746486759424 0
29376866024427521 0
29377106878140417 2
29377314487799808 20
29377629832355840 0
29377651575627776 2
29378734347784193 4
29378827184504832 2
29379320292048896 43
29379848849858560 0
29379929242083328 12
29382130890964992 2
29382613344976897 0
29383227986677760 0
29385533499121665 14
29385989419966464 12
29386634248069120 0
29387692747788288 16
29387729661861888 10
29390531972825089 20
29391076510924800 10
29391931402358784 9
29392004358086656 9
29392044615008256 12
29392172935548928 1
29392648619954176 3
29393829845012480 1
29393905912905731 15
29394046883471360 16
29394719003910145 2
29395125557792768 20
29396791782805504 0
29397230024654848 1
29397858130075649 22
29399484085567488 10
29400947352403968 43
29401850142785536 12
29403913698414592 3
29404802370772992 0
29405551733510144 20
29406191079661568 20
29410053614206976 1
29412531344773120 12
29413932825321472 10
29417193758269440 12
29418121320206337 14
29418453752356865 11
29418788302622720 10
29418941566681088 43
29420719704117248 13
29421763876102146 13
29422588073607169 15
29422667366932480 22
29423124244074496 2
29424205585981440 2
29425694391930880 15
29427033297653760 12
29427913786920960 15
29428094217490432 3
29429262054334464 27
29430086130212865 3
29431560562282496 12
29431896442146817 43
29432310688391170 22
29433278888943616 2
29433614332592129 2
29434109830889472 8
29434736841588736 10
29436803878490112 12
29437469254492160 0
29437816727404544 9
29441565659238400 5
29442086180749312 0
29442450091147264 1
29443820294770688 2
29445578987413504 41
29447012155920384 12
29447130691145728 2
29447434786570241 20
29449234998628352 25
29450168357101568 43
29451123202981888 0
29454529678282752 4
29456912244285440 1
29460785918906368 2
29460827396378625 4
29461320667504640 3
29462246866292736 2
29462377116209152 2
29462722907217920 0
29463245546856448 0
29463557699538944 2
29463996230799360 0
29466565372018689 3
29467210300792832 41
29467337606307840 43
29469763075842049 43
29469928306245633 0
29470861052354560 0
29471048739065857 12
29476982622257152 2
29476995184205825 13
29479429189144576 1
29481716678660096 21
29482572392169473 3
29484939808350208 41
29485632304717824 0
29488481063407616 16
29488990407098368 0
29491383353999360 0
29492186055708672 3
29492612956160000 12
29493104444706816 13
29494391810818048 0
29496396902039552 1
29496629304229888 16
29498146396577793 0
29498314659471361 8
29498516329988096 12
29498744412045312 3
29499256096165888 0
29499681830604801 1
29502956738969601 1
29503307848355840 3
29504415798919170 4
29504669608841216 1
29506974437613568 3
29507293313769472 3
29509222337085440 1
29510639747604480 2
29513205877313536 0
29514405133684736 12
29514620972568577 3
29515408000163840 1
29516708800626688 1
29516843261624320 4
29517238008553473 12
29518120137793536 20
29520945555181568 27
29521175096852480 15
29521733983670274 25
29522709046099968 12
29524599578304512 1
29524604926033920 12
29525697491894272 3
29527121936261121 1
29528213755531265 25
29529500228263936 13
29530301344514048 43
29533665868382208 43
29534793855148033 12
29535294181085184 43
29536473149607936 53
29537133781843968 16
29540081047961602 9
29540259654012928 4
29540785812668417 9
29541128202096640 4
29541642675429376 8
29543284690915328 4
29544001833009152 4
29544749102792704 4
29544788994826240 4
29544990346575872 42
29545770474545154 4
29545782658994176 4
29546290585014274 4
29546625189810176 43
29546806463430656 5
29546810376720386 1
29547043429023744 2
29547345301479424 9
29547472200138752 2
29548970288087041 20
29549189025234945 4
29549210193887232 4
29549273586606080 4
29549304074997760 3
29549361918648320 15
29549382974046208 4
29549744053293056 4
29551012213690368 4
29551273996980224 3
29551299871645696 4
29551319312240640 4
29551337033179137 4
29551501537972224 1
29551756241276928 4
29552207099600896 22
29552418903556096 4
29552599313158144 4
29552720847310848 4
29552940691759104 1
29553089908318209 4
29553402820165633 4
29553812184236032 43
29554028815843328 4
29554549928759296 4
29554787393474560 4
29555033829801984 4
29555198468816896 13
29556043197456384 4
29557749993963522 9
29557934740475904 14
29558254828789760 4
29558284407017472 9
29558315142881281 4
29558389008764929 8
29558785567625217 4
29558795399073792 4
29558797357809664 9
29558893227016192 9
29559136538599424 4
29559477392900096 4
29559772608995328 4
29559836513406976 4
29559953379295232 15
29560038846627840 0
29560162062696449 4
29560443563413504 4
29560526166036480 4
29560614837813248 9
29560665794420736 4
29561025208520705 4
29561245891825664 4
29561661484433408 21
29561670661570560 9
29561687539453952 4
29561793160421376 11
29561849619943424 2
29562151593050112 4
29562272699387904 4
29562476559335424 4
29562697049710592 14
29563182779473920 2
29563292804448256 41
29563468457709568 9
29563563311894528 9
29564142490755073 9
29564334317244416 9
29564454236594176 9
29564664740319232 1
29564672332005377 4
29565007591116800 4
29565102738907136 3
29565469983768576 12
29566181853630466 3
29566246794035200 4
29566871443341312 4
29566903324254208 4
29567083746435073 4
29567320678465536 4
29567734865985536 4
29568332663361536 4
29568778559815680 4
29568894163222528 20
29569728729063424 4
29569972531372032 4
29570240769695744 4
29570360991023105 4
29570381123686400 20
29570422961872896 4
29570913141784576 2
29570991688519681 4
29571059577524224 22
29572476384055296 0
29572760653008896 4
29572800243040257 4
29573150907834368 13
29573451626844160 20
29574238285336576 4
29574765068951553 4
29575429509611520 12
29576023934763008 0
29576869535817728 2
29576989169950720 4
29577226227814400 5
29577506839339008 4
29577686108086272 4
29577827254800385 4
29578598998347777 3
29578813029486593 8
29579499209228288 1
29579580222214144 4
29579629861806080 2
29580472631689218 4
29581287262003202 2
29581474231492609 2
29582349108776960 2
29582409217347584 4
29582993177714688 9
29583847259639808 4
29583857741205504 4
29584371321151488 2
29584587608821760 4
29584884204838912 2
29585186899365888 5
29585781731360768 8
29585829366071297 4
29586261240979456 4
29586430565023744 0
29588051403472896 4
29588257599655936 4
29588761964707840 3
29588975958106113 2
29589718488326148 11
29590998380183552 4
29591063610007552 7
29591232598515713 4
29591502631997440 2
29591634073096192 43
29591998788800512 11
29593214549753856 4
29593467764080641 4
29593995650793472 0
29594595721478144 22
29594879080267776 4
29595502802636801 4
29595665151557632 9
29595695845478400 7
29596239066562560 4
29596302589300736 9
29596676607975425 4
29596816899047425 7
29596869017477120 4
29597394496655360 4
29597452319326208 0
29597810496110592 4
29598054659133442 4
29598665177829376 20
29599183350530048 3
29599260441837568 14
29599268759150593 8
29599277030318081 3
29599499252932608 7
29599650625363968 4
29599813435662336 8
29599968541016064 4
29600879954886656 4
29600983029907457 4
29601341303160833 21
29601874936074240 4
29601917139156992 4
29602019660533760 7
29602062153023488 2
29602145401569281 7
29602847783915520 10
29603137870364672 7
29603513705172992 21
29603699605118976 7
29603759118090240 4
29604188728074240 7
29604332601090048 7
29604868847050752 3
29605221294415872 7
29605381974007809 7
29605434390220800 7
29605916726788097 12
29606206976823297 4
29606415127547905 7
29606418566877184 7
29606637102702593 7
29606897057275904 4
29607190503362561 43
29607213706252288 7
29607812124377089 2
29607942009389056 4
29608545469075456 7
29609129211330560 1
29609239819325441 0
29609861318705153 7
29609975022096384 4
29610484609060864 7
29610644344934400 7
29610756999749632 7
29610815283793920 4
29610893926993920 4
29610900130373632 7
29610928903299072 7
29611197418442752 20
29611783794720768 4
29611896227233792 12
29612016519876608 2
29612419269525504 7
29612648744091649 12
29613127372898304 5
29613406227013632 20
29613737421840384 8
29615199631708161 7
29615296666931200 5
29615511243333632 4
29615950496006144 16
29616051847176192 7
29616966620676096 7
29617082194731009 13
29617792286203904 0
29617833742696448 7
29618823254507521 3
29619667924422656 2
29620957748396032 4
29620982062776320 7
29621049763045377 4
29621072722661376 7
29621073565712384 7
29621111599669248 4
29621272430256128 4
29621742011944960 1
29621747393232896 10
29621949403504641 4
29621986695057408 7
29622573750812672 2
29622817754447872 7
29623945313386496 4
29624481538379776 4
29625194561671168 21
29625717599764480 0
29626174858592256 14
29626342530088960 2
29626669606113280 4
29626957297618944 4
29627399503085568 4
29627688838766592 4
29627925611413504 5
29628012471255040 7
29628107568717824 43
29629278287040512 4
29629635817906176 12
29629928030863360 4
29630798625767425 7
29630987063271425 2
29631260305391616 7
29631879036534785 12
29631889320968192 25
29632035089813504 13
29634620702068736 4
29634699332685824 7
29635021144850432 4
29635195187499009 7
29636568536850436 14
29637500142100480 2
29637526532657154 4
29637571675951104 7
29637979966283776 12
29638079941705729 4
29640336099774464 4
29640617856344066 4
29641128936472576 4
29641344980877312 4
29642099909468160 7
29642299692556288 4
29642564055339008 4
29642946265485312 7
29643020705988608 8
29643884711649281 7
29644284449792000 3
29644659156324352 3
29646060792057856 0
29647050492616704 4
29647340759420929 4
29647530908196864 4
29648670563504128 4
29648841024208896 10
29649099301064704 4
29649212366917632 7
29650557811556352 3
29651554860531712 11
29651702625869824 2
29652571551440896 12
29652947444961281 11
29654031882256384 0
29654222127497216 12
29655015152951297 3
29655040394272768 16
29656022670909440 22
29656456781365248 43
29656497839415296 7
29656727611768832 8
29656748692348929 14
29657328542294016 3
29657409127448576 15
29658051833237504 41
29658208410796032 2
29659278520356865 1
29660413738090496 4
29661336879239169 7
29661394676752385 1
29661884764389376 4
29661960660328448 14
29662145364889600 0
29662937660530688 7
29663138731261952 10
29664641084821504 4
29664698353848320 13
29666432501424128 2
29667540510703619 0
29667576967593984 12
29667634018516993 4
29669512055881728 20
29669552937766912 4
29669786392731649 3
29670369258381312 4
29670909463756801 0
29671069405151232 7
29672218304712704 4
29674244312928256 6
29674954899333120 4
29675264728371200 12
29676481558880256 53
29676501125304320 14
29676981104680960 7
29677555330056192 20
29680363324309505 13
29680649380036609 22
29680787532029954 0
29681096245387264 43
29681908606574593 7
29684177121050626 6
29684761366630400 10
29685657500651520 20
29686042680365056 3
29686043330478080 3
29686311522664448 13
29686869818085376 2
29687259007553536 14
29687604597235712 7
29687851910168576 9
29688185005019136 7
29689223367892992 27
29689739560878080 8
29690351845384192 27
29692920055463936 0
29693706860756992 11
29693898129412098 3
29694510963367936 7
29694773816197120 3
29695117258399744 12
29695285814894592 7
29695343478185986 4
29696211258712064 42
29696941470257153 15
29697616262467584 16
29697622042214400 16
29697801243860992 43
29701100999282688 5
29701297317871617 14
29702854893641728 1
29702973026209792 8
29703263859249152 15
29705297664671744 12
29705357651615745 13
29706696691552257 1
29707160514469888 22
29708217516826624 7
29709934362890240 8
29712384855642114 12
29712843959967745 20
29713628508725248 2
29713699522482178 6
29714838418628608 7
29716088212168705 7
29716366118363136 8
29717543878926336 12
29717718437462016 3
29718777096572928 16
29719611595300864 43
29720077087547392 7
29720247393062913 16
29720925364559872 2
29722170087186432 22
29723135502716928 27
29723582753939456 27
29723801801465856 6
29724354489090048 3
29725927323738112 14
29725943555686400 0
29726027206893568 12
29726337899962368 7
29726446595346433 12
29727115012218880 14
29727204837425152 1
29727639866445824 12
29729687152369666 3
29729923488808960 12
29731573569949697 21
29731756131225600 11
29732073640042497 9
29732829050970112 20
29733746416553984 0
29734651887099904 2
29735404542369793 11
29736787173707776 7
29738513024942080 2
29739685408415745 22
29739750512394241 1
29740251769470976 43
29740631555317760 20
29740831803973632 3
29742734247989249 2
29742835490095104 22
29743437506936832 15
29744023577038851 1
29744502428147712 22
29746381514088448 6
29747308631433216 9
29747641034219520 1
29749337743433728 10
29750037760188416 8
29750994304770048 10
29751391337586688 1
29753054228119553 7
29754356584677377 27
29755403222908929 27
29756690916179968 0
29759913395752960 9
29760576792043520 3
29762750498480128 0
29763560905121792 6
29764200372895744 11
29765079624851457 10
29766707006406656 1
29768355124617218 21
29769479718178816 21
29770594270576641 25
29771509908111361 10
29775303513481216 43
29776164155301888 22
29778507861069824 20
29779261837541376 2
29779685860712449 2
29781878110167040 3
29783073931403265 16
29783111403307008 3
29784054542893056 3
29784257589153792 3
29787452214353920 14
29787963139297280 0
29789941277925376 6
29790192529309696 6
29795082232143873 0
29796903000477696 12
29802581299560448 22
29802949865639937 12
29803474820538369 27
29805486199013377 16
29807539596042240 15
29811282865557504 2
29811952289054721 13
29812340153131008 5
29816281410576384 10
29816837160046592 7
29817323913216000 1
29817437197180928 15
29818078351073280 2
29823099574681600 0
29824673671815168 8
29829052973977600 15
29829604780802048 12
29832119660318720 2
29835895813181440 13
29836714683924480 2
29837588248403968 27
29840302952947712 21
29844641842987008 3
29846231668752386 0
29847285055627264 20
29848912021950464 1
29850019083329536 0
29852246200029184 16
29853985930219520 6
29854698869620736 1
29855485028995072 20
29856377618833408 0
29857838096449536 2
29860294255710208 4
29860297460162560 0
29861059149955072 2
29863967606177792 2
29863973453037568 2
29865041629024256 2
29865300723761152 2
29866252864331776 2
29866256576282624 2
29866769262837760 2
29870623777890305 20
29870880108576768 3
29873644121362432 3
29873701256167424 7
29874737240870912 22
29876347409010688 2
29876855435694080 5
29878816281206784 5
29879906003324928 1
29880470950912000 5
29881513252225024 20
29881782203580416 7
29881885689643008 0
29883734643703808 1
29884189062987777 20
29885005362630656 10
29886962143854592 0
29887602710548480 1
29887625179435009 5
29889129990848512 6
29890537037242369 22
29891046645170177 7
29892346430619648 4
29892534008287232 6
29892632628957184 22
29893213850443776 27
29894770717368320 7
29895163560071168 3
29895343462154241 6
29896590613282816 9
29896683269656576 8
29896733693579264 13
29896951159853056 10
29897040926343168 0
29897192697233408 1
29897363770318848 0
29897763051282432 1
29898299192385538 3
29898964337696769 1
29899007908118528 1
29899866511515649 1
29899888217030656 1
29900173027049472 10
29900230732292096 16
29900659306266624 1
29901748629938177 1
29902271479287808 6
29902469320409088 20
29902740717047808 1
29902841330012160 27
29903210235822083 1
29903413542125569 0
29903671839948800 1
29903758779490304 5
29905485217927168 9
29905607339286528 12
29906021270953986 1
29906116062220290 6
29906333624958976 1
29906503271981056 25
29906997293879296 1
29907108707176448 13
29908397922983936 1
29908807836499968 1
29908923867734016 27
29908958084857856 53
29908982239854592 1
29909262767489024 12
29909266101968896 1
29909651365564416 1
29909930827841536 1
29910562850742272 1
29910567581913089 1
29910591149707264 10
29910681163661312 1
29910756409483266 1
29910800948797440 27
29910857743867905 1
29911103811100672 5
29911374503088128 21
29911466186375168 12
29912296008450048 10
29912424681312256 1
29913791437209601 1
29913987764195328 8
29914525234896897 7
29914542762889217 1
29914827342221313 1
29915570119905281 1
29915805172895745 10
29916158782078976 0
29916477377220608 1
29917417236860928 0
29918170810679297 1
29919335707320320 10
29919543019180032 25
29919664423305217 15
29919735382540288 9
29919964735479808 1
29921391146967040 1
29921460889849856 5
29921489213980672 1
29921652779253760 12
29922350656921600 1
29922787854385152 10
29922965202141185 6
29923025881145346 1
29923075621392387 1
29923152343601155 1
29923541772144641 1
29923754175893506 21
29924042723041281 6
29924423586811904 13
29925221569925120 3
29925252460969984 42
29925540970364928 1
29925827529416705 1
29926077681893376 2
29926990999986177 2
29927010822258688 1
29927029684051968 1
29927470941609985 8
29928027760627712 16
29928774757781504 12
29928878730387459 1
29928974628954114 1
29929132829708288 16
29929865545256960 1
29931459791822848 1
29931742685044737 6
29932246110568448 1
29932438171951104 8
29932532732526592 1
29932808952614912 3
29933002024812544 25
29933930039738368 6
29934157463293952 11
29934471260151808 6
29934479816523777 2
29934524682993664 6
29935111780700160 8
29935861109891072 2
29936272629829632 0
29936391567712256 1
29936456067719168 3
29936532865417216 3
29936831172710400 1
29936882334830592 2
29937130155278337 2
29937155568574464 1
29937185994051584 1
29937840850739200 1
29938994254979072 7
29939947347644418 10
29940184141266944 1
29940520516063232 27
29941525441937408 3
29941674264236032 1
29942015110160384 6
29942371579854848 13
29942593399820288 1
29942734030635008 7
29942866067329024 2
29944405947322368 7
29944510477770753 8
29945062523674625 6
29947258413776896 2
29947404203593728 1
29947768046886912 9
29948763707543552 7
29949320493015040 9
29950097202610177 27
29950309744779264 1
29950628679655424 1
29950724490133505 7
29950829746196480 20
29951707270090752 6
29951892234698752 25
29952377113022464 1
29952618084171776 14
29952644176936960 1
29952775488012288 1
29952781913694209 1
29953060205760512 0
29954269654286336 0
29954672672378880 12
29954885638164481 6
29955092178276352 8
29955096955588608 15
29955716676583426 6
29956594770907137 6
29957073382936576 4
29957578159038464 13
29957735441235969 1
29957866773282816 6
29959012724244480 6
29959763458527232 1
29961115022655489 15
29961878142722048 0
29962394386038784 27
29962873480413184 2
29962947937705984 1
29963221750251520 7
29963380718567424 1
29963747619512321 1
29963957057880067 7
29964149756788736 12
29964806458970112 7
29965172969840640 2
29965595789230080 15
29966258715758592 6
29966764259418112 7
29967133987311617 7
29968062279065600 11
29968099797110785 0
29968472767201280 6
29968696868864000 7
29969140395544576 7
29969261619318791 21
29969536539164673 6
29969560778051586 42
29970038337306624 6
29970359025401856 12
29970600042692609 1
29970743043297282 2
29970854871826433 2
29970886933090304 43
29971327473426432 1
29971370016243713 8
29971553881952256 1
29971638543982592 6
29972408785960960 22
29974270754947072 12
29976628511645697 7
29977398191595521 27
29978006919319552 3
29978784442613761 7
29978962599870465 1
29979186709925888 6
29979785870450690 7
29979787090984960 7
29980477968355328 7
29980635686772738 9
29980771821293569 1
29980992311656448 2
29981352543649792 11
29981750247563264 7
29982067924144128 14
29982416521142273 6
29982673552281602 2
29983067007356928 7
29983478363717633 1
29983766109757440 1
29983840793530368 1
29984725615513601 1
29984984123056128 2
29985566330191872 11
29985708722618368 1
29986568634634241 7
29986572824739841 0
29987499350687744 12
29987900749783041 6
29988033105240064 7
29988348554641408 6
29989922634997760 9
29990098707677184 11
29990212637560832 6
29990350961516545 0
29990983902961664 1
29991159749152770 41
29991643910242304 1
29992277275316225 7
29992682847735808 0
29992927153360897 1
29993056316948480 11
29993449017057281 7
29993695927336960 1
29995067955482624 7
29995290803044352 7
29996481968611328 7
29997573569777664 6
29997693933719553 1
29998052534124544 9
29998791792791552 27
30000430683529216 10
30000726482620418 1
30000795378257920 13
30000810200928256 20
30002352819798016 21
30002459317374976 8
30002622148644866 7
30004282195443712 3
30005448316821504 1
30006118478512129 8
30006256999604224 3
30007189145919488 12
30007910994022400 3
30008563728392192 7
30008888187158529 8
30008891647467520 9
30009328891076609 6
30009957734678529 2
30010242251104256 10
30010570367303680 11
30010571197775873 20
30011415892852736 41
30012275423186944 6
30013773049757697 0
30013912095137792 27
30013954906398720 7
30014370507395073 21
30014717997092864 16
30015564571217921 41
30015571043033088 7
30015603104284672 7
30016054197489664 2
30016732944924672 8
30016851715031040 1
30017319606427649 12
30018283402960896 6
30018304034738177 1
30018721376378881 7
30018781489139713 8
30020231271284736 16
30020862862168065 3
30021228290904064 6
30021375947177985 1
30022191554764802 3
30022330415587328 2
30022830624088064 7
30023844370579456 1
30024621822582784 0
30025465972396032 15
30025535761420289 1
30026246704340992 5
30026692252663808 6
30026776419766272 10
30027043655655424 8
30028088104456192 1
30028579458785280 1
30029777607860224 6
30029810507976707 12
30029905936781312 27
30029906716917760 41
30030351812268032 2
30030900846665728 5
30031559738265601 1
30031825472589827 15
30032342810628096 2
30032665637822464 16
30032743513464832 27
30033690314670081 0
30034234726940673 22
30035299383910401 6
30035396582707200 13
30036270692433920 8
30037191400890368 16
30037379448307712 12
30039074249113601 8
30040220187496448 27
30043083580112896 9
30043654965960705 14
30044028439363584 6
30044528048087041 27
30045171471089664 16
30045176936271873 16
30046182872977409 3
30046436179578881 1
30047760992436224 43
30048895966904320 5
30049849156050944 1
30050208213639168 1
30050959887433728 0
30051954050727936 1
30052152558747649 41
30052214336651266 10
30052868887158785 13
30053730267168768 4
30054633808330753 10
30054819175596032 13
30055029759021057 6
30055514381488128 25
30055652839653376 1
30056094067859456 10
30056132479287296 1
30058868079861760 3
30059853560938496 7
30060103956697088 1
30060880158785536 1
30062422576336896 2
30062538221686784 4
30063104272371712 8
30063339698655233 1
30064870233735169 8
30064964521697282 3
30065597966454784 27
30066056034779137 12
30067181584654336 27
30067612700381184 13
30067826060435456 7
30067834360963073 7
30069747622088705 4
30071138327470081 7
30071769100460032 27
30073810464018432 4
30074745030451200 7
30075063562670080 6
30075242592337920 12
30075264339804160 1
30076476434944003 10
30077168956473344 1
30078056517341186 11
30078388416806912 12
30082199986380800 27
30082294580510720 27
30082564710473728 27
30082793262288897 27
30083577085427713 12
30084233934409728 13
30084940368453632 14
30085531765317632 5
30085569992200192 27
30087830369734656 6
30087967800299520 6
30088243047301122 11
30088866102771712 27
30089000043675648 27
30089231133057024 0
30089466064404480 27
30089553725366272 0
30090420985794561 10
30091359255789568 10
30091502759710720 7
30092054042251264 2
30092449464459264 11
30092659175464960 4
30092859558330368 11
30093167172788224 11
30093435356577792 27
30093569540751360 7
30093892678324224 11
30094680389586944 11
30094802171199491 27
30095059768573953 1
30095105796874240 10
30095792811278336 8
30095980074377217 11
30096601695395841 8
30097279297781761 8
30097429839740928 7
30097913690456064 27
30098010864091136 10
30098088563572738 25
30098175503110144 20
30098281497362432 1
30098586972721152 27
30098736520630273 27
30099064997543936 8
30099312893501441 6
30099738275614720 9
30101530644316160 0
30101682566209536 7
30101705064456192 20
30102878777511936 5
30102989704269824 27
30103606875136000 27
30104014272069632 8
30105060742529024 1
30105160940265474 13
30106875533991937 1
30106968714645504 27
30109318141444098 1
30110157539123200 4
30111307600498689 11
30111920656748544 27
30111998276542464 9
30112643482124289 2
30113140213555201 12
30113223487266816 27
30113457042882560 27
30113778855055360 27
30115178284589056 3
30117229777387520 27
30117313898348544 21
30120295868137472 2
30121003757604865 27
30121100952215552 20
30121573998399489 2
30122759342264320 1
30123883717730304 10
30124685698015233 11
30125619333308416 1
30126067448553473 6
30127796827201537 12
30127871053799424 6
30129060491304962 20
30131071488102400 20
30133181982183424 12
30136419355725824 1
30136517234003968 8
30136519461175296 0
30136925230727168 6
30137431932010498 12
30137504334090240 5
30138904044634112 20
30140006722969600 20
30140350932713473 5
30140543900057600 43
30140639110762496 12
30141839524761600 1
30141947922358272 27
30142813622505472 22
30143061707202561 27
30144612324610048 5
30144626258083840 10
30144954164580352 1
30145973258817536 5
30146528110710784 3
30146625129160704 0
30146920135532544 0
30146947197177857 0
30147216362446848 5
30148085053136897 1
30148156909948929 27
30149086560657409 1
30149943758954498 1
30150397205159936 3
30150979655569408 27
30151108915625984 5
30152221719007232 20
30155463421071360 13
30156262612140032 10
30156364240130049 15
30157835434201089 1
30159528762810368 1
30162553262841857 1
30163860283465728 10
30164361624428544 5
30166204228308992 5
30166783797239808 5
30167063326629888 1
30171143117733889 5
30172275693068288 5
30172392424738816 3
30172846525251585 5
30173101094342657 5
30173229582655489 5
30173889518637057 2
30174694464299008 5
30175318723530753 3
30176624745906176 15
30178090084732928 0
30178149971001344 5
30178154253389824 1
30179590383075329 5
30179593696579584 1
30179680120213504 5
30180852956667904 5
30181238492897280 1
30181259464413184 1
30181261322485760 1
30181945539301376 5
30182630423003136 41
30183732333780992 3
30183931399639040 27
30184174069485569 11
30185132027551744 1
30185572010033152 12
30187870459273216 5
30188073790742528 42
30188238920491008 16
30188246860304384 20
30189430073458688 8
30190476850106369 10
30191539678347266 5
30194530934333441 42
30194947625852928 5
30195250039361536 5
30195703720448001 11
30195734397587456 5
30195992632496128 5
30197648455630848 1
30198105513140224 1
30198546422566912 5
30201090108555264 1
30202078395637760 5
30203004422463488 5
30203027998638080 5
30204964789821440 1
30205821816152064 12
30205882033766400 5
30206292555464705 13
30207328506613760 5
30209263733313536 15
30209514821128192 5
30209763061010432 2
30209944758255616 5
30213489180016640 5
30216730722701312 5
30217175910318080 1
30217648230891520 10
30218527092772864 5
30219282595979264 0
30219417262493696 43
30219468592386048 1
30219578076299264 22
30219793458008064 1
30220405885112320 5
30221423737835520 0
30222943480979456 10
30222946924503041 27
30223544906424320 1
30224456668418048 5
30224947863363584 5
30225127555727360 3
30225196061302784 9
30225639298568192 1
30225672072855552 5
30227252268503040 5
30229057178177536 15
30231086277591041 13
30231547399376896 15
30231673970884608 12
30231756779028480 5
30233366276087808 7
30234474604142592 10
30235602540564480 13
30236041789050880 1
30236884051435520 1
30236969338408960 5
30237749344735232 0
30240863992938496 3
30240936592154624 27
30241029483397120 13
30241666954698752 16
30241891786166273 11
30241993720332289 16
30242277993480192 27
30242320716664833 5
30242865485447168 14
30243858654691328 20
30245154598158337 6
30245741335154688 27
30246103811096576 13
30246786849312768 27
30247261657104384 27
30248740119908353 1
30249301665910784 7
30249363020189696 2
30249411535704065 20
30249635062751233 10
30251343092391936 6
30251634873335810 1
30252359724572672 7
30252424555921409 5
30254032589168641 1
30254811135873024 1
30254886801121280 8
30255228381036544 1
30255811091501056 1
30256937165651969 20
30257444508672000 20
30257918918000640 27
30259745067638784 11
30260511308255232 10
30261187492978688 6
30262198236348416 3
30262721979092992 1
30264116249624576 5
30264223292465152 7
30266211619049473 2
30266409938321408 12
30268814184677376 1
30271122431803392 16
30272609513897984 7
30272744067174400 5
30273369303683072 8
30274519411195904 3
30274668183166977 6
30275118093574144 27
30275282464153600 1
30276303584231425 10
30276712407240704 20
30276978678435840 20
30277006646054912 2
30277420942622720 6
30277535400988673 27
30278755226230785 27
30279411047600128 16
30279445751271424 1
30279515653545984 2
30279572930953216 16
30279900619345921 20
30280006311612416 3
30280080747921408 5
30280495124193280 25
30282297689251840 5
30282761939980288 2
30282776829759488 2
30282798283620353 2
30283047223955456 16
30283063699177472 6
30284070894174208 5
30284693416968192 10
30285015719870464 15
30285149287481344 1
30285155067236352 1
30285327859982336 27
30285763908206593 15
30286115457998849 16
30286442685014016 3
30286636432494593 1
30286890129162240 6
30286912686133248 1
30287088289058817 15
30287161899094016 21
30288715846787072 1
30288842204381184 11
30290348043407361 2
30290716475260929 3
30290882041225216 7
30292656965816320 43
30294049474744321 20
30294083331170304 16
30294939292139520 8
30295023958364160 53
30295306801254400 5
30297416687161344 27
30297740420321280 42
30298228616335360 16
30298754699497472 27
30299217419304960 1
30299819595534336 6
30303527939084289 12
30303893518819329 0
30304023416410112 3
30305888401104896 7
30306064587030528 27
30306370184019969 10
30306897550647296 0
30306965607415808 20
30307254150365184 7
30307642370949121 12
30307841604591616 9
30308171595649024 1
30308242710069248 10
30308676094926848 5
30309361721024512 3
30309789984628736 20
30309859220004864 11
30310592120102913 21
30310664287289344 12
30311489055232000 1
30311869868670977 1
30312146520776704 21
30312161397964801 1
30314389370306560 0
30314524003270656 2
30314993614323712 3
30315979753922560 1
30316304493707264 1
30317108462096384 22
30317312351412224 3
30317495017545729 5
30317567532863489 15
30317726136270848 5
30317913206431744 1
30318243478507520 5
30318347975397376 5
30318599885291521 2
30318891519447040 12
30319208176820224 1
30320833654161408 11
30323782577037313 27
30324895254585344 0
30325037932216320 1
30325151543332864 1
30326090954182656 21
30326405107552256 2
30327110438486017 5
30327223667920896 0
30327554120351744 6
30328228853846016 5
30329279422144512 5
30329435676741632 15
30329668477386752 1
30330100922716161 27
30330644261244928 25
30330694089580545 27
30331396039909376 27
30331697530667009 4
30331742611046400 3
30332237778001920 5
30332641186160640 16
30333108687470592 3
30334041655873536 14
30334316655415298 9
30335134557274112 0
30335360378609664 16
30336632099966976 16
30337914273538048 8
30341918521040896 5
30342472882196480 22
30343979849482240 0
30344159634132992 5
30344501788672001 1
30344561100324864 12
30344844010332160 20
30345391052423168 12
30346001420128256 41
30346926125752320 3
30349010376065024 0
30349124234641408 12
30349168828481536 11
30349244057526272 3
30349976752099328 8
30350155270062080 5
30350226606784512 27
30350599161643008 13
30351040977047552 0
30352981819920384 43
30354026755268608 8
30354467463372802 16
30354903104749568 1
30354952433967104 1
30355370538958850 12
30355575934033920 0
30356159202336768 7
30356287451566080 5
30356296486100993 20
30356559221493760 1
30358072098562048 5
30358150280380417 8
30358360507293696 4
30358431999205377 13
30358787344830464 0
30359830988324864 21
30360018473713664 1
30360091202953216 6
30360257209307136 3
30360271113424898 8
30360893862715392 3
30361012511186945 12
30361134234075136 3
30361362878169088 16
30363334750502913 3
30363602187722752 7
30363847143464961 12
30364148424515584 3
30365221067427840 3
30365345097187328 5
30365823444983809 12
30366467505528832 8
30367363798933504 3
30368004080410624 22
30369284123262976 1
30369426192728064 9
30369516349292544 0
30369843635036160 12
30369999617007617 16
30370115123945473 27
30370913199333376 6
30371615850106880 27
30371703578169344 12
30372021468667904 1
30372369704951808 5
30373175778869249 21
30375038867738624 12
30375048644665344 27
30376934647005184 21
30377350315114497 2
30377622064078848 5
30377942009774080 3
30377976881217536 1
30378781550055425 16
30381116489736193 5
30382527768166400 12
30382993356886017 22
30384057296617473 22
30384595740401664 13
30384640908853248 1
30385544127062016 6
30386385739317250 1
30386693102112769 6
30387072019730432 43
30387130903568385 6
30387479815131136 42
30387986306699264 15
30389268501241856 1
30389512999796736 1
30390248491982848 2
30390517741129728 1
30391135373361152 14
30393246936997888 2
30393441779195905 13
