624085298083803136 320
624085872674217984 290
624086313080369152 18
624086338246180865 318
624086380197617664 290
624086757705805825 290
624086766069288960 290
624086967387557889 234
624088062113501184 8
624090121520984064 14
624090192811421696 1
624090285111259136 1
624092503885639680 14
624093372098211840 14
624093627963146240 1
624093766383591424 134
624094827538284545 14
624094949173252096 1
624095918053142528 14
624096438126051328 319
624097297958174720 1
624097713215270912 14
624098187184205824 1
624098757580173313 15
624101383222898688 179
624101391624089604 15
624102033356902400 104
624102184360095744 14
624103685916893184 104
624106596730314752 139
624109411133485056 5
624111856416755713 1
624115425765240832 290
624118147856007168 1
624120177899212800 104
624121230669557760 318
624122111473418241 1
624122941945606144 1
624128126121971712 1
624128189024075776 318
624129355053010944 1
624129602487734272 9
624130281998565376 320
624133729712107520 324
624135277418692608 104
624136451819761664 1
624138645436563456 207
624139547182546944 11
624140419597643777 104
624140453177356288 104
624142835554500608 60
624144131577774080 179
624144198703255553 8
624145389868859392 290
624147134682501121 291
624148858575032321 1
624149424768458753 1
624150720816660480 319
624153984014622720 1
624154575382183936 104
624156282455363585 207
624157083571744768 1
624158413199642624 222
624159860205203456 290
624160111875895296 17
624162204816932864 14
624163807053643776 134
624163853174206464 324
624164092287168513 104
624164562024181760 1
624164780119425024 5
624164943731027968 320
624166311069757440 11
624168416581128192 268
624169603598385152 137
624171235157475328 55
624171717502627840 134
624172862539235328 135
624173793683107840 11
624176859710889985 1
624176981366714368 1
624178365487009792 179
624178424190402561 1
624180424877563904 207
624182010320269312 60
624182710794194944 1
624182828222148608 60
624183256024420352 320
624184703084425216 8
624185881692221441 8
624187261593251840 319
624188305987477504 5
624189862065733636 291
624189920798621698 222
624190008874766337 291
624190440871309312 104
624190549927432192 134
624190667388944386 135
624190805805109248 1
624191254595698688 78
624191808231317504 1
624192248628903936 1
624192760317239296 234
624192764524113920 207
624194823948349440 207
624195696338599936 234
624197277595357184 15
624198896621867009 1
624199156647755776 234
624199303439855616 1
624199961962524672 320
624200591082917888 221
624201052485619717 1
624202562439266304 1
624203254474350592 176
624203573232963584 324
624204542142320640 1
624208962938736640 1
624209529153040384 104
624210359646195712 14
624212242892861440 1
624213069158305792 179
624213375342526465 104
624215086635155456 60
624215812233109504 16
624216219072098304 1
624216286172557313 1
624217007605575680 1
624217431242727424 104
624217708062572546 1
624218152650600448 1
624218156828127232 1
624218307839827968 1
624218525947707392 291
624218559514845184 222
624221264819974146 1
624221696829034496 1
624221944288641028 1
624221998827356161 234
624222103697518592 291
624223299069833216 134
624224066606641157 78
624224452516184064 5
624224691578884097 234
624225882761248768 1
624226390246711298 1
624227061364883456 8
624227589842960384 8
624230181935263744 8
624230848829739009 1
624231729612619776 176
624232136468357120 1
624232820135841792 1
624233008862752768 176
624234267170594816 15
624234946647957504 60
624235563218964481 1
624235823261560833 15
624236003591651328 1
624236641142468608 1
624236662114123776 290
624236804737118208 318
624237018634166272 319
624237308020174848 290
624237408683429888 221
624237547112128514 134
624238054618738688 1
624238193030737920 290
624239572948381696 319
624239707161923584 1
624242047591972864 1
624243838551498753 137
624244778092363778 10
624244807465062400 207
624245038143242240 319
624246694889197569 221
624246791341379584 137
624247370189021184 104
624248360048967680 1
624248733304258560 234
624249077262352384 139
624249618302304256 222
624249752524226561 1
624249890965581824 207
624250092275527680 104
624250335553548288 1
624250394252845056 55
624252319471828992 320
624254148163211264 268
624254391420219392 104
624254966048403456 320
624255247091920896 104
624256601835315200 290
624257193253040131 104
624257503606341632 319
624257725908647937 1
624259051313057793 234
624259542038237184 1
624260603201368064 1
624260812924829697 1
624260833871163393 8
624261018429071360 319
624261114927443968 1
624261366564556800 1
624263753111085057 290
624264667481939968 1
624264680060620800 234
624265850279739392 8
624266076772270080 28
624266437474000896 8
624266844313157632 1
624267830003761153 7
624268027123638272 7
624268408817905665 5
624268584957689858 1
624268664645255168 234
624269302204600320 234
624269818103996416 8
624269901994270721 8
624270476601331712 5
624270757619761153 139
624271906850607104 234
624272015910924288 5
624272032663007232 133
624273743976771584 100
624274964494065665 1
624276814194704385 234
624277392983506948 207
624277497845272576 104
624277858551230465 234
624278496123187200 60
624279636961325056 1
624279716657283074 290
624279846651346944 222
624279859267772417 7
624280232539852802 8
624280245114404866 15
624280882673750016 1
624280886876471298 1
624281847367901185 1
624282036099006464 7
624284099683971073 1
624284363954458624 11
624285374752407552 234
624286075209547776 318
624287983630483456 14
624288751183917056 15
624289283856289792 1
624289543907373056 319
624289913010319360 319
624290449864441857 234
624291456522539009 290
624291909478010880 1
624294098913087488 15
624294174402215937 234
624294228932337664 319
624294258292445185 290
624294329616625664 1
624295088785629184 60
624295424325763074 15
624296879753428992 324
624297596983619584 8
624297819260719106 1
624297915733934082 1
624298809133264897 234
624299484416229376 1
624300004476325888 1
624301774501838848 234
624302286198583297 15
624302718199332864 319
624303062153330688 1
624303695484878848 104
624307025778839552 11
624307231262007300 1
624308875462754304 137
624310960006639616 1
624311303935365120 1
624311408788779008 324
624311492708450304 11
624312545457782784 78
624313984095645697 207
624314755868553216 290
624315842189115392 15
624317184353775616 104
624317373089103873 137
624317792540430336 15
624318874662481920 1
624319457674919936 15
624319835170717696 104
624321202517966848 15
624321714193723393 234
624322028787535872 104
624323605845794816 1
624324050429456384 104
624324243359055873 15
624324532770226180 134
624324729910919168 1
624327024220319745 15
624327502358384644 1
624327787562692609 1
624327879845777408 104
624327917590310913 104
624327959529132032 319
624330694202757121 4
624331734423744512 319
624334167120191488 134
624334355834474496 15
624335018555371520 234
624335064680173568 179
624335068891234304 319
624335094057046016 104
624335857399558144 234
624336734013272064 80
624337098917683200 15
624341880411545601 8
624343734323277824 318
624346137634304000 15
624346989094957056 60
624347114903089152 234
624348012488339456 1
624350134810218496 290
624350713645244421 1
624354333329461248 60
624357210626367488 290
624357927852208128 290
624358217255157760 1
624359047706333184 137
624359148361089024 318
624360243103830016 1
624360859637166080 1
624361107109580800 234
624361744668864512 60
624363535611486209 290
624363703408922624 1
624364429002543104 1
624364491904524288 290
624364907157262336 1
624365183981391872 1
624365985093566464 1
624366161266917377 234
624366727481024512 60
624368405190017025 14
624368782681735168 1
624368971429511168 291
624369462188244993 180
624369600583585792 1
624369772541558785 176
624371118900576260 1
624372599502598144 135
624372695992373248 80
624372704364228608 176
624373031519916032 179
624373035735347200 318
624373895538212864 319
624374596008046592 60
624375069943332865 1
624375099299250176 100
624375313208750080 1
624375321610092544 290
624375392904867840 1
624375506142646272 1
624375640381263876 1
624375950776643584 290
624376210798342144 1
624376340813348864 60
624376496023543808 290
624376772830695424 14
624377611720896512 1
624377737520648192 8
624377813030846464 268
624377964034195460 14
624377964042522624 1
624378077276147712 60
624378698008031232 1
624378706405007360 1
624378752567390209 1
624379813692862464 179
624380413478219776 15
624380912629874688 290
624381776648011778 1
624382389016379393 137
624382670034735104 55
624382720349749248 290
624382913321304064 1
624383022360608769 290
624383307564908544 290
624383349499400193 290
624383391446663168 104
624383420827856896 1
624383861225492481 290
624385006245277696 1
624385052386832384 1
624385396319887361 60
624385480201781248 1
624387443156979713 1
624388323952488448 290
624388579825983488 1
624389590640672768 290
624389771008323584 275
624395244541317122 290
624395605285163008 55
624395949184561152 55
624399136876572675 1
624399476590014464 1
624399845722337280 139
624400076375461889 290
624400453879656448 207
624400579691810816 15
624404467841146881 1
624404975360344064 1
624405117954072576 1
624406871164633088 11
624407286400692225 207
624407399630147584 234
624407487723249664 290
624407743571431424 1
624408595006902272 179
624409488431443968 1
624409790400303105 15
624412181157801985 1
624412411857014784 135
624412877403910144 14
624412919342567424 1
624414165055221760 9
624416136373882880 318
624416211871342592 55
624416983623331840 11
624417621165760512 104
624417784756338689 318
624417939937058816 320
624418787190833152 290
624418954946088960 207
624419743479529473 60
624419911268462592 78
624420695578136576 80
624421257610571776 179
624422004213485572 60
624422071334907904 290
624424239786029056 134
624425749714370561 268
624429126162759680 1
624429205854425088 1
624431055538405376 1
624431596603478016 207
624431751763464192 207
624432762603241472 291
624433714714443776 15
624433790212022273 290
624433861523570688 11
624434964612972544 290
624436847863824384 291
624438026446311424 55
624439016323186688 4
624439234397536256 104
624439968421642240 1
624440085853790208 351
624441147012743168 291
624444213057466368 318
624445144209694720 104
624446444439638017 1
624447572690604033 207
624448210237460480 1
624448478681407488 207
624448675788517376 275
624450173159272449 179
624450735187619840 135
624451880253562880 1
624455390877499392 1
624455663498846208 1
624458461108015105 14
624458817640665088 291
624459631327182848 1
624459744581828608 290
624463636883312640 291
624466304460812288 25
624466606450577409 320
624467155879235584 15
624467462088691712 1
624468300961951744 1
624468846221463552 291
624469206915018752 179
624469374682968064 15
624471966754340865 1
624474135238803456 18
624475263498342400 1
624477138331172864 60
624478144985198592 319
624479789156446210 104
624480900646998017 320
624482033109200896 1
624482041493635072 1
624482486072930304 324
624483656296452096 234
624486315493494784 104
624488177768660993 319
624490643998539776 27
624493852645269504 104
624499405903777792 234
624501570160447488 1
624501993789345792 55
624502610335170560 291
624503239501856768 1
624503902214426624 1
624504183220142080 5
624504854296145921 60
624505378605240320 1
624505793807818752 1
624505793841352704 15
624505827378884609 1
624507962292199424 319
624508637558538240 1
624510139110944768 78
624512311764647936 234
624513129662119936 60
624513955944374272 291
624514958378668032 55
624520478103744512 275
624523388925558784 55
624524018075369472 320
624525033101217792 275
624525951632822272 15
624526022944423936 290
624527058958467072 133
624532855465623552 291
624533002261889024 1
624533132297965568 1
624535166539542529 104
624536571618967553 320
624538207393349632 234
624538723309457408 291
624540182910496768 234
624540694632382464 104
624540744943030272 318
624540849821474819 291
624541835466158080 291
624543676786577408 291
624547170620952576 1
624547426469195776 291
624547946600730624 104
624548219222159360 291
624548714154205184 100
624548831561162756 291
624548974167355392 291
624549414573600768 234
624549624305463296 29
624549871748562944 291
624550177941135360 234
624551117494464516 234
624551201359724544 320
624551251682938880 291
624551771806015488 60
624551813732241409 104
624552791021875200 291
624554124806205440 60
624554665867227136 291
624555089496141824 291
624555261466808320 234
624556159035408384 1
624556704298971136 1
624556922394390528 1
624557534775390208 290
624557555730087936 1
624558226831360001 1
624559401232261120 133
624559757752463361 60
624559787087413248 60
624559820658618368 60
624559866804326400 60
624561074738741248 60
624561884268744704 291
624562190436036608 1
624562517575081984 134
624562668607672320 133
624562924439367683 134
624563218023845888 134
624564467938897920 1
624564967052865536 290
624565755590262784 291
624566288283648000 291
624566405694930946 60
624568205063921664 14
624568209266622465 318
624569022957359104 234
624569790498238464 133
624570310608732161 318
624570721633738754 1
624570910381621248 1
624571690551480320 15
624574295184908288 1
624574710425198592 1
624574764963594240 104
624575016609427456 134
624575406708928512 176
624575465416593409 324
624578753725898752 134
624580901238734848 291
624581626836598785 319
624581928834985984 1
624581983365165057 291
624582058866667520 1
624582142731911169 291
624583359075852289 1
624583875004641280 60
624584734815858688 80
624584923551297536 137
624585309456629760 290
624585334609686528 11
624585506588884992 290
624585770796494849 1
624586966173110272 1
624586966185676800 1
624587662452637697 318
624588014765887488 319
624588467771588608 8
624588799121625088 291
624589273040195584 291
624589486966632448 104
624590233544314880 0
624590657160478720 320
624591110183235584 134
624591873521291264 1
624592100030607360 60
624593270249631744 290
624593303778934784 324
624594838906744833 290
624595212208189442 4
624595530941730816 137
624595765835345921 1
624597523265536000 1
624598534088568832 290
624599624620179456 1
624600329238130688 1
624601235220357120 291
624604938765635584 1
624604947183595520 320
624606184507490304 134
624606624888418304 8
624607056914321408 7
624607979648606208 291
624607988024631296 1
624608524916518913 234
624608592029585408 290
624608847861186560 133
624609787410382848 1
624610043237806081 17
624611091822219265 7
624611871979499521 290
624612522067230720 104
624613239297474560 104
624613738432180224 291
624613809726951424 133
624617098057158657 291
624617991443906560 12
624618020804018176 234
624618507376857089 1
624619463678136321 60
624619971184738305 291
624621858587971585 78
624622500337446914 1
624622873609572352 104
624624081598418944 104
624624337446961153 291
624625079842816000 104
624625503463313408 318
624625692202807296 7
624625721563066368 11
624625746745540608 320
624625864148267008 1
624627126646493184 234
624627126667505664 234
624628238128709632 290
624628829538009088 1
624630385616420864 104
624630549194235904 55
624631128037699584 60
624631199336656896 1
624631534855823361 221
624632050772013056 48
624632180799463424 1
624633212585832448 290
624634051434053632 1
624635209070174208 320
624635347486535680 1
624635469117067264 100
624636542854627328 1
624636622542209024 1
624637029393936384 1
624637620816056320 8
624638254156001280 290
624638388369522688 320
624638551934656512 318
624639143344115712 8
624642595231133696 100
624643203417796608 1
624644050663153664 104
624644713358970880 18
624645342517006337 134
624645472536408064 320
624645669672878080 29
624646441403678720 234
624646516909719553 1
624647188023390208 234
624648320481275905 320
624648710534860800 1
624648974771879936 4
624649775913144320 100
624651650729410560 290
624653840168697856 1
624654171522764801 222
624655115258040322 222
624655194920333314 319
624655329159200768 1
624655387875241985 9
624655962507464704 9
624656981698191360 179
624657065575849984 1
624657451472846848 179
624658617506136064 275
624659124987412480 104
624659410221203460 176
624659703822462976 8
624659850597896194 234
624660718844035072 8
624660727207362560 1
624661540898127872 1
624662245570555908 25
624662841153441792 2
624663088630001664 1
624663608727859200 318
624663961032462337 1
624664141379313664 234
624665332548960256 1
624665416447569921 133
624667333257232384 1
624667786246246400 318
624668067235262464 234
624668558002421761 275
624669065508990976 1
624669417805189120 1
624670252471705600 1
624670386702172161 234
624670504163545088 291
624671586256330752 1
624671745677619200 234
624671758260436992 179
624672039241150464 234
624672953607847936 1
624673096222515201 319
624674601973489665 16
624675168217112576 290
624675692479913984 324
624676065793937408 318
624676938213363712 1
624677659612708865 11
624678548838744064 275
624679136024522752 319
624679232493322240 234
624679983269556224 290
624680536926257152 291
624681296078319616 14
624682306930917377 324
624685456848982016 4
624686115329409024 222
624686140528967680 13
624686174062247936 14
624686241179566080 104
624688560604475392 290
624689172972867585 1
624693296007262208 29
624693384087646209 275
624696815003107328 60
624698173987143680 8
624699541313339392 11
624701328078544896 291
624701516818083840 290
624702049503047680 137
624702095636201472 1
624702129182130176 60
624702175336230913 60
624702544413986818 1
624703299397283840 234
624703483976019968 104
624705744684736512 291
624706411574988800 291
624706570975182848 18
624706906523856896 14
624707208513609728 319
624708533917995008 318
624709414700777472 60
624709448246915073 290
624709620213264384 275
624710324885811200 207
624711750928044032 1
624712728201052160 324
624712728205230080 324
624712728205242368 324
624712887592992769 290
624712891791491072 116
624713403475464192 275
624714338822041600 48
624714695312830464 290
624715039279304704 290
624715651626614784 290
624715852944965632 234
624715890718834688 29
624716549207814144 290
624717841053417473 234
624718134675685376 15
624721062274695168 319
624723121690554368 60
624724048644194304 48
624724958808137728 1
624728775595458560 15
624729899685646336 290
624730344269287424 104
624730512037298176 1
624730759501336577 15
624730805642760193 1
624731560621813764 1
624731774548078593 2
624731996837814272 1
624732177201254400 290
624732584057028608 290
624733309659058176 1
624734228186435584 1
624734588904931328 290
624734802835456000 324
624734807021498368 290
624734832187318272 1
624735255803596800 1
624736295978405888 290
624736476371103744 319
624736610551083008 29
624736878999154688 324
624738871293685761 320
624738942596816896 1
624739081012928512 60
624739240413270016 1
624741668911230976 1
624741698258759680 100
624741928945364992 222
624742981736644608 1
624743275317055490 1
624743707338764288 319
624745070483259392 1
624745770919571456 1
624745942885904385 1
624747016648691712 60
624748149119168512 1
624748648203575296 1
624748664980770819 291
624749533231120384 207
624749583562752000 1
624749705189306368 8
624750061692432384 78
624750489528311808 207
624750858622902272 207
624751454209843200 290
624751504524750848 60
624752662152613888 290
624752750270750720 9
624752863483437056 15
624753240970694656 207
624753295496740864 207
624754184714326016 290
624754281179037697 1
624755585611862016 1
624757846341746688 4
624758613895049216 135
624760123827875840 290
624761734432034816 291
624762262914531328 291
624763584153845760 207
624764519458447361 134
624764909532790784 207
624765022787534848 1
624765345752989697 179
624765526091431937 290
624765584824238080 318
624765622589722624 1
624765723215327233 318
624766088119611392 1
624767115757645824 1
624767514220756992 1
624767568717328384 290
624768130762452993 290
624768558594048000 320
624769456145829888 290
624769732978176004 290
624769854617223168 290
624770194381017088 15
624770722846486528 11
624770739611267073 290
624771343603617793 1
624771431679655936 1
624771465242669056 290
624771557529796609 133
624773805668352000 1
624774455772991488 290
624775001053343744 320
624775823137079297 290
624776267708153856 1
624776460646117377 290
624776942990954496 1
624778222270414848 15
624778352298184704 1
624778486490771456 104
624779207923625984 1
624779358926823424 133
624779669275979777 290
624779702838931456 78
624781011486941184 137
624781200218017792 290
624781607044554752 1
624781988755472385 324
624782496241074177 1
624782978581987328 90
624784018807128064 1
624785776216125440 319
624787273561829376 133
624789458781470720 133
624789576234745856 78
624790327031918593 207
624793242077384706 60
624793288218783744 290
624794928166535168 207
624794961716707328 55
624795582482223104 1
624796513605062656 1
624797381821775873 4
624798778525003776 90
624799378318843904 1
624799890044948480 15
624800670181257218 1
624802826066264064 1
624803241277132801 290
624803648116256768 320
624803799119433729 1
624804621198864385 176
624805896275668993 1
624808198969671681 1
624809612420730880 133
624811361453895681 1
624811466324058112 1
624811902519087104 133
624815983593693184 1
624816126174740480 104
624816524662980608 1
624817304786767872 290
624818479191990272 320
624819120937304065 137
624819733301436416 221
624821394250039296 133
624821574571462656 134
624822186960785408 1
624824435099439104 268
624825278167060480 222
624829979977719808 134
624831355722010624 291
624832785941839872 319
624832794355613696 319
624832836298756100 234
624833935189639168 8
624837055776817153 15
624839140312489984 104
624839215822557184 15
624839333288112128 104
624840121817399296 60
624841036150538240 1
624841195538239488 1
624841782749085696 291
624842839697047552 234
624843691144785920 290
624844236396044288 1
624845582796877824 134
624848049051795456 291
624849185687347200 234
624851035358498816 7
624851882637287424 290
624852578879188992 324
624852968962064385 275
624853237372301312 275
624853451311349765 222
624854118205493248 275
624855682660085760 291
624855766558736384 275
624855829452300288 275
624858044074192896 275
624858782250725376 1
624859000367120384 48
624859197495201792 15
624859981825728512 1
624861487597756416 234
624861709883326464 275
624863828006830080 324
624866583681171456 78
624867145692766209 290
624869108648161280 1
624871272888016896 133
624871482594754560 133
624874678650191872 104
624874938730741760 15
624876025021886464 320
624876528355008512 319
624878428358078464 15
624878919091650561 60
624879292401459200 234
624881486014083072 319
624881511196663808 319
624881762859024384 275
624882064840638464 134
624882337487130624 1
624882983376261122 15
624884153620807680 11
624884963104567296 29
624886707935031296 275
624892152124981253 234
624892152145911808 116
624892407990063104 318
624892487694336002 275
624894266070933504 60
624895046219898880 1
624897600546705408 318
624900045834461184 15
624900599457402881 1
624901790643916800 15
624901966808793088 133
624904219141767168 290
624904487593975809 290
624906324707573760 234
624907016763482113 234
624907054516297728 1
624908925163433984 1
624910355429498881 234
624910732908302336 133
624910867113594880 290
624911865349435392 15
624913023010902016 291
624913908000669696 275
624914025449521152 1
624914025453727745 1
624914763651371008 234
624914847516340224 1
624915283732492288 179
624915778660270080 104
624916411987554304 1
624916885952458752 234
624917640910209024 1
624920304305831937 318
624920971200339968 133
624921168349237248 275
624922334365921280 133
624924314073219072 104
624925069031153664 319
624925186492661760 234
624926050498314240 1
624926834849812480 104
624927212320477184 1
624928097310109696 104
624929519187685376 139
624929670182494208 234
624930458715820032 1
624931847026438144 104
624933541525200896 1
624933629618192385 290
624933675759566848 104
624933763839950849 104
624934288119697409 1
624935424755171328 324
624935508641214465 234
624935827408224256 268
624935953241649152 13
624936452363788289 14
624936855050522624 179
624937249294168064 13
624937253496819713 324
624938700514799617 275
624940143355375616 234
624940365653487616 275
624941716244721664 234
624942626383470592 319
624942878045765633 275
624942878050029568 275
624943901447692288 290
624943905646190593 5
624943968556482561 18
624944291543171072 318
624944455129370624 318
624945071691988992 8
624946262865940480 15
624947273672228864 275
624947525347377154 290
624948808796012544 291
624949836421464064 319
624950197114773505 324
624950314542575616 234
624951010797207552 1
624951887423340544 318
624953670011088896 133
624954412398739462 104
624954424956481537 11
624954781480681472 5
624954869548453888 319
624955213493968896 234
624955314148913152 60
624956119467839488 234
624956127843713024 104
624956660554035201 319
624957298054692864 2
624957335803269120 137
624957914650923010 234
624958002710364161 234
624958610896859136 319
624958682170851329 7
624958766077730816 234
624959143581880320 1
624960108271902720 291
624960959690502145 1
624961169422336001 319
624961244915744768 60
624961723066380288 1
624962419329224704 133
624962582890151936 8
624962956191625216 234
624963908273508352 60
624963958642847744 234
624964780692901890 324
624965288212049920 133
624965548263129088 137
624967108531589120 60
624967150495621120 324
624967318280531968 320
624967486035914753 290
624968127747592192 291
624968916289220608 55
624970342365270016 234
624970501757247488 9
624972309489696768 290
624972649236721664 179
624973353858658304 291
624973521643397120 290
624973634897997824 13
624974821890347008 133
624975086114721792 1
624975258089619456 4
624975610415329280 1
624975753000689664 1
624976067598508032 290
624976713496203264 319
624978076670099456 1
624978361866170368 320
624979112629669888 1
624979435624599556 290
624979569834127360 1
624980651972825088 320
624980853295190016 290
624981104919842816 234
624981411112570880 1
624981809571311616 1
624982023472586752 48
624982585517551617 275
624984842065711104 60
624985769002827776 320
624985819338678272 179
624986008086556673 14
624986347833421824 234
624987035665858560 1
624987174094548992 275
624987333473910784 104
624987958421102592 1
624988243642163202 1
624988621133615104 5
624989652928307200 319
624990248540487680 1
624990684710223872 1
624992203065069568 1
624992727369916417 134
624993138382389248 11
624993272616878080 207
624993792706285568 104
624995298453155840 290
624995411724517377 1
624996162483847168 60
624996506416844800 1
624996883895857153 60
624997181716590592 291
624997252994482176 207
624998494533582848 234
624999031400464384 207
624999215962284032 60
624999484385296384 290
625000948184690688 290
625001661224886273 1
625001745119358976 234
625001791256719360 275
625002110011084801 291
625002617538760705 290
625003125032808448 7
625004425266892800 15
625005524166127616 275
625007310952374272 291
625007633926193152 1
625008099472965632 290
625008401454661633 1
625008883824619524 1
625008887989559297 290
625010666391273472 290
625011689797226496 1
625012713207562245 291
625012893554061313 3
625012910327095296 1
625013413668851712 134
625014424483561472 1
625014504171008000 318
625015779235237888 1
625016030906068992 290
625016093829144576 7
625017775744942080 1
625018736219557888 318
625019453475004416 275
625019893851754496 1
625021588350439424 1
625022024579051520 8
625022070691340288 290
625022204925870080 275
625022204942659585 15
625022511122530304 1
625022586607521792 14
625022888588881920 291
625025245783695362 15
625026873194643456 290
625027015771471872 290
625028295072063492 290
625029196838891520 1
625029586913357824 14
625029674968686592 104
625029830187319298 275
625030866180268032 275
625031218476617729 291
625031226869608450 1
625031805666639872 1
625032288015794177 134
625032799720972288 234
625033999317106688 290
625034292888899585 60
625034842351214592 1
625035345680273409 275
625035890952278017 134
625036503308107776 1
625036658497454080 290
625037711255146496 275
625037732218277888 1
625038789203918848 4
625038998910705664 1
625039091185414145 1
625041326740877312 8
625042215946072065 1
625043679745605632 1
625046678668640256 275
625047584651014144 134
625047777584611329 15
625047781783285760 104
625047987325128704 320
625048813607096320 15
625049774102724608 15
625050696828588032 291
625051783165947904 290
625052479403659264 221
625053037237633024 137
625054429754974208 291
625054752733294592 1
625056157833428992 18
625060243077263360 291
625061983721816064 290
625062394730053632 234
625062940018872320 234
625064617740476416 275
625065594983837696 275
625065687267024896 104
625066152822185984 290
625067746695360514 1
625068329703608320 60
625069831247630336 290
625070468765253636 290
625071760615063553 1
625071961971032064 275
625072331040362496 290
625072834365231104 275
625072926635765760 1
625074738591858689 104
625075631966003200 15
625078085629706240 1
625079171971035136 15
625080547686117376 1
625080614807429120 1
625082330290335744 234
625083076872310785 291
625083802470227968 1
625086335813033984 1
625087250196336641 234
625091176056627200 275
625092342094123008 60
625094447617814528 318
625094456023224320 318
625095009654734848 290
625095122900758528 290
625095177410093056 290
625095877888184320 290
625095965960196096 290
625096565749755904 319
625096800639135744 1
625096955803234305 1
625097261991743488 320
625098323154710529 275
625098356709281792 290
625098478331527168 15
625098637736079360 1
625098809702416384 7
625098935539888128 12
625099443021418496 1
625099644352233473 320
625099732428423168 290
625100231559000064 290
625100634195279872 104
625101116578131969 290
625101426935644161 18
625102924314746881 290
625103155001458688 15
625103356332244992 1
625103951894069248 134
625104211961872384 1
625104832701972481 290
625105075980140544 290
625105600263815168 1
625105839356047362 1
625107311539978240 1
625108045555589120 1
625108720842752000 275
625108838270824448 319
625110415341699073 14
625110696360067074 320
625110889272717312 60
625111455512297476 1
625112176924102656 1
625112265008635904 1
625112315369771008 320
625112428594925568 104
625112999037046784 9
625113242273218560 290
625113552655896580 207
625114827753549826 290
625115528189730818 290
625115595290353664 1
625115666593415168 320
625116014737510401 290
625116304140312576 60
625117482752282624 1
625117654718636032 291
625118069925371905 290
625118363547774976 1
625118871041785856 14
625119567321407489 11
625120372606767104 290
625120544594137088 291
625120712362082304 221
625121240840318976 290
625121681229619200 275
625122222278090752 290
625122352335077376 207
625123484772003841 104
625123610630340608 9
625124344629342208 275
625124344633556992 275
625125418375340032 234
625126487910391808 207
625128190793678848 290
625128526329610240 207
625128861882261504 1
625129503593996288 290
625130308925542401 275
625130837407698944 290
625131038717554689 290
625131814689107968 1
625132884202909696 290
625133840504332288 320
625134020867788801 290
625134905890967553 207
625136835249876992 275
625136864626896897 290
625137191770042369 320
625137967703683072 275
625138068371017729 290
625138391340974082 275
625138928195080192 1
625138991126306816 318
625140400429273088 290
625141004396589056 1
625143839733346304 290
625144473069187072 290
625145697818574848 1
625146243094679552 9
625146578613829632 290
625147719481470976 9
625148071811256320 55
625148310886584321 1
625148612838735873 100
625151565637095425 60
625151624374161408 1
625152857503698945 320
625155948693299200 1
625156246497157120 291
625158100371271680 290
625160465962790912 1
625160679868084226 319
625162516981641216 291
625163020294049792 290
625163825604485120 104
625165171988652032 275
625167550150610944 9
625167684359995392 318
625168607115386880 275
625168992966053889 275
625169907336876032 60
625170075117486080 275
625171681544417280 9
625172927235801088 324
625174525261385728 1
625176207190061056 275
625176236524834816 9
625177708729774081 275
625178748917272576 134
625178778298417152 275
625179097069563904 1
625179138987429888 291
625179378088067072 5
625180263086059522 5
625181257136242688 73
625181634598273024 1
625183945676619776 134
625184113457242112 320
625188257400107008 275
625190329398923264 5
625190622991781888 60
625191780653273088 60
625192757888446464 1
625192875345768448 134
625194280454356992 234
625194662102331392 324
625195941365157888 1
625196687963746305 1
625196872513138688 318
625198701229666304 1
625199938557706240 318
625202488694603776 275
625202757134323712 275
625203063301668864 55
625203193320898560 234
625207182129102848 137
625210080363999232 275
625212173334224896 1
625214178219962368 100
625214811564044288 290
625215927248793600 318
625216325690851328 104
625217370068398080 1
625217730782842880 15
625218200565886976 1
625218359949422592 104
625221535020613632 290
625223577667645440 104
625223980325208064 104
625227386079023104 104
625227797129117696 291
625228015207849984 1
625229751670566912 275
625229768439377920 275
625230473074053120 275
625231328733208576 1
625231425210421248 1
625232150812454912 176
625232956102156289 275
625235116189741057 275
625236038945009664 2
625236076676804608 275
625238748444274688 1
625239172077481984 7
625239406950096896 1
625239528576565249 275
625240740751249408 1
625241818691686400 275
625244758869417984 234
625244825999138817 318
625245664855748608 1
625247778797682688 290
625248496006905856 275
625249829782818816 133
625251180353032192 137
625251633371308032 319
625251637548810240 1
625252988123262976 1
625253139113865216 275
625254430938660864 275
625255378851205120 275
625255890585677824 104
625260403656818688 60
625261976520949760 319
625263083817046016 290
625265285814185984 179
625267345221484544 291
625270033783103488 9
625270058936201216 104
625271522723237888 234
625271707272613888 134
625272143484485632 9
625275012417724416 1
625277491226087425 291
625278573360885760 15
625279760369885184 179
625279991048183808 104
625280460801843201 1
625283447158747136 1
625285292661055488 275
625285829506822148 180
625288782321950720 8
625288849405689856 1
625288887167008768 207
625290745235283968 176
625290782967267328 14
625290858481319936 133
625290900407775232 234
625293580588986368 291
625293949704491008 234
625293953894518785 14
625294830499987456 78
625295375746727936 275
625296160102617088 179
625296436897402880 8
625297057650208768 134
625297921681059840 318
625298966071128064 90
625300304045703168 1
625301767878787073 133
625303760164655104 104
625303953098567680 1
625304678704783360 15
625307375658905600 275
625308009011519488 1
625309061781663744 275
625309212738981888 320
625309372130922496 104
625310143903854592 320
625311108572823552 320
625313390299234304 290
625313398658568192 290
625313398691987456 290
625313402882277376 290
625313407042985984 290
625313407051427840 290
625313411245690880 290
625313411262476288 290
625313415435825153 290
625313415440039937 290
625313415460978689 290
625313423857975296 290
625313428018757632 290
625313428035473409 290
625313436411502592 290
625313440610021376 290
625313444791775232 290
625313444800122880 290
625313444804304896 290
625313444825333760 290
625313444829491200 290
625313444829503488 290
625313448994279424 290
625313449019613189 290
625313453197127681 290
625313453197144064 290
625313453205536768 290
625313457395625984 290
625313457395630080 290
625313465792602112 290
625313469965991936 290
625313469974323201 290
625313469974335488 290
625313474168659968 290
625313474181083136 290
625313474185428992 290
625313482565681152 290
625313490954264577 290
625313495131754496 290
625313499347058688 290
625313507714691072 290
625313507714711552 290
625313507735662592 290
625313511925784577 290
625313520293384192 290
625313541298487297 290
625313549666025476 290
625313562265808896 290
625313566447542272 290
625313574815145984 290
625313579017736192 290
625313579026264064 290
625313583216377856 290
625313587402182656 290
625313587402285056 290
625313587406442496 290
625313587414761472 290
625313599993462784 290
625313600010260480 290
625313600014565376 290
625313612584910848 290
625313616791760896 290
625313616795971588 290
625313641936478208 290
625313646143389697 290
625313696458383361 290
625313755208007680 290
625313771976847360 290
625313801341022209 290
625313855833538560 290
625313906173583360 290
625313952315088896 290
625313981666869248 290
625313985881989120 290
625314032002596864 290
625314040412303360 290
625314069743054848 290
625314086545260544 290
625314145274101760 290
625314157823397888 290
625314166220423170 290
625314237548744704 290
625314354959908864 290
625314388510019584 290
625314682119815168 290
625314698901061633 290
625314749224513536 290
625314757625675776 268
625314761803051008 290
625314770200199168 290
625314782799724544 290
625314799572815872 290
625314803771408384 290
625314887632171008 290
625314933782220800 290
625314937968181248 290
625314950551052288 290
625314967349272576 290
625314967357624320 290
625315038635520004 179
625315055412903936 290
625315055442137088 290
625315084789805057 290
625315088996638720 290
625315114145685505 290
625315139328344064 290
625315223180832768 290
625315227375136768 290
625315294488080384 290
625315302885081088 290
625315332236967936 290
625315445487337472 290
625315617441218560 290
625316162738503680 290
625316242400768001 290
625316250789396480 290
625316301146300416 320
625316418586845185 290
625316460508934144 290
625316552804593664 290
625316565374775296 1
625316770887249921 290
625316838008881152 290
625316988986990593 14
625317043533799424 290
625317152564752384 290
625317169333673984 290
625317395842887680 290
625317421016985600 290
625317559429148672 290
625317584599150592 290
625317748181213184 290
625317802711351296 290
625317945317662721 290
625318092118327296 290
625318108882821120 290
625318423464120321 134
625318457001791488 290
625318733813313536 290
625318993868386304 290
625319132293132288 290
625319262316441600 320
625319568492392448 290
625319597835702272 290
625319920834756609 8
625320394753470464 290
625320482854670336 290
625320491260186624 290
625320516426039296 9
625320608683978752 290
625320671581720576 290
625320990361260033 319
625321233647824896 290
625321250408300545 290
625321271388049408 290
625321938274156544 290
625322387056128000 290
625322529662472192 290
625322634528620544 290
625322789709418496 290
625323330774675456 290
625323372709302272 15
625323574073643009 290
625323972532408322 18
625323976693272576 290
625324769425141760 290
625324878485409792 290
625325251770085376 290
625325390194540544 318
625325486642565120 290
625325515998666752 290
625325901903982592 290
625326107420684289 18
625326510057082881 290
625326623303315458 318
625326807873531904 290
625326933677613056 290
625327185344262144 275
625327223084597248 290
625327424440528897 18
625327478966460416 290
625327520884391936 290
625327550269538304 290
625327671883509760 290
625328099710926848 290
625328108112117761 18
625328758199693312 290
625328938567360512 290
625329102128607232 290
625329118922543108 290
625329144084107266 18
625329412507086848 1
625329508980273152 290
625330029086547968 176
625330050079064064 18
625330104579682304 18
625330599524483072 290
625331086046965760 18
625331270587916288 1
625331362862637056 290
625331505464782848 320
625331652269445120 290
625331790689861632 290
625332210112024576 290
625332486957101057 290
625332562433589249 290
625332616955301888 290
625333032208199680 290
625333111899852800 290
625333204170338305 133
625333250311987200 290
625333497775935488 290
625333690734764032 290
625334303103303680 290
625334378588209152 290
625334521198612483 133
625334785427148802 60
625334789609013248 134
625334818994139136 179
625335188101447680 290
625335209060229121 290
625335246817329152 18
625335318087081986 7
625335414556131328 290
625335418767167488 8
625335687210889216 290
625335733323108353 290
625336068888489985 290
625336165370040320 90
625336521881743360 290
625336677041614848 290
625336857430216704 290
625336886773587968 18
625336890980483073 290
625336924513902592 29
625337339754098688 290
625337369122619394 290
625337406867308544 133
625338434480017408 290
625338719701053440 290
625338887469178880 290
625339600505020421 290
625339613071179776 290
625339793409507329 290
625340170909425664 290
625340246402723840 290
625341957695520768 290
625342331001028608 290
625342477801795584 8
625342528133447680 1
625342930778075136 290
625342972729651200 290
625343056611512321 1
625343119513358337 290
625343161452396545 1
625343438297272320 290
625343505393709061 290
625343811586236417 290
625344214218379264 1
625344679786078208 290
625345048910168064 290
625345459926773761 290
625345476716408832 1
625345560581681153 60
625345665435049984 290
625345669633413120 290
625345854199726080 290
625346776934051840 290
625346936321777665 15
625346999227957248 55
625347435435552768 290
625347716466503680 290
625348085573636096 290
625348223981359104 290
625348941194903552 290
625349117376598016 1
625349276751765504 290
625349431957655552 275
625349520004673536 290
625349671016267776 291
625349683599306752 290
625349700368093188 290
625349985589026816 291
625350245648433152 290
625350631503495168 275
625350988040400896 290
625351382288109569 1
625351432624054273 11
625351436797263872 1
625352154052608000 290
625352330217521152 290
625352401503936513 290
625352510551785476 14
625353672373878784 275
625353760445825024 290
625353894676328448 290
625354431543025664 290
625354486085734402 1
625354548987699200 290
625354867763232768 290
625354926462349312 60
625355001972531200 290
625355413014319104 290
625355442374340608 290
625355572385153024 290
625355643721924608 291
625355740157448193 290
625356184766189568 1
625357430482821120 17
625358692976824320 290
625361029179047936 290
625361842903379968 290
625361876420050944 290
625362132289363968 16
625362639816945665 290
625362677548871680 78
625362899834413056 290
625363487057809408 290
625363587700146176 18
625363705136414720 290
625363772253671424 1
625364032304848896 290
625364997019799553 134
625365013780373504 234
625365118625415168 290
625365579994689536 290
625365991061479425 290
625368096572751872 104
625368167901200385 290
625368180483993600 290
625368616695894016 290
625368864168148992 1
625369229068517376 133
625370109863923712 291
625370185373908996 291
625371426867007488 234
625371795961413632 290
625371984722010112 290
625372567734390784 234
625372974581985280 290
625373712758538241 290
625373867964395520 207
625373943441002496 290
625374358685376513 290
625374618753347584 1
625375071717031936 104
625375243696254976 290
625376057374412800 290
625378238425092097 290
625378372621697024 290
625378515253243909 290
625378817226485760 290
625379844826755073 207
625380046157426689 1
625380578859225088 290
625381040194846720 290
625381468034838528 290
625382348838690816 290
625382952831184897 234
625383259015245824 290
625384542438731776 290
625386404709732352 290
625386476012879872 275
625386786424918016 1
625386895481028610 290
625387059021283328 290
625387486861242370 1
625387537180327936 14
625387616880300032 290
625387633640873984 290
625388128577134592 1
625388426368524297 290
625388476725362692 9
625388501895352320 9
625388715783753728 9
625389147809820672 290
625389277841522688 18
625389609195827200 134
625389852431921152 1
625389961508859904 9
625390745831108608 9
625391333025316864 1
625392041858498560 290
625392138340147200 8
625392444545335297 290
625393161767124992 9
625393312728420352 290
625393895749193728 291
625394948507103233 9
625395309217193984 290
625395875456528384 134
625396257138307072 290
625396684965568512 7
625396819170701312 222
625397288953868288 1
625399004403236866 290
625399126038085634 290
625399214114127873 9
625399230912425984 319
625399398680281088 290
625399407081619456 104
625400153676103680 290
625400426272133120 134
625400656984195072 18
625400791210266624 290
625400942196883456 1
625401223190040577 290
625402179503796225 11
625403332937523200 320
625403366512951296 104
625403655911555072 290
625404092119183360 1
625404415076380674 290
625404482168328193 15
625404792567898116 1
625404960323301376 290
625406126364979200 290
625406344443658240 290
625407183312789504 137
625407581767516164 7
625407753754800128 14
625408068294209536 1
625408454170165248 290
625408793925525504 290
625409314010742784 290
625409859266215936 290
625410442278506496 290
625412531058835456 290
625412891760574464 319
625413306984079365 290
625413428623110144 290
625414217177374724 290
625414770825523200 290
625416368825827329 1
625416456902041600 290
625416528201027584 222
625416935048478720 1
625417056708460544 18
625417593579397121 290
625417778128928768 290
625418067523153921 1
625418709243445248 268
625418830890676225 9
625418864453681152 1
625418948322832384 9
625419107731701765 290
625420458289049600 290
625420475070607360 290
