624085298083803136 35
624085872674217984 159
624086313080369152 30
624086338246180865 118
624086380197617664 159
624086757705805825 35
624086766069288960 35
624086967387557889 187
624088062113501184 23
624090121520984064 172
624090192811421696 18
624090285111259136 6
624092503885639680 172
624093372098211840 172
624093627963146240 6
624093766383591424 95
624094827538284545 11
624094949173252096 18
624095918053142528 11
624096438126051328 171
624097297958174720 18
624097713215270912 172
624098187184205824 6
624098757580173313 14
624101383222898688 150
624101391624089604 13
624102033356902400 56
624102184360095744 172
624103685916893184 56
624106596730314752 62
624109411133485056 13
624111856416755713 6
624115425765240832 159
624118147856007168 18
624120177899212800 56
624121230669557760 136
624122111473418241 18
624122941945606144 18
624128126121971712 18
624128189024075776 189
624129355053010944 6
624129602487734272 18
624130281998565376 11
624133729712107520 189
624135277418692608 0
624136451819761664 18
624138645436563456 41
624139547182546944 3
624140419597643777 0
624140453177356288 0
624142835554500608 172
624144131577774080 132
624144198703255553 12
624145389868859392 35
624147134682501121 118
624148858575032321 6
624149424768458753 18
624150720816660480 1
624153984014622720 18
624154575382183936 0
624156282455363585 41
624157083571744768 18
624158413199642624 13
624159860205203456 159
624160111875895296 14
624162204816932864 172
624163807053643776 171
624163853174206464 189
624164092287168513 0
624164562024181760 18
624164780119425024 13
624164943731027968 10
624166311069757440 3
624168416581128192 18
624169603598385152 108
624171235157475328 17
624171717502627840 95
624172862539235328 16
624173793683107840 3
624176859710889985 18
624176981366714368 18
624178365487009792 132
624178424190402561 18
624180424877563904 41
624182010320269312 189
624182710794194944 18
624182828222148608 189
624183256024420352 35
624184703084425216 189
624185881692221441 189
624187261593251840 8
624188305987477504 132
624189862065733636 173
624189920798621698 13
624190008874766337 173
624190440871309312 0
624190549927432192 23
624190667388944386 92
624190805805109248 18
624191254595698688 198
624191808231317504 18
624192248628903936 18
624192760317239296 12
624192764524113920 41
624194823948349440 41
624195696338599936 12
624197277595357184 11
624198896621867009 18
624199156647755776 187
624199303439855616 16
624199961962524672 17
624200591082917888 4
624201052485619717 18
624202562439266304 18
624203254474350592 18
624203573232963584 132
624204542142320640 18
624208962938736640 18
624209529153040384 0
624210359646195712 172
624212242892861440 6
624213069158305792 132
624213375342526465 0
624215086635155456 172
624215812233109504 23
624216219072098304 18
624216286172557313 18
624217007605575680 18
624217431242727424 0
624217708062572546 6
624218152650600448 18
624218156828127232 18
624218307839827968 18
624218525947707392 118
624218559514845184 13
624221264819974146 18
624221696829034496 18
624221944288641028 18
624221998827356161 187
624222103697518592 173
624223299069833216 23
624224066606641157 160
624224452516184064 95
624224691578884097 187
624225882761248768 18
624226390246711298 18
624227061364883456 189
624227589842960384 12
624230181935263744 14
624230848829739009 18
624231729612619776 6
624232136468357120 18
624232820135841792 18
624233008862752768 6
624234267170594816 14
624234946647957504 92
624235563218964481 18
624235823261560833 14
624236003591651328 18
624236641142468608 18
624236662114123776 159
624236804737118208 136
624237018634166272 8
624237308020174848 159
624237408683429888 95
624237547112128514 95
624238054618738688 18
624238193030737920 159
624239572948381696 62
624239707161923584 18
624242047591972864 18
624243838551498753 22
624244778092363778 189
624244807465062400 41
624245038143242240 102
624246694889197569 4
624246791341379584 108
624247370189021184 98
624248360048967680 18
624248733304258560 12
624249077262352384 171
624249618302304256 13
624249752524226561 18
624249890965581824 41
624250092275527680 98
624250335553548288 6
624250394252845056 17
624252319471828992 35
624254148163211264 0
624254391420219392 0
624254966048403456 35
624255247091920896 56
624256601835315200 159
624257193253040131 0
624257503606341632 171
624257725908647937 18
624259051313057793 187
624259542038237184 18
624260603201368064 18
624260812924829697 18
624260833871163393 189
624261018429071360 171
624261114927443968 18
624261366564556800 11
624263753111085057 159
624264667481939968 18
624264680060620800 12
624265850279739392 12
624266076772270080 92
624266437474000896 14
624266844313157632 18
624267830003761153 187
624268027123638272 187
624268408817905665 13
624268584957689858 18
624268664645255168 187
624269302204600320 187
624269818103996416 12
624269901994270721 12
624270476601331712 13
624270757619761153 111
624271906850607104 187
624272015910924288 13
624272032663007232 160
624273743976771584 79
624274964494065665 18
624276814194704385 12
624277392983506948 41
624277497845272576 98
624277858551230465 187
624278496123187200 189
624279636961325056 18
624279716657283074 35
624279846651346944 3
624279859267772417 187
624280232539852802 189
624280245114404866 14
624280882673750016 18
624280886876471298 18
624281847367901185 18
624282036099006464 187
624284099683971073 18
624284363954458624 3
624285374752407552 187
624286075209547776 136
624287983630483456 172
624288751183917056 14
624289283856289792 18
624289543907373056 118
624289913010319360 171
624290449864441857 187
624291456522539009 159
624291909478010880 18
624294098913087488 14
624294174402215937 187
624294228932337664 198
624294258292445185 159
624294329616625664 18
624295088785629184 189
624295424325763074 189
624296879753428992 189
624297596983619584 12
624297819260719106 18
624297915733934082 18
624298809133264897 187
624299484416229376 18
624300004476325888 18
624301774501838848 187
624302286198583297 14
624302718199332864 11
624303062153330688 16
624303695484878848 98
624307025778839552 3
624307231262007300 18
624308875462754304 38
624310960006639616 18
624311303935365120 18
624311408788779008 11
624311492708450304 3
624312545457782784 12
624313984095645697 10
624314755868553216 159
624315842189115392 62
624317184353775616 98
624317373089103873 108
624317792540430336 14
624318874662481920 18
624319457674919936 14
624319835170717696 98
624321202517966848 189
624321714193723393 187
624322028787535872 56
624323605845794816 18
624324050429456384 56
624324243359055873 14
624324532770226180 95
624324729910919168 18
624327024220319745 14
624327502358384644 18
624327787562692609 18
624327879845777408 0
624327917590310913 0
624327959529132032 8
624330694202757121 23
624331734423744512 171
624334167120191488 95
624334355834474496 189
624335018555371520 12
624335064680173568 132
624335068891234304 23
624335094057046016 98
624335857399558144 12
624336734013272064 189
624337098917683200 14
624341880411545601 23
624343734323277824 16
624346137634304000 14
624346989094957056 172
624347114903089152 187
624348012488339456 18
624350134810218496 159
624350713645244421 18
624354333329461248 172
624357210626367488 159
624357927852208128 159
624358217255157760 18
624359047706333184 108
624359148361089024 136
624360243103830016 18
624360859637166080 18
624361107109580800 187
624361744668864512 189
624363535611486209 159
624363703408922624 18
624364429002543104 18
624364491904524288 159
624364907157262336 18
624365183981391872 18
624365985093566464 18
624366161266917377 187
624366727481024512 189
624368405190017025 172
624368782681735168 18
624368971429511168 118
624369462188244993 17
624369600583585792 18
624369772541558785 18
624371118900576260 18
624372599502598144 17
624372695992373248 62
624372704364228608 18
624373031519916032 132
624373035735347200 136
624373895538212864 171
624374596008046592 189
624375069943332865 18
624375099299250176 1
624375313208750080 18
624375321610092544 159
624375392904867840 18
624375506142646272 18
624375640381263876 18
624375950776643584 159
624376210798342144 18
624376340813348864 189
624376496023543808 159
624376772830695424 172
624377611720896512 18
624377737520648192 189
624377813030846464 41
624377964034195460 172
624377964042522624 18
624378077276147712 189
624378698008031232 18
624378706405007360 18
624378752567390209 18
624379813692862464 132
624380413478219776 14
624380912629874688 159
624381776648011778 18
624382389016379393 108
624382670034735104 17
624382720349749248 159
624382913321304064 18
624383022360608769 159
624383307564908544 159
624383349499400193 159
624383391446663168 56
624383420827856896 18
624383861225492481 35
624385006245277696 18
624385052386832384 18
624385396319887361 189
624385480201781248 18
624387443156979713 18
624388323952488448 159
624388579825983488 18
624389590640672768 159
624389771008323584 132
624395244541317122 159
624395605285163008 17
624395949184561152 17
624399136876572675 23
624399476590014464 18
624399845722337280 111
624400076375461889 159
624400453879656448 41
624400579691810816 23
624404467841146881 18
624404975360344064 18
624405117954072576 18
624406871164633088 3
624407286400692225 41
624407399630147584 12
624407487723249664 159
624407743571431424 18
624408595006902272 60
624409488431443968 18
624409790400303105 14
624412181157801985 18
624412411857014784 118
624412877403910144 172
624412919342567424 18
624414165055221760 18
624416136373882880 118
624416211871342592 41
624416983623331840 3
624417621165760512 0
624417784756338689 136
624417939937058816 35
624418787190833152 159
624418954946088960 41
624419743479529473 8
624419911268462592 13
624420695578136576 126
624421257610571776 132
624422004213485572 172
624422071334907904 159
624424239786029056 102
624425749714370561 41
624429126162759680 18
624429205854425088 18
624431055538405376 18
624431596603478016 41
624431751763464192 41
624432762603241472 118
624433714714443776 14
624433790212022273 159
624433861523570688 3
624434964612972544 159
624436847863824384 118
624438026446311424 10
624439016323186688 132
624439234397536256 0
624439968421642240 18
624440085853790208 198
624441147012743168 173
624444213057466368 136
624445144209694720 0
624446444439638017 18
624447572690604033 41
624448210237460480 18
624448478681407488 41
624448675788517376 187
624450173159272449 132
624450735187619840 118
624451880253562880 18
624455390877499392 18
624455663498846208 18
624458461108015105 172
624458817640665088 173
624459631327182848 16
624459744581828608 159
624463636883312640 118
624466304460812288 99
624466606450577409 35
624467155879235584 11
624467462088691712 6
624468300961951744 18
624468846221463552 118
624469206915018752 132
624469374682968064 14
624471966754340865 18
624474135238803456 79
624475263498342400 18
624477138331172864 189
624478144985198592 12
624479789156446210 0
624480900646998017 35
624482033109200896 18
624482041493635072 18
624482486072930304 189
624483656296452096 12
624486315493494784 0
624488177768660993 12
624490643998539776 95
624493852645269504 0
624499405903777792 12
624501570160447488 6
624501993789345792 17
624502610335170560 173
624503239501856768 18
624503902214426624 18
624504183220142080 92
624504854296145921 189
624505378605240320 18
624505793807818752 18
624505793841352704 11
624505827378884609 18
624507962292199424 38
624508637558538240 18
624510139110944768 92
624512311764647936 12
624513129662119936 189
624513955944374272 118
624514958378668032 17
624520478103744512 188
624523388925558784 17
624524018075369472 16
624525033101217792 187
624525951632822272 14
624526022944423936 159
624527058958467072 160
624532855465623552 173
624533002261889024 16
624533132297965568 18
624535166539542529 0
624536571618967553 189
624538207393349632 118
624538723309457408 118
624540182910496768 118
624540694632382464 0
624540744943030272 136
624540849821474819 118
624541835466158080 118
624543676786577408 118
624547170620952576 18
624547426469195776 118
624547946600730624 0
624548219222159360 118
624548714154205184 22
624548831561162756 118
624548974167355392 118
624549414573600768 12
624549624305463296 60
624549871748562944 118
624550177941135360 12
624551117494464516 118
624551201359724544 13
624551251682938880 118
624551771806015488 189
624551813732241409 0
624552791021875200 118
624554124806205440 172
624554665867227136 118
624555089496141824 118
624555261466808320 102
624556159035408384 18
624556704298971136 18
624556922394390528 18
624557534775390208 159
624557555730087936 18
624558226831360001 18
624559401232261120 160
624559757752463361 12
624559787087413248 12
624559820658618368 12
624559866804326400 12
624561074738741248 12
624561884268744704 118
624562190436036608 18
624562517575081984 95
624562668607672320 160
624562924439367683 95
624563218023845888 95
624564467938897920 6
624564967052865536 159
624565755590262784 118
624566288283648000 118
624566405694930946 11
624568205063921664 172
624568209266622465 136
624569022957359104 12
624569790498238464 160
624570310608732161 136
624570721633738754 18
624570910381621248 18
624571690551480320 14
624574295184908288 18
624574710425198592 18
624574764963594240 0
624575016609427456 95
624575406708928512 23
624575465416593409 102
624578753725898752 95
624580901238734848 118
624581626836598785 38
624581928834985984 18
624581983365165057 118
624582058866667520 18
624582142731911169 118
624583359075852289 18
624583875004641280 12
624584734815858688 62
624584923551297536 136
624585309456629760 159
624585334609686528 3
624585506588884992 159
624585770796494849 18
624586966173110272 18
624586966185676800 18
624587662452637697 136
624588014765887488 65
624588467771588608 11
624588799121625088 118
624589273040195584 118
624589486966632448 0
624590233544314880 3
624590657160478720 35
624591110183235584 95
624591873521291264 18
624592100030607360 12
624593270249631744 159
624593303778934784 172
624594838906744833 159
624595212208189442 102
624595530941730816 108
624595765835345921 18
624597523265536000 18
624598534088568832 159
624599624620179456 18
624600329238130688 18
624601235220357120 118
624604938765635584 18
624604947183595520 35
624606184507490304 95
624606624888418304 14
624607056914321408 16
624607979648606208 173
624607988024631296 23
624608524916518913 12
624608592029585408 159
624608847861186560 160
624609787410382848 18
624610043237806081 16
624611091822219265 187
624611871979499521 159
624612522067230720 0
624613239297474560 0
624613738432180224 118
624613809726951424 160
624617098057158657 173
624617991443906560 10
624618020804018176 187
624618507376857089 18
624619463678136321 172
624619971184738305 118
624621858587971585 160
624622500337446914 18
624622873609572352 0
624624081598418944 0
624624337446961153 173
624625079842816000 0
624625503463313408 17
624625692202807296 187
624625721563066368 3
624625746745540608 35
624625864148267008 18
624627126646493184 187
624627126667505664 187
624628238128709632 159
624628829538009088 18
624630385616420864 0
624630549194235904 132
624631128037699584 12
624631199336656896 18
624631534855823361 8
624632050772013056 38
624632180799463424 18
624633212585832448 159
624634051434053632 18
624635209070174208 35
624635347486535680 18
624635469117067264 136
624636542854627328 18
624636622542209024 18
624637029393936384 18
624637620816056320 12
624638254156001280 159
624638388369522688 35
624638551934656512 136
624639143344115712 23
624642595231133696 136
624643203417796608 18
624644050663153664 0
624644713358970880 38
624645342517006337 95
624645472536408064 35
624645669672878080 102
624646441403678720 187
624646516909719553 18
624647188023390208 12
624648320481275905 35
624648710534860800 18
624648974771879936 38
624649775913144320 136
624651650729410560 35
624653840168697856 18
624654171522764801 13
624655115258040322 58
624655194920333314 102
624655329159200768 18
624655387875241985 11
624655962507464704 171
624656981698191360 132
624657065575849984 18
624657451472846848 132
624658617506136064 187
624659124987412480 56
624659410221203460 6
624659703822462976 12
624659850597896194 187
624660718844035072 11
624660727207362560 18
624661540898127872 18
624662245570555908 11
624662841153441792 1
624663088630001664 18
624663608727859200 65
624663961032462337 18
624664141379313664 12
624665332548960256 18
624665416447569921 160
624667333257232384 18
624667786246246400 65
624668067235262464 187
624668558002421761 187
624669065508990976 18
624669417805189120 18
624670252471705600 18
624670386702172161 187
624670504163545088 173
624671586256330752 18
624671745677619200 12
624671758260436992 132
624672039241150464 187
624672953607847936 18
624673096222515201 38
624674601973489665 16
624675168217112576 159
624675692479913984 189
624676065793937408 136
624676938213363712 18
624677659612708865 3
624678548838744064 188
624679136024522752 8
624679232493322240 12
624679983269556224 159
624680536926257152 173
624681296078319616 172
624682306930917377 189
624685456848982016 1
624686115329409024 13
624686140528967680 1
624686174062247936 172
624686241179566080 0
624688560604475392 159
624689172972867585 18
624693296007262208 102
624693384087646209 188
624696815003107328 38
624698173987143680 14
624699541313339392 3
624701328078544896 118
624701516818083840 159
624702049503047680 108
624702095636201472 16
624702129182130176 172
624702175336230913 189
624702544413986818 18
624703299397283840 12
624703483976019968 118
624705744684736512 118
624706411574988800 173
624706570975182848 79
624706906523856896 172
624707208513609728 172
624708533917995008 136
624709414700777472 38
624709448246915073 159
624709620213264384 188
624710324885811200 41
624711750928044032 18
624712728201052160 189
624712728205230080 189
624712728205242368 189
624712887592992769 159
624712891791491072 62
624713403475464192 188
624714338822041600 118
624714695312830464 159
624715039279304704 159
624715651626614784 159
624715852944965632 12
624715890718834688 60
624716549207814144 159
624717841053417473 12
624718134675685376 14
624721062274695168 8
624723121690554368 12
624724048644194304 189
624724958808137728 18
624728775595458560 14
624729899685646336 159
624730344269287424 56
624730512037298176 18
624730759501336577 14
624730805642760193 18
624731560621813764 18
624731774548078593 16
624731996837814272 18
624732177201254400 159
624732584057028608 159
624733309659058176 18
624734228186435584 18
624734588904931328 159
624734802835456000 189
624734807021498368 159
624734832187318272 6
624735255803596800 18
624736295978405888 159
624736476371103744 171
624736610551083008 102
624736878999154688 11
624738871293685761 35
624738942596816896 18
624739081012928512 172
624739240413270016 6
624741668911230976 18
624741698258759680 136
624741928945364992 13
624742981736644608 18
624743275317055490 18
624743707338764288 11
624745070483259392 18
624745770919571456 23
624745942885904385 18
624747016648691712 172
624748149119168512 18
624748648203575296 18
624748664980770819 118
624749533231120384 159
624749583562752000 18
624749705189306368 12
624750061692432384 102
624750489528311808 41
624750858622902272 41
624751454209843200 159
624751504524750848 189
624752662152613888 159
624752750270750720 18
624752863483437056 14
624753240970694656 41
624753295496740864 41
624754184714326016 159
624754281179037697 18
624755585611862016 18
624757846341746688 65
624758613895049216 118
624760123827875840 159
624761734432034816 118
624762262914531328 173
624763584153845760 41
624764519458447361 159
624764909532790784 41
624765022787534848 18
624765345752989697 16
624765526091431937 159
624765584824238080 136
624765622589722624 18
624765723215327233 136
624766088119611392 18
624767115757645824 18
624767514220756992 18
624767568717328384 159
624768130762452993 159
624768558594048000 35
624769456145829888 159
624769732978176004 159
624769854617223168 159
624770194381017088 14
624770722846486528 3
624770739611267073 159
624771343603617793 6
624771431679655936 18
624771465242669056 159
624771557529796609 160
624773805668352000 18
624774455772991488 159
624775001053343744 35
624775823137079297 159
624776267708153856 18
624776460646117377 159
624776942990954496 18
624778222270414848 14
624778352298184704 18
624778486490771456 56
624779207923625984 18
624779358926823424 160
624779669275979777 159
624779702838931456 95
624781011486941184 108
624781200218017792 159
624781607044554752 18
624781988755472385 189
624782496241074177 18
624782978581987328 159
624784018807128064 18
624785776216125440 8
624787273561829376 160
624789458781470720 160
624789576234745856 8
624790327031918593 41
624793242077384706 11
624793288218783744 159
624794928166535168 41
624794961716707328 132
624795582482223104 18
624796513605062656 18
624797381821775873 1
624798778525003776 58
624799378318843904 6
624799890044948480 14
624800670181257218 18
624802826066264064 18
624803241277132801 159
624803648116256768 3
624803799119433729 18
624804621198864385 18
624805896275668993 18
624808198969671681 18
624809612420730880 160
624811361453895681 18
624811466324058112 18
624811902519087104 160
624815983593693184 18
624816126174740480 56
624816524662980608 18
624817304786767872 159
624818479191990272 35
624819120937304065 108
624819733301436416 95
624821394250039296 160
624821574571462656 95
624822186960785408 18
624824435099439104 18
624825278167060480 13
624829979977719808 95
624831355722010624 173
624832785941839872 198
624832794355613696 198
624832836298756100 12
624833935189639168 16
624837055776817153 189
624839140312489984 0
624839215822557184 14
624839333288112128 0
624840121817399296 132
624841036150538240 18
624841195538239488 18
624841782749085696 173
624842839697047552 12
624843691144785920 35
624844236396044288 18
624845582796877824 95
624848049051795456 173
624849185687347200 12
624851035358498816 65
624851882637287424 159
624852578879188992 132
624852968962064385 188
624853237372301312 188
624853451311349765 13
624854118205493248 188
624855682660085760 173
624855766558736384 188
624855829452300288 188
624858044074192896 188
624858782250725376 18
624859000367120384 38
624859197495201792 14
624859981825728512 18
624861487597756416 12
624861709883326464 188
624863828006830080 132
624866583681171456 13
624867145692766209 159
624869108648161280 18
624871272888016896 160
624871482594754560 160
624874678650191872 56
624874938730741760 35
624876025021886464 35
624876528355008512 16
624878428358078464 14
624878919091650561 12
624879292401459200 12
624881486014083072 8
624881511196663808 111
624881762859024384 188
624882064840638464 95
624882337487130624 18
624882983376261122 14
624884153620807680 3
624884963104567296 99
624886707935031296 188
624892152124981253 12
624892152145911808 96
624892407990063104 136
624892487694336002 188
624894266070933504 12
624895046219898880 18
624897600546705408 136
624900045834461184 23
624900599457402881 18
624901790643916800 14
624901966808793088 160
624904219141767168 159
624904487593975809 159
624906324707573760 187
624907016763482113 12
624907054516297728 18
624908925163433984 18
624910355429498881 12
624910732908302336 160
624910867113594880 159
624911865349435392 14
624913023010902016 118
624913908000669696 188
624914025449521152 18
624914025453727745 18
624914763651371008 12
624914847516340224 18
624915283732492288 103
624915778660270080 0
624916411987554304 18
624916885952458752 12
624917640910209024 18
624920304305831937 136
624920971200339968 160
624921168349237248 188
624922334365921280 160
624924314073219072 56
624925069031153664 132
624925186492661760 187
624926050498314240 18
624926834849812480 0
624927212320477184 18
624928097310109696 56
624929519187685376 111
624929670182494208 12
624930458715820032 18
624931847026438144 0
624933541525200896 18
624933629618192385 159
624933675759566848 0
624933763839950849 0
624934288119697409 18
624935424755171328 65
624935508641214465 12
624935827408224256 41
624935953241649152 1
624936452363788289 172
624936855050522624 132
624937249294168064 1
624937253496819713 65
624938700514799617 188
624940143355375616 187
624940365653487616 188
624941716244721664 12
624942626383470592 8
624942878045765633 188
624942878050029568 188
624943901447692288 159
624943905646190593 13
624943968556482561 79
624944291543171072 171
624944455129370624 171
624945071691988992 23
624946262865940480 14
624947273672228864 188
624947525347377154 159
624948808796012544 173
624949836421464064 11
624950197114773505 65
624950314542575616 12
624951010797207552 18
624951887423340544 136
624953670011088896 160
624954412398739462 0
624954424956481537 3
624954781480681472 16
624954869548453888 188
624955213493968896 12
624955314148913152 189
624956119467839488 12
624956127843713024 56
624956660554035201 188
624957298054692864 136
624957335803269120 11
624957914650923010 12
624958002710364161 12
624958610896859136 188
624958682170851329 187
624958766077730816 12
624959143581880320 18
624960108271902720 173
624960959690502145 18
624961169422336001 188
624961244915744768 38
624961723066380288 18
624962419329224704 160
624962582890151936 23
624962956191625216 12
624963908273508352 172
624963958642847744 12
624964780692901890 65
624965288212049920 160
624965548263129088 108
624967108531589120 189
624967150495621120 132
624967318280531968 159
624967486035914753 12
624968127747592192 118
624968916289220608 103
624970342365270016 12
624970501757247488 198
624972309489696768 159
624972649236721664 60
624973353858658304 118
624973521643397120 159
624973634897997824 1
624974821890347008 160
624975086114721792 188
624975258089619456 1
624975610415329280 18
624975753000689664 18
624976067598508032 159
624976713496203264 188
624978076670099456 18
624978361866170368 11
624979112629669888 18
624979435624599556 159
624979569834127360 18
624980651972825088 35
624980853295190016 159
624981104919842816 12
624981411112570880 18
624981809571311616 18
624982023472586752 79
624982585517551617 17
624984842065711104 172
624985769002827776 3
624985819338678272 189
624986008086556673 172
624986347833421824 12
624987035665858560 18
624987174094548992 17
624987333473910784 0
624987958421102592 18
624988243642163202 18
624988621133615104 132
624989652928307200 23
624990248540487680 18
624990684710223872 18
624992203065069568 18
624992727369916417 95
624993138382389248 5
624993272616878080 41
624993792706285568 171
624995298453155840 159
624995411724517377 18
624996162483847168 172
624996506416844800 18
624996883895857153 12
624997181716590592 118
624997252994482176 41
624998494533582848 12
624999031400464384 41
624999215962284032 189
624999484385296384 159
625000948184690688 16
625001661224886273 18
625001745119358976 187
625001791256719360 188
625002110011084801 118
625002617538760705 159
625003125032808448 187
625004425266892800 11
625005524166127616 188
625007310952374272 173
625007633926193152 18
625008099472965632 159
625008401454661633 18
625008883824619524 18
625008887989559297 159
625010666391273472 159
625011689797226496 18
625012713207562245 118
625012893554061313 58
625012910327095296 18
625013413668851712 4
625014424483561472 18
625014504171008000 108
625015779235237888 6
625016030906068992 159
625016093829144576 65
625017775744942080 18
625018736219557888 136
625019453475004416 17
625019893851754496 18
625021588350439424 18
625022024579051520 23
625022070691340288 159
625022204925870080 188
625022204942659585 23
625022511122530304 18
625022586607521792 172
625022888588881920 118
625025245783695362 14
625026873194643456 159
625027015771471872 159
625028295072063492 159
625029196838891520 18
625029586913357824 172
625029674968686592 56
625029830187319298 188
625030866180268032 188
625031218476617729 173
625031226869608450 18
625031805666639872 18
625032288015794177 23
625032799720972288 187
625033999317106688 159
625034292888899585 172
625034842351214592 18
625035345680273409 188
625035890952278017 102
625036503308107776 18
625036658497454080 35
625037711255146496 188
625037732218277888 6
625038789203918848 65
625038998910705664 18
625039091185414145 18
625041326740877312 23
625042215946072065 18
625043679745605632 18
625046678668640256 188
625047584651014144 95
625047777584611329 14
625047781783285760 0
625047987325128704 189
625048813607096320 14
625049774102724608 14
625050696828588032 173
625051783165947904 159
625052479403659264 4
625053037237633024 136
625054429754974208 118
625054752733294592 18
625056157833428992 8
625060243077263360 173
625061983721816064 159
625062394730053632 187
625062940018872320 12
625064617740476416 188
625065594983837696 188
625065687267024896 98
625066152822185984 159
625067746695360514 18
625068329703608320 172
625069831247630336 35
625070468765253636 159
625071760615063553 18
625071961971032064 188
625072331040362496 159
625072834365231104 188
625072926635765760 18
625074738591858689 0
625075631966003200 14
625078085629706240 18
625079171971035136 14
625080547686117376 18
625080614807429120 18
625082330290335744 12
625083076872310785 118
625083802470227968 18
625086335813033984 18
625087250196336641 12
625091176056627200 188
625092342094123008 189
625094447617814528 136
625094456023224320 136
625095009654734848 159
625095122900758528 159
625095177410093056 159
625095877888184320 159
625095965960196096 159
625096565749755904 8
625096800639135744 18
625096955803234305 18
625097261991743488 35
625098323154710529 188
625098356709281792 159
625098478331527168 14
625098637736079360 18
625098809702416384 187
625098935539888128 3
625099443021418496 18
625099644352233473 35
625099732428423168 159
625100231559000064 159
625100634195279872 98
625101116578131969 159
625101426935644161 8
625102924314746881 159
625103155001458688 14
625103356332244992 18
625103951894069248 14
625104211961872384 18
625104832701972481 159
625105075980140544 159
625105600263815168 18
625105839356047362 18
625107311539978240 6
625108045555589120 18
625108720842752000 188
625108838270824448 23
625110415341699073 172
625110696360067074 35
625110889272717312 189
625111455512297476 16
625112176924102656 23
625112265008635904 18
625112315369771008 35
625112428594925568 0
625112999037046784 18
625113242273218560 159
625113552655896580 41
625114827753549826 159
625115528189730818 159
625115595290353664 18
625115666593415168 35
625116014737510401 159
625116304140312576 189
625117482752282624 16
625117654718636032 173
625118069925371905 159
625118363547774976 18
625118871041785856 172
625119567321407489 3
625120372606767104 159
625120544594137088 173
625120712362082304 95
625121240840318976 159
625121681229619200 188
625122222278090752 159
625122352335077376 41
625123484772003841 0
625123610630340608 150
625124344629342208 188
625124344633556992 188
625125418375340032 12
625126487910391808 41
625128190793678848 159
625128526329610240 41
625128861882261504 18
625129503593996288 159
625130308925542401 188
625130837407698944 159
625131038717554689 159
625131814689107968 18
625132884202909696 159
625133840504332288 35
625134020867788801 159
625134905890967553 1
625136835249876992 188
625136864626896897 159
625137191770042369 35
625137967703683072 188
625138068371017729 159
625138391340974082 188
625138928195080192 18
625138991126306816 136
625140400429273088 159
625141004396589056 18
625143839733346304 159
625144473069187072 159
625145697818574848 18
625146243094679552 18
625146578613829632 159
625147719481470976 18
625148071811256320 198
625148310886584321 23
625148612838735873 136
625151565637095425 189
625151624374161408 18
625152857503698945 35
625155948693299200 18
625156246497157120 118
625158100371271680 159
625160465962790912 18
625160679868084226 16
625162516981641216 118
625163020294049792 159
625163825604485120 56
625165171988652032 11
625167550150610944 18
625167684359995392 136
625168607115386880 188
625168992966053889 188
625169907336876032 189
625170075117486080 188
625171681544417280 18
625172927235801088 132
625174525261385728 18
625176207190061056 188
625176236524834816 6
625177708729774081 188
625178748917272576 17
625178778298417152 188
625179097069563904 18
625179138987429888 173
625179378088067072 13
625180263086059522 13
625181257136242688 22
625181634598273024 18
625183945676619776 9
625184113457242112 198
625188257400107008 188
625190329398923264 13
625190622991781888 8
625191780653273088 189
625192757888446464 18
625192875345768448 171
625194280454356992 12
625194662102331392 189
625195941365157888 18
625196687963746305 18
625196872513138688 136
625198701229666304 18
625199938557706240 136
625202488694603776 188
625202757134323712 188
625203063301668864 103
625203193320898560 12
625207182129102848 10
625210080363999232 188
625212173334224896 18
625214178219962368 171
625214811564044288 159
625215927248793600 16
625216325690851328 56
625217370068398080 18
625217730782842880 14
625218200565886976 18
625218359949422592 56
625221535020613632 159
625223577667645440 56
625223980325208064 56
625227386079023104 56
625227797129117696 118
625228015207849984 18
625229751670566912 188
625229768439377920 188
625230473074053120 188
625231328733208576 18
625231425210421248 18
625232150812454912 6
625232956102156289 188
625235116189741057 188
625236038945009664 5
625236076676804608 188
625238748444274688 18
625239172077481984 187
625239406950096896 18
625239528576565249 188
625240740751249408 18
625241818691686400 188
625244758869417984 12
625244825999138817 136
625245664855748608 18
625247778797682688 159
625248496006905856 188
625249829782818816 160
625251180353032192 108
625251633371308032 11
625251637548810240 18
625252988123262976 18
625253139113865216 188
625254430938660864 188
625255378851205120 188
625255890585677824 0
625260403656818688 172
625261976520949760 11
625263083817046016 159
625265285814185984 132
625267345221484544 173
625270033783103488 18
625270058936201216 56
625271522723237888 12
625271707272613888 95
625272143484485632 18
625275012417724416 18
625277491226087425 173
625278573360885760 14
625279760369885184 35
625279991048183808 0
625280460801843201 6
625283447158747136 18
625285292661055488 188
625285829506822148 38
625288782321950720 102
625288849405689856 18
625288887167008768 159
625290745235283968 23
625290782967267328 102
625290858481319936 160
625290900407775232 187
625293580588986368 173
625293949704491008 187
625293953894518785 172
625294830499987456 160
625295375746727936 188
625296160102617088 132
625296436897402880 12
625297057650208768 95
625297921681059840 16
625298966071128064 16
625300304045703168 18
625301767878787073 160
625303760164655104 0
625303953098567680 18
625304678704783360 14
625307375658905600 188
625308009011519488 18
625309061781663744 188
625309212738981888 35
625309372130922496 98
625310143903854592 35
625311108572823552 35
625313390299234304 159
625313398658568192 159
625313398691987456 159
625313402882277376 159
625313407042985984 159
625313407051427840 159
625313411245690880 159
625313411262476288 159
625313415435825153 159
625313415440039937 159
625313415460978689 159
625313423857975296 159
625313428018757632 159
625313428035473409 159
625313436411502592 159
625313440610021376 159
625313444791775232 159
625313444800122880 159
625313444804304896 159
625313444825333760 159
625313444829491200 159
625313444829503488 159
625313448994279424 159
625313449019613189 159
625313453197127681 159
625313453197144064 159
625313453205536768 159
625313457395625984 159
625313457395630080 159
625313465792602112 159
625313469965991936 159
625313469974323201 159
625313469974335488 159
625313474168659968 159
625313474181083136 159
625313474185428992 159
625313482565681152 159
625313490954264577 159
625313495131754496 159
625313499347058688 159
625313507714691072 159
625313507714711552 159
625313507735662592 159
625313511925784577 159
625313520293384192 159
625313541298487297 159
625313549666025476 159
625313562265808896 159
625313566447542272 159
625313574815145984 159
625313579017736192 159
625313579026264064 159
625313583216377856 159
625313587402182656 159
625313587402285056 159
625313587406442496 159
625313587414761472 159
625313599993462784 159
625313600010260480 159
625313600014565376 159
625313612584910848 159
625313616791760896 159
625313616795971588 159
625313641936478208 159
625313646143389697 159
625313696458383361 159
625313755208007680 159
625313771976847360 159
625313801341022209 159
625313855833538560 159
625313906173583360 159
625313952315088896 159
625313981666869248 159
625313985881989120 159
625314032002596864 159
625314040412303360 159
625314069743054848 159
625314086545260544 159
625314145274101760 159
625314157823397888 159
625314166220423170 159
625314237548744704 159
625314354959908864 159
625314388510019584 159
625314682119815168 159
625314698901061633 159
625314749224513536 159
625314757625675776 62
625314761803051008 159
625314770200199168 159
625314782799724544 159
625314799572815872 159
625314803771408384 159
625314887632171008 159
625314933782220800 159
625314937968181248 159
625314950551052288 159
625314967349272576 159
625314967357624320 159
625315038635520004 132
625315055412903936 159
625315055442137088 159
625315084789805057 159
625315088996638720 159
625315114145685505 159
625315139328344064 159
625315223180832768 159
625315227375136768 159
625315294488080384 159
625315302885081088 159
625315332236967936 159
625315445487337472 159
625315617441218560 102
625316162738503680 159
625316242400768001 159
625316250789396480 159
625316301146300416 35
625316418586845185 159
625316460508934144 159
625316552804593664 159
625316565374775296 18
625316770887249921 159
625316838008881152 159
625316988986990593 172
625317043533799424 159
625317152564752384 159
625317169333673984 159
625317395842887680 159
625317421016985600 159
625317559429148672 159
625317584599150592 159
625317748181213184 159
625317802711351296 159
625317945317662721 159
625318092118327296 159
625318108882821120 159
625318423464120321 95
625318457001791488 159
625318733813313536 159
625318993868386304 159
625319132293132288 159
625319262316441600 35
625319568492392448 159
625319597835702272 159
625319920834756609 189
625320394753470464 159
625320482854670336 159
625320491260186624 159
625320516426039296 18
625320608683978752 159
625320671581720576 159
625320990361260033 171
625321233647824896 159
625321250408300545 159
625321271388049408 159
625321938274156544 159
625322387056128000 159
625322529662472192 159
625322634528620544 159
625322789709418496 159
625323330774675456 159
625323372709302272 14
625323574073643009 159
625323972532408322 79
625323976693272576 159
625324769425141760 159
625324878485409792 159
625325251770085376 159
625325390194540544 136
625325486642565120 159
625325515998666752 159
625325901903982592 159
625326107420684289 79
625326510057082881 159
625326623303315458 136
625326807873531904 159
625326933677613056 159
625327185344262144 188
625327223084597248 159
625327424440528897 79
625327478966460416 159
625327520884391936 159
625327550269538304 159
625327671883509760 159
625328099710926848 159
625328108112117761 79
625328758199693312 159
625328938567360512 159
625329102128607232 159
625329118922543108 159
625329144084107266 79
625329412507086848 18
625329508980273152 159
625330029086547968 6
625330050079064064 79
625330104579682304 79
625330599524483072 159
625331086046965760 79
625331270587916288 18
625331362862637056 159
625331505464782848 35
625331652269445120 159
625331790689861632 159
625332210112024576 159
625332486957101057 102
625332562433589249 159
625332616955301888 159
625333032208199680 159
625333111899852800 159
625333204170338305 160
625333250311987200 159
625333497775935488 159
625333690734764032 159
625334303103303680 159
625334378588209152 159
625334521198612483 160
625334785427148802 189
625334789609013248 23
625334818994139136 16
625335188101447680 159
625335209060229121 159
625335246817329152 79
625335318087081986 187
625335414556131328 159
625335418767167488 189
625335687210889216 159
625335733323108353 159
625336068888489985 159
625336165370040320 11
625336521881743360 159
625336677041614848 159
625336857430216704 159
625336886773587968 79
625336890980483073 159
625336924513902592 41
625337339754098688 159
625337369122619394 159
625337406867308544 160
625338434480017408 159
625338719701053440 159
625338887469178880 159
625339600505020421 159
625339613071179776 159
625339793409507329 159
625340170909425664 159
625340246402723840 159
625341957695520768 159
625342331001028608 159
625342477801795584 11
625342528133447680 18
625342930778075136 159
625342972729651200 159
625343056611512321 18
625343119513358337 159
625343161452396545 18
625343438297272320 159
625343505393709061 159
625343811586236417 159
625344214218379264 18
625344679786078208 159
625345048910168064 198
625345459926773761 159
625345476716408832 18
625345560581681153 12
625345665435049984 159
625345669633413120 159
625345854199726080 159
625346776934051840 159
625346936321777665 14
625346999227957248 17
625347435435552768 159
625347716466503680 159
625348085573636096 159
625348223981359104 159
625348941194903552 159
625349117376598016 18
625349276751765504 102
625349431957655552 188
625349520004673536 159
625349671016267776 118
625349683599306752 159
625349700368093188 159
625349985589026816 118
625350245648433152 198
625350631503495168 188
625350988040400896 159
625351382288109569 18
625351432624054273 3
625351436797263872 18
625352154052608000 159
625352330217521152 159
625352401503936513 159
625352510551785476 172
625353672373878784 188
625353760445825024 159
625353894676328448 159
625354431543025664 159
625354486085734402 18
625354548987699200 159
625354867763232768 159
625354926462349312 172
625355001972531200 159
625355413014319104 159
625355442374340608 159
625355572385153024 159
625355643721924608 173
625355740157448193 159
625356184766189568 18
625357430482821120 11
625358692976824320 159
625361029179047936 159
625361842903379968 159
625361876420050944 159
625362132289363968 18
625362639816945665 159
625362677548871680 41
625362899834413056 159
625363487057809408 159
625363587700146176 79
625363705136414720 159
625363772253671424 18
625364032304848896 159
625364997019799553 95
625365013780373504 12
625365118625415168 159
625365579994689536 159
625365991061479425 159
625368096572751872 0
625368167901200385 159
625368180483993600 159
625368616695894016 159
625368864168148992 18
625369229068517376 160
625370109863923712 173
625370185373908996 118
625371426867007488 187
625371795961413632 159
625371984722010112 102
625372567734390784 187
625372974581985280 159
625373712758538241 159
625373867964395520 41
625373943441002496 159
625374358685376513 159
625374618753347584 18
625375071717031936 56
625375243696254976 159
625376057374412800 159
625378238425092097 159
625378372621697024 159
625378515253243909 159
625378817226485760 159
625379844826755073 41
625380046157426689 18
625380578859225088 159
625381040194846720 159
625381468034838528 159
625382348838690816 159
625382952831184897 187
625383259015245824 159
625384542438731776 159
625386404709732352 159
625386476012879872 188
625386786424918016 18
625386895481028610 159
625387059021283328 159
625387486861242370 6
625387537180327936 172
625387616880300032 159
625387633640873984 159
625388128577134592 18
625388426368524297 159
625388476725362692 18
625388501895352320 18
625388715783753728 18
625389147809820672 159
625389277841522688 79
625389609195827200 95
625389852431921152 18
625389961508859904 18
625390745831108608 18
625391333025316864 18
625392041858498560 159
625392138340147200 126
625392444545335297 159
625393161767124992 18
625393312728420352 159
625393895749193728 173
625394948507103233 18
625395309217193984 159
625395875456528384 95
625396257138307072 159
625396684965568512 187
625396819170701312 108
625397288953868288 18
625399004403236866 159
625399126038085634 159
625399214114127873 18
625399230912425984 8
625399398680281088 159
625399407081619456 56
625400153676103680 159
625400426272133120 95
625400656984195072 79
625400791210266624 159
625400942196883456 18
625401223190040577 159
625402179503796225 3
625403332937523200 35
625403366512951296 0
625403655911555072 159
625404092119183360 18
625404415076380674 159
625404482168328193 11
625404792567898116 18
625404960323301376 159
625406126364979200 159
625406344443658240 159
625407183312789504 108
625407581767516164 187
625407753754800128 172
625408068294209536 23
625408454170165248 159
625408793925525504 159
625409314010742784 159
625409859266215936 159
625410442278506496 159
625412531058835456 159
625412891760574464 171
625413306984079365 159
625413428623110144 159
625414217177374724 159
625414770825523200 159
625416368825827329 18
625416456902041600 159
625416528201027584 108
625416935048478720 18
625417056708460544 79
625417593579397121 159
625417778128928768 159
625418067523153921 18
625418709243445248 171
625418830890676225 18
625418864453681152 18
625418948322832384 150
625419107731701765 159
625420458289049600 159
625420475070607360 159
