311230711480864768 18
311231223190147072 26
311231651017535488 26
311231932010725378 26
311232577958711296 26
311233077068300289 20
311233332929241088 26
311233358074089472 26
311234444415606784 26
311234960315019269 26
311235153269755904 26
311235404890267648 26
311236138906042368 7
311236503831465985 24
311237309129445376 12
311237493666222080 26
311237804036333568 9
311238886166773762 10
311239095911325696 26
311239372706045954 24
311239863435423745 21
311240186396831744 26
311241075606048768 26
311241490858909696 26
311241717330362368 32
311242036089085952 10
311242648486834176 26
311243323736195072 26
311243357294821377 44
311244171006603265 25
311244565258579968 26
311245001474592768 26
311245198590099456 21
311245513183866880 24
311245597057372160 26
311245752238219264 26
311245836136878080 24
311246041653575681 26
311246393979334656 26
311246435947515904 6
311246628864544768 40
311247207670099968 26
311247945876004866 7
311248465969680384 26
311250638627545088 31
311252320543469568 16
311252739986427906 26
311252832244346881 26
311252878381690880 26
311254992298328065 6
311255189447405568 9
311256481276252162 16
311256573563523073 13
311256774906875906 26
311256829416062977 26
311258356142731265 26
311259958375235584 6
311260818182389760 26
311261929689735168 0
311262273605881858 26
311262604964290560 26
311262902755676160 25
311262911148486656 28
311263074726313985 9
311263192154263552 26
311263221526953984 35
311264723108769793 10
311265180292104192 40
311265243206651905 26
311265532613644289 37
311265545179779073 26
311265742307852288 26
311267847831683075 26
311267902391214082 28
311271467549593600 28
311271530455781376 9
311272365122260992 7
311276244857663488 7
311276710396059648 8
311276773348347905 26
311279789019373569 26
311280132948115457 26
311280963458056193 26
311281080877604864 9
311281286419464194 6
311282313990377472 0
311282544710668288 2
311282947355443200 28
311283672974233600 26
311284453098000384 44
311284792832438274 44
311285803676487680 26
311286260851417088 26
311287519155220481 40
311287804359499778 26
311287884026109952 37
311288097948200962 28
311288106353573888 26
311289704366608384 10
311290065085153282 25
311290161549950976 26
311291679883804675 26
311300085260632064 26
311300114620755968 26
311300840260517891 24
311301955932811265 6
311302559908388864 16
311302694134501376 7
311304287944843265 26
311304313119072256 12
311305621737709568 26
311305974088613889 26
311307060379795457 26
311307953770729472 19
311309367267971072 25
311312882094702592 19
311313435734441984 26
311313817432883201 26
311316241736413185 26
311316321415606272 26
311317189653327872 26
311319882400681984 26
311322638045810688 2
311324189917343744 19
311326509400989696 0
311328296157724673 26
311329126617341952 44
311329541861818368 9
311330338800549888 26
311330988909264897 26
311331727110979587 27
311334747009871872 26
311336709931560960 26
311339021009842176 27
311340111516291072 26
311340166021255169 26
311341868917063680 26
311342821040877568 26
311342883951230977 4
311343768949370881 26
311344989508616192 26
311345408934821888 9
311346189050204160 28
311347472511422465 26
311349624214536192 27
311349766791507968 26
311351041876709377 26
311352014946848768 31
311360265163771904 23
311360315491221504 26
311362282615631873 17
311362647511691265 26
311370465673363456 6
311374345408749568 26
311378376139079681 24
311378556494176256 31
311379361808920576 6
311380100006424577 28
311382306206126080 26
311382767579586560 26
311385753919815680 28
311390082441547777 44
311391546278821888 28
311392880059088896 4
311394817814974464 27
311397548323635200 28
311400677261844481 26
311401193161244672 31
311402682155945984 28
311403957195001856 7
311407744651522049 26
311408646431055872 26
311409288163782656 41
311409590153654273 28
311410458391347200 26
311412027052654593 26
311412102550151169 9
311412819788701696 26
311414484927381504 26
311415978074443776 4
311416133276291072 14
311416590459600896 27
311419501306605568 28
311420445029195776 17
311420512129662976 4
311421174833901568 28
311421548126928897 41
311422173082431488 31
311423813051117568 38
311424354116325376 23
311425092305424384 26
311427692794892288 26
311428116398628864 26
311429253063397376 26
311429479539036161 24
311429508894949376 27
311430419058946048 6
311431975149924352 28
311433761931812864 21
311434714047197184 7
311435028594827264 20
311435464815017984 41
311435477385363456 41
311436257546878976 26
311436710531694593 26
311438920913149952 26
311439847883689985 26
311440208581238784 28
311443735969931267 2
311444247704379392 26
311446248379006977 26
311450396528885762 40
311451050840297472 41
311452741174177794 26
311453173174923264 27
311453240271175680 26
311453424841551872 3
311453814899240960 28
311455840735473664 28
311456172098068480 26
311456193086365696 26
311457946284482562 34
311458067944468480 20
311458395083374592 28
311459301048852480 26
311459997307518976 26
311460513206923265 26
311460911661600768 26
311461029106298881 26
311462027333865473 26
311462052499685376 28
311462836868104192 28
311462849430028288 7
311463616983465984 10
311463621165203456 20
311464388735401984 26
311464657179258881 26
311465869333110784 36
311466292953628672 2
311466326491291649 25
311467182137696257 6
311468373349392384 26
311469325439627264 26
311469342208434176 28
311470931870613507 23
311471686836969472 27
311471921730551808 26
311472240468295681 14
311472877998338048 26
311473997885865984 16
311475910496886786 26
311476053099036672 23
311476942291480576 26
311476988445593602 26
311478318031572992 23
311479379186290688 26
311480503238803458 26
311482189353205760 31
311482990473658368 9
311483409925033984 20
311484215206219777 28
311484362027843584 23
311484701753876481 23
311487428051496960 18
311488363381280769 26
311489953009922048 27
311490116583559169 4
311490208866656256 8
311490393416015872 6
311490443739267073 10
311490657673953281 8
311491781743243264 23
311492155053068291 25
311492482208763904 4
311493409116389376 27
311493669184237569 2
311493975347458048 26
311494147330699264 26
311494461899288576 23
311496101893136384 27
311496391279128576 8
311496408039555072 19
311496424846135296 20
311496445788303363 28
311496789737996288 25
311497037185155074 26
311499289547403264 23
311499750916620289 26
311499931267514368 23
311500094862135296 31
311500908557119488 27
311501915190087680 23
311504310125076480 28
311504318505308161 16
311505853633159169 12
311505908154892288 20
311508047266738176 0
311508110151925760 11
311508114358804481 41
311508496061452288 11
311510526100381697 12
311511213966241792 24
311512879075577856 23
311512908444098560 24
311513042682773504 24
311513701154967552 24
311514426786320384 21
311515928351363073 23
311517023056314369 26
311517031461711873 26
311517320839323648 28
311517517996769281 24
311518742725156864 23
311518805627133952 5
311519405437747200 37
311519938101788672 24
311520038773477377 40
311520521101660160 26
311520755991072768 21
311521393546235904 24
311521548714520577 40
311521791967371265 7
311522135917076480 24
311522219786395649 23
311522509197545472 20
311525256500232192 40
311525977916313601 28
311526418301464576 9
311526820963033089 23
311527001297137664 4
311528037286027264 40
311529723408838656 40
311530851697577986 19
311531166245195776 40
311531535369138176 24
311531732488814592 40
311532168679673856 40
311533246611599360 28
311535238943764480 40
311535457030774784 19
311535582868299776 40
311535612224208897 28
311535746450329600 23
311535910023999488 40
311536035844726784 40
311536157466976256 40
311536459452669952 34
311536484618481665 27
311536572711444480 6
311536644010434560 40
311538107818336256 28
311539919778635776 23
311540012023939074 6
311541022880591873 6
311541350032097280 40
311544642543951872 40
311545003258286080 40
311546131513487360 23
311546236396249088 7
311546475463204864 7
311546999772164098 6
311547469513236480 23
311547578548359168 40
311548677481168896 24
311549122077401089 19
311549147255812096 19
311549566656843777 10
311549977723817984 6
311550426505961472 36
311551080800604161 41
311551462507425792 40
311552242635399168 24
311554453033590784 19
311554796958146561 23
311554906026803204 40
311555522576928768 27
311556101382475776 26
311556541801197568 7
311556835410866176 23
311557187736580096 26
311557464560635904 4
311557812679475200 4
311557871382966272 4
311558513107283969 41
311559595258691584 23
311559746232647680 40
311560308298756096 23
311560379589341185 44
311560983577518080 24
311561319088283648 23
311562128588935168 17
311562313138323456 36
311562879386124289 40
311565991542939650 19
311567618953850882 40
311567858045964288 40
311568751424307200 27
311570387198676992 24
311572069097799680 40
311573268681334784 24
311575281938878465 26
311575399391961089 26
311576498295418881 6
311576544432762880 19
311577358123556864 25
311577458807803905 0
311577907564781568 40
311577970496126978 6
311578821918851072 40
311580910694838273 27
311582156407332865 37
311583762838343681 26
311585138540679168 4
311585197277712385 26
311586145211392000 40
311589148312080384 19
311589488059113472 19
311590498861191168 14
311590729573093377 39
311592457638924288 11
311593816555663361 24
311595141989294081 11
311595473335095297 6
311597188792864768 10
311598900081483776 26
311600108032643073 25
311600888173195264 8
311602775605800960 14
311603681592229888 26
311603836752105472 36
311604335882670081 19
311604717585321984 7
311605766140342272 26
311606286238232576 19
311606416249077762 7
311607401906307073 19
311607980728672257 25
311608299516731393 19
311608546955522048 26
311608756700061696 24
311609780080889856 40
311609805255102465 40
311610694472704000 40
311612741280464897 26
311613966025646080 24
311618076409991170 19
311619162734723072 26
311623017316896771 23
311625013809778690 32
311626985128464384 11
311627056414863360 31
311629812110340097 25
311630223147954176 27
311635600216322050 24
311636820762951681 40
311637093405306880 19
311637223428722690 0
311637512827330561 26
311640817951465473 19
311641149284700160 8
311643514863767553 44
311644206928109569 8
311645377164095488 8
311646262162235392 8
311646568346431488 34
311648682246283264 25
311651081421737984 20
311651270131851265 41
311651710571511808 8
311652868161695744 7
311657062469873667 8
311657481900281857 11
311658723439419392 40
311659411296899072 40
311662062109614081 28
311663173604347904 40
311664087924887552 40
311664268300914688 34
311664893252214787 26
311665191064592384 10
311667015578419200 19
311669322433060866 26
311669813158244353 40
311670131946307584 34
311671511863930881 25
311674171031707650 26
311676993827655680 40
311677639742062592 24
311679019651325952 8
311680143741575171 13
311682932970487808 26
311684384191299585 2
311685747310723072 36
311688154878976001 26
311690285551869952 19
311691090854019072 25
311691187348201475 40
311692428870578176 25
311696413450973184 19
311700897149353986 1
311706278445580289 40
311708023280250880 40
311710145593892864 26
311711445823942656 8
311711894627041280 8
311712045621989378 26
311712519557353472 27
311713769472540672 19
311714486698536961 8
311719838622040065 40
311720996262514688 25
311721788977594369 27
311725010228232193 11
311726083961655296 26
311733352694685696 0
311735898628820992 19
311739837088673792 40
311741053403267072 19
311743574205161473 25
311744903812087808 25
311747319701856256 20
311750800986742784 10
311751472083783680 10
311756341645541377 26
311760162673266688 40
311763849474879488 13
311767905337487360 2
311771743138242560 40
311772070306512897 20
311777782952759296 40
311777896198971394 40
311777959092563970 40
311779519382036481 27
311779930436403200 25
311780937052602369 9
311781671068372992 25
311782543479435264 27
311785831826345985 8
311792886612099072 24
311796296581255168 41
311798259544911873 19
311804844589596673 27
311809659650580480 40
311810183926009856 40
311810599187255296 40
311812717289811968 40
311813317079482368 9
311813413540069376 7
311814944461037570 8
311815917573136384 19
311816446021865472 40
311817326821507073 20
311817431708467200 7
311818509615263744 40
311822020268658688 19
311822343221702658 25
311822586516471808 25
311824721383677953 25
311827376378085376 40
311827825185411073 40
311829154783969280 24
311831830749917184 19
311834867413422080 40
311834934534864896 25
311836926825099264 19
311838927512272896 11
311839372100124672 9
311841225974095873 40
311841561543593984 19
311843046302023681 34
311843188920967169 40
311845290275663873 19
311846225580277760 25
311851204252676096 27
311852026306916354 24
311852617716342785 40
311852701581463553 27
311853024542855168 2
311854127678361600 40
311854589051805696 40
311857315328425984 40
311857806070403072 34
311859374752665601 19
311861459313389568 47
311861870363561986 26
311863745188069378 7
311864328200523777 35
311864869286715393 12
311865448100675584 2
311867616526495744 28
311869088756555776 27
311869122302590976 7
311869139084013568 27
311869705319247872 12
311869789188542464 47
311870250574569472 40
311871454323023876 9
311871852798676992 40
311873077543845888 40
311873480197021696 41
311873677304139776 41
311873752814206977 12
311874000257163264 40
311874763649867776 10
311875321492287489 23
311876537811099649 27
311877045321867264 19
311878718857564160 26
311880623084158976 17
311880811832029184 20
311881310958411777 27
311882875425390592 27
311883861091053568 9
311889582117490688 28
311893029852151808 28
311893361189597185 7
311893805777436673 37
311894929846710272 20
311897345774198784 9
311897505136787456 6
311899753283739648 18
311899937854062592 27
311900046922764288 19
311900093026549760 27
311900390847307778 41
311902710297407488 47
311903268135645186 27
311906313204555776 6
311906489335939072 6
311906774557011969 6
311907042988277760 6
311908016096178177 7
311909723152732160 27
311910813667573760 17
311913355445145600 28
311913502241611777 7
311914844389523456 17
311915209298161665 35
311917667160293376 35
311920850658000896 35
311920934527320064 11
311921555309481984 27
311923581149921280 26
311927905464758274 20
311929297977896961 37
311933664235749376 41
311935694283091968 19
311937988567384064 7
311939527881129985 2
311939997643198464 11
311945043403501569 47
311945286652137473 21
311948130415411201 2
311949606793646080 25
311949673898336258 41
311952479917068288 19
311953268421058560 26
311956888126377984 27
311957936685588482 34
311959211745636353 26
311960113529380864 46
311961271157284864 28
311966509855547392 0
311967747162664960 2
311972243464921088 7
311973459813093376 27
311978983694680064 13
311979629646839808 26
311980065829289984 23
311980376203616256 26
311981408006582272 36
311981848429486080 20
311982204928524288 11
311986747368148992 20
311988093731368960 8
311989763081125888 12
311992262890504192 27
311992741003415552 27
311994343265300480 10
311997228929671169 17
311997971338235904 20
312000164921495552 17
312002161414385664 19
312002228552597504 20
312004250211332097 25
312006552884244480 10
312007811158654976 18
312008285102407680 21
312012991136690176 9
312013385380282368 27
312016233329487872 8
312018225632268289 10
312020960280727555 25
312024789718032384 23
312026937168101377 27
312028740727209984 10
312033148932354048 9
312034159767998464 28
312036374364708864 13
312038983205023744 34
312041684345167872 19
312042137330016256 9
312042540008349696 11
312043320136310787 40
312053210300960768 25
312054464406237184 43
312055433298845698 2
312055559102795776 43
312057865965821952 17
312057882743042048 10
312066837582053376 28
312072764154597377 26
312092255064322048 8
312093702115979264 8
312093978956808192 8
312095786697625600 40
312105525842165761 5
312116959527440384 34
312119446732955648 43
312122772816011264 23
312123188064686080 43
312124559606300672 43
312124609950539776 17
312127533372026880 37
312136618226110465 36
312137188647264256 32
312137243189993472 32
312137587097751553 32
312137725518180352 32
312138086240882688 20
312139973677682688 24
312140636373516288 23
312141139710971904 36
312141252948807681 40
312142326686429184 36
312142335058276352 40
312142431523049472 27
312142746091655168 4
312146005070057473 36
312146160284471296 26
312146651013869569 36
312148169356107776 36
312148181922226176 36
312148622345109505 36
312148894941323264 36
312149163406147584 36
312150614610153472 36
312150782394920961 36
312151482860449792 36
312152271364431872 36
312152376222035968 36
312152418169270273 36
312153168970674176 36
312153512899407873 36
312153621959700480 27
312155467428278272 46
312155832349499392 0
312157027696799744 36
312158856413331456 36
312158856446877697 20
312158999049023488 36
312161230422949888 36
312161238798974977 36
312161549173276674 43
312161893089435648 36
312162874594295809 36
312163533100027904 36
312163705041338368 36
312164317397147648 36
312164682314158080 36
312164921393684481 36
312165235958095872 36
312167190520553472 36
312168314598219776 36
312171103810359296 20
312171691017138176 36
312172496319307777 36
312173012218687489 19
312173729453072384 36
312174035616288769 36
312174148858286081 36
312174849298690048 36
312175524610969602 20
312175910474354688 36
312176170538004480 32
312176241824382976 36
312176321524535296 32
312178557092777984 36
312179203002990592 36
312179312046514176 40
312179349803646977 40
312179475636944897 36
312180327076462592 40
312181916726087682 36
312182260650631168 36
312182457778720768 36
312185171497582593 36
312185272152514560 36
312185532224520192 40
312186027127214080 35
312186828230897664 36
312188032000339968 32
312188111704715264 32
312188824719601664 36
312189143507664896 36
312189218996748288 36
312189785240391680 32
312189948793077761 36
312190573744369664 36
312190749938704384 36
312190968029904897 35
312191496508026880 36
312191861399896067 36
312192935158480897 36
312193031635877888 32
312194440917811200 43
312194566730182656 36
312194713555988480 36
312196831675289601 32
312198438064361474 24
312201583792381952 2
312202418458877956 23
312202460401913856 17
312202544317345793 32
312203278307950594 32
312203618063368193 32
312203634819608577 36
312203777430142976 32
312204045844639747 7
312205388038684674 32
312205681656741889 36
312206000390283264 24
312206352716017664 32
312206679901106177 16
312207615209897984 36
312208915448352769 36
312209993392869376 13
312210026955698176 32
312210286998323200 24
312210593161551872 27
312210832228491264 36
312210979045920768 32
312211973104340994 28
312212656763310080 32
312213025887240192 36
312215093662347264 32
312216167383191552 36
312216372925038594 32
312217383756521472 36
312217597661835264 36
312218457481543680 41
312219405423607808 36
312221334786678786 36
312221783577206784 36
312221791953231872 36
312224044323852288 36
312224400835493888 36
312225701069717506 43
312227039031726080 24
312227131323207680 16
312227550745214977 32
312227743699976192 32
312228003713277954 2
312228662244175872 32
312229996016066560 36
312230088311726080 20
312230138609811456 32
312230570652479489 28
312230591624007680 36
312231027831631872 36
312232583914192897 27
312232772641107969 32
312233011729014784 36
312233338901520384 0
312233510838611968 36
312234420994179073 36
312234584605601795 36
312234974650699776 36
312236836934270976 36
312238451732910081 36
312238829211881472 32
312240829903290368 32
312241060581634048 29
312244747399995392 36
312244873224921088 36
312245468820287488 24
312245884039606272 36
312246739694391296 36
312247528223551488 28
312248371266080771 36
312248803291979776 36
312249277223141376 27
312249667293417473 40
312249805730623489 27
312249889620901889 36
312249952535474176 36
312251764453818372 36
312251768660705280 36
312252234224246784 36
312252800459497472 17
312253396046462976 39
312253706416562176 36
312254671106490369 36
312255723864211456 36
312256839582642176 10
312257540031389696 36
312257875558948864 40
312257967837806592 36
312259586847567872 36
312259876250337281 36
312260081775423488 36
312260211773685760 11
312260790616985600 20
312261046452772864 36
312263651128115201 11
312265446294441984 27
312266117366308865 38
312269862871384064 36
312271154712829953 36
312276020105453568 36
312276531814756352 36
312276657660645377 36
312277244863197184 36
312280050844192769 36
312281342681432064 36
312282697454198784 36
312284505190838272 2
312287088894697473 25
312288988897628160 9
312289181835608065 20
312290339480293376 0
312291283194482688 24
312291610362793984 19
312291828433043457 1
312295154549669888 40
312295443944071168 36
312296345706844161 36
312296345727819776 36
312296505115557888 36
312297461412687872 4
312297708885008384 44
312298556126003201 36
312299218817662976 36
312299613082222592 25
312302029001326595 23
312302398095900673 9
312302838502002688 11
312303111127572481 31
312303513801732098 27
312304155530240002 12
312304574931300353 25
312306911150239746 27
312307024429973504 31
312308463080439808 12
312308714734485504 36
312309364855808002 13
312309973025685504 36
312312946778853376 36
312314712568242178 2
312316583219453952 4
312319657644285952 16
312320681062846465 11
312323076014628864 27
312323931640066048 36
312324980220248065 0
312327383548055552 43
312327698146004992 32
312327853310083072 36
312328201470889986 36
312328218218725377 43
312329262617219072 36
312331804344475648 36
312333335265419264 23
312333796647239680 36
312335033996304385 27
312335457608400896 27
312335663125131264 24
312338871784448002 2
312340742444036096 36
312341652578635776 43
312342973813764097 38
312345377141579777 28
312346580902608896 43
312350099915276288 34
312350523552563200 36
312358996042461184 12
312367342707421184 36
312368693252325377 7
312369385312501761 9
312372505891446784 27
312372585574854656 43
312376993800937472 24
312378143015043073 36
312381699784835072 12
312382882582773761 9
312384350593380354 36
312385000710475777 20
312385889898737664 24
312389291483484160 4
312389966770622464 34
312393137681219584 36
312393301229711360 36
312394022666776577 2
312397592015278081 36
312398774809030656 27
312406920143179776 27
312409910707105793 12
312420262232604672 32
312421075935973378 21
312428151726804994 9
312428202071040002 20
312428269146357760 25
312431947571945474 12
312434191524585473 13
312435844067782656 32
312441590289412096 36
312445042184826880 12
312447109989289985 28
312454882038800384 36
312455796397047808 36
312455985111392256 12
312461072802123776 32
312461748089270272 36
312462763102449664 32
312467175535435777 36
312468677079478272 40
312471080432435200 32
312472774922883072 32
312476151325007872 36
312485252989874176 41
312485395583614976 28
312487345947553793 36
312488377729568768 36
312494673400823808 20
312496002957451264 36
312496116203679744 32
312497194143997952 41
312499832365404160 0
312507507950092288 36
312512159429062657 32
312519784690507776 36
312521051374510081 28
312521856664088576 41
312524541018656768 5
312524612334403584 5
312525958714388480 32
312526285870071808 12
312528882110705665 9
312536457040523265 19
312537274933997568 36
312537291690237952 36
312537438495051778 36
312538852004880385 32
312541058191990785 32
312541553107275776 36
312542714950479872 36
312543990002110464 27
312548305966084097 32
312548792467607552 5
312550046581288960 5
312550281466478592 2
312550663148146689 32
312551074168975361 23
312558602944667648 36
312559311815585793 20
312561224401428480 32
312561698345209858 23
312562105205284864 17
312562935681667072 12
312563250237689856 20
312563975852281856 12
312568241455247360 32
312571911475441665 32
312572515488788480 20
312575136895221760 36
312577531859591168 24
312579448635523073 27
312580262368272384 34
312580690178875392 20
312582271439872000 24
312583785550069760 5
312589938598215680 32
312593654768365569 25
312594229375426561 2
312594401367044096 5
312595340882743296 32
312595370238685184 27
312597425435078656 36
312597786153582593 20
312601305157885953 44
312601753965178880 32
312602135634255872 36
312602869658431490 10
312605755343781888 36
312607240106426368 41
312607936381857792 40
312608255123808257 24
312609945457668096 10
312610402632617984 32
312615754568699906 36
312615821639811072 32
312619718165032960 20
312622540919042049 20
312622893274116096 36
312622901658525696 36
312624088629792768 24
312625091089403905 24
312625544049078272 25
312625934115151872 27
312626546496139264 20
312626689089863680 32
312629037912711168 25
312635828478300160 36
312636004664242176 36
312639255245639680 24
312639309750624257 10
312644779118833666 32
312651213214736384 20
312652811215204353 34
312656103769010176 27
312656107938123776 28
312656539951448064 36
312658708406611968 0
312659308200472578 25
312660423902117888 32
312660482593021952 23
312663145997033474 32
312663578014527488 44
312669441655717889 27
312671081632776192 28
312675645006172161 36
312676353872908288 43
312681647080349696 44
312690098569371648 28
312690153103687680 20
312692099285913600 34
312692845838479360 27
312692938125750272 27
312693068149186563 23
312694821389205504 8
312695630885695488 2
312698717872463872 20
312698755616997376 31
312701410619838464 2
312705416167555072 4
312705730761334784 10
312707823702261761 24
312709388211208192 35
312710113813229568 20
312712479404875776 34
312714727547629571 27
312715121820565504 11
312716862444142592 41
312721111265710080 34
312722990313897984 2
312723791413403649 36
312724873560604672 28
312726832283783168 34
312727134294642688 28
312731483792084992 25
312735413850742784 41
312738865762947073 10
312742661599686657 8
312743378838233088 36
312748915327901696 41
312750366536130561 28
312752543384100864 27
312755055793172480 36
312766044865445889 0
312767970034204672 10
312775498818285568 36
312776681603604481 25
312777365296148481 36
312783023387058176 24
312785489642020864 10
312793001640480769 0
312794532553031682 27
312802728248229888 21
312811997639094272 2
312817295045054464 36
312823183864627200 27
312828103762272258 27
312830305797033984 41
312832612647440384 43
312839159976955904 27
312846260933640193 20
312848328704544769 24
312852116144279553 5
312872974447431680 25
312885326655926272 27
312885343433158656 27
312888703074848768 41
312899172061818881 40
312901244064780289 39
312902397481590785 24
312902569452257280 35
312902712062799873 34
312908122685571072 24
312922349798301698 27
312924203676467201 23
312926003028688897 36
312926330163449856 27
312927743643901952 17
312928746099314689 24
312932541961236481 27
312935280812363776 27
312936862085947393 2
312939894559354881 41
312944311165669376 41
312946664149229568 25
312947549151563776 28
312949923123441664 46
312951378559524864 9
312954369115041793 36
312956080370098176 34
312958248829472768 40
312959167365263361 25
312959943345070080 10
312964112462262272 24
312965148446961664 44
312969317589340160 9
312971410555432963 24
312984110903734272 40
312990914077405185 27
312995687178567681 20
313003132084961280 34
313006466556649472 20
313007867433201665 27
313010061070974976 36
313011386454269952 41
313015408821141504 15
313015597556445185 34
313015689814355969 27
313016675479994368 27
313017791164866560 27
313018126713380864 9
313018130920243201 24
313019171099258880 11
313025626141495296 2
313026578244325377 5
313032391524487169 10
313033003897061376 27
313033184285696000 27
313043133145419776 25
313043577762631681 34
313044739563872256 28
313059591590146048 25
313071910256791552 9
313077027311857665 10
313079514550906880 25
313080596698132480 20
313082073059557376 41
313085696971776000 24
313085994733809664 34
313086707773882368 16
313094140093140992 24
313096589566672897 24
313101710786711552 24
313102545478356993 24
313107603817373696 5
313116357329821696 34
313116785140453376 20
313120471937855489 34
313121675686330371 34
313130433414041600 31
313131624562823168 34
313132224352509952 36
313137056190713857 44
313145126035783682 27
313148330479861762 2
313150796734820353 24
313152814207598593 24
313167716582293504 25
313171340435791872 36
313172967825752064 36
313176147137531904 2
313178563048247296 24
313184640590561280 17
313189862478053376 20
313189988315574273 23
313192039330246657 2
313194836922605568 41
313198167199997952 34
313208300651024384 15
313215128994717698 23
313217423245467648 46
313218232758722560 41
313226248065282048 41
313227820954419200 41
313228114547318784 41
313235152581046272 36
313241842487541760 24
313245931954925568 10
313252017890000896 28
313252982558978048 28
313256665166278656 25
313268476343099393 36
313272268002308097 27
313277120778493952 25
313280400745193472 27
313284406309711872 27
313287040307437568 16
313289284293652480 25
313296167142309888 19
313297765151145984 24
313299908436320256 36
313303276454035456 40
313304383758680066 2
313308288659894272 31
313308431278817284 13
313309114941992960 27
313310092214820864 9
313310373245771776 9
313313472840605697 27
313314924036247552 27
313316060709388288 15
313317142860795904 18
313325799866527744 19
313326391275974656 31
313326936560640000 31
313327100121726977 31
313327272092385280 31
313327620219621377 31
313329834812116992 31
313329838989668352 31
313331906773135360 10
313332863074455553 9
313335761342697472 24
313337623643037697 31
313339934708752385 24
313347383788457984 27
313348272964112386 21
313349053113053184 23
313349472547663873 27
313350214931083264 36
313351968166928385 43
313352211415588865 20
313352374985035777 36
313355831112507392 27
313356917420470272 10
313357215211872257 10
313360788767264768 11
313361136902893569 44
313361719915339776 10
313364572046245888 10
313364945335107584 31
313373958890196992 27
313373971447947264 28
313376743912255489 28
313384528511123458 9
313385447097241600 10
313385493226201088 27
313386655061008384 10
313386671800455168 10
313387179323826176 25
313388940918927360 20
313392954884648960 24
313393919574540289 24
313394821366702081 49
313395362410950659 43
313399489631240192 15
313401549000937474 10
313402736001572864 19
313405164511969280 10
313406477320732673 27
313414559765520384 15
313414815588708353 15
313414844957216768 15
313414920471453696 15
313420574380658688 10
313422747025948672 27
313423107731890176 13
313423120319016960 2
313428501619408896 10
313429751526207488 23
313435036332470272 25
313440820298653696 24
313442565112344578 36
313446193176907780 27
313447405347561472 10
313449557000331265 27
313457844978606080 10
313458964845191168 10
313463154959085569 10
313466132893941760 28
313466166473539584 36
313468964078485504 16
313479294632460289 16
313518284903428096 17
313519413171220480 25
313520142963318784 0
313522659562500096 19
313524593124061184 27
313532813947334656 27
313533032055324672 24
313536400077230081 27
313537452864327680 24
313540258828533760 0
313541542298144769 41
313544956453191681 27
313549255631572993 25
313549716996624385 31
313552485245648896 28
313572156510453760 23
313574337573687296 46
313574572463099904 25
313574874432016384 7
313575528756039681 16
313584999494471682 31
313585125311004672 10
313590837948866560 20
313594524742070272 27
313594713506725888 9
313603924185739264 10
313606717579603969 23
313607036371865600 35
313608894452736000 28
313612300215013377 25
313613323633565696 28
313613378138550272 24
313614514807533568 10
313616960095154178 36
313621766771732480 39
313623259939733505 9
313624006492303360 3
313628192432877568 9
313628779618652160 12
313632881652166656 34
313640712438697984 27
313641098310463488 5
313643468075442176 10
313644600524959747 10
313647020642549762 19
313654071267561472 31
313655442838528000 23
313655669314166785 5
313656495587872768 5
313657376383315970 5
313657766453604352 27
313657841942687744 31
313660606005788672 5
313661457470459905 5
313663281984311298 3
313665093923663873 2
313666071175499776 20
313666683552288768 0
313667094594072578 27
313667555963305985 24
313669246272012289 34
313669346956304384 23
313670336786870272 13
313671234380525568 5
313671234384707585 5
313671523791667201 27
313672547210256385 28
313674946352148480 20
313675583856967680 24
313676171084718080 27
313679115456757764 10
313680843543552001 9
313681330061836288 9
313682223461191681 15
313682596724891650 47
313684358353526784 15
313685331436269570 41
313691287339552768 3
313693518696693760 10
313694261101084672 9
313694319829737473 24
313696089813446656 0
313696416969154561 24
313698069533310976 27
313699009049010178 15
313701622092034048 9
313703610192113664 10
313704969175982080 24
313706030330683392 23
313708798562926592 27
313709234787344384 10
313711088652926976 47
313714024657342464 10
313714649596043264 24
313714934833876993 28
313715131970379776 27
313717279454007296 10
313720324506140673 15
313722245480583169 15
313722362946269184 15
313722732019851265 27
313723260518924290 9
313725219246321664 20
313726993466273792 46
313729648456523776 24
313732248916611072 8
313733112955797505 27
313735868584169472 27
313737487619088385 15
313737605038616576 2
313741874823307265 5
313747692360699905 24
313748283728211969 20
313748682187104256 9
313749399408881665 2
313750338937171968 5
313750779339104256 28
313751915991298050 27
313752834556452864 34
313752876503666689 5
313757603475906560 3
313758404604731392 21
313760883409027072 27
313761684542062593 28
313761873277353985 5
313763664245186560 31
313763689398411265 24
313765111296823297 27
313765740421447680 3
313770169598087168 27
313776037467140098 27
313778960880259072 5
313780177224204289 10
313782165328494592 0
313782630883684353 38
313787504656539649 49
313788372898435072 27
313788607775272960 10
313789689918279681 20
313790700741337088 2
313798644753104896 3
313805653422505984 0
313812553065189377 20
313812930552532992 5
313814687940755456 17
313814763463385088 25
313818752233922561 41
313823978353459200 34
313824699748605953 5
313836737426247680 38
313837039411933184 27
313837261684891649 41
313838926861332480 0
313844140360208384 38
313847017656954881 24
313849605534138368 44
313855553073979392 3
313856681350152192 46
313863522255790081 0
313866252735115264 18
313868911940608001 23
313872875528531968 16
313877631881863169 0
313880064578170880 20
313880601440702464 0
313881343824121856 25
313889526940594176 34
313896816628342785 5
313897848410370049 5
313908648764121088 24
313908841676943360 20
313911144358227969 27
313911735771877376 2
313914348827451392 5
313916332703891456 41
313923949564157953 31
313926533251215361 34
313929481876303872 5
313929783857782784 24
313931218326532096 27
313934343083012096 17
313947316048498689 38
313949723562233857 9
313953154528075776 10
313954425406386176 9
313956056982245376 43
313957218783490048 43
313961073361444867 43
313962772062945282 23
313963191497547776 27
313964189712535553 43
313968212066844673 24
313975526933032961 6
313975615009193984 20
313979972903645184 23
313980631384199169 24
313981604496277506 43
313983772938874882 6
313986419527938048 43
313986419561476097 43
313986532782510082 9
313987065463316480 27
313987229062139904 43
313987233252261889 43
313988600574398464 41
313991666598027267 20
313992966836482050 43
313999228953305088 23
313999241548800003 43
314001313505632257 9
314012013166723072 43
314012306780585985 3
314013808362418176 44
314025732743512064 9
314026798126096385 43
314028568084611072 25
314030694630305794 43
314031281803505667 43
314031319556444160 9
314031843861200896 23
314034901513031681 9
314035065090879488 43
314035866190364674 20
314039737549733888 43
314039842373763072 38
314040672845983744 43
314041415258734592 24
314042447040749569 38
314042568675565569 9
314044514845196289 19
314045349515898880 27
314045886399381504 43
314046813332180993 43
314047744450887680 19
314048440709545984 43
314050915369893889 28
314053234807410688 9
314055378088390659 23
314056292463435776 28
314056426651799552 28
314056909013524480 43
314060281217167362 3
314061220774825987 10
314061241750544384 9
314072964800868352 43
314077347852738561 27
314081105940717568 20
314083110813843456 43
314087602917609473 16
314089259697049600 27
314097602167721984 34
314098629772197889 43
314101884518559745 27
314103574831431680 20
314104216589316096 10
314104636002930688 9
314104858284273664 46
314104958972731392 15
314108079509762048 27
314114995933827073 26
314115696382578690 20
314116119990521856 6
314122591801597952 27
314124382790381569 2
314124756087603200 34
314125565558939649 24
314127121679265792 28
314127159419613184 6
314127620797251585 2
314128744879120384 1
314133165667139585 39
314136437203292160 34
314137913610874880 24
314139465503346688 15
314139868152340483 47
314143135506767872 9
314143529800704000 38
314143752073670656 25
314148550353252352 17
314148848178188289 25
314149351465316354 20
314149997413277696 34
314150039360507905 36
314150051914080256 25
314150320370483201 34
314150970491826177 27
314156070736117760 6
314157849137778688 43
314158792839397377 43
314162995532029953 43
314163100397993985 34
314163939275575296 43
314167303107395585 37
314167605084708864 27
314168255193432064 27
314173330322239489 34
314178573172867073 28
314185334395117568 18
314190069781114880 46
314193240691703808 28
314193974665551872 38
314195157467684866 0
314196512236261377 23
314197132976459777 46
314205127340859392 2
314210806411689984 10
314214568694013952 46
314228489588965376 9
314230528050069504 43
314240900559691777 9
314241336750514176 6
314246432850849792 34
314247682745061376 0
314250291606347776 8
314250530660708352 34
314250530664882176 34
314268956259123200 10
314280935191351297 25
314284756210683904 27
314285305643556864 10
314287088205971456 27
314287880954593281 47
314305023049883648 41
314307938112114689 34
314308726628700160 43
314311809450524672 47
314312556040818688 34
314313193583419392 34
314315399791538176 23
314317983466004480 41
314319812199329792 41
314320093184143360 43
314320378405220352 41
314324765647196161 16
314328481796345857 2
314330432177045504 17
314330486669443072 20
314330591527047170 46
314330662859595776 28
314334337061486593 24
314335918330875904 2
314337449243451392 37
314337759630356480 0
314344218858496000 16
314345716191465472 16
314345774911741953 16
314348937412759553 26
314349428167299073 43
314350644523835395 27
314353395983060992 43
314353442133004288 27
314354356482875395 43
314354402599251969 9
314355543449948161 38
314356491379429376 41
314357493792911360 16
314358018093494272 26
314359335121731584 5
314359867781558272 20
314361356763672577 43
314361432248549376 44
314362455658729473 23
314364741562814465 7
314365085491556352 16
314367258149404673 16
314370613580013570 16
314370789761748993 16
314371276292640768 16
314372517806620673 43
314372748501725184 43
314373033722785792 16
314373830619586561 16
314374078108692481 43
314375508357943297 43
314376758252142592 43
314376775037747200 19
314378679255957504 10
314380470198616064 38
314382965838852096 10
314384408662654976 10
314385029407064064 16
314385058775572482 43
314386258338148352 26
314386317050003457 43
314386728100167680 10
314388988830048256 24
314390880486301696 16
314391861936664578 43
314391933227253760 16
314392709207035904 43
314393149604773888 10
314393355121487874 11
314393753571950593 34
314394818941956096 10
314395481621004288 11
314395947171983362 26
314396815392919554 9
314397650076188672 16
314397910106255361 43
314398035956363265 43
314400573522857984 16
314403018776907777 27
314404872680263680 43
314405992567808000 34
314406592349093888 41
314406596539187201 41
314408559448322050 16
314408865628295169 23
314409272496775168 20
314411235418468352 43
314411575178055681 6
314412577599938560 44
314412703450009601 4
314413194150027265 38
314413533897048064 43
314415303922696192 27
314416453124239360 9
314416654484373504 16
314416847388827648 9
314417275241390081 20
314424095146143744 10
314428394332909568 28
314428402729889792 38
314430483092103168 6
314430877348282369 10
314432676725678082 26
314433905627394049 17
314435323331481600 16
314435616936960000 10
314436367692222465 43
314436824892309504 5
314436875211403265 16
314437391098183682 27
314437735031111681 27
314437873455747073 27
314438334808223744 27
314441136632647680 16
314441220514512897 27
314442654979076096 24
314443556750245888 10
314446719255453696 11
314446903800651776 20
314447771992223744 10
314447772013174784 43
314447776215863297 6
314448283714072577 16
314448417927602176 43
314448489226596352 43
314448501826256896 43
314449089020452864 16
314449139360477185 10
314449277772517376 24
314449424581529600 27
314452134089330689 43
314453019087495169 6
314454088626622465 16
314455728586911744 43
314456315802050560 2
314457309839511552 10
314457410502799360 10
314457725079801856 43
314457926423166978 38
314458719142440960 43
314459901952933889 24
314460434604359681 10
314460728222416896 10
314461558682030081 24
314461877436551170 43
314462837932191745 10
314463383221067776 6
314463634858332160 43
314463727162363905 17
314465115447627776 6
314467409740304384 26
314469204889858049 6
314469855023734784 43
314470542881210368 47
314470568047038464 41
314473374036406272 16
314473550192984065 34
314473592148611072 17
314474867217022976 10
314474867229597696 5
314477073429307392 43
314477442519666689 34
314478063259877378 43
314478142985216000 43
314478709212057600 43
314479631929589761 5
314480495972982784 28
314481368375623680 2
314481498407444480 23
314482098201325568 2
314482257563889667 10
314482920284893184 43
314483297759670272 43
314484316992319488 44
314486594491002880 20
314489576653742080 27
314490507764060160 27
314493552841351169 39
314496115565273088 6
314498242085797888 16
314498300789288961 10
314501278736723968 46
314502390244048897 2
314503413645848576 34
314506471280898048 16
314511315731365888 25
314513840677191681 27
314516189495840768 2
314518328578289666 24
314518336992079872 10
314519268119162880 38
314523034595778562 23
314527522496843778 17
314529036669968384 27
314529321857478656 6
314535995016093696 27
314542257095204864 5
314543678985232384 7
314548930253824001 27
314550373094404096 14
314551828513710080 27
314551887229767680 16
314555246837899264 26
314562419110342658 10
314565837476487169 10
314566126870863872 20
314574104445480960 11
314576109335359488 16
314579150214164480 27
314579456398352386 27
314579804512989184 10
314581159281586176 26
314586649596141568 3
314588444783411200 9
314588855795851265 18
314589354943201281 24
314593494700261376 24
314603175174873088 11
314604991283359744 23
314621508473479168 2
314626449380347904 41
314627204321529856 41
314628164821319680 16
314629028847947776 41
314629444088242176 0
314629595099955201 27
314629993529475072 16
314630245208707072 38
314639548166569984 2
314639925679108096 41
314643616641466368 5
314644891718262785 16
314646934331740161 17
314653582328745984 27
314653783638556672 24
314656501564325888 4
314656711271141376 5
314660377088634880 5
314660515492270081 23
314661094318829568 7
314663648628989952 15
314663988375986178 20
314664323932889088 27
314666697917353986 28
314671760417112065 36
314677951205605376 27
314679041728864256 10
314679717011795968 5
314682820821917696 23
314683038921523200 18
314686385963540480 0
314687363240574976 41
314693310772023296 23
314697718993915904 20
314700990534258689 0
314701372215934976 17
314702672454369280 46
314703142216413185 24
314708380897931265 36
314708573844291584 34
314709232354222080 0
314711841207111680 10
314715385368829952 6
314716522037800960 6
314719072166244354 20
314719361581608960 34
314720372417241089 34
314724092752326656 17
314724453458251776 5
314725585924526081 10
314730296144715776 28
314731550224818178 26
314734805025705986 28
314736738595643393 24
314738651194068992 47
314739511001231360 3
314739821409075200 6
314740106625957888 25
314743348789391361 16
314744779047055360 23
314745387233730561 16
314747274657951744 6
314747471802798082 6
314748373582352384 41
314751464776007680 6
314754287551016961 6
314758335037583360 6
314758565753655297 27
314764718780846080 27
