625421041305653248 41
625421066471632896 19
625421108397785088 41
625421154522669056 24
625422698055794688 65
625422765156274176 65
625422773553238016 15
625422819661213696 65
625422865811156993 65
625422932915957760 41
625423293646946304 65
625423897631043588 22
625424384166129664 24
625424774207025152 53
625426481292922880 24
625427496314490880 22
625429010470825984 74
625429710923767812 24
625430994372435968 24
625431824853024772 24
625432412030304256 19
625432500115009536 11
625432500131606528 41
625432546252341249 14
625432751802597376 24
625432873420505088 24
625433083144208384 65
625433141868498945 41
625435620706549760 3
625438594447093760 24
625439420729171968 15
625439752095969280 19
625441866004037632 71
625442100889321472 15
625442272864288768 50
625442339952066560 68
625443002656391168 14
625444646815170560 24
625445389207011328 19
625445749921304581 47
625445779281420288 72
625446370699292672 24
625446618138066946 24
625447041791979520 19
625448929224605696 30
625449172494381056 24
625449512220229632 24
625450212669132800 37
625450283972329472 41
625450590173184000 11
625452037208027136 14
625452548908953601 41
625453144491884545 24
625454365030129664 41
625454763493044224 19
625455430399979520 22
625455703012970496 19
625455904364888065 41
625456562836910080 15
625456596399755264 41
625458223806427136 19
625459456915193856 48
625459461105315840 15
625459503052406784 19
625459792467857408 24
625459960219090944 41
625460937491771392 41
625461533083103232 41
625461881218568192 19
625461881222897666 45
625462795597955072 19
625464838207225857 24
625465148606652416 77
625465161164410880 41
625465752552869888 52
625466130044289024 24
625466490787999744 77
625467283477954560 3
625467551925952513 24
625468818614136832 24
625468847953350656 72
625468919256461313 24
625469342885527554 24
625469837838409728 19
625469942675152896 19
625470068516909056 24
625470605375225856 37
625470680864178176 41
625470991255244801 24
625471054157234178 41
625471104505610241 41
625472656394067968 41
625473986009239553 41
625474053084704768 24
625474153752170496 39
625474917119561728 41
625475412051783680 41
625475470763540480 19
625476179613450240 41
625476603221389312 4
625477563733962752 30
625478926891155456 41
625479405029224449 37
625481472812687360 41
625482001307426816 3
625482093573840896 24
625483901314560000 72
625484740204728324 37
625485495179603972 19
625486279514284032 24
625486455670984704 19
625486883460677632 24
625487407744315392 24
625488183711662080 24
625488779294474240 65
625489655908184064 24
625490087917264896 43
625491312662458368 24
625491694335586304 24
625491891463663616 24
625492394805325824 45
625495754409295872 45
625497121756594176 75
625497482466840576 24
625498912737132545 22
625499499927089152 45
625499554469806080 24
625499931961262081 4
625501039249223680 24
625502326904762368 3
625503094445441024 3
625503153165873153 3
625504688306196480 41
625505153861332992 24
625505694909906944 15
625506508642631681 3
625507200694394880 24
625507414612275200 24
625507590760435714 19
625507926313074689 41
625508081477115904 24
625509289453555713 24
625509880846127104 24
625511428535881729 24
625511504024973313 19
625511579551973376 3
625512544220905473 15
625512779122782208 24
625512875566723073 41
625513051739983872 41
625513139799478272 24
625513164973690880 24
625513395685560320 24
625514431682756608 65
625514523936436224 65
625516809853214720 24
625518311376330756 24
625519011845910528 75
625519817165000704 24
625522568620064769 3
625526041478565888 4
625526096042176512 19
625527752784019456 65
625529661175410688 4
625529904445177856 24
625530030299422720 24
625530827183640576 24
625532064511569920 24
625532181977395200 24
625533020821303296 24
625534035826098176 24
625537873643634688 19
625539475867742208 4
625539840755548160 45
625540222432907264 24
625540616701747200 19
625541392652054528 38
625542130845356032 39
625542135052398592 39
625542873220448258 43
625542885824405504 65
625543498209456128 65
625543611422085120 47
625543980537749504 22
625544748112191488 24
625546237052260353 23
625546681656979457 65
625546719414108160 24
625548137093013505 22
625549311485448192 65
625550846625992704 28
625551299585687552 24
625552188790550528 22
625552218129694720 24
625552260072869889 24
625552553690927104 24
625553015068426241 4
625553300264497152 24
625553883293577216 24
625556911564439552 19
625557259721011200 22
625557637195698177 24
625559927269031936 41
625561303029907456 41
625562389342199808 41
625562406111027200 19
625563135915655168 22
625563534382858240 22
625565673469681664 65
625565761570930689 22
625566562687127553 22
625566646535479296 65
625566692702203904 65
625568198457331712 65
625569242847551488 22
625569469310459904 22
625569892935274496 24
625571084138627072 24
625571293828661248 24
625571931371270144 5
625573437117849601 19
625575098070757377 24
625575236507992064 4
625575630764011520 75
625577480431247360 41
625578214430216192 24
625578591942766592 4
625579166562426880 11
625579275597516800 9
625579376281841664 42
625581293053423617 47
625582983349686272 19
625583159543869441 4
625583197263257601 39
625584254253170688 15
625584979846791168 41
625587475482738688 47
625591887865380864 24
625592244393934848 24
625592768694493184 75
625594714830430208 24
625594790323712000 42
625595058759168004 65
625596795201024000 47
625597072050388992 24
625598502295486464 41
625599324366499840 24
625599580223209472 38
625599819294244864 24
625601417328222208 41
625601664804896768 75
625601929029156864 41
625603510277517312 22
625603980068941825 7
625605095737176065 43
625607108994703360 42
625608002406629376 42
625608962893725696 72
625610703538360321 41
625611949246537728 24
625612569982693377 75
625613471783231488 24
625614587430313984 76
625615489235054592 4
625616177109331968 24
625616810444877824 22
625618542671454208 22
625619016636305408 65
625621709371084800 19
625621751309991936 14
625622611159089153 41
625623869450289152 24
625625954014986240 22
625626088241106944 41
625626717361713152 52
625627480758456320 65
625628252472803328 41
625629741454757888 15
625630064428883968 65
625631033329852416 22
625631486297796608 3
625632207739162624 15
625633193392250880 41
625633428260712448 41
625634065790697473 10
625636259432677376 75
625636422989406209 71
625636620138622976 41
625637819717943297 45
625637861627289602 22
625638792758558720 42
625641292568117248 45
625642919970471936 22
625643838544183296 45
625644627052228609 19
625645767924039680 9
625645847611445248 5
625645860173541376 6
625647718271188992 65
625647735039864832 19
625647990896590850 15
625648037038280704 41
625648087344615425 41
625648422897459200 1
625648880080785408 19
625648984938287104 41
625649521805131776 41
625650968831471617 19
625651136616337408 22
625651660912594944 41
625653829342752768 24
625654332676009984 39
625656236894195712 41
625656354338938880 41
625657247700492288 24
625657650366255104 41
625658296272322564 41
625659256797200385 38
625659370043506688 41
625659613300555776 1
625660036920946689 43
625660133402628096 41
625661026772586496 41
625664193493078017 15
625665007188070400 41
625665393064026112 1
625665594394865664 65
625665787315929088 76
625666135459954688 22
625667376978239489 41
625667490199179266 65
625668098364813313 4
625668480067629056 5
625668702340431872 19
625669071439286272 41
625670115833552896 19
625671533504163840 41
625671936178307072 9
625672015853322240 24
625672514983882752 75
625672523376492545 71
625673538406629376 45
625674779891224576 43
625675312563625984 41
625675832678199296 71
625677015488819200 41
625677460047310848 24
625679137793900544 3
625679624345907200 19
625679712401100801 41
625679817267089408 37
625681310443565056 75
625682195416379392 19
625682518415687680 24
625682690344374272 47
625683399198552064 28
625683415963045888 24
625683969640521728 42
625688373630365696 65
625688541431894016 24
625690743441526784 24
625690785376178176 22
625691041224650753 24
625691104134983680 41
625691494226239488 30
625692471469703168 41
625693327111749632 41
625693406828703744 5
625694069495341056 65
625695076161712128 23
625695529134125057 41
625696535750279168 1
625698112821153793 19
625699127846776834 65
625699262039478272 24
625700876879990785 14
625701753476878336 65
625701908645310464 7
625702130951827456 41
625702332303446017 41
625702994990997504 9
625706149086658560 45
625706425910558720 24
625706996344463360 41
625708133025865728 72
625708309165789186 24
625708342716026881 19
625708380485722113 19
625708904773648384 19
625709538101039104 24
625709810739212291 38
625710364387332096 19
625711366826016769 24
625712209885179904 16
625712541218398208 24
625714084730662912 24
625714764195479553 24
625715632428855296 24
625715913463984128 9
625716186072936448 15
625716974610333696 24
625717549221556225 65
625717880559173632 24
625718102865670144 15
625718639723810816 19
625718639740743681 38
625720015485042688 5
625720288118902784 65
625721596712345600 65
625721928062361600 41
625722402039799808 19
625722880173604864 19
625723459017023488 45
625723966502604800 24
625724041987493888 19
625724151051870208 41
625724880865001472 19
625725874936119296 41
625726961222967296 2
625728324409667585 22
625728655751254016 10
625729121298055169 75
625729498777001984 19
625731004540399616 41
625731096819318784 19
625731239425785856 24
625731369440800768 72
625731566572933120 45
625732522895388672 15
625732686477455364 30
625732904589651968 5
625733126866644992 71
625734095767760896 28
625734280283422720 19
625734590678831104 45
625734963992915969 24
625734989158576128 43
625737790928613376 45
625737816090148864 75
625738369742581760 65
625740013922168832 45
625740106188627968 65
625742522111766528 19
625744996734488576 24
625745147762860032 9
625746275997102080 19
625746598992199680 22
625747278435737600 41
625747366549823489 19
625747685279035392 19
625747987285807104 41
625748259919777792 41
625749182666530816 19
625749631444627456 41
625749753100378112 22
625749946021490688 15
625750516442755072 65
625750784895021056 41
625750914910060544 72
625751216883171328 65
625752110278254592 0
625752802346713088 4
625753100150829057 10
625754966590889984 24
625755004352249856 65
625756547851812865 15
625756963083825152 41
625757063755485184 24
625758825354674178 22
625759072827125760 43
625759496443310080 38
625760377243103233 38
625760616335052800 65
625761123845844992 72
625762042402734080 65
625764215039619072 24
625765410433052672 28
625765653706895360 4
625766584838062080 41
625767591445860353 45
625769441146589184 19
625772121327800321 15
625773425747980288 65
625773476067065856 41
625773614479097856 15
625773622867722244 68
625773752899375104 68
625773979396112385 24
625774679823810562 19
625776168826843136 4
625776374351933440 65
625776437233123328 15
625776756029566977 41
625776810563923968 41
625777200600494080 24
625777959790469121 68
625778035283722240 19
625778446342426625 19
625778815432835072 15
625778895120302080 75
625779905947635712 24
625780933564592128 30
625781298443857920 41
625781587850973184 41
625782565111242752 24
625783127147986944 68
625783244621910016 68
625783513040691200 24
625785341740318720 52
625785866062045184 68
625788743325122560 43
625789527676858368 24
625789733214494721 24
625790899226812416 43
625790915978735616 43
625791087966339072 41
625791478019825664 43
625791494784286720 43
625791738066665472 43
625791830362353664 43
625792140740837377 43
625792304285122561 41
625792501455159296 24
625792685966692353 41
625793130592399360 43
625793822639980544 43
625794535692464128 43
625794971891662848 43
625795080926834688 19
625795995272658945 24
625796897047904257 19
625797098399748097 43
625797803030257664 43
625797949830877185 30
625798297970733056 43
625798327305531393 43
625798327318237185 28
625798553831669760 9
625798570592071680 43
625800516749144065 43
625800579680497664 43
625801292686979076 75
625801384961658881 43
625802152523468800 43
625802756494897152 43
625802945272094720 43
625804232902508545 65
625804769785978880 3
625804782339555328 41
625804803336093697 24
625804870444945408 28
625804920755720192 43
625805159864639488 19
625805239535276032 43
625806485247893504 4
625806690773041153 2
625806829176500224 68
625807370224939008 52
625807793866584065 9
625808049723305984 41
625808716621836288 43
625808846632542209 3
625809983301484544 43
625810000074530817 43
625810222376988672 72
625810599876792320 9
625810616628875265 9
625811841353035776 52
625811933644492800 68
625812130760032256 43
625812571187097601 41
625813225502863360 47
625813456193589249 19
625813917537816581 3
625815452653068288 43
625815691761946625 74
625815884683022336 43
625815926634643456 3
625815930828779520 43
625815955994574850 74
625816467708243968 41
625816488650387456 52
625816689997844481 41
625817092659511296 10
625818275448881152 47
625818816514248705 68
625820557137825794 68
625820569703985152 41
625821056276819968 41
625821391795916800 75
625821479880536064 19
625821857388855296 22
625823161800617984 9
625823199540871169 24
625823321179885568 43
625823618967146496 22
625824449447755776 43
625824977925898241 43
625825548355268608 19
625825950991806464 19
625826584369479680 19
625826844378402816 43
625826882131480576 41
625827892979593216 4
625828572444254208 24
625829432293519360 71
625829591660171264 43
625830074009321472 41
625830254356119552 43
625830816422080512 41
625831260993097728 10
625831881775411201 43
625833534310100992 43
625833601419071488 43
625834318661693440 9
625834419316764673 24
625836294157963264 4
625837074285989888 19
625838215165939712 9
625838844294791168 43
625839486031671296 65
625839934830579713 43
625839997740953600 43
625841847441752064 41
625845169322098688 43
625845530023825408 43
625846943516745728 41
625846972876984320 43
625847128057888768 43
625847195162382336 43
625850890323410944 24
625851385259630592 71
625851737581039616 72
625853675366391808 43
625854459701252096 24
625854577120677888 65
625854937855979520 43
625855004969046017 68
625855223039434752 41
625855940269465600 43
625856183551660036 15
625856313596186624 41
625859782285529089 43
625860189103636482 24
625860533032472576 19
625860625323798529 43
625860960885022720 71
625862269495287808 43
625863284520910850 41
625864349874302976 4
625864886745108480 71
625865968871321601 41
625867906644078596 15
625868145698455552 72
625868804204015617 19
625869403989671936 43
625871165601419264 43
625871530514358274 41
625871941539205120 41
625872809760305152 43
625872818161344514 19
625872960755097600 76
625873594115993601 1
625874743330107392 65
625875527681900544 3
625876605609603073 43
625876928570896384 43
625877012477968384 43
625877192828846080 43
625877280905150464 41
625877297661243392 42
625877574523092992 43
625877650003759104 3
625877838743252992 43
625878061024567296 43
625878144935985152 43
625878685992665088 43
625878782470168576 43
625878790858649605 43
625879210268057600 43
625879428371992576 43
625879495506046977 43
625879533250424833 43
625879625500073989 43
625879675856883712 75
625879889774780416 43
625880300803874816 43
625880485349171200 43
625880854468894720 43
625881038980521984 41
625881038984769539 43
625881152226762752 43
625881668159561728 43
625882578290110464 43
625882691561349121 14
625882825766469632 43
625882930645180416 43
625883270371119105 43
625883761087873024 43
625885149415251968 43
625885283645415425 3
625885606615347201 43
625887204615815169 19
625887322068905985 48
625888525850771456 48
625888630670626816 43
625888731338264577 43
625888731342471168 43
625888731350892544 43
625888970417659904 43
625889347909328897 43
625890232920051713 4
625890551687192577 24
625891428292534272 24
625891579295830017 43
625891923237076992 43
625892866943008768 24
625893307357483008 43
625893345097707520 24
625893781301137410 43
625894121022976001 9
625895349983416320 43
625895580640804864 22
625896046212702208 15
625896092371185664 43
625896289503326208 43
625896700532686848 43
625897329690677248 43
625897585535004672 43
625899741381967873 43
625900261513388033 41
625900714498220037 43
625900982900277248 65
625901582702391296 19
625903038121775104 24
625903600162570240 9
625904887805546496 68
625905642797199360 43
625906968192925696 65
625908562024267776 43
625908658480746496 24
625910097143857152 43
625910495594201089 24
625910843742404612 19
625911015700623361 43
625911082780094466 43
625911699359399936 43
625911732901277696 43
625912018135068672 43
625912659867611136 1
625913129629675520 76
625913683282145281 43
625913846826336256 43
625913943308017664 41
625914085922742272 41
625914358544121856 43
625914534700580864 19
625914639549902848 43
625917210662408192 43
625919014238195712 19
625919144257568768 43
625920515786543105 68
625922080274575361 4
625922600351326209 22
625922893969530880 22
625924475209560065 43
625925968394260481 3
625927121836314624 65
625927247648698368 43
625927738390548480 65
625928598201999360 24
625929487415439360 68
625930900874752000 4
625931907499446272 24
625931907499454464 24
625932234655178752 4
625934428292812800 65
625935829207126017 41
625936353499475968 43
625936881977421824 43
625937100064473088 24
625937351718518784 24
625938542917775360 43
625939063015501824 43
625939385964457984 24
625939977365553152 43
625940904285732864 65
625943777379749888 43
625943915816984576 41
625944490424049665 0
625944599480152064 43
625945169909649408 43
625945979393421313 43
625948198205566976 43
625948600862769153 68
625948869294166017 43
625949687191875584 65
625949901092995072 41
625950194673274880 43
625950513440251904 36
625950618327347200 9
625950916110217217 24
625952677697036288 65
625953491417214976 68
625954078590402561 43
625955986998603777 24
625956200912449536 43
625956884583981056 43
625957266282250240 15
625958751070199808 3
625958767822180352 65
625958897870737408 41
625959677994467328 22
625959816431800320 43
625960151959388160 15
625960730760622080 24
625960734971658240 4
625960743368790016 43
625960810469302273 48
625961674512728064 15
625962278483931137 43
625962303641550848 43
625962660161425408 7
625963142510678016 72
625963486426759169 36
625963922638696448 43
625964459522023424 14
625964660852948992 16
625966426629763072 43
625966737012338688 65
625967491999625216 43
625969052272467968 22
625969878541819904 43
625971581429231617 43
625973032666984448 41
625973296924893184 43
625973301094010880 28
625974869755166721 24
625974991406899200 43
625975058536607745 19
625976073520549888 43
625976971114246144 41
625977298295103488 65
625977524770598913 41
625977768023449600 24
625979961669586944 43
625980632741494784 43
625980867635245056 24
625981710665142272 72
625981786191826944 43
625982276912857088 65
625982469850804224 43
625982562117156864 19
625983153526607872 41
625983199680659456 41
625983543580225536 47
625983979791994880 15
625984210495492096 43
625985766586363904 43
625986525755502592 25
625987813406851072 41
625988094433439745 72
625988182513991681 72
625988362868895744 43
625989101049659393 45
625990711649943552 43
625990925559406593 19
625991646983753728 65
625992620079226880 41
625993895155863552 19
625994432026947585 7
625994947905257472 5
625995128247717888 19
625995774183079937 43
625996512397430785 43
625996634011242496 15
625996634015424512 43
625996667582578688 43
625996696951070720 43
625996709496233984 43
625996764026433536 43
625996772435980292 43
625996814362234880 43
625996814383226880 43
625996818577494020 43
625996881462710272 43
625996915054878720 43
625996948605173760 43
625996982159601664 43
625997028300984320 24
625997103765061633 43
625997103773323264 43
625997200242384896 43
625997305091592192 43
625997305108398080 43
625997342848647168 43
625997342869725185 10
625997380601651200 43
625997409961832448 43
625997586105696256 22
625997774857891843 68
625997888120721408 68
625997925865406464 43
625997997176807424 43
625998022317604864 43
625998118799187968 28
625998122980765697 7
625998236252155904 24
625998320125743104 24
625998500501843968 43
625998613743702018 68
625998869567029248 43
625999070910414848 43
625999393850793984 43
625999477749321728 22
626000043988922368 43
626000085936140288 41
626000224356564992 45
626000421488869376 43
626001000294424576 43
626001189050707968 43
626001289676197888 43
626001361004593153 43
626001688139276288 41
626001885292462081 43
626001931408961537 43
626001973351972864 43
626002233423859712 15
626002417977438208 15
626002615084560385 41
626002841572872193 43
626002946434707456 43
626003583981518848 43
626003680454643712 43
626004045346512896 41
626004292822962176 65
626004301220052992 43
626004334753394688 43
626004431218343937 43
626004687095926785 47
626004737415102465 43
626004980684689409 43
626005186197241856 43
626006188644106240 24
626006264137453569 4
626006268319268864 43
626006398351110144 65
626006746494992384 4
626006759056936960 4
626006763242827776 4
626006863914532866 43
626006939441324033 4
626006977186004992 41
626007564392767488 43
626007669220872192 39
626007895709237248 19
626008046720778240 41
626008629712408576 22
626008780719976448 65
626008940111728640 43
626009003005509632 4
626009414055645184 47
626009430824333312 65
626009472792702976 22
626010089334394881 43
626010261313425408 43
626010622019305473 43
626010907252953089 43
626011045643980806 9
626011075025178624 43
626011158911315968 65
626011246966370304 24
626011393767178240 43
626011460901015552 24
626011574147358720 43
626012375234293764 24
626012542998065152 43
626012748527243264 43
626013008574185472 41
626013625136885760 19
626013927135182849 77
626014195578875904 43
626015999125549056 43
626016204650639360 43
626016502416822272 43
626016535983878144 43
626016544376537088 68
626016548591898625 43
626016968009715712 43
626017345497137152 41
626017425201479680 43
626018628937363456 43
626018922542661632 43
626019052578828288 24
626019790784733184 68
626019924989743105 65
626019962734387200 43
626019992111292416 43
626020176627113984 72
626020919023128576 65
626021657224839168 43
626022101842034688 10
626022479316697089 43
626022957450678273 43
626022961674387456 43
626023028787249156 43
626023112656691200 41
626023947344154624 43
626023951521570816 43
626024949774286849 19
626025490835374080 24
626025784436592642 43
626025851553886210 43
626025889269157890 72
626025897678639105 43
626026191263268864 24
626026916873662464 43
626027063678517248 43
626027084671000576 43
626027315366133760 24
626027344700944384 41
626027411818344448 43
626027478943956992 18
626027722205171712 68
626027743185141760 41
626028313576931328 43
626028523296292864 22
626028586227601409 71
626028724648026112 43
626029303453646849 72
626029349586780160 43
626029664167948288 43
626029911644446720 43
626030096193687552 48
626030175873011712 43
626030247176241153 41
626030616287576065 43
626031371249692672 15
626031870380105729 14
626032176556023812 43
626032461760364545 43
626032528881807360 6
626032759564189696 43
626032839264333824 65
626032851839000576 65
626034156267548672 43
626034290493534209 43
626034563127488512 65
626035280332505088 43
626035477473308672 41
626035527792377856 43
626035842390335489 71
626037041957052416 43
626037482350620673 43
626037536880635909 19
626037708830470144 43
626037822072463360 43
626037826266767360 43
626037893371269120 65
626038463796785152 65
626039155865292800 24
626039193613938688 65
626040296716005377 24
626040460293873665 43
626040602916978688 43
626040665831526400 19
626042012203024384 43
626042188338757632 43
626042330970238976 43
626042549044662272 43
626043102717980672 65
626043232724586497 43
626043266291625988 43
626043316619079680 24
626043392112357380 43
626043392116404224 41
626043782195101696 65
626044059002388480 43
626044260328968192 43
626044356789673986 43
626045325707505664 24
626045816424243200 72
626045866776883200 43
626046097463455744 1
626046768552112129 43
626047074702790657 65
626047645153411072 75
626047783544442880 43
626047808731262976 43
626048186197655552 43
626048374970679296 43
626048433674059776 43
626048731478032384 9
626048802789535744 22
626049293489696768 19
626049335457918980 43
626049763280969728 39
626049817781743616 43
626050082014519296 43
626050233038934016 24
626050266585006080 43
626050719548706817 43
626050841187782656 43
626051935934763009 38
626051952678449152 43
626052107901267968 43
626052116268761088 14
626052300801314816 15
626052732848316416 43
626052976117821440 43
626053592647077888 43
626053672376537088 43
626053705926844416 43
626054167300321280 41
626054939027095553 43
626055958263922688 43
626056138627371008 43
626056436422938624 41
626056922924384258 43
626057195575095296 19
626057208170737666 15
626057266874175488 43
626057384318922752 19
626057514329743360 43
626057665349877760 43
626057690494537728 43
626057833126084608 19
626057875048275968 24
626058026047406080 22
626058546145271808 24
626058583877160960 43
626058604848746496 43
626058793609244672 43
626059317893050369 43
626059397597425664 43
626059749897932805 43
626060039309139968 43
626060089657556992 24
626060181898571776 43
626060186126557189 22
626060282591354880 43
626060588750368768 43
626061159196717056 65
626061578635448320 41
626061675100270592 22
626063189252403200 43
626063373772304384 53
626063377983512580 43
626063868691746816 43
626063893882736640 43
626064313300709376 43
626064535619678208 19
626065328334897156 43
626065487718387712 24
626065659684720640 43
626065772926869504 43
626067643569586176 41
626068264347652096 43
626068348242018304 81
626068432115625984 52
626068440512466944 43
626069031892688896 22
626069065463939072 24
626070369879724032 19
626070411835514880 43
626070487324585984 43
626071259072167936 19
626071263283429376 22
626071795947470848 43
626071871440576514 22
626071972124991488 19
626072483817324544 43
626072974542528512 7
626073020700844032 4
626073045849894913 43
626074115376590848 4
626074820028047360 71
626075839247978496 4
626075994462515200 10
626076703299870720 41
626077370194239488 24
626077433104461824 43
626077437303103488 7
626077487609573376 24
626077655398531072 43
626077969979539457 23
626078431315394560 43
626078506825478144 37
626078536210608128 19
626078620084121600 65
626079307941543936 22
626079588968366080 43
626079614142648320 43
626080113247956992 43
626080247453081600 24
626080595601440768 43
626080603977465856 43
626081790952779776 43
626082193635303425 43
626082545931821056 15
626084076856938496 24
626085628749463552 43
626085876213256192 29
626086190807154688 24
626086769625288704 19
626086786373029888 15
626087096755695616 71
626087553930797056 43
626087579121680384 24
626087793035489280 48
626087801390505984 48
626087813994299392 48
626087818192941057 48
626087826573144064 48
626087826593943552 48
626087834953322496 48
626087851730415616 48
626087855924887553 48
626087918831017984 48
626087927223877632 48
626087964989366272 48
626087990171975680 48
626088027916406785 43
626088032093999105 43
626088040478429184 48
626088044693729280 24
626088061458251776 48
626088061470941184 48
626088069851123712 48
626088090797522944 48
626088115975761921 48
626088120170205184 48
626088128554618880 24
626088136934690816 48
626088141141573632 48
626088195667722240 48
626088262780755968 41
626088287950737408 48
626088296326803456 48
626088359270682624 48
626088397002571777 43
626088409602375680 40
626088430544551936 48
626088472516915200 48
626088514447347712 43
626088598320844800 48
626088631875321856 48
626088699005014016 43
626088707368468480 48
626088778667532289 48
626088799651647488 19
626088803833356289 48
626088808035958785 48
626088829020024832 48
626088841603100672 48
626088849991692288 48
626089005159813120 48
626089131022487552 65
626089156188446721 48
626089290393604096 48
626089332324061185 48
626089378486554625 48
626089407821533185 48
626089412007477248 43
626089470736080896 48
626089529477332992 24
626089617553530880 48
626089969858289664 48
626090066335502336 48
626090099898499072 48
626090179598483456 43
626090359936942081 48
626090368333840384 65
626090410251653120 48
626090443835576321 48
626090456401752064 43
626090506716639232 24
626090586433540096 48
626090598999687169 48
626090682915102721 48
626090812930035712 48
626090838091780096 48
626090972309385216 48
626090984879710208 48
626091089724702720 29
626091135870435328 43
626091219756691457 43
626091567892312064 43
626091756644380673 48
626092041865424900 43
626092150913134592 41
626092394178551808 43
626092427707858944 43
626092469675884544 43
626092482258948096 48
626092612273881088 48
626092658419757056 24
626092947822346240 43
626093010724327424 48
626093216270536704 48
626093572773670912 48
626093581149679616 15
626093971219968000 43
626093992216674305 19
626094264825417728 4
626094319368318976 48
626094352931012612 48
626094453590257664 48
626094914950950912 48
626095095314542592 48
626095514744832000 43
626095686681935872 24
626095980321095682 43
626096051590705152 48
626096080963403776 48
626096085166108672 48
626096215176843264 48
626096362002616320 24
626096437487505408 19
626096882079637504 43
626097234380128256 48
626097788040949760 48
626097817401073664 43
626098161325465600 43
626098215876718592 43
626098262001459200 48
626098312320557057 68
626098404595212288 39
626098790483795968 29
626099113436643328 42
626099151198097409 22
626099574835425281 48
626099868419903488 43
626099960715476992 15
626100044576501760 43
626100162025230337 65
626100203972464640 48
626100325586374656 71
626100455605706752 48
626100505975107584 43
626100535297503232 71
626100535335108608 19
626100552112455680 71
626100761827647488 43
626100786985070592 43
626100795382042624 48
626100833114017793 48
626100950554550272 71
626101374158282752 48
626101374179110912 48
626101441283932160 43
626101449655742464 43
626101504215224323 76
626101558728638465 43
626101617448726532 72
626101898463059968 48
626101999122161664 43
626102041056776192 48
626102057859215361 43
626102229812903936 43
626102229821456384 48
626102385018941440 43
626102556951863296 43
626102951245844480 48
626103215470325760 48
626103366473674752 41
626103404218068992 48
626103441987735552 48
626103450376368128 43
626103592978546688 72
626103655888896000 48
626104264042127360 48
626104268236398592 48
626104285009309696 15
626104817715384320 24
626105283287347200 43
626105430071062528 24
626105744622948353 24
626106004699283456 43
626106382186471424 48
626106507986370565 29
626106679990591489 43
626106713545011200 48
626106986141196288 28
626107044873900032 43
626107044878102528 65
626107065828663296 45
626107116177203200 43
626107321702154240 10
626107413977014272 43
626107741136785408 43
626107967608258560 28
626108127021117440 24
626108185741410304 43
626108210882068481 43
626108743579635712 48
626108957472325632 41
626109041354391552 43
626109959919370240 48
626110438087000065 43
626110442243493888 48
626110840706613248 48
626110941399117824 29
626111360825446400 29
626111650224017408 48
626111989966700544 48
626112275171119104 43
626112438732226560 14
626112715556192256 41
626112778504437760 48
626112992417984512 75
626113386669957120 15
626113608943054848 14
626113692841713668 43
626113978066956288 14
626114493974753280 48
626115580282712064 48
626115643193053184 30
626115848734781440 19
626116498851889152 29
626117501286379520 43
626117555808305152 19
626118050715185152 43
626118176548519936 48
626118273021702144 19
626118545647251456 48
626118730204991488 29
626119288068407296 19
626119548115288066 47
626119732656091137 48
626119921391435776 19
626120248534523904 43
626120806372900864 48
626121188066996224 41
626121305490853888 43
626121326483361793 48
626121557178511360 48
626122085664854016 43
626122664470384640 41
626122844808712192 48
626124186981941248 48
626124220540522496 48
626124442863824896 48
626124799375360000 19
626124983912128512 76
626126124783833088 48
626126288344866816 14
626126300927934464 48
626126565185695744 23
626126779082797057 48
626126959425273856 48
626127580199002113 71
626128456812597249 43
626128729417322496 48
626128813311848448 19
626129148876992512 19
626129312454807552 29
626129459230453762 48
626129689912807425 43
626130004515139584 1
626130025465540608 29
626130365195907072 48
626130474268794888 43
626130553952022528 48
626130889504899076 48
626130994341519360 48
626131417966186496 48
626131761899114496 29
626131824813703168 43
626132189722357760 41
626132344932552704 24
626132529469370369 43
626132873414733824 43
626133087324389376 48
626133343147544576 19
626133611591417856 48
626134328825786369 65
626134358194176000 19
626134513375051776 48
626135599691358208 41
626135666787766272 43
626135763273580544 43
626136052680495104 37
626136098826272768 24
626136312714670080 36
626137852036841473 43
626139060000673792 48
626139944986275840 43
626141123598249985 43
626141454948298757 19
626141882775568385 29
626142318953762816 48
626142381889294336 48
626142423828275200 43
626142641915236352 43
626142809721057280 48
626143422076874752 43
626144147708100608 29
626144739100721152 48
626144978171990016 22
626145066260762624 39
626145187866148864 65
626145234032922624 47
626145716348526592 48
626147196963037184 43
626147545060888576 19
626147578623717376 43
626148430067294209 48
626148564293566464 43
626148832707940352 43
626148878845263872 48
626149122127601665 43
626149315069657090 48
626149650634899456 65
626149944211062784 48
626150116198621185 43
626150434948775936 43
626150741120548864 41
626151911331201024 39
626152553076629504 41
626152704084168704 43
626153366754693120 19
626153370944995328 43
626153442269077504 43
626153471608164352 43
626153714903085056 29
626154197256286208 41
626154205636472832 41
626154419550195712 19
626154629261340672 43
626154650237014016 65
626155199686647808 41
626156101470261248 65
626156520888254464 43
626156772529709056 43
626157074515279872 43
626157598803275776 15
626157686921502720 43
626157825312423936 9
626157993101512704 38
626158064383733761 43
626158106322579458 19
626158907438800896 48
626159037474861056 71
626159314311491585 41
626160086029697024 15
626160513853091840 41
626160606136172544 19
626161180772581377 48
626161218500300800 29
626162518759735296 43
626162531321524224 43
626162799773790209 15
626163009472364544 43
626163248539131904 41
626163777025744897 43
626164431324471296 43
626166385882705920 43
626166650144989184 19
626168596297875456 43
626168789235826689 10
626169690990088192 48
626169695175979008 48
626169779083210753 43
626171003811463169 48
626171779774611458 48
626172572502110208 24
626172752836190208 43
626174447335174144 41
626174992586252288 19
626175961495699456 48
626176003446943744 29
626176108275367936 41
626176452229206016 4
626176523503013888 43
626176536111116288 43
626176741623492608 24
626177064601694208 41
626178599683383296 43
626178738116542464 24
626178826201137152 1
626178998167539712 19
626179392436367360 48
626179476293033984 43
626179589547528194 48
626179597927870464 48
626179698607964160 48
626179937666510849 28
626180017366695936 48
626180361299464192 48
626180755555774464 19
626180843652947968 43
626180982069141504 43
626181762222264320 43
626181925770776577 43
626182169073975296 19
626182307460722688 19
626182521382809600 43
626183087609610240 41
626183226009251840 4
626183632848310272 43
626183813228425216 43
626183829988839424 15
626183850981396480 18
626184249448787968 19
626184333297090560 4
626184467527266304 48
626184996009680897 43
626185163769290752 48
626186145240514561 19
626187361584611328 43
626187890096078848 77
626188192056643584 19
626188775077482496 15
626189077092544513 19
626189160953442305 19
626189181912530944 48
626189374888243200 10
626189420987748352 43
626190163388035072 48
626190981298163716 29
626191467816595456 48
626191505594650624 41
626192461866532864 48
626192759658020864 43
626193053255122944 48
626193468507840512 43
626193481099309057 71
626194034759979008 48
626194290578952192 43
626194311575683074 43
626194567398825984 41
626194714216255488 19
626195288844275712 48
626195506960670721 43
626195603408711680 43
626195670504972288 24
626195674724331520 43
626195775362629632 43
626196001871822848 43
626196102547640320 43
626196161267810304 1
626196169643810816 48
626196190607114240 43
626196253513261056 43
626196337432915969 24
626196740060880896 12
626196807190646784 48
626196811385053184 43
626196962379964416 15
626196979127705600 75
626197390203219968 43
626197499229945857 43
626197671217246208 43
626198816253956096 24
626198996592250880 43
626199365699399680 19
626200368146436096 36
626200699475468292 43
626200720451092480 43
626201420891467776 43
626201441871466496 43
626201525782646786 43
626201550923259904 43
626201664165429248 48
626201680946831364 43
626201794201407488 43
626201945196335104 43
626201982953517056 48
626202159126851588 43
626202180060585984 43
626202217838718977 43
626202226222960640 43
626202603710488576 48
626202637260591104 43
626202700158496768 43
626202750498385920 24
626202914101444608 43
626203014735355904 24
626203320944840705 48
626203333523542016 24
626203924928851968 48
626204268828205056 41
626204340156559360 43
626204365318033408 43
626204491126321153 43
626204616972066816 43
626204726036668416 43
626204742809690112 43
626204856043368448 48
626204969310380032 43
626205346776809472 43
626205585868873728 4
626205871064768512 43
626205980133605376 0
626206307289182208 43
626206814799945728 43
626207028684431360 43
626207037077241857 41
626207196473356288 43
626207234196770818 43
626207590716801026 43
626208081471520768 43
626208379258699777 43
626208412813144064 25
626208442160541700 48
626208622540775424 43
626208748365873152 43
626208786118606848 41
626208886786248704 48
626209423657172992 43
626209805309378561 43
626210262492680192 43
626210577078206465 43
626210639971680256 43
626210736478515200 48
626210866464059392 15
626210933598089216 48
626211529172647936 43
626211797637427200 43
626212120569352192 43
626212229621358592 43
626212472903606273 53
626212523214155777 43
626212720384192512 37
626213513082482688 43
626213743794372608 43
626213978637778944 19
626214398072262656 48
626214800759001088 19
626214825903828992 41
626214993697079296 43
626215245346963456 41
626215488612376576 43
626215933212815360 19
626216029681766400 14
626216432343379969 2
626216696563527680 29
626217304729235456 43
626217527018954752 43
626217724172111872 43
626217740962033664 43
626217791272546304 43
626217795458433024 48
626218009367973889 41
626218063919206400 43
626219066328399872 4
626219141842751488 43
626219355739545600 43
626219502569570304 43
626219523541086208 9
626219829721202688 72
626219959719301120 39
626220265907818500 48
626220542736105472 43
626220651800580096 48
626220689536716800 19
626221385799503872 41
626221872317739008 48
626221956216549376 43
626221985576689664 43
626222325340344321 24
626222350472753153 48
626222858008690690 43
626223399052922880 43
626223420020248576 43
626223508129869824 72
626224225360068609 48
626225055828086785 29
626225114544230400 48
626225429095972864 43
626226108573319168 43
626226616105062402 48
626227249453355008 41
626227484334419968 43
626227694049599488 41
626227773732990980 48
626228268664881152 41
626230030255833092 43
626230416127606785 43
626231133378899968 15
626231171123294208 10
626231296944017408 6
626231364036079616 4
626232039344328704 24
626232840443703296 19
626233226319777792 43
626233578658111488 24
626233691866533888 39
626233763199102976 48
626233998084280320 43
626234065176367104 43
626234111330422784 43
626234316826132480 43
626234350405705728 48
626234828556349440 43
626235344430612480 48
626235726108192769 19
626236283954835456 43
626236741154942976 43
626237051533275136 43
626237240277082112 43
626237705849020416 43
626237718406766592 43
626237751965417472 43
626237814905155584 43
626239731668422656 43
626240125941497856 43
626240637663375360 42
626240855767142400 19
626241501677268992 43
626242336356302849 43
626242424420044800 48
626242583820435456 19
626243611399553024 41
626243644983541760 43
626243988907909120 41
626244165068824578 19
626244173461590016 48
626244722898694144 43
626245469501550592 41
626245704365674496 43
626246589388972032 4
626246966851305472 48
626247025575604225 41
626247025583992832 43
626247226906570752 24
626247663118348288 43
626248355161767936 52
626248753645666304 43
626249378567733248 43
626249709942784000 43
626250028701495297 19
626250242598543360 22
626250292930158592 48
626251320559857664 3
626252448794025987 48
626253249931296769 43
626253258307313664 19
626253572871581696 43
626254164264288256 48
626255066052214784 48
626255259007086592 43
626256185923014656 43
626257926567665664 43
626257934951952385 41
626258668963524608 40
626258681563209728 39
626258819966980097 43
626259503617458176 28
626259948222181376 43
626260371872055296 19
626260518660100096 43
626261181360009216 43
626262519347175429 19
626262540297699328 24
626262649341239296 41
626262817142874116 24
626263236573163525 43
626263806985965568 19
626264494864404485 43
626265308538519552 48
626265673451212801 43
626266193532465152 43
626266906564018176 43
626267250530627584 43
626267330209779712 22
626267510552285184 48
626267644761509888 43
626267871249829888 43
626267938396336129 48
626268194219630592 43
626268366198583296 15
626268391355977729 43
626269318314098688 43
626269439919566848 41
626269439957331968 43
626272023648428032 29
626272027834318852 43
626272040404684800 29
626273126750359553 42
626273307092893696 29
626274619910135808 43
626275941124321280 43
626276486362738689 24
626279627904815104 48
626280131221270528 43
626280273844371457 41
626280835868663808 24
626281012021080064 65
626283658639503360 43
626283830614327297 43
626284489120088064 43
626284505897299974 43
626285319592108032 43
626285667689955328 22
626286057785528320 1
626286439433637888 75
626286514947928064 41
626287689344663552 41
626287882299293697 43
626288016512827396 48
626288343656071168 43
626290096904519680 24
626290101082005504 43
626290277255409664 43
626290373699178496 19
626290767963779072 19
626291053193261060 29
626291275470209024 48
626292089161060352 22
626293825611264000 43
626294370879143936 43
626295889221562368 41
626296581260644352 43
626298925876547584 43
626299269822214144 43
626300171618353152 43
626300259665362944 43
626303434765963265 43
626303443158876160 43
626303682242584576 43
626305984911273984 39
626307813611044864 43
626308275005431808 43
626309180983480321 72
626309575235383296 47
626310107903754240 41
626311118726819841 19
626311496226598912 30
626312209245839360 48
626312792262447104 38
626314113484918784 29
626315124291317760 43
626316013479444481 48
626318362302357504 28
626318563628879872 48
626318752385253376 75
626318915958874113 43
626318920136441856 43
626319620576641024 48
626319742245183488 28
626320727873093632 43
626321323472482304 43
626321533196177408 15
626321881302437888 48
626322963462230020 43
626323114436136960 48
626324607629426688 14
626325018666860544 22
626325622629863424 1
626325643626569728 4
626325769455816704 22
626326159500906496 14
626326817998114817 41
626327786890887169 65
626328172766851072 41
626328277632860160 72
626328768374796288 48
626329162622464000 48
626329259083104256 48
626330811005030400 43
626332018951917569 48
626332513884078080 43
626333373733191680 48
626333986063671296 48
626334996911931392 43
626335634425315328 19
626336347473747968 43
626337635137646592 3
626338914400231424 29
626338931152281600 41
626339317024223232 14
626339501573582848 22
626339539351552000 22
626343712688373760 43
626344744491307008 43
626345033860521984 43
626346757723717632 43
626348653557346304 29
626348846516445184 43
626351119829237760 43
626351904130531329 48
626352441026592769 41
626352491345612800 43
626352793327001600 43
626353313420832768 16
626354122955075584 43
626354513016819712 24
626355079243694081 41
626356866017325056 43
626358262707961856 9
626358396917313536 72
626358929619087360 48
626359072208625664 43
626359286118137856 29
626360221456150528 43
626360712194064384 41
626360926082625537 43
626361148384784384 74
