626361202931834880 0
626362285053841409 0
626363069405368320 0
626363522365063168 0
626363748870172672 0
626364738734288896 0
626367418894430208 0
626367439836680193 0
626368391960489984 0
626368467449425920 0
626368538777882624 0
626370304579743744 0
626370740778962944 0
626371093104689152 0
626371856459780096 0
626372858894286848 0
626373114759393280 0
626373391579156480 0
626375962670665728 0
626376184989794304 0
626377074161373184 0
626377246144462848 0
626377724286910464 0
626377917212311552 0
626378181449224192 0
626378504435826689 0
626378647050579968 0
626379787867713536 0
626380987434340352 0
626381507528159233 0
626382082164457472 0
626382270891331584 0
626382942017753089 0
626383084615675904 0
626383592130744320 0
626383629883703296 0
626383780853362688 0
626383994758791168 0
626384695211614209 0
626385504729067522 0
626386930792579073 0
626387576715354112 0
626387807381159936 0
626388038097223680 0
626388449101086722 0
626388688180805632 0
626388855965491200 0
626389233461276673 0
626389271222558720 0
626389388654612480 0
626389409634480128 0
626389946480242688 0
626390244292587520 0
626390579807711232 0
626390663727181824 0
626391213151789056 0
626391225743077376 0
626391473223827456 0
626392278504968192 0
626392530171654144 0
626393050286153728 0
626393947867348992 0
626394350512173056 0
626394413422370816 0
626394681836965888 0
626395248089038852 0
626395382306594816 0
626395613010206720 0
626395696879382528 0
626396154058530816 0
626396367972384768 0
626396477011574784 0
626396669970505728 0
626397039073562624 0
626397663995559936 0
626397852768403456 0
626398184093253632 0
626398481897226240 0
626399303976812544 0
626399404644241408 0
626399643715264512 0
626400251881127936 0
626400679704158208 0
626401199789592576 0
626401380161462272 0
626401522755219456 0
626401891849613312 0
626402273544024064 0
626403963844304896 0
626404119021010944 0
626404123240452096 0
626404202923823105 0
626404601391120389 0
626405486401859584 0
626405570287943681 0
626406333638660097 0
626406962779983873 0
626406966982782976 0
626407008929976320 0
626407650658377729 0
626407688373710849 0
626408053290700801 0
626408527246962689 0
626408854419566592 0
626409382893391872 0
626409445795471360 0
626409605195792384 0
626409739396648960 0
626410611828600832 0
626410884441575424 0
626411471660912640 0
626411505219727360 0
626411576501927936 0
626412125955694592 0
626412482483978240 0
626412696372535297 0
626412763502497793 0
626413153572777984 0
626413350713454592 0
626413510105260033 0
626413854034161664 0
626413858199064576 0
626413967271981057 0
626414013392384000 0
626414080522256384 0
626414407678062592 0
626414441215729664 0
626415049389817856 0
626415103936565248 0
626415229770047488 0
626415288473513985 0
626415535924858880 0
626416030861017088 0
626416555140583424 0
626416639022493696 0
626416727115497472 0
626416802608713728 0
626417037485699072 0
626417071069380608 0
626417561790320640 0
626418073487167489 0
626418379692376068 0
626418413238259713 0
626418635540701184 0
626418962679623680 0
626419721835941888 0
626420065802399744 0
626420350985895936 0
626420678137376768 0
626420707493326848 0
626421152097898496 0
626421592516509697 0
626422804670361601 0
626423337351294976 0
626423421207904256 0
626423576414023680 0
626423693866995713 0
626423744190267393 0
626424541112336384 0
626425304488112128 0
626425778423492608 0
626426084599439360 0
626426378221715460 0
626426793432645632 0
626426868925755392 0
626427590354563074 0
626427867203813376 0
626428701861916672 0
626428940949651456 0
626429377140629504 0
626429750412587008 0
626430283093540864 0
626430304094281728 0
626430736099373056 0
626431361037922304 0
626431784666791936 0
626431872730595328 0
626431948227874816 0
626431973397893120 0
626432464135811076 0
626432480921415680 0
626432782928117760 0
626433097488330752 0
626433189741883392 0
626433625962053632 0
626433802147991552 0
626434104125468672 0
626434515163054080 0
626434565507280897 0
626434921989578752 0
626435341453410304 0
626436209645092864 0
626436637497683974 0
626437635733614592 0
626437652494057472 0
626438038391013376 0
626438139050086400 0
626438537488015360 0
626439078578405376 0
626439493814480896 0
626439607064768513 0
626439900653490176 0
626440500447432704 0
626441817446293504 0
626442027174129667 0
626442094278803457 0
626442299799678976 0
626442526287917056 0
626442983454437376 0
626443629364662272 0
626444103358803968 0
626444220769955840 0
626444581488467968 0
626444774439043072 0
626445814605283329 0
626447098075029504 0
626448121481043968 0
626448125683609600 0
626448213738848256 0
626448360552050689 0
626448461236301824 0
626448905828339712 0
626448935192760320 0
626449212000075776 0
626449681774735360 0
626449694328291328 0
626449937623089153 0
626450076047667200 0
626451644683829248 0
626453062383706112 0
626453397927911424 0
626453414684307457 0
626453666371756033 0
626454354220961792 0
626454429735088128 0
626454542977118208 0
626457088898793472 0
626457676109578240 0
626458250741858304 0
626459471271849985 0
626460700186144768 0
626460737930723329 0
626461052507521024 0
626461555824136193 0
626461937526829056 0
626462738613579776 0
626463594260131840 0
626463741069004801 0
626464118556463108 0
626464231794216960 0
626464651220512768 0
626464739325952000 0
626464852542750720 0
626465955678420992 0
626467465615278080 0
626467469792669696 0
626469034301612032 0
626469055243882497 0
626471152391577600 0
626471475378298880 0
626471546664554496 0
626471748003864576 0
626471987066634240 0
626473098565578753 0
626474277160755205 0
626475136980381696 0
626475287996444673 0
626476936340967424 0
626477653579665408 0
626478567925354496 0
626478823798894592 0
626479310342258688 0
626479968843755520 0
626480526690488320 0
626481139025334272 0
626481214522793984 0
626481558484942848 0
626482309257134080 0
626483399784595456 0
626483571730055168 0
626484255397425152 0
626484582582472704 0
626484733564710912 0
626484892927262721 0
626484901353783298 0
626485350123311105 0
626486050584702976 0
626486809745186816 0
626486834915352581 0
626486893631311872 0
626488617477783557 0
626488655238926336 0
626489607329181697 0
626489875768999937 0
626490874034319361 0
626491188598714368 0
626491549308694528 0
626492052637810688 0
626492333626933249 0
626492799223906305 0
626493642274902016 0
626493646465015809 0
626494036543565824 0
626495089309696001 0
626495521302179840 0
626498172119085056 0
626499317147271168 0
626500755793571844 0
626501376550547456 0
626501439469305856 0
626501611431555072 0
626502135711199236 0
626502248982515712 0
626502509033615361 0
626504220280287232 0
626504224478638080 0
626504383862304769 0
626505524713029632 0
626506753652453376 0
626506778822488064 0
626507072415354880 0
626507277944664064 0
626507860961312768 0
626508192323796993 0
626508628527333377 0
626508892768477185 0
626509182175346688 0
626510398510858240 0
626510654355177472 0
626510926984798208 0
626511799408590848 0
626513019946827776 0
626513632302637056 0
626513707800117248 0
626514823493238784 0
626514865423785984 0
626515083544367104 0
626516253771984896 0
626516660619325440 0
626516966782730240 0
626517239429070848 0
626518178928046080 0
626521291097423872 0
626521832187920385 0
626522733942304770 0
626523933530046465 0
626524256508116992 0
626524516538294272 0
626524667524837376 0
626525883864449024 0
626529826518757376 0
626531734914506752 0
626532703802888192 0
626533127456980992 0
626533320399024129 0
626534058571497472 0
626534301857767424 0
626535174243663872 0
626536810047377408 0
626538370311675904 0
626538458404655105 0
626540723328970752 0
626542174537015296 0
626542237472698368 0
