298913684791640064 19
298913798037860352 10
298914439791521792 10
298916314641211392 37
298916906025488384 36
298918432773111809 10
298918483096391681 30
298918495670919169 10
298918600524300288 37
298918676021796864 37
298920106296221696 37
298920701853847554 13
298921624617488384 36
298921632989343744 27
298921708490997761 10
298922379583827968 10
298923017147400192 10
298923067466448897 10
298923281371762688 27
298923742753587201 10
298923977643016192 10
298924535456096257 10
298924539675566080 35
298927429534228480 10
298929124033036288 37
298929480548888578 27
298930910793981953 1
298930982097141760 43
298931888091963393 10
298932315902586881 10
298933167346311168 10
298933523853754368 13
298933825852026881 27
298935277081198592 37
298935495180840960 37
298935717487325184 2
298937126756691969 10
298938557010165761 38
298938607358586881 10
298939114877755392 27
298942856180142080 37
298942856180142081 10
298943493726941184 10
298945414705606656 37
298945536352976897 27
298947134395408384 27
298949529309417474 10
298949600641941504 10
298949814538883073 10
298950754067156992 30
298952142394372096 30
298954042380537856 36
298955506205208576 10
298955715912036352 10
298957347492093953 37
298957758567424000 10
298958324773289984 13
298959276901277696 37
298961936090005505 19
298962661683642368 10
298964012257910786 27
298964058412032002 27
298964486193307648 2
298967598387826689 1
298968881832275968 10
298971532644995073 10
298971901726973953 10
298972040139005952 10
298972400882708481 27
298975118762336256 27
298975311712903168 1
298975500456570880 1
298977396265189376 27
298978541335367680 27
298979585700270081 27
298980969828982784 27
298980969837391872 45
298980986597814274 1
298981317956218880 37
298981527688212480 43
298982379115147264 27
298982479778422785 10
298982978879635457 27
298985222836453376 10
298987181572235264 43
298990142755053569 10
298992239919628288 10
298992596418715648 1
298992940360011777 30
298993926050824192 27
298994609701392384 27
298994999784243200 13
298996069302407168 19
298996073509302272 19
298999210848694273 19
298999856796680193 4
298999923871989760 4
299000309752135680 19
299000968262082560 10
299003346445037568 19
299003887514431488 4
299007771423170560 10
299008782254616576 37
299010699034771457 10
299011378516201472 27
299012519362715649 37
299014071280357376 23
299015291827003392 4
299015350526304257 19
299015509926617090 19
299015577014517760 37
299016877261336576 35
299016894059540481 27
299017837752770560 11
299019179921653761 10
299020882821664768 10
299027203658760192 35
299032178086535168 2
299032392012800000 36
299033218252959744 27
299036007465095168 5
299037139939762177 10
299038297559293954 19
299039727825346560 2
299039790748295169 2
299039807512907776 2
299041741103845376 30
299042328281247745 37
299042512851570688 40
299044857484288000 10
299045771809009664 13
299046405144731648 35
299046530978029568 27
299049022398795777 30
299049265672630272 27
299051434119413760 2
299051610292768768 27
299052897965064192 15
299054588261171200 10
299056345682964481 1
299056404399005696 28
299056521831137281 10
299056588927418368 19
299059940201492481 10
299060758061408256 10
299062372893609984 19
299064390320287744 5
299065854140743680 10
299067749970362368 10
299068307800223744 10
299070593733623808 15
299079309497356288 10
299080454529765376 4
299082677515075584 19
299084371988725760 10
299085303136808960 10
299087140241948673 10
299087626777022464 10
299088474022219777 13
299089820385431553 27
299090558620688384 44
299091103855046657 10
299091703632101376 10
299093238764171264 25
299093742080626688 10
299093939196141569 36
299094392201957377 19
299096879420018688 10
299097022034767873 10
299097122693853184 10
299098682958159873 23
299099123389448192 4
299099622486462464 2
299101337973571584 9
299104596939374593 7
299107717501562880 4
299110640918872064 27
299113207858085889 27
299114067673620480 37
299115523109691393 1
299116114506551297 10
299119163769774082 19
299122015871311873 45
299126885487611904 10
299128076657364995 10
299130136056442880 10
299130631001079808 10
299130819736371200 27
299130953954099200 37
299134183547224064 2
299134569452556288 37
299134586192027648 36
299134611391401984 10
299135127290785793 10
299138424009527296 36
299141246776119297 27
299141498442768385 10
299141620077588480 38
299146573546405888 10
299147303355285504 10
299147638882832384 10
299147735335063552 10
299150650409902080 10
299151883501723649 0
299153116631269376 30
299156438528450560 2
299156526613032962 13
299157013160685568 25
299157025726812161 24
299158674100854786 27
299158833484402688 1
299160347623948289 19
299162285384011777 27
299162314739953665 27
299162692252479489 35
299163040354553857 39
299163216515309568 37
299164223152480256 39
299166118977880064 27
299166148363157504 10
299166366454398977 27
299166722957639680 4
299166760706379776 2
299167960294096896 27
299170132951977984 2
299170141323792385 2
299170258772717569 2
299171114410729472 1
299172259468288001 10
299172880208510976 36
299174151091007489 19
299176625734565888 25
299177246462193664 27
299177552675749888 2
299179226190471168 30
299181289804800000 27
299181923144704002 23
299182208332214273 15
299183118483603456 27
299186373280284673 38
299187279266713602 27
299188260712886273 27
299188545938137089 27
299188944371863552 37
299190915728289794 19
299192719258054656 23
299193008665026560 2
299193050629029888 19
299194417946963968 27
299195588178767872 28
299197450428768256 21
299199916696297474 19
299200713605664768 30
299201451803176962 2
299202911412555776 18
299203980989456384 27
299204022915702784 30
299205205726216192 36
299209400030220289 2
299210251469725696 10
299211811738243072 2
299211828498673664 28
299212428309299200 27
299212663169372161 27
299212877095632897 27
299213380403744769 27
299213833392779264 27
299214168941273088 37
299215578231607297 37
299215641137795072 2
299215964078223361 38
299216089919922177 10
299217167872827393 10
299218098999934977 2
299218551980568577 38
299218849797136385 0
299219411796111360 35
299219806081650691 43
299220091294347264 38
299220812727214081 40
299221592838393856 4
299222519787970562 10
299223337677250560 5
299225292235489280 28
299226076574527488 35
299228458914037760 30
299228760908120064 19
299230010835881984 27
299230618988969985 44
299231759856459777 19
299231982154571777 27
299231998915010561 27
299232212816101376 37
299232506413211648 27
299233387254804480 40
299233521472532481 27
299234221921284096 19
299234695860875264 27
299235144651374592 37
299235224334774272 40
299235287274491904 1
299236121920016385 2
299236436484448256 13
299237015310987264 11
299238298776379393 2
299241322865381377 27
299241780052901888 10
299243805868175360 19
299245831733780481 38
299245861098106880 21
299248084062457856 30
299248277029793792 21
299248432214851585 30
299248788705517568 27
299248885199687680 35
299249799545372673 21
299250193809956867 40
299250323850158080 19
299250802000789504 1
299252123206553600 37
299253985464971264 21
299254237135781888 16
299254555894480896 21
299254723641495552 2
299254878830747649 21
299256539800301569 21
299256980189626370 13
299257168933298176 28
299257454154358785 0
299258066539540480 39
299258817315741696 36
299259454820610049 2
299260411126091778 21
299261216449245184 38
299262839628128257 10
299263288418635776 27
299264135672250369 38
299265381405700096 38
299266157339365376 37
299266417361051648 30
299268883636969472 21
299269340799307777 15
299269835739770880 21
299273933553823744 21
299275556753653760 40
299275883913560065 36
299276139761897472 21
299276668240015363 37
299277104447647745 10
299277465170366465 2
299277758796816384 39
299278274691997696 21
299279600058507264 35
299279612662403072 35
299281059701473281 37
299281957295112192 37
299282007605784577 40
299282380907225089 37
299283312021733378 1
299283790180790273 27
299287246295683073 40
299287325979054080 21
299287871242776577 11
299290433945747458 39
299290782072971265 21
299293500011343872 30
299294213026226176 38
299295307764748288 40
299296834462023680 10
299297446834622464 40
299298528969240577 27
299298633831034880 30
299299992777146368 30
299300215079448576 24
299300663861575680 30
299300949095235585 43
299300986848165888 18
299301297201483776 30
299301452394950657 24
299301972505403394 30
299304157712629761 30
299306858865373184 2
299307035034525696 30
299309098627891201 30
299310432408182784 0
299310948320178178 40
299312466645643265 30
299315671098093568 35
299316199571980288 2
299316199580368896 2
299316472184971264 4
299316602225188864 27
299316975501451265 30
299317373981306880 42
299318552584921088 30
299320070910394368 35
299320603591180288 38
299320972706734080 2
299322126119346177 35
299325120873390080 1
299325913580044288 30
299326131667099648 24
299326718869647360 1
299327192842776576 38
299327201231380481 24
299327402562183168 40
299327763280707584 30
299330518909083648 30
299331429081427968 19
299331949196091392 30
299332267942232066 38
299332737725259776 30
299334390289424384 30
299334599996227584 27
299334801306025984 30
299334901960933376 1
299335313023709184 7
299337464705855488 30
299338001547423744 30
299338983027126272 38
299339238875484160 38
299341302485635072 21
299343068283428864 30
299343252828594177 38
299343638704582657 42
299343705800855552 1
299343831650934784 30
299345517740183552 6
299346444719108096 28
299347845578895361 25
299349535900192769 28
299350714520580098 1
299351066837929984 28
299353432408596480 19
299353440793001986 19
299354288067592192 30
299354564891660289 19
299355055625211905 40
299355097543110656 10
299355290481074176 40
299355575693754369 24
299356926280597504 30
299357521859182592 24
299358142603616257 30
299358289404256256 19
299359107301908480 27
299359916794195968 38
299360642421366784 40
299363838489399296 30
299364178198663168 30
299369911849992192 30
299370297721774081 30
299371442762563585 36
299371874750693376 40
299372059304284161 45
299372562612359169 24
299373556674994177 30
299374416498921472 19
299374424921088001 7
299375452492013568 1
299376983438131201 1
299377272824147968 30
299378782781972482 27
299379051225829376 30
299382037570281473 30
299383694311976962 4
299384197628456961 30
299386345116286977 1
299389411148324864 37
299389897683369985 30
299395845223227392 37
299396763750629376 15
299398458262028288 30
299401700471623680 37
299406234510032896 27
299408742678675458 30
299409891926343680 30
299410776937078786 30
299412270113492993 30
299412655964307456 30
299415768137871360 30
299416103698964480 30
299416799966019585 30
299416829330341888 30
299417487823470592 40
299417953399619585 30
299419043897679872 30
299419735949455360 30
299426560082063360 30
299427411534176256 27
299428745335435264 27
299428774708142081 27
299429131198808065 30
299434940314054656 30
299436131487977472 30
299437775680311297 30
299439025591308288 41
299445526737334272 27
299449842667761664 2
299451193267208192 30
299455601480695808 30
299457019130290176 30
299458378088996864 30
299459313427161088 30
299462530458349568 2
299463826489896960 30
299464195605405696 7
299464438845693952 37
299465793639432195 30
299470684160139264 37
299470805794975744 39
299471690805690368 30
299472584209203201 38
299474350019588096 21
299475889316564992 30
299480419160711168 24
299482797326860288 36
299484584121335808 21
299487725634080768 21
299488145077047296 10
299489487250145280 1
299490204463534080 36
299490519032135680 2
299493350208315392 36
299494071632805889 38
299495761933135872 2
299497796141203456 2
299500266603024388 42
299500514062766080 37
299500572791435265 10
299500740559388672 28
299512396534382592 24
299515617772441601 40
299515949101510658 12
299519476498567168 1
299521200391081984 30
299521233920352259 27
299521917617057792 37
299521921798787072 30
299525189165789184 24
299526992695545856 24
299528196460797952 27
299528532034453504 40
299530138448715777 40
299532000728068096 38
299532504015179777 38
299534504698200064 21
299538086629609473 24
299539214922571777 38
299539349123526656 24
299539403657863168 2
299540745826750465 36
299540984927227904 24
299541253341728771 38
299542423569321984 30
299550447268683776 12
299551189643714560 21
299554167595352064 38
299554171789647872 38
299554486383427584 30
299557376229523456 38
299558064133140481 36
299558550659792896 28
299558789739319296 24
299559993496186881 37
299560207405707264 38
299562564604555265 30
299562719810572288 38
299562883354861568 30
299563701248339969 37
299563759997968387 24
299564623986835456 38
299564733063888896 21
299564938593177601 24
299566725366697984 38
299566733730136064 21
299568268862189568 42
299568390492798977 30
299569707487477760 7
299570386994094080 37
299572354110091264 36
299574614844137472 19
299574803600404480 5
299575512429387777 39
299576749740675072 24
299578574258720768 38
299579664794529792 13
299580608483586048 38
299583636804628480 43
299583955563323394 1
299584349811126272 38
299585239020355584 1
299589705933156352 37
299590163141636096 35
299591555621199872 1
299591983436021760 30
299592109294501888 38
299592251879866368 11
299592960734003200 11
299594508436402178 27
299598866293071872 30
299600560796086272 38
299601227682041856 24
299604595712335872 1
299604855767592960 24
299607414288826368 38
299608643215712256 10
299609561759899648 38
299609788260696064 22
299611931541663744 30
299615094063632385 38
299617015050694657 38
299619422589554688 38
299620651533221888 30
299621393904066560 10
299621876244832257 38
299622278889619456 38
299624111829831683 38
299625382678769664 38
299626066367090689 38
299626594861998080 38
299628331270291456 13
299628641686536192 4
299628817817931776 38
299629950305198080 36
299630797521039360 21
299631342809919489 38
299632001311457281 15
299637026075054080 39
299639219687653376 12
299639471341719552 38
299639475565391872 38
299639731396964352 38
299640616386695168 36
299641123897503744 38
299641421705641987 30
299642315113373696 38
299644487729299456 38
299646052225675265 30
299648333939617793 36
299648455566053376 38
299648619143892993 38
299649709675524097 37
299650225553960961 40
299651852943892481 39
299653102833893376 38
299653341938589696 38
299653539054112768 1
299657087418499072 38
299658467344523264 37
299659415286583296 28
299660371566923777 1
299660396728573952 1
299663093674426370 1
299663647335133187 1
299663924150812672 1
299665757061652480 38
299667543851925504 1
299667954885349376 38
299669003465547776 38
299670232371441666 38
299673373905137664 37
299674166624411649 38
299675248792571906 21
299675840176865280 30
299678218334662656 38
299682068701523968 15
299682555240792064 30
299682605589225472 30
299683821912195072 38
299684178449035264 30
299684199399559169 38
299684694327439360 38
299686523073355776 38
299686581764255744 38
299688074957430784 1
299688532119781376 15
299689022853365760 35
299693288481517568 13
299693573677383684 38
299693951164755969 38
299694047663116288 38
299694865544011776 38
299695104606756865 38
299695696016191488 38
299697176576139264 38
299697885451280385 38
299700028723847168 38
299700490093096960 24
299702486594363392 38
299702494974599170 38
299703631639371777 38
299704147547144192 38
299704650838446080 38
299707817558941696 7
299708509598142466 38
299708580909678593 38
299710258639683585 1
299710652874911744 1
299710678070083585 38
299712594875387904 36
299713647633108992 38
299714318700797952 38
299715472130199554 37
299716835308363776 30
299717682557751296 36
299719007957815298 38
299721075741302784 38
299722619228397570 38
299725819499134978 38
299726188614647808 38
299726809367453696 4
299729040724615168 38
299729149759741952 38
299731431465287680 38
299732559737282562 1
299732803006910466 40
299732865942429697 5
299735852274298881 41
299738305933750273 1
299739312591863808 13
299744198930882560 38
299744630931599360 30
299750708503277569 38
299754139452309505 38
299755041219301376 38
299760346992877568 38
299762897146482689 39
299764235137851393 36
299768853066551296 38
299773408076496896 36
299779737281236992 38
299784707518898176 2
299786729190219776 44
299797571470254080 39
299798175424847872 10
299798720675991552 0
299799475667468288 12
299805058273513472 23
299808745062539264 42
299809030275203072 11
299811093872791552 40
299813312676376576 27
299816752009850881 2
299824339509997568 36
299828261167452161 11
299832086364299264 2
299832203809013760 40
299832614871785472 40
299834443571552256 36
299835089519529984 38
299835802555412480 27
299839434818457600 28
299843008361295873 43
299843989836795904 30
299850360951021569 24
299852902716022785 40
299855775801683968 40
299858606965268480 38
299859022205575169 30
299859655537094657 38
299860062384562177 38
299863975695355905 30
299864931967311873 38
299865242358403072 38
299865963778691072 38
299866454499655680 1
299868664902062080 38
299871265378951168 24
299871777088212992 1
299872603370311680 38
299873886802157568 16
299874054599495681 36
299876055269920768 30
299880308277399552 37
299882334130409472 38
299883860873854976 43
299885542798155778 38
299886780113645568 37
299887199518863361 30
299889149870215168 38
299889720320720896 38
299890030711824385 38
299890236224307200 1
299890441741017088 38
299891628703879168 38
299891683246632960 38
299892123669508096 38
299892970918907904 37
299893000279052288 1
299893189005950976 38
299894359220969473 38
299894434697469953 38
299894535377522688 38
299894640239341570 38
299895953031323648 38
299897249100619777 36
299897706271363073 29
299897848886067202 1
299898561921970177 38
299899061039947776 37
299900101227339777 37
299900910736404480 13
299902072529223682 38
299902424875950080 38
299904094204723200 38
299904341656088577 37
299904635253161984 38
299904681411477504 1
299906271027539968 27
299906824705028096 38
299908494025437184 1
299908544331931649 38
299909068636700673 1
299910385648168960 38
299913065812619264 38
299914802237681666 38
299914827411910656 1
299915469148786690 38
299916723254091776 11
299916765188734978 1
299916928754003968 37
299917352387092480 12
299917423673499648 11
299917775995031552 38
299917939589672961 36
299918270935482368 40
299919466299523072 38
299920812671115264 28
299921366352789504 1
299924159742476289 38
299925543846047745 1
299926043005960192 13
299926500172513280 1
299926797963907072 38
299926999286304771 38
299928442114301952 38
299928823808524291 1
299928911909892097 38
299931067748589568 1
299931424285413376 38
299932833558962177 38
299934129594720257 30
299934666461437952 1
299934754566987776 38
299936868483624960 1
299939485720907776 38
299939976475447296 43
299940056142073858 38
299940391719956480 38
299941238956765184 5
299941939413921792 35
299944690864754688 38
299945122873876480 1
299945756197015553 40
299945848475897856 1
299946376970788865 1
299947048071991296 38
299947970793717760 12
299948130210807808 38
299948855808651265 1
299950105690259456 41
299950160220397568 7
299951003300667392 38
299951431090323456 38
299951737299664898 38
299953763161100289 38
299954388108210177 24
299954895614787585 36
299955872862457859 37
299956963381506048 38
299957043090034688 30
299957563183755264 1
299957584138481664 38
299957680632647680 37
299957684831154177 1
299958498521919488 36
299958506881183744 38
299958636908802049 30
299958934733746177 38
299960037827309568 1
299961698780082176 1
299962571191103488 38
299962810258051072 24
299963271618895872 1
299963808506605570 19
299966593528627201 28
299969542111780865 37
299972536828043264 1
299972868186460161 38
299975103754682368 38
299976122991534081 38
299977070891646976 27
299977729405763584 38
299977859412418562 38
299977934935060480 11
299980371813101568 38
299980384375033856 38
299980506030817280 38
299980543758585856 1
299980556349865984 38
299981034517303297 1
299981240046587904 38
299981516853899264 1
299981869179604992 38
299982544470933505 38
299982825480912897 38
299983685292269569 38
299983974720233472 38
299984897458724865 45
299985677586677760 1
299985803449344001 1
299985807610093568 38
299986155754110977 41
299986159956811776 38
299986495488536577 38
299987946738688000 25
299987997070348288 39
299988668158988288 39
299988726845693952 45
299989171462881280 1
299990505255735296 38
299991264399609856 38
299991696438083584 38
299992292012462080 1
299992392679952384 38
299993193800413184 38
299993328026525697 40
299993378341388288 38
299993470607687680 24
299994833785864192 38
299995915899510784 38
300000462541819906 37
300001477534048256 38
300001687270211584 38
300001796292759553 30
300002014396567552 38
300002479985270784 38
300002484187967489 38
300003310474252288 38
300003339834363904 38
300004212216041472 24
300004409365131264 1
300004430349217793 38
300004669424562176 1
300004723916951552 38
300004736537604099 3
300006787531280384 27
300006955290853376 38
300007429255593985 30
300007823536947200 27
300009358660628481 41
300010944082350080 38
300011816501788672 1
300012684743700480 38
300013083185786880 1
300014081442717696 1
300014404395732992 27
300015394243112960 38
300015473926492160 38
300016941932879872 37
300017667568439296 38
300018061828825088 30
300018313478688768 38
300019697611579392 38
300020272239624194 30
300022155452760064 38
300022344196452354 38
300022407127764992 30
300023103365476352 44
300023459910676481 38
300024235840114688 1
300024705581215746 41
300025011782184960 38
300025603191631872 1
300028325303304193 38
300028845392814080 37
300030049137078273 1
300030804120186880 5
300031122874699777 38
300031181586587649 1
300033970815524865 27
300034507678040064 1
300034994238271489 38
300035015184629761 1
300035845652631552 1
300038416781959169 1
300039532483579904 38
300039809278291969 38
300042011300478977 38
300044460753043456 27
300049007407939584 1
300049699463917570 1
300051922449231872 38
300055470801047552 38
300059430224019456 38
300060910813327360 38
300062232040062977 38
300064157242376192 12
300064861868675072 38
300065436475727872 38
300069995709333505 38
300071606313701376 1
300072583582318592 38
300074265481445376 35
300075460870672385 41
300077457359376385 38
300077843226980352 30
300078547886809089 1
300078635971395584 37
300081504871133184 6
300082289218555908 38
300082893173166080 38
300083916579147776 38
300084730303488000 38
300084935799238656 1
300085036458319873 38
300085149712928768 13
300086424798101504 36
300086588354994176 38
300088735855411200 38
300088920375427072 38
300090203840864257 38
300091793490468867 27
300099393577684992 1
300100177891557376 38
300100207247499265 1
300100282753368064 38
300102090519367680 30
300105752129961984 1
300110617514233856 1
300118867714392065 36
300120381858148353 1
300120679662116864 38
300122931999154176 35
300122961363496961 30
300124349682311168 38
300129579970998272 27
300134428586430464 19
300136383123701760 4
300141542121816064 6
300145518326206465 38
300151851721035776 1
300161465074216960 27
300170411524620288 30
300172181508354048 1
300174710690435072 13
300180846936211456 43
300189923435216896 10
300193719263563776 39
300194092560834560 11
300195904512724992 30
300208122520289280 1
300208458072997889 30
300215953269084160 27
300220487324278784 43
300221854667399169 38
300223654028001280 30
300225075880267777 38
300226124468854785 38
300226413880033281 0
300227403739971584 38
300230469772009472 23
300234617938653184 38
300235725213954048 1
300239068082630656 38
300240011809402880 1
300240263459270656 38
300242520003186688 38
300243153359867906 38
300243602133622784 1
300243711193923586 1
300243837031432192 38
300243975405715456 1
300250325611335680 1
300251382571757569 1
300253785907929088 27
300255560090136576 1
300257548194443264 1
300260631024648194 1
300261268542070785 5
300262048674234369 38
300262170321637377 1
300262468121403392 1
300263587979616256 30
300263759954468865 37
300264783385616385 38
300265005683720192 1
300266196828299264 1
300266662404423680 38
300267702604414976 1
300269124473462784 38
300269996897095680 38
300270068208660481 1
300272987410673664 1
300273000014557187 36
300274220557037568 38
300274514149920768 30
300275101369262081 38
300275386577743876 38
300275785028206592 1
300276477071601664 1
300277932528640001 1
300279467618742273 1
300280717538127872 38
300282261046169600 1
300282793697611777 1
300282823070343170 1
300282974048485377 38
300282995015831552 38
300287269024169984 1
300287529062641664 38
300288183369887745 38
300289672356167682 36
300292134408441856 1
300292646126116864 1
300292943913308160 1
300296869773471744 38
300298321027809280 1
300298652382015488 38
300301181555703808 38
300302330757267456 1
300302913769730050 38
300303551312302080 2
300305329709785088 19
300306856444833792 38
300308236345700352 1
300308362195775488 1
300309037482921986 38
300310631314227200 35
300312388702461953 1
300312405492252672 38
300312418079363072 1
300312782983794689 1
300315182104727552 30
300317153461157888 1
300318696965017601 37
300320513098670080 28
300320857010622466 38
300323205812461568 30
300323407147442177 1
300326921995182080 38
300329438544015360 25
300331107885408257 30
300331393119055872 7
300331955151589376 38
300332701741899779 38
300333901300260865 27
300337248367419392 1
300338636665282560 36
300341845320429568 1
300342256370585600 1
300343363654283265 30
300344668061855745 1
300347268551278593 1
300348493279686657 38
300349772554960897 1
300350611419963392 36
300352243004239872 10
300353161535832064 38
300357854957821953 1
300363152363773952 38
300367166316871681 38
300368936321572864 38
300369452233547776 41
300369938772811776 37
300370270093451264 37
300373067727765505 38
300380885910421505 12
300390130122891264 38
300392600588922880 38
300392659296608256 36
300393414271332352 36
300394920026464256 36
300394982936825857 21
300395930866311168 1
300396903940624384 1
300397151400374272 38
300402167813120001 5
300402687890051072 12
300408836718735360 37
300409444926377984 1
300417984499970050 24
300424997384646656 24
300425123205378048 1
300428625465995264 43
300436485574885376 30
300441669743017984 43
300445314597412864 41
300446782620577792 38
300448711987822593 28
300455699677339649 36
300481482076610560 38
300486947258896384 39
300491527443058688 7
300498179609214976 40
300512524116299776 43
300516345131458561 11
300519012700418048 28
300524394005012480 30
300527095124226049 28
300536465224519680 37
300548393820889088 28
300550709059919872 1
300551380152770560 23
300552114151776256 36
300559101874823168 39
300560171434930176 36
300562268574339072 28
300562381803753472 38
300563916944179202 35
300575988142727168 7
300577863004983296 36
300581839201001472 41
300589548323352576 36
300595701384093696 37
300598054359277568 30
300598771581059072 4
300602110259630080 30
300607135056797697 12
300612155621904384 3
300612214354767872 37
300624386224955392 42
300624684007960576 42
300624751129419778 1
300625782936576000 42
300626454021029888 42
300626659529338885 42
300627594875895809 42
300627984921014273 42
300628488262676482 42
300628966375563265 30
300630069481717761 24
300630077878714369 24
300631675929522176 39
300632418300346368 42
300633743717199875 38
300635056504975361 42
300636138656387073 24
300636734239145984 38
300637413708034052 42
300638168695324675 28
300638814601371649 40
300638877524303872 42
300639498285510656 19
300640026771984385 42
300640282611945474 42
300640320373276672 42
300640328745111552 42
300640593003020288 42
300641100526403584 42
300641478013759489 24
300641628996124673 42
300642581086359552 42
300644057506533377 42
300646582473330688 38
300647006085455872 1
300647534584541185 42
300649375892381699 42
300649631711363072 1
300649791115894786 42
300649984049684481 42
300650252485152770 30
300650395108253696 42
300650789377015809 1
300653087847231489 42
300653113021440000 40
300653431759192064 30
300654119646031873 28
300657340863086592 42
300659022758035456 39
300661979775909888 42
300662520824344576 1
300662915072151554 28
300667004547919872 30
300669898596691969 35
300672268370063360 42
300673904186380289 5
300674080313573376 19
300674206159470592 3
300674646540443649 40
300675393134948354 42
300678543048839170 42
300678589194579969 42
300681000936144896 27
300682829656883201 42
300684192780541953 43
300686147342966784 37
300686516454293504 42
300686977810968576 42
300687086883835905 42
300688131265552384 42
300692593988235266 42
300694326214815745 42
300695811019395075 42
300696209461501953 42
300700819035136001 42
300701087466389504 42
300701666263592960 42
300701674635411459 42
300702408638623744 42
300702731629367298 42
300702966510391297 42
300703700509401089 35
300705617314738176 24
300705717969616896 36
300705847984672770 40
300708901446352896 35
300710625301114880 24
300711829074747393 42
300711833264852992 42
300712965739524098 27
300714073014812672 42
300714572157947905 42
300715696214642688 24
300715733971787776 24
300716333748871169 42
300719152329535488 0
300722348359815168 15
300727729677025284 24
300728526573817856 40
300731890422386688 39
300733702370107393 42
300733916254457856 0
300734713205764097 42
300736873242951681 35
300738152522461184 36
300741432476594177 36
300742908871589888 42
300744607547944961 19
300746302042542080 42
300749779128954881 28
300750131446284288 1
300754036326539264 1
300761288303333376 30
300762085204295680 42
300771778249244674 36
300776048050708480 1
300776144532295680 1
300776165499604992 36
300776173892423680 18
300776220021379073 1
300776240988692480 40
300776257749123072 1
300776261977001985 45
300776266158706688 39
300776350040612865 1
300776408769257472 1
300776551350419456 1
300777138582327297 38
300777339883753473 1
300782029132423168 37
300783220314750978 27
300784226939326465 35
300785862726262787 38
300786085003423744 27
300786588328284160 42
300786932257013760 37
300788324799508480 11
300790212219531264 42
300790287716978688 42
300790799409500160 1
300791726342295552 1
300792728818696194 27
300792791733260289 27
300792863007055872 27
300795237004099586 27
300798672113897473 36
300799418720997377 18
300801205481906176 35
300805240419127297 42
300822466400501760 1
300823108145799170 42
300823787635613696 36
300825360466063361 1
300826115440783360 0
300827872879316992 1
300827960968110080 39
300830783722106880 42
300837037408415744 24
300837880471887872 37
300838903903047681 36
300844704596119552 42
300851176440750080 30
300853063881719808 42
300854791914016768 30
300855165194473472 25
300858017354743808 42
300864757563551744 1
300864975679918080 30
300870499582476289 35
300871984357732352 25
300872273768898560 35
300873066513326080 36
300873406230982657 23
300877172720160768 42
300878871413280769 43
300880901448024065 2
300882931512119296 24
300884353368612864 42
300885926224211969 41
300886911902416896 30
300901134770520064 42
300904691569655808 24
300916427228069889 24
300917110870274049 36
300920000741535744 0
300924488671961088 37
300926019605520384 37
300933498020171776 19
300934458519977985 41
300935163184033792 42
300935238677299200 37
300937142878748672 37
300938833179058177 37
300940150182137857 37
300943119770324992 37
300943950225747968 38
300946479395262464 37
300950178796535808 37
300952678568185857 36
300955971126181888 13
300956885459283970 37
300957191635079168 42
300957317497749504 38
300957783044526080 25
300958106014339072 37
300959548871692288 40
300963042726916097 24
300967597736869888 37
300969480975171584 36
300969854264045569 44
300970747642404864 37
300971372602089472 37
300971678773686272 37
300972073055031296 36
300976397357289473 24
300976426725806080 30
300978892993343488 42
300983141810728960 35
300985515807752193 37
300986413359448064 40
300992658682286080 2
300994198000259072 2
300996362252738560 19
301000543961227264 30
301001206686420993 36
301001340912549889 37
301004054606270465 5
301005791069085696 37
301013282100228096 0
301013546312028162 37
301013563118612480 1
301014066422493184 30
301015068840173568 40
301016100651548674 36
301018281706389504 30
301018415898972161 37
301018478838706176 38
301021117030748160 38
301021209301241858 42
301021624558301185 37
301021674889957376 28
301024170475675649 45
301024531223564288 42
301026397688823808 18
301028931027484672 30
301029165916909568 30
301033934815363072 42
301036023578779649 27
301036845666533376 19
301037772616122369 42
301037961380786179 37
301038192050724864 23
301038535975260160 42
301039546794119168 42
301039773303312384 37
301040729592049664 23
301043049063124993 42
301044017943150592 40
301044185702744064 35
301048417759678464 24
301049164358365185 36
301049969639579648 37
301052666614804480 42
301053065048510464 47
301054612763443200 42
301055107695529984 28
301055829115813888 25
301057678803877889 40
301057808797954048 36
301058677027258369 28
301058886750851072 30
301062724543213568 22
301065815741054976 24
301066637837205504 37
301070567900073985 42
301071159288545281 42
301071884907327488 24
301074544070889473 37
301076267959218177 40
301082026734387200 42
301082345488936960 18
301082404192395267 40
301083201122729984 24
301084300055552001 37
301085398950625280 37
301087630320357377 43
301088611762307072 10
301088762769854465 12
301088884400455681 40
301089496773033985 42
301090557944541184 38
301092407628423168 1
301092743185305600 37
301092797711273985 40
301093024195309571 13
301094907421016064 16
301096274793484288 40
301097801482375168 27
301099349193138176 27
301101190513565696 35
301109608464936960 42
301112548655263744 10
301116050899103744 37
301116587774210048 37
301120597537218561 42
301122124272242688 36
301123105751973888 42
301125546811731969 3
301126733808164864 27
301129254580670465 16
301129531404742656 40
301129544000221184 30
301143087399464960 19
301143259357540353 35
301145100682133504 36
301145968873713665 40
301146442830065665 37
301150070903013376 37
301150679106457600 37
301153304740773889 37
301155632571117569 10
301157952021217280 24
301160774800396288 16
301161445851287552 16
301163970847453184 40
301164658704932864 42
301167359840878592 42
301168202912759810 5
301169477964398592 40
301175626822475777 19
301175966548504580 19
301176318857474049 19
301176771859062785 13
301178013352091649 37
301179129049513984 7
301180546745237505 19
301181150725013506 11
301182924911439872 24
301184250319888384 37
301184627769499648 19
301185735065739264 19
301187471541141504 19
301188373316521984 43
301188713038376960 19
301188721447952384 42
301189241533239296 19
301189270864007168 41
301190025855504384 1
301190730498572289 19
301195813982437376 19
301198657724751872 19
301199790207799296 24
301202608750751744 41
301205385392574466 4
301206769500315648 19
301207306408976384 19
301207457399717888 19
301208661139783680 27
301209214787919872 24
301210477298606081 19
301211592979267584 19
301212196929691650 19
301212880638988288 40
301214126347272192 19
301214562529710080 19
301216047330103298 38
301216588386934784 19
301217645334765568 19
301217678918578177 19
301218039611936768 36
301221483143905280 24
301224062649237505 43
301227007038087168 36
301230333116956672 19
301230849024724992 19
301231411040505856 19
301231738221383681 19
301232023408885760 19
301233021686800384 19
301234032480514048 30
301234703590125568 36
301235303383957505 19
301236653937270785 19
301236893029388288 19
301238142923571200 30
301239317307736065 27
301240089068044288 19
301240932106399744 19
301242777600135168 14
301244937670885376 39
301245537477328896 19
301246695109435392 19
301249920525029377 19
301250683896737793 19
301250864247619584 37
301252248346955777 19
301252458074734592 28
301253401805717504 0
301254928519794688 7
301256966955741185 37
301257977766232064 19
301258015531741185 19
301259177362337792 37
301259663872241666 19
301260171399806976 19
301260326597435392 19
301261912040153091 19
301262562132099073 38
301263593943494656 19
301264470548815872 19
301267289116901376 37
301267977016332289 19
301268195090776065 19
301270124474818561 19
301270682325635073 19
301271374381600768 37
301271890285195264 36
301273563791495168 19
301276596277485568 41
301277351281577984 19
301278236283924481 37
301278383050985472 37
301279070929432577 22
301279356142104577 41
301280517976887297 41
301281851748794368 30
301282061472395265 41
301284028613550080 19
301284401906585600 41
301285358178537473 41
301285769228713985 19
301285895049457666 19
301286276743716865 19
301286486463090688 30
301286851363356672 19
301286926852448256 41
301287522460389376 5
301288290001240065 41
301289430881292290 41
301290059993346048 19
301290529767968768 19
301291028881739776 19
301291238592761856 41
301292136190603264 19
301292236845481984 41
301292412997890048 41
301292501090856963 41
301292765344591872 41
301292777935863808 41
301293692260593664 41
301293704864477184 19
301293721620713472 19
301293990051995648 41
301294006833410048 41
301294405288075266 41
301294459830824960 41
301295617441927168 41
301296217265164288 41
301296728936701952 19
301298113073778689 41
301298377327525888 19
301300159898345472 19
301301028110864384 19
301301292352040960 41
301301749514379264 41
301302965891907584 41
301303024586985473 41
301303095915339776 37
301304337433493504 41
301304526173007872 41
301304706502905856 41
301305000099971072 41
301305130127605760 41
301305453114175491 41
301305708949950464 41
301305855746383873 41
301306325537796097 41
301306371662548992 42
301306430378614784 37
301306887549382656 19
301307097281347584 1
301307344724316160 41
301307814490550272 37
301308460438548480 42
301308833723187200 41
301310331064565760 41
301310343655849984 41
301310389784825856 37
301310448509276162 30
301310515618119680 19
301310637244551168 41
301310725354319872 19
301311446766202881 41
301311564185747457 19
301311589389303809 41
301312461766791168 41
301312482776055808 1
301313598456750080 41
301314089190318080 41
301314139526144001 41
301314919666708480 41
301315569754443776 24
301315628487303169 1
301316169531543553 41
301316211478769664 41
301316219879948291 41
301316819661225984 41
301317490758262784 41
301317553660256257 37
301319004889427968 41
301319063634862080 41
301319285928779776 41
301319390777987072 41
301319441118019584 38
301319558550155265 41
301320095425236993 19
301320170914328576 24
301320657466187776 41
301321852826030080 30
301321869620043776 19
301322209346072576 41
301322452598927360 41
301322742043643905 41
301322742043664384 42
301322888823312385 19
301323123721113603 41
301323161465671681 41
301323627041804288 41
301324650447773696 41
301325044678811648 41
301325317316939776 19
301325724172832769 38
301326055531241472 37
301327494164914176 41
301327544488177664 41
301328404324679680 41
301328643395825664 19
301329209647845376 41
301329591308521473 41
301329712943357952 41
301329842970955777 41
301330090439102464 41
301330149155164160 41
301331080294854656 25
301331143234576384 41
301331260645707777 19
301331914969718784 19
301331990479773696 19
301332388917690369 41
301332544123715585 41
301333135524786176 19
301334452502659072 41
301334691590586368 41
301335165546946560 41
301335496901132289 41
301336004395155457 41
301336520311308288 41
301336918786985984 41
301337086542348288 41
301337405296893953 41
301338210620022784 7
301338701341028353 38
301338982376169472 41
301339007529385985 40
301339083022688256 41
301339091411296256 41
301339510866866177 41
301339632472301568 41
301340106437046272 37
301340198720110592 41
301340672672284672 41
301340999815397376 36
301341062763536386 41
301341180166283264 41
301341637358010368 41
301342656578064386 19
301342685938192384 19
301342954382053376 38
301343084392890368 41
301343604503351296 19
301344032305594369 41
301344078468100096 22
301344225264549889 41
301344254595305474 19
301344489505710080 41
301344887947800576 41
301345059918467072 27
301345236070846465 41
301345298981195776 41
301345303167123456 41
301345806487801856 42
301346032984412161 41
301346284651044864 41
301346636968370176 41
301346800563011584 41
301347538731151360 41
301347693945561088 41
301347765248724992 41
301347891077857280 41
301348461494800384 41
301348654445391872 41
301348717330591744 41
301349258416758784 41
301349417817079808 42
301349568791076864 41
301350063714738176 42
301350147596636160 5
301350751576399873 41
301351129059557376 19
301351523349327872 42
301351561081286656 41
301351829529300994 41
301352009859231744 41
301352991330549760 41
301353079444492288 41
301353104589340672 41
301353398199001089 42
301353477899165696 21
301353549172973568 41
301353725354729472 41
301353767310344193 41
301353989583282176 30
301354115433373697 41
301354287399829504 27
301354564211335168 19
301354815877947392 41
301355990262108160 1
301356829122912256 41
301357839966949376 42
301358250987757570 41
301358590751551488 41
301358796280852481 41
301358829818490880 41
301359005991858176 41
301359219876192257 22
301359333147566080 41
301359500919701504 41
301359547052875777 41
301360784355762177 41
301360947941998593 41
301361057010683904 41
301361090552528896 41
301361291858149376 41
301361358992179200 41
301361488998854656 42
301361572872347648 19
301361681945198592 41
301361694519750657 23
301361929413337090 41
301362072032251905 41
301362101379813376 36
301362235597549568 41
301363070272417792 41
301363279962439680 41
301363456131612674 19
301363531629068288 41
301364047528472576 19
301364097872695297 19
301364265632280576 42
301364274041847808 41
301365272248479747 41
301365498749276160 45
301365574259331072 41
301365930754203650 41
301366111147028480 41
301366438281752576 41
301366664765796353 41
301367008694525952 41
301367168090656768 41
301367264576425984 41
301367780463214593 19
301368069866008576 41
301368212468154369 42
301368552202575873 41
301368665473970177 37
301368711598710785 42
301369042940338176 41
301369219092713472 19
301369273631272961 19
301369357504761856 41
301369378497241088 42
301369521116176384 41
301369718214901761 41
301369936343859201 41
301370506752430080 42
301371358187769856 41
301371454656757761 41
301371517604872192 41
301371567915532289 41
301371827958206464 41
301372276769714176 19
301372314510041089 41
301372360626405376 41
301373069463789568 41
301373472146333696 41
301373644079247360 27
301373778330525696 21
301373887361474560 41
301373992206487553 41
301374084493758464 41
301374105477869570 41
301374784955117568 41
301374944313487361 41
301375527325945856 41
301375795773988864 41
301375812551200768 41
301375867093921792 41
301375921603100672 41
301376382976536577 41
301376877904420865 41
301376945009078272 41
301376999543435264 41
301377326686547968 40
301377339261063169 19
301377502843109377 41
301377519624544256 41
301377553170587648 41
301377985209057280 41
301378144600997888 41
301378740196360193 41
301379029569769472 41
301379197367099392 41
301379314795028480 41
301379314816004096 36
301379323175260160 41
301379730018553856 41
301380128494194689 41
301381458088570880 12
301381692986380289 41
301382632476930048 41
301383005799329793 21
301384482177568768 41
301384746401923072 42
301384830288031744 41
301384859685892097 41
301384981287141376 21
301384989705113601 41
301385170047602689 37
301385170051805184 19
301385279116296192 41
301385774010617856 19
301385803391696896 41
301385828557533184 19
301386398966108160 19
301386684182953984 41
301387032331177984 41
301387229463453696 42
301389142057697280 41
301389632782872576 41
301389880234225664 41
301390249328799744 42
301390408733298688 41
301390626828734464 41
301390681363079170 41
301390685569949698 41
301390790406569984 41
301390886883950592 41
301391222419910657 37
301391486652657664 41
301391784477589505 41
301392082239639552 41
301392094856089601 41
301393181168259073 41
301393294393487361 41
301393327973093377 41
301393520894300160 41
301394150039908352 41
301394447856455682 41
301394980512096256 5
301395190227275776 19
301395676762349568 41
301395790033723392 41
301395840365375490 41
301395890697023488 47
301395903279927297 41
301396092023611392 19
301396188484235265 41
301396305916350465 42
