30394131587006464 3
30394202042925056 8
30396111764066304 6
30398100472336385 3
30400409612853249 3
30401574056493056 23
30402208474333184 8
30404278992510976 11
30404296335958016 5
30404459720871936 5
30405193854091264 8
30405450293846016 17
30406089992310786 25
30406773076664320 53
30406955428216832 10
30407444110778369 5
30407494970900482 8
30407607617323008 9
30408437502312449 10
30408707682607105 15
30409874428919808 2
30410134425436161 10
30410295151169538 33
30410427095588864 8
30410542388609024 14
30410847616499712 8
30411347749507072 14
30411467085844481 4
30412963919699969 2
30414963528962048 13
30416908838772737 23
30417452680609792 20
30418069784367104 16
30418510702186496 76
30419324359417857 5
30419457826357248 6
30419510313877504 0
30419535756533762 5
30420445060669440 14
30421875943284738 9
30422510541479936 25
30422846366814209 0
30423259409289216 13
30423743528439808 54
30424035380699136 22
30424818289475584 30
30424834911510530 6
30424957825589248 4
30425952878075904 1
30427146451165184 5
30428029847080961 17
30428075191701504 14
30428482223734785 14
30429182278246400 53
30429664170213377 1
30429676585353216 7
30429702262886401 25
30430409875521536 6
30430799341817857 0
30431564932325376 5
30431589796151296 8
30432405177245697 0
30433013120634881 0
30433695596814338 17
30436694226378752 18
30437370604036096 0
30438372140908544 13
30439179359879168 17
30439920199798787 6
30440791239299072 8
30440960940834816 0
30441473379934208 17
30442043301953536 23
30444102684254208 9
30447887317995520 2
30448953891749888 23
30450989928554496 1
30452220143079424 2
30453671854612480 2
30455347827183616 20
30456490821156864 3
30458775651487745 13
30459074709557248 6
30460023981215744 5
30461512313208833 10
30463111500664832 22
30463763110957056 76
30464679839006720 20
30467526097895424 5
30467978906574849 6
30468165997690880 13
30468336726839296 13
30470388030906368 25
30471649639796736 20
30472788686929920 20
30472790909915136 16
30473143420190720 10
30473227012673536 14
30473698460827648 8
30475778487488512 11
30477678087770113 1
30478670644649985 76
30480639975227392 0
30481155169984512 25
30481547861688320 11
30483070356295680 2
30483402603888640 5
30483897565319168 16
30484140813975552 2
30484142076465153 3
30485744480944128 11
30486017530142721 20
30486674869846017 1
30488264842412032 9
30489791292252160 14
30490739947343872 14
30491845029011457 11
30494588875571200 3
30494895642775553 10
30496069259370496 30
30497056829210624 0
30497269086158848 13
30497840182591488 22
30499716567408641 30
30500268705583104 13
30502858264674304 2
30505402755981312 10
30505596528623616 5
30506925409968128 1
30507036248641536 20
30509900467544064 1
30510620902162433 5
30511580726697984 2
30512734403567617 2
30513117570015232 6
30514003763535872 2
30514793148321792 5
30515000489541632 1
30515437863178240 1
30515965208829952 3
30516341437890560 16
30517151785820160 8
30517355016622080 1
30517481307111424 8
30517822215954433 9
30519207938494464 13
30519362016247808 16
30519843119702016 15
30521128367689728 11
30521472812318720 6
30521804636295168 33
30522327510818816 33
30522653617954816 8
30522904919674880 1
30522982673686529 25
30523230930345984 1
30523878992252928 1
30524726552043521 1
30525698133196800 1
30526250707591170 1
30526264926281728 16
30526334815965185 5
30526954549547008 2
30527259790020608 0
30527280530857984 16
30527799424983041 1
30530005184286720 1
30533114522505217 1
30534154814750722 2
30536204508209152 1
30536217355358208 16
30536477695807488 1
30538645840596992 9
30538724529938432 17
30543224477065216 9
30544174625333249 3
30544903666663424 23
30545019244912640 6
30545151508094976 1
30545481935360000 17
30546563214348288 23
30547340561481728 9
30548386033696769 9
30548764452200448 10
30550652635582465 16
30550707274776576 0
30550858202615808 50
30551131616706560 16
30554037510213632 54
30555539452723200 18
30558796480774144 6
30561539077439488 9
30562259365269505 20
30562965165965312 9
30563119608635393 9
30564289693614080 13
30564389102813184 9
30565841099563009 76
30565953972477952 13
30566403673165824 13
30567532691726337 6
30567972326080512 5
30569342814916608 20
30570299074289664 5
30571851667210240 6
30572012694933504 0
30573100659638272 8
30573254447988736 23
30573552751087616 13
30574540144775168 23
30575014923210752 14
30576362389504000 0
30579096920526849 10
30579313057202176 23
30581002782908416 76
30581469411803137 16
30581701998546945 14
30582751925112832 0
30583068972548096 23
30583328172154880 20
30585243689811968 17
30586103354359808 9
30587022007603200 30
30587270037774337 1
30587682639847424 6
30587685898817536 9
30588669546987521 17
30589582479196160 13
30589797806379008 13
30589863128473600 20
30590163398696962 6
30591435266854912 13
30592623563509760 13
30592728618246144 13
30595032692035584 17
30595216985559040 13
30595305447628801 0
30595338775568384 17
30595496607219712 13
30596907529146368 17
30596941884686336 13
30597380348837889 17
30597453803683840 2
30597951457853442 20
30598702481539073 9
30598852146888705 9
30599022376919043 2
30599622661505024 5
30600106524807168 17
30600631047688192 13
30601061328756736 13
30601504758964224 13
30601574359236608 10
30601638104272896 76
30604010075455488 17
30604291001556992 0
30604356764049408 13
30605376395157504 25
30606523621187584 17
30607467759013889 13
30608387918004224 20
30608814784905217 13
30609760164249600 15
30610163136208897 13
30610832643596288 11
30612864184098816 13
30612876720869376 10
30612914654154753 10
30614030007664641 1
30614420178608128 17
30614560461291520 13
30614953798930432 11
30615506033577986 30
30615587910586368 22
30615948226465792 22
30616053729988609 9
30617632570875905 15
30617750103658496 9
30618672548544512 2
30618896893476864 14
30619096106143744 13
30619675389853697 23
30619741349478400 13
30620268149866496 15
30620671297986560 9
30621101021204481 0
30621165881917440 1
30621207644610560 2
30623517682704385 23
30623652437295104 11
30623689372340224 23
30625618529878016 9
30625784481714178 15
30626856424177664 0
30628460376363008 9
30631313245470722 9
30631645262385152 0
30632759630241792 76
30633192612438017 23
30633266906136576 23
30633267564650497 23
30633783929606144 0
30633937722155009 22
30634433082036225 2
30635254607773696 9
30635609009684480 17
30635802346131456 23
30635932134670337 4
30636685423280128 25
30636864566206464 9
30636957327425536 9
30637090941181952 2
30637444080607233 13
30638299320160256 23
30638368878497792 2
30638928268632064 16
30640030691098624 5
30640574671355905 5
30641734190895104 15
30642168938889216 17
30642236995674112 17
30642254842433536 17
30642412799922177 17
30642989122461696 15
30643478249603073 22
30643688136773633 8
30644248546119680 9
30644328925757442 16
30644440372617216 8
30645241832800256 17
30646843612336128 14
30646884209000448 15
30647283783565315 9
30647647756881920 9
30647808595857408 9
30648625222656000 15
30648899844706305 2
30649439165087744 14
30649612721197056 5
30650131585966081 54
30650358351007744 9
30650642112450560 17
30650789974245376 1
30651305655533568 53
30651755398168577 22
30651873035821058 3
30652307230162946 9
30652426038022145 77
30652469818163200 54
30652616639782912 9
30652775805231104 54
30653164818534400 1
30654010809651200 8
30655398331551745 15
30655509635792898 0
30655752150458368 16
30655803581009920 8
30656014466416640 2
30656300463427584 17
30656489479737344 1
30657495219306497 15
30658222981386240 30
30658825623179265 20
30658867457167361 0
30659286824648704 13
30660131339378688 15
30661460132634624 13
30661645986430976 9
30661896084398081 7
30662708818870272 76
30662992135725058 1
30663550510825472 8
30665425624760320 13
30665945395503104 14
30666356126912512 20
30667222271660032 6
30667277003137024 6
30667873680625664 6
30667917641129984 11
30668107966062593 8
30668394940334082 1
30670049274499073 9
30670377176801280 6
30670629837479936 23
30671913017671680 16
30672144434204672 3
30672774355746816 1
30673075070566400 5
30674081439285248 22
30674139169693696 16
30674320539787264 9
30675536665649153 17
30676047032754176 10
30676488235782144 20
30677307916029953 30
30678113146896384 20
30678791273586688 1
30679835969851392 9
30679899958153216 33
30680440994009088 13
30681449719930880 17
30681793300537345 16
30681838317993984 11
30681987794608129 13
30682519665909760 2
30682713602129920 17
30682863334596608 9
30683314293571584 17
30684138470121472 1
30684726008221696 22
30685454885986304 20
30685769240682496 18
30685922668322817 1
30686640804462593 18
30686906152914944 1
30687382806200320 2
30687510287876096 6
30687676050968576 9
30688418593767425 17
30690244298801152 17
30690750979121152 22
30690905920905217 6
30691049823272960 1
30692826006159361 1
30692963696779264 11
30692965663899648 8
30693301371797504 9
30693949492432896 1
30693955515457536 9
30694014181179392 1
30694279877754880 1
30694308940087296 1
30694341957656577 1
30694362178392064 1
30694599844429824 13
30694625152864256 20
30694705004027905 1
30695206714089472 1
30696004445544448 1
30696271408799744 6
30696903955976192 9
30697038798651393 17
30697835959689216 23
30698289095507968 23
30698291976998912 23
30698300843761664 11
30700109821902848 13
30700392937426944 53
30700828272631810 14
30701010049572864 50
30701401030000640 17
30702025264074752 8
30702141668589568 17
30702222312472576 25
30702331435683841 20
30704132692123648 0
30704571940605952 1
30705239468277760 22
30705516032303104 1
30707908433940480 33
30708356368834560 17
30708440749842432 33
30709282534072320 10
30710163916718080 1
30710400962007040 8
30710955126034432 9
30711295409917952 33
30711690580463616 15
30711726592753664 0
30712242315988992 1
30713349721292800 9
30714203610284032 33
30714235914813440 23
30714733577379840 23
30714909889138688 6
30715531464019968 13
30717644617285633 50
30717679631343616 10
30717788247035904 22
30718627057500160 15
30719112057458688 1
30719835499397120 22
30720214500900864 11
30721287810711552 50
30722018458468352 15
30722713739862016 15
30723301865168898 10
30723400687165441 15
30723587551797248 1
30723941496520705 23
30724717266599936 11
30724724736655361 20
30725193940865024 22
30725724151218176 15
30725780250038272 13
30726678577676288 33
30726960552345600 17
30727022598692865 50
30727039271047169 10
30727184507211776 50
30727342653444098 8
30727849589608448 11
30728757538988032 9
30728915328696320 6
30730850555400192 22
30730965840035840 33
30731514387898368 16
30731833859645441 7
30732007998754817 18
30733025167806464 11
30733728082825216 10
30733920714629120 13
30734117633007616 9
30738531445903360 10
30738883704524804 2
30739970184450048 15
30740770164051969 11
30740860484194305 23
30741349401624576 9
30741431043760128 7
30741828105928705 18
30742243136503809 30
30742388892762113 20
30743339112341504 23
30744276954517504 50
30745569156665345 15
30746843432357889 11
30747420539224065 5
30747501699010560 7
30747642342408192 16
30749550717173761 10
30749631398805504 7
30751177817722880 30
30752379854917632 6
30752754582421505 16
30752887374090240 7
30753110859186177 11
30753435431206912 1
30754443725115393 16
30754794272464896 23
30755448344805376 23
30755499901198336 1
30755695221547009 7
30756756170743808 2
30757517512417280 77
30758000822063104 1
30759655357546497 20
30759670763233280 15
30760799676923904 0
30761666429849601 23
30762024019431424 5
30762245684207616 76
30763473105321985 25
30764163454214144 7
30764349832306689 7
30764363740618753 16
30764752242221056 7
30765010984636416 50
30765094837166080 17
30765413604265984 50
30766283096072193 50
30766415304728576 14
30767162398347264 23
30767633527742465 7
30768499169169410 7
30768650319306752 50
30768879231832064 14
30769192563113984 7
30769389959651328 22
30769474357432321 50
30769480061685760 50
30769590342520832 14
30769661930905601 7
30769994920890369 7
30770321975939072 7
30770417580904448 7
30771167350493184 7
30771207527735296 33
30771299412353025 7
30771878641532928 11
30772067800449024 50
30772936331755520 1
30773099582464000 7
30773173859393536 2
30773571605241856 23
30773824219783169 1
30774027257647104 10
30775368881283072 11
30775556672851968 25
30775875972632576 23
30775893412548608 11
30776915782533120 17
30777394444902400 50
30777895618088960 7
30778510737940482 7
30779211341893633 17
30779809588051968 7
30780680245870592 50
30783565595680768 23
30784370889461760 6
30784787199303680 10
30784884444237826 7
30786145579180032 30
30786150633308160 7
30786465180942337 1
30786660539043840 23
30786779879575553 15
30786975921340416 50
30787730694733825 7
30788420263481345 30
30788874045235200 50
30789460249550848 18
30789479836950528 7
30790504476053505 8
30792108231098368 14
30792302746148865 10
30792615909662720 7
30793840872923137 7
30793871919157248 30
30794679930851328 20
30794765645651969 2
30794785610530816 7
30795007745069056 6
30795493609050114 5
30795816356544513 50
30796220553236482 7
30796264580849664 20
30797038568341504 5
30798171567292416 1
30798218992287745 3
30798300072378368 7
30799302041280512 6
30799400179597312 14
30799418651316224 1
30799516428935168 7
30799530383380480 13
30799946957455360 23
30800704616538113 23
30800937832415232 23
30800973278478337 50
30801558824296448 14
30802679919804416 22
30802764497948673 33
30803091490086912 20
30804602349690881 15
30804962472632320 3
30805240047472641 0
30806167512948736 7
30806290825478144 7
30809053655470080 10
30809380861517824 50
30809400276946944 1
30809856231342080 15
30810435741556736 10
30810599508152322 22
30810994859053056 7
30811039540969472 10
30811245200277504 33
30811330365628416 17
30811692007034880 6
30812119582638081 50
30812570696818688 1
30812919910375424 50
30813082452238336 23
30814181259218945 14
30814638606123008 9
30814672844234752 15
30814936187801601 17
30815462040272897 7
30815506499899392 2
30817335593926656 30
30818430751875072 10
30820829377855488 23
30821047011905536 25
30821340269252609 7
30821805958635520 9
30821876708147201 23
30824505316220928 8
30825725640577024 7
30826402152452097 22
30826476634902528 7
30826845066764288 9
30827081088638976 7
30828059540062208 17
30828837197578241 7
30829574321348609 22
30829945810845696 76
30831823445561344 11
30832275302129664 30
30835299768602624 7
30836390203756544 50
30837239881670656 15
30837766195515393 9
30838167116447744 1
30838480187686913 20
30838682105683968 0
30841105708744704 10
30841242736660480 7
30841911602315264 11
30843661369475072 9
30844978678734848 1
30845288147066880 3
30846724134150144 1
30846813036617728 7
30848387767083009 3
30848491068588034 50
30848811400175616 17
30850469203025920 7
30853143038267392 7
30853353982394369 10
30853481984172033 0
30855995433426944 17
30856188946022400 0
30859094680145920 15
30859325845020672 17
30861237927542784 15
30862456993615872 0
30862580280983552 5
30863974702518272 23
30866478949466112 15
30867592214220800 20
30868827214446592 1
30869360079806464 30
30869628771115008 7
30873156688285696 15
30877629548597248 11
30879660090855424 15
30880212254199808 50
30881939376316416 17
30882016325009409 17
30882540759810048 7
30883051328241664 1
30883172178726912 20
30884120213065728 6
30885547757019137 2
30886602393788416 2
30887092338827264 15
30887683228172288 23
30888289225408512 2
30888675101384704 20
30889281832615937 15
30889954028552192 25
30889992091860992 9
30893229247303680 30
30894590957461504 13
30897152850919424 15
30897264503296000 6
30898468339847168 50
30899786374709248 16
30899867677102080 14
30900163576864768 16
30900201635979264 20
30900281470357505 50
30901455317630976 9
30901599693963264 25
30901618283126784 2
30901994185039872 13
30902834127966208 16
30906004711415808 16
30906101285261312 20
30906776094244864 25
30907638732554240 33
30907702188179456 1
30908718753255424 13
30909554422194177 30
30909763394994176 0
30909778985222144 18
30909954219053056 15
30911885272424448 0
30912007314083840 25
30914542103957506 7
30915093449416704 50
30917381039591424 33
30918262418046976 23
30918931124322304 20
30919347245416448 16
30920494291099648 5
30922563710357505 9
30922877704339456 25
30922899971899392 5
30924642650689536 1
30925155819593730 9
30925397151449088 0
30926810753540096 16
30928608558059520 1
30929131730378752 3
30930536184684544 14
30931191146221568 17
30932402738044929 50
30933644491100161 7
30933944996200448 15
30937150102966272 2
30940485400928257 2
30941177725329408 15
30941202039701504 5
30943433900171264 50
30944520879210496 16
30945164574859265 9
30947181829562368 16
30947664312934400 17
30949399253229569 13
30950381580189696 16
30950530419261440 15
30950664595046401 0
30950817078968320 0
30951279899451393 20
30952121918558209 16
30953552272687104 13
30953903105249280 13
30954320551747584 9
30955137207898112 25
30955643955318784 9
30958344684445696 1
30958583155793920 9
30958635953692672 20
30959520830197760 20
30960624460636160 0
30960864022503424 9
30964881050046464 30
30965007487336448 20
30965261251117056 15
30965474883801088 7
30965491879120896 23
30965554693021696 13
30965603900588032 13
30965801007714304 13
30965883492900864 13
30965912911745024 13
30965919140290560 13
30965997460520960 13
30966243016052736 13
30966287513423873 13
30966333579468800 2
30966722299170816 15
30967193713774592 13
30967515932790784 9
30967993412354048 50
30968591931154432 3
30968784990773248 13
30969612254318593 0
30969685075828736 13
30970130141810690 30
30972398136205314 13
30972462355189760 13
30973115597062144 1
30973373026668544 13
30973853450637314 9
30974100771966977 2
30974941620862979 13
30975093987344384 54
30975935201157120 13
30976917108690944 7
30978068348669952 13
30978683426570240 23
30979001044439040 13
30979125250363392 13
30979854593691649 23
30980749117095937 13
30981257949085696 77
30981650468835329 9
30982361281728512 7
30982428747108352 2
30982438305927168 25
30982557902307328 9
30983170572685312 8
30983191900721152 9
30984078123601920 0
30984263960633344 20
30984556509138944 8
30984641087283200 30
30985168126746626 22
30986508492087297 54
30986862751387648 13
30986944829718528 8
30986955508424704 8
30987245456461824 76
30987549543497728 20
30987991069491201 50
30988086536052736 50
30988222540554241 50
30991621130555392 9
30991683206250496 7
30993728348880896 7
30994784835346432 8
30994802350751744 1
30995050531913728 9
30995353041895424 16
30996863431745536 10
30996955274420224 50
30997096152694784 17
30997594171768833 9
30997718914568192 7
30998150332289025 7
30998595251478528 9
31000008140529664 11
31000463302205441 15
31000764365152256 33
31000791112220673 50
31001570321633280 1
31002172166504448 16
31003042060963840 76
31004787692535809 9
31006409738948610 15
31006950024028160 2
31007791548207104 8
31007837429698560 13
31008096289558528 25
31008319246172160 10
31009872048824320 9
31009999022981120 9
31010185665323008 50
31010364237815808 10
31010708799885312 9
31011128637128704 9
31011134693711872 50
31011164343238656 15
31011836841164800 30
31012102047006721 50
31012345664765952 20
31012396382298112 13
31012699076825088 8
31012906489348097 9
31013162908123136 8
31013541624414208 6
31013576655249408 9
31013591524057088 9
31013667185098752 9
31013827193606144 9
31013841781395456 9
31013859800129536 17
31013951194013697 9
31014334557589504 50
31014687294357505 13
31014876402950144 9
31014946573647872 15
31015040563814400 50
31015267429523456 9
31015788127191040 9
31016423132233728 9
31017281295224833 8
31017491043975168 0
31017840668573696 16
31018159435681792 33
31018234127843328 9
31018244877852672 9
31018698110148608 15
31018836186628097 7
31019356867526656 8
31019360352993280 9
31019396239466496 9
31019648199688193 0
31019797906989056 9
31020198379130880 9
31021244371435520 8
31021529835765760 50
31021687252193280 5
31021967737884673 9
31022047308021760 9
31023781514321921 2
31023837533446146 8
31023870030913537 9
31024106895843330 9
31024114823077888 9
31024641724125185 5
31025236015058945 9
31025621903609856 20
31025641658785792 9
31025643072258048 1
31025916150816768 9
31026158963265536 15
31026201132802048 50
31026341839114241 9
31026545933942784 8
31027421830447105 50
31028061164019712 25
31028767937789952 9
31029060939288577 8
31029504864423936 9
31030035276111872 9
31030124962914304 9
31030150850158593 17
31030487795367936 9
31030494665637892 6
31030924468559872 13
31031718513213440 9
31031759911002112 9
31032997956288515 8
31034134478458881 9
31034174752169984 6
31034679394045952 14
31035097440329729 13
31035749952397312 8
31036127410388992 0
31037174539354113 50
31037520846262272 9
31037694935040001 5
31037925034565632 9
31038184691335168 9
31038272813662208 5
31038670572093441 10
31039496002736128 0
31039534988795905 15
31039688655507456 0
31040417793310720 9
31041352833695744 17
31041984353280000 50
31042306303852544 10
31042449660973056 17
31042518963453952 9
31042778481819648 16
31043176684851200 8
31043823626878976 9
31044465690939392 9
31045108283482112 9
31045240588603392 13
31045366132514816 9
31045393429037056 9
31046395154669568 9
31046551061139457 9
31046593557831680 14
31046849024499712 14
31048071110467586 8
31048166426025986 50
31048353655558144 9
31049104964452352 9
31050271983411200 9
31051246827737090 13
31051852053221376 4
31052423128686592 9
31052452727885824 23
31052570369728512 2
31052725697384449 30
31052864197496832 8
31053474338709504 50
31053656509911040 15
31055301985697792 9
31055459574087681 14
31055778429276160 0
31055989058830337 11
31056295876362240 0
31056912183205888 9
31057351620431872 10
31057439944089600 9
31058203127062529 13
31058541116657664 20
31058594338181121 11
31059718105468928 20
31059921093009408 0
31061904994603009 14
31062559175999488 50
31063615565987840 9
31065622423011328 25
31066063718322176 16
31066504539676673 33
31067024973103104 11
31067596199563264 25
31068538898747392 3
31068571312324608 9
31068858617954304 77
31069597247475712 25
31070296945459200 10
31071789631143937 1
31072009869852672 16
31072039590690816 50
31072347490361345 17
31072348505374721 17
31072366792544257 7
31072472556118017 1
31072897015480320 50
31073305100296192 17
31073318543032320 20
31074798310268929 13
31075092746215424 8
31075146924036096 9
31075313429516288 9
31076061462659072 9
31076332137881600 9
31076425310142464 11
31078625642029056 9
31079228757770240 17
31079386023198721 9
31080347219263488 17
31081790139531265 11
31082026941554688 33
31082325320138752 1
31082773166956544 5
31083514283692033 17
31083518196977664 16
31083523758620673 15
31084250191101952 17
31084675116048384 16
31085134354583552 8
31086604953059328 16
31086874403540992 17
31087044226711552 15
31087418727735296 13
31087671757512704 23
31087921217937408 50
31087996493111296 77
31088441139666944 15
31088604361003008 8
31090208116056064 9
31090279184343040 16
31091019378335744 23
31091400284049408 20
31091994977632256 30
31092826821369857 9
31094703621414912 9
31094934228439040 2
31095346109095937 25
31095382507266048 11
31096345146163200 3
31097874544599040 9
31098415081332736 13
31098607977369601 9
31099222732316673 13
31099423782084608 30
31099538177531904 50
31100236550119424 17
31100738906099714 18
31101132273098752 3
31101134374436864 11
31101259872215040 8
31101750245068801 9
31102256325599233 8
31104992857300992 30
31105170322489344 13
31105781336121345 23
31106823008288769 5
31107918388535296 17
31108442777198592 9
31109802788659200 50
31110638814109697 25
31110803671224321 30
31111680507256833 9
31111880143540224 10
31112518961201152 50
31113395839180800 9
31114000670400512 14
31114540473122816 8
31115816892112897 5
31115844079587328 6
31116011696553984 50
31116681023586305 50
31116779371630592 9
31117215788965889 15
31117687467802624 10
31118228382031873 15
31118649196544000 8
31119405844795394 8
31119543506046977 10
31119573893775361 1
31120562348625920 8
31121223412883456 8
31122825305657344 20
31123228814483456 9
31124672380674048 14
31124991944687616 13
31125701058895874 8
31125930910949377 15
31128320552738816 2
31128517605326848 50
31129009882402817 50
31129345066012672 8
31129479409569792 50
31130243469152256 5
31130387040174080 11
31131371611103232 9
31131445204357121 50
31131687672881153 14
31132710705565696 20
31133324697141249 30
31135430875291649 50
31135460042477568 50
31137005664468992 13
31139501162102784 20
31139661069942785 30
31140736409796609 14
31143839632728064 18
31144464038764544 11
31144800455495681 30
31147431294926848 9
31147614292418560 10
31147677928394752 1
31147902940217346 8
31149429419413504 14
31150167855996928 1
31150854518087680 16
31152254899724288 10
31153333771177984 13
31155431632019457 15
31155803561926656 15
31156154063134721 2
31156659652927488 50
31157697839628288 8
31160647492304897 2
31160749384540161 20
31160987822333952 50
31162151691358208 8
31162181697413120 50
31164008929173504 50
31164377784651776 8
31167200224092160 50
31167797417484289 10
31168112128692224 14
31168737197424640 13
31171333400305664 13
31173198477266945 16
31175122647785472 30
31175267573571584 9
31175455365144577 23
31175798983491584 50
31176393446391808 50
31178972884635648 10
31180229808488449 23
31180699922866177 30
31182195607470080 10
31183953457057793 15
31185246959439872 10
31185471144992768 9
31185639047172097 7
31186539111260161 16
31187010144182272 16
31187069468413952 20
31187141350400000 2
31188443958611969 10
31191421952204801 50
31192640489783296 22
31193526230323200 3
31193849732796416 23
31193943542603777 2
31196853986926592 9
31198473860685824 20
31198665850753025 22
31198962056695809 14
31199726539902977 3
31200356755046400 3
31201613666320385 17
31201852355772416 16
31203980398821376 11
31204939556454400 9
31205944025161728 9
31206369348558848 20
31206920995999746 3
31206941996875776 17
31206989136666625 10
31207938504790017 8
31208344513417217 9
31209867557470208 50
31210617436119040 9
31210659614031872 3
31211512802574336 13
31211938725761024 23
31213116251447296 10
31214698540048384 10
31214716097400833 16
31216070039699456 25
31216127501672448 50
31218888129650688 5
31219949385023488 15
31220608494739456 3
31220914683121664 11
31221921399963648 11
31222767160401923 5
31222961499283456 30
31223664930193409 16
31225212070535168 2
31226577924653056 77
31227454337056768 9
31228067758215169 25
31228698111770624 2
31228836662214656 9
31230245910618112 2
31230268593414144 15
31230480170876928 9
31234119782367233 25
31235101018820608 50
31235152201912320 50
31235518612119553 30
31237205229830144 9
31239223256293376 0
31239414566879232 8
31240250109984768 5
31240623314964480 1
31241976984641536 8
31243779268677632 33
31244303820918784 13
31244843439095808 0
31246627213676545 5
31247389662646273 0
31247776054517760 15
31249687239467008 30
31249821952118784 15
31249887840436224 3
31254361870958592 25
31255257963044864 3
31256160044589057 6
31256750145409024 20
31259521435308032 9
31260408840986624 5
31260417296695296 5
31260439643947009 5
31260442315726848 5
31260442705793024 5
31260461554999298 5
31260794079416320 0
31261786745339904 8
31263364470538240 2
31263743979552768 50
31263929590091776 20
31264716974194689 16
31265066254864384 3
31265161838858240 50
31265427015335936 5
31268819217424384 9
31269345250246656 20
31269520672825344 5
31271537130602496 0
31273563319173122 9
31274798323601409 10
31275425594347520 5
31276298647113728 50
31276607888957440 50
31280039735595009 2
31280399111950336 20
31280613415723008 3
31283912407785472 50
31283916992155649 50
31284810353741825 9
31284921209200641 15
31285491366100993 50
31286090224635904 17
31286109472292864 50
31287055673729024 14
31289241761746944 8
31290428993052672 9
31290850642235392 2
31291004959072256 2
31292040750829568 11
31293731701260288 9
31295548401131520 20
31296654984355840 9
31296678459875328 9
31299916881993728 20
31299921579610112 9
31300012923166720 15
31300161028235265 15
31301399597817856 2
31303419125825536 2
31303874081984512 9
31304742340661248 6
31306557291503616 0
31312198722658305 50
31313035649875969 16
31313048425725952 15
31314236164542464 15
31315354999324672 15
31315497316257792 5
31315702530965506 1
31316259006054401 3
31318938021265408 50
31319628084936704 9
31319916309127168 13
31324492491923456 20
31324914770255872 9
31329095719591936 11
31330125442191360 5
31330499074981888 15
31330501872586753 20
31331264925540352 13
31331279676903424 16
31331500536369152 0
31331870423650304 13
31338264753340416 50
31340035500408832 9
31340071860834304 16
31340540746268672 2
31340983396335616 5
31343165118087169 20
31343482496880640 2
31345998840209409 13
31347221337219072 9
31347593162268672 50
31348236769820672 13
31352119541891073 15
31352723509092352 33
31354920925929473 2
31355051209396224 25
31359062411055104 18
31359592764014592 15
31360085192089600 76
31361239879778304 20
31362489916592128 15
31363167950999552 0
31363349748912128 13
31365951563763712 23
31366458361520130 11
31367523815395329 50
31367888132636672 76
31368070408708096 50
31368638988558337 10
31370453759033344 25
31370691341193217 5
31371147513692160 25
31372058491359232 9
31372223163932672 0
31372703940214784 23
31373776805437440 13
31375726355685377 11
31377104851435520 20
31377999555207168 16
31378267915161600 9
31378604751331328 9
31379582183538689 9
31380634714775552 11
31381838840733696 3
31381901876920320 13
31382407521239041 5
31382608390660096 5
31382773830782976 15
31384843216486400 10
31386765759614977 6
31387358490267648 25
31387404828934144 25
31387551839293441 20
31389209428234242 9
31389468770435073 25
31389896627195904 0
31393500272529408 2
31394346062315520 25
31394628003434497 9
31394797096800256 25
31395475361890304 22
31395755189075968 15
31396276645924864 14
31396671703220224 25
31396975362445313 9
31397676553605120 23
31397693683142658 0
31398370350206977 50
31398611271024641 13
31399339309932545 9
31400130095616001 11
31402465458917377 9
31405044901355520 9
31406410256355328 9
31407484170145792 9
31408746303332353 11
31409578230943744 9
31409606391500800 30
31410105647894528 9
31411367932067840 33
31413608780931072 15
31413650270986241 14
31414231677009920 50
31414777767010304 9
31414860923277312 9
31415047490117634 15
31415088246169600 15
31415194911506432 3
31416044081913856 9
31416196981067776 16
31417341728260096 20
31418086171082752 15
31418487326908416 25
31418997807259649 9
31419091105357824 8
31420193662042112 10
31421122289336321 50
31421364304875520 5
31424021111246849 9
31424967899873280 8
31424975139250176 9
31425369449963520 9
31425604452614146 17
31426539723689984 25
31426798810046465 9
31426832662265857 25
31427033556848641 13
31427759045611520 2
31428420801925120 10
31428493468237824 23
31428546798813184 9
31431335247609856 13
31431536888782849 5
31432727026733056 9
31432945419952128 13
31433327906922496 17
31433632128172032 50
31434793199599616 13
31435262596747264 76
31437204932788225 16
31437237254094848 14
31437407396040705 50
31441099969003520 9
31442088453210113 0
31442614079197185 13
31442910696177665 20
31443107291598848 25
31447361003720704 15
31448339769724929 2
31449595846336512 25
31450065537073152 15
31450267119525888 2
31450686512173056 8
31452420420665344 13
31452422190665728 3
31452522002513920 3
31452799485087744 25
31453275672805376 50
31455723212775424 3
31455815084802048 3
31456126100836352 9
31456453080383488 15
31456542574252032 11
31456595212767232 9
31457280905973760 13
31457316683386880 15
31457406059810816 25
31458812468658176 50
31459972197908480 20
31461069528502272 9
31464165482692608 0
31464675170328576 2
31464809216090112 13
31467121900789760 50
31467184836317184 0
31467302188748800 15
31467680355586048 8
31467720469905408 13
31468490040803328 13
31468756320391168 20
31469968528769025 20
31471387839303680 10
31471733798076416 16
31473669091893248 2
31473705490063360 16
31476880397836288 2
31477961861373952 13
31481606854152192 15
31482127098839040 54
31484405264424960 13
31485497012396032 23
31488592257744896 10
31491223910879234 2
31492039682039808 23
31492400543178752 20
31493461895020544 15
31494358188425218 23
31494433346158592 33
31495605129838592 13
31496694457704448 5
31498848211828736 1
31501865678016512 54
31503072236670976 50
31503592129040384 25
31506974361260032 15
31507810986496001 0
31508580809052161 11
31508627588120576 3
31508788771037184 13
31523385842335744 3
31524647337988096 13
31527343109443585 3
31528624356069376 14
31528642743894016 50
31528807936565248 0
31532143444230144 7
31533473051185152 14
31533605201121280 13
31535593183772673 3
31536020499468289 54
31537684090462208 25
31539440006463488 25
31540846591479808 0
31541787378065409 20
31542354045308929 10
31546173600829441 15
31546270132740096 5
31547140597620738 20
31548936007196673 15
31549322411646976 15
31549597696393216 10
31549742353747968 16
31553007199985664 20
31553156345233408 0
31554061517979648 22
31555900334407680 14
31557043903012864 2
31559113523597312 14
31559175330856960 13
31559868326350849 33
31562402864570368 2
31562758805782528 13
31562782507802625 9
31563924398669825 16
31565204835794944 25
31568963183845376 15
31569527422586881 6
31570912188825600 2
31574200246341633 13
31574865592979456 20
31575391466426368 15
31577262197317633 13
31579382669639680 20
31580700553519104 5
31582344502575104 16
31582648186961921 50
31585147258146816 14
31585270302253056 5
31587174298165248 5
31587601542545408 13
31587866031165440 5
31588307586519040 11
31588433650515969 4
31588589909315584 5
31589908644626432 11
31590126110904320 16
31590322957975552 16
31590445049970688 10
31591003676737536 9
31591444397424640 53
31591858408787968 50
31592177809227776 3
31592707545636865 10
31593201001299970 3
31594108174737408 5
31594123525881856 5
31594358910226432 5
31594475058892801 15
31595126736289793 3
31595212220399616 16
31596255645798400 20
31599782774439936 25
31600749309861889 5
31609210277990401 16
31609386329710593 77
31610154927521792 13
31612106658816000 15
31613004512493568 13
31615062405808128 3
31615359102492672 3
31617061889249280 15
31617379486142464 13
31619459839954944 5
31622713848107008 11
31622888691867648 16
31627404900311040 9
31627673281232896 15
31628886605299712 13
31629001239830528 23
31629044269191168 13
31629235835637760 13
31629248502435840 22
31629662966784000 15
31631535366995968 13
31632553471377408 13
31632894636068864 13
31633604350058496 3
31634565726470144 3
31636328948965376 4
31636393063096320 50
31637593485484032 9
31638843664891904 13
31639213241794560 13
31639242950053888 15
31640927348981761 9
31642136910757888 13
31643428668313600 13
31643748362362880 13
31644368326631424 13
31647223557128192 13
31647814786228224 15
31648201748520961 13
31648402789896192 13
31648931624525824 13
31650454555328512 0
31650972241502208 13
31651067670302720 13
31652021882851328 13
31652159686705152 53
31653032269709312 13
31653095016497153 13
31653409140514816 5
31653516321759232 13
31653948410560512 13
31654224773251072 13
31654912601358336 16
31655045367861249 13
31655251593404416 25
31655260195921921 25
31655267053604864 25
31655567781011456 13
31656691342770176 20
31657587443245056 3
31657763553677312 13
31657852259016705 13
31658343235854336 13
31658757616308224 13
31659605524226048 13
31660595627425792 14
31661116648067072 9
31661587676798976 13
31662105904021504 23
31663375410798592 13
31664292503756800 13
31664959955927040 9
31665631019405312 2
31665824276156416 13
31666932327383040 13
31668642445791232 3
31668993525813249 13
31669571555430400 9
31669649288470529 13
31670225099300864 5
31672576916856832 13
31672753975197696 13
31672985840517120 20
31673221942091777 13
31673243798609920 13
31673636943306752 13
31673673651855360 13
31673680954138624 13
31673744418152448 13
31673993819856896 13
31673999100477440 13
31674021217046528 13
31674306199035905 13
31674396498202624 13
31674409378910209 13
31674451988848641 13
31674849906659328 2
31675031993982977 13
31675229210152960 13
31675360097599488 13
31675432579375104 13
31675539873857537 13
31677899845148672 13
31677930400645120 25
31678562608091136 13
31679285982920704 13
31679425338679296 13
31679542569472000 13
31679701269348352 9
31679783616118784 6
31680131110010880 13
31681152569835520 13
31681793237188608 16
31682953595584513 25
31683709740519424 9
31684419873935361 13
31684842953375744 0
31685731671875584 20
31686032277639169 13
31686265921343489 3
31686276293853184 14
31688182005235712 0
31688661296742400 13
31689430863450112 33
31689854869835776 5
31689881163931648 10
31690834835415040 13
31691436936138752 54
31692185296441344 13
31692655704412161 5
31693234325426177 9
31694473117306880 3
31694530558296064 14
31694965050449921 9
31695509810839552 54
31695880826396672 3
31696221231915008 15
31697432387526656 16
31699819923767296 10
31700342240444418 9
31700382858092544 30
31702927013838848 10
31703050271850498 15
31707233054101504 14
31708419303931905 9
31709059719634945 15
31711079461552128 14
31711154204053504 9
31715048300744704 13
31715391927484418 9
31716826710802432 13
31717825269731328 20
31718977201774592 16
31719526622040064 3
31720687227895808 23
31720767683043328 50
31721475786416129 9
31722157654417409 11
31724837294571520 20
31724937890762752 50
31726486222274560 9
31726872656084992 50
31728925046476802 10
31729684089675777 10
31729824913424384 14
31730063380582401 5
31730139196817408 11
31730185619378176 16
31730879315316736 3
31731638631137281 20
31732480914489344 20
31735139432144896 9
31735455657500672 25
31735910097756161 16
31736465394241536 3
31736590074118145 9
31737924319969280 15
31737979026280448 6
31740806834425856 25
31744066563604480 77
31744449365155840 2
31745086442184704 10
31745096726609920 10
31745508766646273 20
31746913468424193 13
31747239311314944 8
31749443879440384 10
31749813007548416 3
31751008367419392 4
31751433325903872 10
31752954860011520 4
31753400517398528 22
31754236366688256 15
31757312548937728 13
31759478898561025 9
31760140914925569 9
31760876486795264 20
31762855594303488 6
31763145265520640 9
31763149904412672 9
31763182657740801 9
31763804341673985 13
31764477875585024 76
31765042370187264 53
31767856039329792 20
31768073216204800 13
31769205439205376 10
31769395265019904 11
31769479050432512 13
31769523052875777 13
31770091230076929 17
31771605050855424 9
31773184512495616 4
31774912318283777 13
31776820869206016 9
31776979199991808 13
31777091523444736 11
31777427092938752 8
31777476736716800 8
31777488208142336 9
31777782535028736 5
31778373868978177 9
31778698306781184 10
31780127859802112 9
31780569960415232 3
31781089181704192 13
31781229795745792 14
31781548416049152 9
31783210920706048 6
31785455397638144 6
31786830126911488 9
31787064592699392 3
31787173657190400 3
31787373297668096 20
31789024293167104 3
31789477273804800 8
31789696912723969 20
31790456400510979 11
31791078399025153 11
31792129172840448 10
31793296351174656 25
31793298611904512 5
31793758529921024 23
31795576903303169 3
31795708822552576 3
31800150301081600 11
31801180061433856 20
31802123293294592 15
31803411594739713 3
31803419240960000 3
31803439788855297 3
31803718215139328 5
31804215198224384 3
31806612809187328 3
31807173218537472 11
31807230709866496 25
31807594473459712 3
31808292451786752 17
31809671195009024 3
31810488266399744 3
31810603328741376 9
31811055877365761 17
31811254737702913 25
31811330562334720 8
31811864388177920 13
31812598013894656 5
31814327216377856 13
31816947943346176 22
31816986417700864 11
31817694814670850 15
31818985011945472 15
31820162705399808 20
31820266728329216 15
31821748101976066 9
31821797401821184 9
31824265858777088 9
31824638501724160 9
31824794554994688 3
31824817023885312 33
31825453668900864 53
31826421026398208 9
31827324445917184 9
31828141269848064 6
31830108431982592 3
31831410260058113 17
31836139568500736 20
31836755116171264 25
31837272005419008 9
31838446431510528 9
31839368880590850 0
31839946834714624 9
31840187944280064 3
31841010615058432 7
31841332263649280 3
31841375750193152 33
31841982963777536 15
31842252955324417 3
31844361520025600 9
31844731885457409 8
31845325505306624 11
31845403099926528 25
31845404345630720 3
31845488307208192 9
31845789533736960 3
31846049488310272 17
31847913957105665 76
31849548460597249 9
31849691155013632 20
31849694669840384 11
31849942708391936 25
31851486715576320 10
31852394992115712 11
31853087438143490 50
31853505325047808 13
31853848926621697 5
31854246383058944 3
31856209573187584 9
31857122555723776 3
31858497041735680 20
31858896867954688 9
31859055030964224 3
31861291236724738 6
31861590575816705 11
31861702156877824 10
31862468191977472 11
31864469529305088 5
31865568277569536 3
31865841687470080 25
31866849633243136 9
31868819316146176 9
31869348700229632 15
31870844829442048 16
31871158500458496 17
31872613319970816 16
31872977108738048 25
31873295653539840 33
31875281820061696 9
31876829782478848 11
31877108653367296 30
31878654489264128 10
31879597431726080 15
31879763714904064 25
31880216670380032 30
31881538727575552 5
31882212055973888 25
31882977344491520 25
31883171909869570 3
31883368232656896 30
31883562986766336 25
31883690422308864 5
31884272092585984 25
31885326528020480 30
31885627276394496 23
31885657626378240 3
31885777986129920 10
31885796969545728 25
31885983020482560 1
31886068898861056 0
31887568748417024 25
31888385719144448 2
31888462969839617 25
31889401910923264 9
31890053449908225 2
31890241614782464 25
31891056119255040 77
