35055158849175552 10
35055288075681792 10
35055845284777984 51
35056355442163712 51
35056804098473984 11
35057122219655168 51
35057231418359808 51
35057300112805888 51
35057756725575680 49
35057840427114496 51
35058089283559424 42
35058338244853764 51
35058427151523840 51
35058668416278528 42
35059071853797376 51
35059180847108096 49
35059402453032960 10
35060229741744128 51
35061937414868992 7
35065226357379073 1
35066295103782912 51
35066441501900800 42
35066972253192192 11
35067085990133760 51
35067092726185984 49
35067946019590144 51
35068336094056449 51
35068585340571649 1
35069290097020928 51
35070902005665793 51
35071649602732032 16
35072594151481344 1
35073980729802752 10
35076009669693441 51
35077527735111680 42
35077822745673728 51
35078116594548736 13
35078123699572737 51
35078701460750336 49
35079045930553344 51
35079243503247360 51
35079645514829824 51
35082334201978880 1
35086388722401280 51
35086687973412864 51
35087142791159809 15
35087482475257856 51
35087494273826816 16
35088376390631424 1
35088534306033665 16
35092790660562945 1
35092866069962752 13
35093215149297664 16
35094611483426816 49
35095013121593344 1
35100073129934849 15
35100242865029120 1
35104330025541632 31
35105429532966912 1
35105993557807104 44
35107141077434368 1
35108366829232128 1
35109758973255680 15
35111217613766657 12
35114725998215168 11
35124912364457984 0
297132611371941888 85
297132623929675776 85
297134112899203072 28
297135677387190272 85
297136184918945797 7
297136210068008961 85
297138961539801088 25
297142975480336384 85
297144665793249280 42
297144925831720960 31
297145454334971904 28
297146674873237505 85
297146913919217664 85
297147018801995776 85
297147354316931072 88
297148100903067648 31
297149808014147584 28
297150651073433601 28
297151355703922688 10
297152140055543810 79
297155218641154048 85
297160620921479170 10
297167004656361472 85
297174789267804160 44
297175674265927680 83
297183282750169088 83
297185476358586368 85
297187359613648897 85
297187388952825858 7
297188462707216384 28
297188798264135680 28
297195727233368064 7
297202765271285761 83
297203432173993985 17
297205399323566080 6
297207051858358272 28
297214102508535809 83
297214903591256065 83
297215868297961472 5
297216111571767297 85
297218305171808256 83
297219949364146176 79
297222965056135168 79
297224269463703552 49
297240790835531776 25
297244301497339904 88
297244808982966274 83
297254510420717568 17
297254581728071680 83
297255743520919552 83
297256007783026688 44
297256385249427456 83
297257769386528768 1
297259459699437568 5
297261766541443072 28
297261976294420480 85
297272965366702081 28
297273514812141568 28
297281962136182784 87
297287171465961472 51
297290602406617089 79
297290690491215872 28
297292645007507456 85
297296658977419265 85
297300870050222080 79
297302103171411968 79
297302132552499200 79
297302266774441985 79
297302283551645697 79
297302950450167808 79
297303004967743489 79
297303009166254081 79
297303684445007872 79
297303705416511489 79
297303864795881472 79
297305001435484160 5
297305068556922880 5
297305240506621953 79
297305299222659072 5
297305458606227456 79
297305496363343872 28
297305550910267393 17
297305563493183488 79
297305659966386177 79
297306528170532864 5
297306716930981888 79
297306851119337473 79
297306981138579459 85
297306985362239488 79
297307161493647360 79
297307459326976000 79
297307505451749376 79
297307576742330368 79
297307656429899778 79
297307778068926464 79
297307811648520192 5
297307916468371457 79
297308054905561088 79
297308130382065664 79
297308226859458561 79
297308289782398976 79
297308344299974656 5
297308373676879872 79
297308478526091264 10
297308570788184064 5
297308759527673857 79
297308860190953472 79
297308885373575169 28
297309246100471808 5
297309493526687745 79
297309527089483776 79
297309598409453568 83
297309778768691201 5
297309841670676481 79
297309858447904768 5
297309862654787585 5
297309967508205568 79
297310370144600064 79
297310386930192384 5
297310961545658368 5
297311150310297600 5
297311305474379776 79
297311418749947904 5
297311464878907394 5
297311531962605569 5
297311569707151360 5
297311573914038272 79
297311628465156096 79
297311687156056065 79
297311775257423873 5
297311968203792385 5
297311989150121984 5
297312014328532992 79
297312362438983680 5
297312450548731904 79
297312496686088193 79
297313377468948480 79
297313545245315073 5
297313583006613505 5
297313650081939456 5
297313666896916482 5
297313679475621888 79
297313729794686976 5
297313817891840001 5
297313952076029952 79
297313960493973504 79
297314346353164288 85
297314354745982976 5
297314509939417089 44
297314543468695552 5
297314551886651393 79
297314564461195264 5
297314644161343491 79
297314728022245377 79
297314799350607872 79
297314920985423873 79
297315030016352258 79
297315319419133954 5
297315353007112192 79
297316489659293696 5
297316493845209089 79
297316883898707968 5
297316888088805378 5
297316938420469761 5
297316938428858369 5
297316976165023746 79
297317185884405760 79
297317299147378689 5
297317601128878080 44
297317735350808576 5
297317806649786369 79
297318242869968896 79
297318452585172992 79
297318519689846784 79
297318653907595264 79
297318662283599872 79
297318712644608000 5
297318746161291264 79
297318758748401664 79
297318897189789697 5
297319060738301952 79
297319203340439552 79
297319631167827969 85
297319748599939073 5
297319840878829568 5
297319954133442560 84
297320008659390464 79
297320214180265984 79
297320360993492992 5
297320432300867584 5
297320499397160960 5
297320671367790593 5
297320734273978371 79
297320956584660992 79
297321225020137472 5
297321325666660353 79
297321367634837505 79
297321388581220353 79
297321413751234561 79
297321417953906690 5
297321497662484480 5
297321724133908481 5
297321740915339264 5
297321749282947072 79
297321870947147777 5
297321959031709697 5
297322059695017984 5
297322110026649601 79
297322164548431872 79
297322298774519811 5
297322340704976897 79
297322441380872192 5
297322529431879680 79
297322672038223874 5
297322823041572865 85
297322860781903874 79
297323741589929984 79
297324051993608192 5
297324140048826368 79
297324202984349698 5
297324454642597888 5
297324697903824897 79
297325117313265664 5
297325431881883649 85
297325444468965376 85
297325524173336576 79
297325633221046274 79
297325897449611264 28
297325918458888192 79
297326216225095681 5
297326329492283393 5
297326723756863488 5
297326723765260288 5
297327180931801088 79
297327545848827905 79
297327612919939073 79
297328208536281090 79
297328405668573184 79
297328619578073088 5
297328745394618368 79
297329504563634177 79
297329768813195264 5
297329986929565696 5
297330385380052992 1
297330616066777088 5
297330800620343296 5
297331501069131776 5
297331782074892289 5
297332381864587265 5
297332402852859904 79
297332482519470080 79
297332562211258369 79
297332872593944576 79
297333166203621376 5
297333229101387777 5
297333241709473792 5
297333719855947776 79
297333812134825984 79
297334202179936258 5
297334294475595776 79
297334516769501184 5
297334780998074368 5
297334831321317376 79
297335158510612480 5
297335439528955904 79
297335452090920960 79
297335460471136256 5
297335460487897089 79
297336014148603904 79
297336165139365891 5
297336190301007872 83
297336248996098048 5
297336253186207744 5
297336601342799872 79
297336693613285377 79
297336743944933376 5
297336915911397376 79
297338555871662080 79
297338950148845568 79
297339013042409472 5
297339524772675584 79
297339583463563265 5
297339654779310081 79
297339826749988865 79
297340044837011456 79
297340162311081984 5
297340275527921664 44
297340346835283968 5
297340720140918784 5
297340875325988864 5
297340934037831681 79
297341022109831168 79
297341298950672386 5
297341647098880000 5
297341726752907264 79
297342414652325888 79
297342540473069568 85
297343194767691776 79
297343958126833664 79
297344088167051266 79
297344193037230080 85
297344335609987074 79
297344352391397377 5
297344423728140288 79
297344444674498561 79
297344511808512001 79
297345140937342977 5
297345396785676288 5
297345593909596160 5
297345749128187904 5
297345761706917888 79
297346474713436160 79
297346583769538562 5
297346634113773569 5
297346734764462080 5
297346868969623552 79
297347040969621504 5
297347095474618368 5
297347095499771907 5
297347376497176576 5
297347422634512385 5
297347699441823747 85
297347867234947072 79
297348206956802049 79
297348219543904256 79
297348299231469568 5
297348844507774978 5
297349268115701760 5
297350023094611969 28
297350023102988288 5
297350044061925376 79
297350044078723072 79
297350236999909376 79
297351105254408192 5
297351130411835392 28
297351679853092865 79
297351973466935297 5
297352019600105473 10
297352250265845762 79
297352610980184065 5
297352686481850370 5
297353357562089472 5
297353424696115201 5
297353630225428480 5
297354292921257984 5
297354682957979648 79
297355010147233792 79
297356348130217984 79
297356515889782784 84
297356654314414081 86
297356822090752000 86
297356830470967296 5
297356893372960768 5
297357103104921601 5
297357241504366593 5
297357501542830080 79
297357509923069953 51
297357736415465472 5
297357757416357888 5
297357765800779776 5
297357858058670081 79
297358160056963073 79
297358403330781185 85
297358885663174656 79
297359078613733377 79
297359397372432384 79
297359565140410369 5
297359649039060993 79
297359716160520192 11
297359976194781184 5
297360290767597568 7
297360391409909761 79
297360416609296386 5
297360601141886976 79
297360848618397697 5
297361096052981761 5
297362610221895681 79
297363205808848897 5
297363298087739393 79
297363310653894656 5
297363692360720384 79
297364115964448768 79
297364304724885504 5
297364854145159169 79
297365630120767488 79
297365764330123266 5
297366322176724992 51
297366389277196288 83
297367161029140481 5
297367446229250049 79
297367689507241984 5
297367802774450176 79
297367987328008192 5
297367995712421890 79
297368192827940864 5
297368457085874177 79
297368784224796672 79
297369228821028864 79
297369233023717376 13
297369425961697280 79
297370138993389568 5
297370512278048768 28
297370864620556288 79
297371397259395072 17
297371514737668096 79
297371518931963904 79
297371716026527744 79
297371728634597376 5
297371967714099201 79
297372592640229376 79
297373163061407746 10
297373595074695168 79
297373687349395456 5
297373863518535681 5
297373993571348480 79
297374056464908288 5
297374123561197568 79
297374266188500992 79
297374316511780865 79
297374668845887489 87
297375457349881857 79
297375482545065984 79
297375872594370561 5
297376296231657472 79
297376443011317761 28
297376644333703168 79
297376778572410880 28
297377361559687168 5
297377982354423808 79
297378519208574977 79
297379114782973952 79
297379290943741952 5
297379592950390786 5
297379869791232000 28
297380754755829761 79
297380775727341568 79
297380868031385600 5
297381912396316672 79
297382122115706880 79
297382398956539906 79
297382726103879680 85
297383070045184000 85
297383200039268352 5
297384248636231680 79
297385011970195459 79
297385251079090176 79
297385393681207296 51
297385666285801472 5
297385725014441984 79
297386194772307970 85
297386236727922688 79
297386597438074880 79
297386891056144385 28
297387633439563777 85
297388094787833857 79
297388916900761600 5
297389042734080000 79
297389151769219072 5
297389290198032385 5
297389369852035073 79
297389495702130688 51
297389520855371777 79
297389655064711168 79
297389852222185474 5
297390212919746561 5
297391441850806272 61
297391483798044673 79
297391525749485568 79
297392284914298880 85
297392771457753089 79
297392846946832385 5
297392893075808256 5
297393111179603969 88
297393648063115264 79
297393975206227969 79
297394012975927296 79
297394059092303872 5
297394726007603202 5
297395560657334272 79
297396953174650880 83
297396965753376768 79
297397158712315904 84
297397175460171779 83
297397255160348672 79
297397360026345473 85
297397599097475072 79
297397674607525888 88
297397750100803584 79
297397750100803585 79
297397989167755264 79
297398026924859393 28
297398047867023362 5
297398312145911809 79
297399054504194048 7
297399075479891968 28
297399381680848897 5
297400052761112576 79
297400530907566081 79
297400765801172994 85
297400862265991168 79
297400920973639680 51
297401000690610176 79
297401059415052288 79
297401193611804672 79
297401252344651777 5
297402338648412160 5
297402728714498048 7
297402762268913664 79
297405337588342784 17
297405476004569088 5
297406893687709697 79
297407220830834688 79
297407493468983298 79
297408638513995776 28
297408986641219585 5
297409804517904384 28
297410127466745856 60
297410559496826880 28
297410626618273792 79
297410676945739776 5
297410899222859776 11
297411276722806786 5
297411658404470784 5
297411666788884480 79
297411750662393857 10
297413281612713984 32
297414057529589760 79
297414435042115586 79
297414888005980161 44
297415303233675264 5
297415340999196672 49
297415978525003776 5
297416091792207872 49
297417450742509568 5
297417597517983744 86
297418046337859584 88
297418801291603969 79
297419069722857472 5
297419300426354690 1
297420831343144961 79
297421078798680064 8
297421460476141568 88
297421905072377856 79
297422009955135488 79
297422433575649280 79
297422509085708288 79
297422664258166784 79
297423251469131776 88
297423385661673472 10
297426426536280064 79
297426577539604480 79
297426606891364352 44
297426858574741504 49
297427059871989761 79
297427068289953792 5
297427131179343872 79
297428095894437888 5
297428490146430977 5
297428519485595648 5
297428980859035649 86
297429140242563072 5
297429538726608896 49
297429878461063169 79
297431115780726785 5
297431434556215297 44
297431963013378048 79
297433175171399681 5
297433313583456256 5
297434777416507392 79
297436144767991808 79
297436316705116160 5
297436492878462976 5
297436799066849280 88
297437264613605377 83
297437281403416576 79
297437302362357760 83
297437369471234048 5
297437738603532288 28
297438053138587648 25
297438418063994881 83
297438736810143744 5
297441064674004992 79
297441496699912192 5
297442335527149568 51
297442977255653377 79
297443056981012481 79
297443413459075072 79
297443463807500290 85
297443556090589184 5
297444894069383169 85
297444977938665473 79
297445095383396354 1
297445326065905664 85
297445602910932992 14
297446500466819073 79
297448157246279682 79
297448304034324483 85
297449159663960064 85
297449973367316481 101
297451235836043264 2
297451370057977856 79
297452221497503744 5
297452594819911680 5
297452666106286081 83
297453811163881472 28
297453857284423681 79
297455086244859905 5
297455425962532864 79
297456805896929283 85
297457028195037184 12
297457430856601600 83
297458479420030976 28
297459444097351681 83
297460773683339264 83
297462237516398592 44
297462568849653760 44
297462782780125184 51
297462887650312192 28
297463470620807168 79
297463814557937664 5
297464749908717569 79
297464804417867776 79
297465873982181377 79
297465962049990657 79
297466209509720064 79
297466297598480384 79
297466658329616385 2
297467111289257984 79
297467119665299456 10
297467497182007297 85
297467895636692992 5
297468390577172481 79
297468868690055168 79
297469313286295553 10
297469539778691072 79
297469657231790080 5
297470127010631680 83
297470240235851778 79
297470290580086784 85
297470642880671745 79
297470894538883073 79
297471376909017088 79
297472320635801600 5
297472735855144961 79
297472870064459776 79
297473721503985664 79
297474119996432384 79
297474468102696960 79
297474778502148096 79
297474799448489984 79
297475084648591360 79
297475256648597504 79
297476699480797184 79
297476821098848256 79
297476884013383680 79
297477051810717696 79
297477370577833984 85
297478943441813504 79
297479786492735490 85
297480516284846080 79
297481967505661952 28
297482378576797696 79
297482684735819776 79
297483099997081600 79
297484047901392896 28
297484341511061504 32
297485138407874560 79
297485604000784384 79
297485981488128000 79
297486816129470464 5
297487541735682048 79
297487617266708480 79
297487621440012288 79
297489500475637760 83
297489722786328579 6
297490238694125568 79
297490544869920769 31
297490628743405569 79
297491174028107776 79
297491551502880768 79
297492402938204160 79
297492784619847680 79
297493589934612480 79
297494013567705089 79
297494047109545984 51
297495821304352768 83
297495875817701376 79
297496404316786689 51
297496924389535744 5
297497046028517376 5
297497167688503296 14
297497704538439680 79
297498237219258368 79
297499680059838464 79
297499730378891264 79
297500586021113856 79
297502192460509188 79
297502230184083457 79
297503945692168194 79
297504297988526080 79
297505862472306689 25
297505883427049473 79
297506084787200001 79
297506298663165953 79
297507313714098176 79
297508102243225600 79
297508156756615169 83
297509247284039681 79
297510912414334976 7
297510920781959169 5
297511109529853952 79
297511919026323456 42
297513064104878080 79
297515001860722688 79
297515207360671746 28
297515274473717760 79
297515756818673666 79
297516205638574080 79
297516264325279747 28
297516344033812481 44
297518105633099776 79
297518495728549888 79
297518508286287872 79
297518743171518464 5
297518759969710081 42
297519665909997568 79
297520336994455552 79
297521029063012352 28
297522857787928577 87
297523277239300096 79
297526376813182976 79
297527559585931264 5
297527605752631297 31
297528977264898050 79
297530797601206272 79
297531258974638080 79
297531351274516483 79
297532202718228482 15
297532282393214978 5
297532521472749569 79
297533637165993984 11
297534056571228161 5
297535470060048384 5
297541610537877506 5
297542587798138880 79
297543346950385664 85
297545385386332160 83
297545574142595073 79
297545712554606592 79
297545960001789952 5
297546345877737472 5
297547469951205376 79
297548371743354880 79
297548971507847168 79
297549638427361280 5
297549856543760385 5
297549898486779904 79
297550175306645504 5
297551135768707074 79
297552649925042177 28
297552738018021376 61
297552972894842880 79
297553950176055297 79
297554432512638976 79
297554818392793088 51
297557867651821569 79
297558500991713280 28
297559461487337474 79
297559478239383552 79
297559876731805698 79
297560287769403392 44
297561248244060161 79
297561319572398080 32
297561420214710272 79
297562900795633664 79
297562925982429184 32
297563026633154560 32
297563076985765888 83
297565014745821185 85
297565111223205890 28
297565413217288192 28
297566713438928896 79
297571595608813568 7
297571834688311297 79
297572711272693760 79
297575315935481857 79
297575613739458560 79
297576989458579457 10
297578000285843456 5
297580575596883968 83
297587223585497088 3
297587676570329089 28
297590243463401472 85
297590964896284672 85
297591036182663168 28
297595029193629698 5
297596505559273472 84
297597419917561856 44
297600041370124288 28
297600850858229761 79
297601580671311872 79
297603216466661376 5
297603619103051776 7
297606181843791872 79
297612334875168768 79
297614599790931968 17
297618219504631808 83
297618521456791552 85
297619540710420480 85
297621138723459073 5
297623101657718784 85
297623701426421760 85
297625203004043266 79
297627178533785601 17
297627958644977664 13
297629082714243072 44
297629728670638080 44
297633503535828992 13
297633562230935552 17
297633671316385792 16
297633805538324480 85
297636607320801281 1
297636682822479872 79
297639430070624257 5
297639635612487681 83
297642244452777984 7
297643544687038464 85
297645922857398272 28
297646245827194880 83
297646321337262080 1
297657000031043586 28
297658119918612483 83
297658933575835648 79
297659726320246784 79
297661827653971968 44
297666676277800961 17
297667594851319808 13
297668647588069376 51
297669524193431552 5
297670052705079296 5
297670220477251584 79
297671118045716480 5
297673412338405376 79
297674112782962688 79
297678667792924672 85
297679221462024192 5
297682430066835456 17
297683491259297793 79
297683830976942081 51
297685278011826176 44
297685902975713280 51
297687748456882176 28
297688398599163906 32
297691712061595648 7
297692362212245504 88
297693951849271298 5
297694132208562177 28
297694144783069185 28
297696631988568064 88
297697286320959488 79
297697391174356992 61
297698045485805568 85
297698280375218176 7
297698452320681984 14
297700998263226368 28
297701522555432960 17
297706270503342080 79
297708304757583872 79
297709730816724992 5
297710775211012096 79
297710812938764288 5
297711265927794689 10
297715003044265984 5
297715032404406272 5
297716571739148288 79
297717821637533696 5
297717871973384193 5
297718182326726656 5
297718773711007744 5
297721810395467777 85
297725195194613760 79
297725748872105984 5
297725937582231553 5
297726243778998273 5
297726998753734657 85
297727955071795201 5
297728571626110977 5
297728626131083264 5
297728668095107072 5
297728869438484480 85
297728974266699776 5
297729645384708096 83
297730639417970689 83
297731994190757890 5
297732187103563776 5
297734636577124354 79
297736322712498176 79
297737283208114177 5
297738717634887681 79
297738918978256896 51
297739309040164864 79
297740038861627392 79
297740856755097602 5
297741129359691776 5
297741179682975745 28
297741435573268480 5
297742496732160000 79
297743272661630976 5
297744300245143554 14
297745470476910592 84
297746896548683776 79
297746930107297793 5
297746988823351296 7
297747836076953603 85
297748528111951874 28
297748687491305472 85
297750080012824576 5
297750923051139072 5
297751048888676353 83
297751178933055488 5
297753049584254976 5
297753351578329091 51
297753842307715072 5
297754446279110656 28
297756719604453377 8
297762960712015873 7
297764105752813568 79
297764961386643457 83
297766869828501504 79
297767389897060352 85
297768027456434177 10
297768870490562561 79
297771689054457857 28
297772670542573568 7
297772951560925184 17
297774381806002176 79
297774520234819584 28
297774532809347072 79
297775707231232000 79
297775820443893760 79
297778328654446593 28
297783080809287680 10
297783462478372864 79
297786230714810368 79
297788793438752768 85
297790475354664960 83
297792446660747264 83
297795550458286081 28
297795978277289985 14
297798855586627584 83
297806975759183872 2
297811237146861568 1
297811266519592960 1
297811887293333504 83
297812013126647808 85
297812474483331073 51
297812583526846465 4
297813170737790978 1
297813359468896256 83
297813867009032193 28
297814554845511681 85
297817952256937984 28
297817960632954881 7
297819055358894081 79
297819432850440192 79
297820544341004288 42
297821509026725888 85
297822985392386048 83
297824163995987968 25
297826290520694784 1
297828270248980480 85
297834108720123904 87
297834234511491072 61
297835887084064768 79
297837925511622657 83
297839817155289088 79
297840467276619776 79
297843227137028096 28
297847136219975680 85
297849707336724480 7
297853213745508355 2
297853868069502977 87
297854442693337090 79
297854975344791553 83
297856514683707392 51
297856732762353665 87
297859048022364160 85
297871190528249856 10
297872738259959808 79
297873803579629569 85
297875108012384256 83
297876370506280961 79
297878845162401792 83
297879063262023680 8
297881877610639363 11
297883089764491264 85
297885623124111360 85
297887376359960577 84
297887896445263872 79
297897014878941186 31
297897098752425984 14
297897211990274048 14
297901406319435776 28
297903314710966272 79
297905567056404480 85
297908045894275072 14
297909132198019075 0
297917566964334594 83
297919727018336256 17
297924772766040064 7
297925091545739264 7
297926546965032960 85
297928916738400256 79
297939373134057472 79
297942711821008896 85
297945668805349378 28
297947459785736192 85
297956603360055297 44
297957194744352769 85
297966988456759297 14
297969077199196161 5
297972210373644288 32
297974513033957376 5
297974659826200577 5
297975502893887489 5
297976522101366785 79
297977914589323265 5
297978887693033473 5
297981030965596161 5
297981056123023361 5
297981291012427776 5
297982415098494976 5
297983392379707392 5
297983669195378688 5
297983937635037184 49
297984185086390272 5
297984407397097472 5
297984537420509185 5
297984826827493376 5
297985221079494656 5
297985816670650368 5
297987020444295168 5
297988303918096385 5
297989855810560000 5
297990078075121664 5
297990182966284288 5
297990409458679808 5
297990690468679680 5
297990757581721600 5
297991864857030656 5
297994872198164480 5
297994901541494784 10
297999397835395072 5
297999691424088064 5
298001897619615744 5
298002354828103680 5
298003994800959488 83
298006725271908352 83
298011112505475072 83
298011309650358272 79
298014270820589568 79
298016951014416384 79
298023884161179648 6
298034327999115264 83
298036781679509505 101
298041986777235457 7
298047045116260352 83
298047590371586048 79
298050299887751168 85
298051348488937472 4
298052267028918272 4
298055626691592192 4
298062287246352384 28
298074467475795968 83
298076292014804994 79
298077206381486080 83
298077244113420290 28
298079945232617473 4
298083015471529987 83
298084269581037569 6
298085234279317505 4
298085536252452864 85
298088589705748480 83
298090640732987392 83
298091739649032192 83
298094021316841472 84
298096336568475648 79
298096676336459777 7
298106461626695680 61
298106881069690880 83
298110169416626176 28
298111750639865857 83
298112081985679360 84
298112702751047680 7
298117194846445568 8
298118033711448065 83
298118864187826178 83
298119346541174785 28
298120013414535168 83
298123444355219456 7
298125960941817856 49
298126065832972288 83
298126275543982081 49
298127433163497473 7
298130717278343168 30
298131749093924864 49
298131900072067072 49
298132101411254272 49
298132508271341569 44
298135129719701504 51
298140192244654081 7
298141354062655489 10
298142180315369473 28
298148006232981504 17
298151298757431296 14
298153936974671874 87
298159301485264897 87
298162862440988673 83
298163235734052866 84
298163961361227777 44
298165517439614979 30
298166314374139905 79
298166528250097664 83
298171729216413696 79
298174971417612290 13
298175839613370368 79
298176309371236352 7
298176456180248576 83
298178066805555200 85
298178230362443776 7
298181904581160961 85
298186270855798784 79
298186472182394882 44
298188141494423552 83
298189244625723392 4
298192549724684288 7
298194172928749568 83
298194244219314176 83
298201080922263553 4
298202720928681985 51
298203702395809792 5
298205845676781568 87
298207582097649664 7
298210069315739648 83
298213936489181184 4
298215920382377984 85
298217023505317889 6
298217220633399296 79
298221121323560960 79
298222501262159873 79
298224350946021377 25
298226083185164289 10
298226565542715393 79
298226888487346177 61
298229119857090560 49
298233137996107776 88
298233305759903744 44
298233381290913793 7
298236774478667776 83
298243925775351810 49
298244127068413952 49
298244240339763201 49
298244420703244289 49
298244445864869888 49
298244722672144384 49
298245079204757504 49
298245158863003650 49
298245884498567168 49
298246010327674881 49
298246069056335873 49
298246165500153857 49
298246186488459264 49
298246207476756480 49
298246278754754561 49
298246509441466371 49
298246740119805952 49
298246819815763971 7
298247075676688385 49
298247461556871168 49
298247482519977984 49
298247495107096576 49
298247549624676353 49
298247801295474688 49
298247918723428352 49
298248027783692288 49
298248162005614593 49
298248619201527809 49
298248807941025795 49
298249462218907651 49
298249852310142979 49
298249852322721795 49
298250087191162881 49
298250653418024961 49
298250821173403648 49
298250829570396162 49
298251068654108672 15
298251194466439168 49
298251278373498880 49
298252188541648897 49
298252188550062081 49
298252222108672001 49
298252247253528576 49
298252905746673664 49
298253572645191680 49
298253769790091264 49
298253824324427777 49
298254017270779904 49
298254084362887169 49
298254403125780480 49
298255325885247488 49
298255493636452352 49
298256252801253376 49
298256273772793856 28
298257775342018562 49
298258802971668480 49
298259528565280768 49
298259859927883777 61
298260832981250048 5
298260879152123904 7
298260900090097665 49
298260963029827584 49
298260979786055681 49
298261336293511168 49
298261604758323200 49
298263110496710656 49
298264150684082177 49
298265966830305282 44
298266700812517376 7
298269729133563906 87
298270752539570177 44
298272686092742656 28
298273868911607808 49
298276800730128385 61
298276884612005888 61
298276960113664001 1
298277543121940483 49
298277736022147072 83
298277945775104000 7
298278897852764160 84
298278918820085761 83
298279665406193664 38
298281515119431681 83
298282093912395776 61
298282811159355392 1
298283951993257984 49
298284031697625089 83
298285331927691264 83
298286162383093760 49
298287810761330688 84
298289526231691264 49
298289551401693185 49
298291166191964160 83
298292428698419200 49
298292525146460160 79
298292625805565953 7
298293733131169792 49
298294924313501696 49
298296304210161664 49
298298653049753600 83
298300070711939072 49
298300188144062464 79
298300632752869376 49
298301538701557760 83
298303241601556480 1
298307259761565698 49
298307414917259264 49
298307477861175296 49
298308882961420288 49
298310204167176192 12
298310715868065793 49
298313874174791681 7
298316164235395073 88
298319918141698048 49
298321570705858561 49
298326515815419904 49
298327606321897472 83
298339807548035073 87
298340885479948289 83
298351614497001472 87
298354433065111552 4
298359025861537792 79
298361487917985792 1
298362024784711680 83
298362393858289665 51
298367821287682048 7
298371252236738560 79
298373353608200192 83
298374733509046272 79
298374892909379585 49
298376117625171968 32
298381461189439490 84
298381817675919361 79
298383638033227776 84
298385173119119360 84
298385424785752065 79
298387421274460160 4
298388826357895170 83
298390751547641856 84
298391787561689089 49
298391980491304961 79
298392148259258368 79
298392848716423170 84
298393175884693504 79
298393641456640000 4
298395176571899904 83
298396116062441472 79
298401723863670785 49
298402344637431808 87
298402470445588480 87
298410653541085185 83
298410695484121088 2
298411320431214595 44
298412222214967298 8
298412385771864064 79
298412675208187905 49
298412939424174080 84
298421239951806464 83
298422804422995968 49
298423181906169858 7
298423181910364160 49
298423894971404288 84
298424012399316992 84
298424050143870976 49
298427913081069568 49
298431037850148866 84
298431285305688066 31
298432883339694080 49
298434015810170880 49
298435026637451265 13
298435899035881473 84
298436452700811267 79
298437174100111360 85
298437346079154177 85
298437400600932353 79
298437417378136064 84
298439204160016384 83
298443591385239552 84
298444639969607680 30
298445659193896960 79
298446263182032896 28
298446871351947264 49
298447311758049282 79
298448721027411970 79
298449345982902272 28
298449706701430784 25
298450855932338176 83
298451199852675072 49
298454358167781376 79
298454492419063808 79
298454668554690560 83
298454869902245888 79
298454945387143170 88
298454999929864193 79
298457470358147072 49
298458476970123264 49
298459512967426048 28
298460381217710080 79
298461182312988672 79
298461333307924481 25
298461899538956288 6
298461920497917955 79
298462079906611200 79
298462155395698689 7
298462193140252674 7
298464420298903552 61
298466634920767488 79
298466962063892481 25
298467381481713665 79
298469893882400768 79
298471991017623552 31
298472116850925570 49
298472334971523072 49
298473324839837696 49
298474117567504385 28
298474348245839872 28
298475241619980289 49
298475770119086080 1
298475887563792384 28
298475900138291201 28
298476374103052289 79
298477275844853760 1
298478307664613376 4
298478525755826176 79
298478588695556096 79
298478643196342272 79
298478966170329090 79
298480983643136001 79
298481310765309953 10
298481403048382465 79
298482162229997568 1
298484397798215681 85
298486536863903744 49
298486868218085376 4
298488256545308673 1
298491704246423552 1
298492144652517380 79
298492798968156161 84
298492798976532480 84
298493121942126592 49
298494136980496384 7
298494338286108672 8
298495881806741504 28
298498385802059776 79
298500449399627776 79
298500541657513985 1
298501959344869376 79
298503309923328002 79
298505432232771584 28
298506354979659776 49
298506719854751744 28
298508296946581505 28
298508871566249984 6
298510473765203968 84
298510742217428992 84
298511623021289472 1
298512881320865795 79
298513992798834688 83
298514148000681986 85
298514269631303680 79
298514617750134784 49
298514848432680962 84
298515527926697987 51
298516278711287809 85
298516530352750592 84
298521206989127681 79
298523090235817984 83
298524239462539265 49
298525552279707648 84
298525866869284866 32
298527179682234370 83
298527624291045377 49
298530040189173761 49
298530946192396289 86
298531688584187905 83
298532808434016257 83
298532837823500289 83
298535094350663680 85
298535689916674049 88
298536222593277954 1
298536373584011264 83
298536721728016384 83
298536906273206273 83
298537988416208896 83
298538823082704896 83
298538944692379648 79
298540697924026368 49
298542472135581696 83
298543822701490176 1
298544116290187265 79
298544468590739460 83
298544485401497602 83
298544502178738177 83
298544544096595969 83
298544565059719168 25
298547257819684864 51
298549661176836096 85
298550130934697984 49
298550168670859264 0
298550277718556673 49
298550890099511296 49
298552416817799170 83
298553498931441665 84
298553985479110656 84
298556489495351296 85
298557403853627394 85
298558423044341760 79
298560411169607680 83
298562915169095680 84
298563804340572160 4
298564022469537793 7
298564521591709696 84
298564664198037504 79
298564823564828672 61
298565268182011904 85
298565725352771584 2
298566379643224064 49
298566421607247872 85
298570834023440385 4
298570955641475072 85
298572125848088576 101
298573761639227392 2
298573925187743746 49
298574428516790273 88
298574793442226176 79
298576710243332096 85
298576781512945664 84
298577028985262081 10
298582615819157505 83
298583865692389376 83
298584138317979648 14
298585199493656577 84
298585551806816256 85
298585958679474176 6
298586742993321985 49
298589880353685504 49
298592766013874177 4
298593109942599681 49
298593994970116096 10
298594120799232000 49
298594980610572288 85
298595223867621377 17
298599233626456065 79
298602807202807808 83
298605193724051456 83
298607395737833473 1
298607743898619904 6
298608528212512768 84
298609916527132672 17
298610411467571200 14
298611782984019968 79
298612449874153473 84
298612961591832576 85
298613007712399360 79
298613112603545601 84
298614232470147072 85
298616472215896065 83
298618057666998272 13
298620536525836288 79
298624579801317377 85
298625078952882177 61
298627285156786177 85
298627507446497280 83
298633194897559553 84
298633568203206657 79
298634734211325953 87
298635568877801472 6
298635694706917376 17
298641659003023361 12
298643202540462080 84
298646889333665792 49
298648223101353984 83
298653956710756353 84
298657526059261953 85
298658620768403457 85
298658880848809985 7
298660235600601088 85
298661611319750656 87
298663083512041472 6
298664211809198080 87
298664538952323072 83
298670847172956160 8
298671694439141376 83
298680980611403776 6
298685019747147777 86
298687905419902976 49
298699418788564992 85
298699842413264896 86
298703529219072000 79
298707736080814080 28
298708042260819968 84
298714954477998080 85
298719010374184960 87
298726497223598080 4
298730007830872064 4
298731723322179584 4
298732834795950080 12
298738555851784192 4
298738962686681089 83
298741949031120896 85
298742259422203904 4
298742985015840768 61
298746684408733696 84
298753193947590656 4
298754041209565186 4
298754791998377984 4
298756398387429376 49
298756629069975553 87
298757379875561472 4
298758000611586049 87
298758319391248384 84
298765894295900161 4
298765990760701953 4
298766204670185472 4
298767014196047872 14
298767190335823873 84
298767848833179648 86
298768033416093697 84
298769543357145088 1
298770466108223488 4
298771313340862464 87
298773095920058368 14
298773305643634688 83
298773486011305984 79
298774823998476288 0
298775503475728384 84
298779337069580289 4
298779760685895682 4
298780624708325376 85
298782482768216064 49
298783632036884481 4
298784068219322368 49
298784923857321985 84
298787620815794177 84
298791475385344000 4
298792721081065473 4
298792733659779072 85
298792846922743808 4
298792876245123072 4
298793413128642560 25
298794272977735681 4
298794746942484480 4
298796139430424576 4
298796558869229568 2
298797028610301952 4
298797628399943680 2
298799180321800192 4
298799398404620290 2
298800023351734272 2
298801826927628288 2
298802120499531777 4
298803391373668352 83
298804066677563392 2
298804297351716866 2
298805538878287872 38
298805736002187264 2
298805970866417665 38
298805970879008768 38
298806306435903488 84
298807954805768192 38
298807958962323456 38
298808344859267073 2
298808399376834560 79
298808688787984384 85
298808919495684096 83
298808999149715456 2
298810135822860288 2
298810194564108290 38
298810853053042688 2
298810915980189697 2
298812551754575872 38
298812782449680384 79
298813059235971072 38
298813680009740289 84
298813898134519809 38
298814141378994176 38
298814548222308352 38
298814753738981377 38
298815571653431296 38
298816091734552576 38
298816171443093504 38
298817182270386177 4
298817350029955073 38
298817450684866561 38
298818390208937985 38
298818876773371904 38
298819283604086784 38
298819531059634176 10
298819967258861569 79
298820541912059904 38
298820680307310592 84
298821670142111745 38
298821821153820672 86
298822207033991168 31
298822890697134080 86
298823272370421760 4
298823591141732353 38
298823700193607681 86
298824128012623873 84
298824404845092865 38
298824685855059969 38
298824731984023553 38
298826019635343360 86
298826866909925376 85
298827227620077568 25
298827294712156161 49
298828926304800769 86
298828934697594880 38
298829190529175554 85
298829358301323264 38
298829458981412864 84
298829614162255873 38
298829744202465281 38
298830247527317505 38
298830448853934081 38
298830524343005187 84
298830595633590272 38
298831317045489664 15
298831426101575682 2
298831719711260674 86
298831765865377792 38
298831900074704897 38
298831925219569665 38
298832134943154176 38
298832143323377666 38
298832285950685184 4
298833103818985472 83
298833149981495296 87
298833313555177472 38
298833611329781760 85
298833766539988993 38
298834781561581569 49
298835138052247552 85
298835293266657280 8
298836236997636096 38
298837633688285185 38
298837713354887169 38
298838149596073986 38
298838166343925760 2
298838304789504003 38
298838673884073985 38
298838703210655745 38
298838929740820480 38
298839332377206785 38
298839374307663872 38
298839701463375872 38
298839953142583296 83
298840548712775680 85
298841152696758273 38
298841836364103680 38
298842104791195648 4
298843027559038976 2
298843920941600768 38
298844055176110080 38
298844176815120385 38
298844327780691968 83
298844969517592576 38
298845800010743809 86
298846001312178176 84
298846122963779584 38
298846693389119488 4
298847171539775490 38
298847637082365952 2
298847741965127681 38
298849566478987264 2
298850229187379201 4
298850292097757184 86
298852364092321792 83
298852389245571072 79
298852875793219584 86
298853144237047810 86
298853307798151169 38
298855191036432385 38
298855853740670976 38
298856017297559553 79
298856021500243968 38
298856034112507904 86
298856105415700481 38
298856587727097856 38
298856755503452161 86
298857053315796994 38
298857325928804352 84
298857472746205184 83
298857984442908672 84
298858282234290177 86
298859150463610880 4
298859200791056385 4
298859506979463169 38
298859838312681473 38
298859989307650048 38
298860702339309568 84
298860891082989568 17
298860899479994369 83
298861272794025984 38
298861419594661888 38
298861578953043968 38
298861834805587968 85
298861914509946880 38
298861918691663873 84
298862262632984576 51
298862442996453378 2
298862623326347264 84
298862820479619072 38
298864519176929280 86
298864896639127552 2
298865404179267584 38
298866121409445888 10
298866578555031552 84
298867371316215808 38
298868969308295169 4
298869275500879872 10
298869397144104960 83
298869514572013569 79
298869833360109569 51
298869992718479361 84
298870160515796992 28
298870370243588097 17
298870579950387201 4
298870647034105856 2
298870684791238657 38
298871796298571777 38
298871859213123584 38
298872228295110656 4
298872526103257088 4
298872924557963264 4
298873041998454784 4
298873180423090176 4
298873373335887872 4
298873792795643904 4
298873918603792384 86
298874031845830656 4
298874119947161600 4
298874275136434177 38
298874551939518464 4
298874648412700672 2
298874732311375872 4
298874874905108480 38
298874912645468160 4
298875160138752000 84
298875172717486082 85
298875332096819200 84
298875365634494464 2
298875378229985280 4
298875839616008192 4
298875868955168768 85
298876170953428992 4
298876732973395968 4
298876745568882688 38
298877051769851904 4
298877156593917952 84
298877395673440256 4
298877651538558978 85
298877693494165504 38
298877903205199872 2
298878188417851394 4
298878725297143808 4
298878750462976001 4
298878893052526594 4
298878989529931776 4
298879048245977088 8
298879182438531072 4
298879186637049858 4
298879220225036288 4
298879337627791360 60
298879417344733185 4
298879643832942592 4
298879912285196289 4
298880105193799681 38
298880189088292864 4
298880239419932672 38
298880285553094657 4
298880323293429761 4
298880549802610688 4
298880570782527488 4
298880574968455169 38
298880713376280576 4
298880839222165505 4
298881703248797697 4
298881761943908352 4
298882206540103680 2
298882269446279169 17
298882349167435777 4
298882491748585472 4
298882655355813889 4
298882726650589184 4
298882839888404480 4
298883007652188162 38
298883754229919744 4
298884018496221184 2
298884567945838592 4
298884630860402689 2
298884966413135873 85
298885025104007169 4
298885088031174656 4
298885205484249090 4
298885582963228672 1
298885830422958080 4
298886300176613376 38
298886522470539265 4
298886757385125890 4
298887017427783680 4
298887671739215872 4
298888078590898176 38
298888107938435072 4
298888351203880962 38
298889429140000769 4
298890519654830081 4
298890578383482880 4
298890746172432384 4
298891308188180480 4
298891790524772354 4
298891819880677376 84
298892138664587264 4
298892197372260352 38
298892235129356288 4
298892440662835201 38
298892956570644480 4
298893120119132160 86
298893124334407680 4
298893224980914176 4
298893313078087681 4
298893879300726784 86
298894026118135808 38
298894055465689089 38
298894084821639168 4
298894097387778050 4
298894831416115201 86
298895846437711872 38
298896429416591361 4
298896538485272576 4
298899537395847169 86
298900766343704576 4
298900913148538880 101
298901206758203392 4
298901269676969985 87
298901311594835968 4
298901332566343680 4
298901500334309376 38
298901680701980672 84
298902314058657792 83
298902448272199680 4
298903106765348864 4
298903224201670656 4
298903350026567683 4
298903513629597697 4
298903580721696769 86
298903840764358656 4
298904339899113473 2
298904616702185473 4
298904822252457985 4
298904893526245378 85
298905371689504769 86
298905396859527169 4
298905472344420352 4
298905782718713856 4
298905837257256960 79
298906013405437952 4
298906860659015681 4
298906961343283203 4
298907481416036352 4
298907535967145984 2
298907686928535552 4
298908009906712576 86
298908131541528576 38
298908366422560768 4
298908580336246784 4
298908936831127554 38
298909280772435969 85
298909511471726593 38
298910627148226561 4
298911214350786560 38
298911608602759168 86
298912313271017472 4
298912392954400769 38
298912866931720192 4
