314766857880092672 36
314767025664831488 43
314779726000558080 48
314784037757648896 6
314784113250942976 48
314784767558164480 10
314794573853499393 43
314799787381772288 43
314808134038327296 53
314808649946132480 43
314811535610499072 16
314813238493736960 48
314813406249119745 6
314818242310987776 32
314819383136505856 50
314823204164227072 27
314825511010447360 36
314825544577470465 53
314828262478082048 70
314831005565456384 48
314837183762677761 17
314846398669524992 63
314847719866920961 16
314848911053434880 1
314848965579382785 0
314850546811035648 13
314853881320443905 27
314855890383687681 24
314856653738631168 16
314857400337326080 70
314858474074931201 1
314861011612073984 16
314863192645959680 28
314864140588048386 53
314865159791341569 9
314868481684283392 0
314869668651347968 0
314871258288386049 53
314880494175154176 70
314881882468794370 13
314883295940849664 28
314887179870539776 43
314893471347527680 7
314899465012121600 36
314900794593906688 23
314904967918006273 28
314905525747855360 70
314913100690231297 43
314915436888219648 0
314916867150073856 31
314925163479199744 53
314934491632238593 48
314937897407094785 53
314946025972441088 43
314952720090005506 22
314953428902227968 22
314955744174804992 24
314959758119550976 16
314962123707002880 48
314967400145645568 24
314968188653821952 48
314971091145723904 1
314977768439959552 43
314978527625748480 50
314980251505659906 50
314984114430304256 43
314986190602379264 13
314986610066329600 50
314989885784199169 1
314993736193040386 16
314996944802025472 48
315000170230210560 31
315002644886343680 32
315007841612214272 70
315012522472243201 10
315019665350991872 36
315020286128971777 28
315029131911888896 47
315033296830607361 47
315034416743325697 47
315035347866238976 47
315035662439022593 47
315035922469122048 47
315037319197515776 47
315037545681526784 47
315037721825533952 47
315037734433599488 47
315037973504729088 47
315038069956956160 47
315038141272698881 47
315038409703960576 47
315038409716535297 47
315038447473676288 47
315038678156201984 47
315039525372047360 47
315039735099846656 47
315039814816780288 47
315040490095517697 47
315040594936332288 47
315040850788876288 47
315041031164944384 47
315041089847427072 47
315041433813938176 24
315041563816386561 47
315041647702450176 47
315042234913406976 47
315042310427664384 47
315042385891557376 47
315042574643630081 47
315042624971083776 47
315042692096741376 47
315042763387322368 47
315042859881488384 47
315043124097462273 47
315043388330242048 47
315043505791717377 47
315043560317652992 47
315043799367839744 47
315044353045303296 47
315044403364388864 47
315044525015961601 47
315044625662484480 47
315044936057753600 47
315045028303077376 47
315045091226030080 47
315045410005725184 47
315045535830650880 47
315045762323083264 47
315046190142074881 47
315046236266831872 47
315046274032357376 47
315046362121117697 47
315046966071549953 24
315047226143547393 47
315047381324419072 47
315047872066379776 47
315047914009415680 47
315048505410465792 47
315048606052794368 47
315049180659867648 47
315049826620416000 47
315050032111964160 47
315050044686491649 47
315050090828013571 47
315050283791183872 47
315050598368149505 24
315050929705598976 47
315051227509579776 47
315051294601658368 47
315051302998659072 47
315051407856263168 47
315051684667723776 47
315051802133417984 47
315052024427339776 47
315052695503384576 47
315052854907920384 47
315053014262108160 47
315053018456403968 47
315053064610525184 47
315053135905312769 47
315053240754511873 47
315053299478978561 47
315053337215119360 47
315054188679811072 47
315054490673897472 47
315054671033151488 47
315054851396603904 5
315055358869659648 47
315055874802585600 47
315057623798009856 47
315057875460435968 47
315058185868288000 47
315058416538230784 47
315058789822902272 47
315059343487807490 47
315059347686313984 47
315060136207069184 47
315060161360302082 47
315060589196111872 47
315060870222839809 47
315061318996598784 47
315061650350813184 47
315062208168095744 47
315062220755177472 47
315062585663844352 47
315062967349682176 47
315063210636095488 47
315063462264975360 47
315063512613400576 47
315064045298388992 47
315064468914728961 47
315064586372009984 47
315064909329215489 47
315065140007546880 47
315066104689078272 47
315066301808783360 47
315066452824690688 47
315066817708163072 47
315066884825432064 47
315067006451859456 47
315067073577508865 48
315067493028868096 47
315067543331164160 47
315067753050558464 47
315068185084841985 47
315068856144130048 47
315068973597212672 47
315069258814087168 47
315069707604606977 47
315069825049321473 47
315069871178276865 13
315071070736621568 47
315071263703986176 47
315071880254062594 47
315072396166053888 47
315072425530388481 47
315072576512724993 47
315072803000942592 47
315073105007616003 41
315073138541088770 48
315073163719495680 1
315074170323079169 47
315074191319760897 47
315074593956184064 47
315074656891703296 47
315074665288724481 47
315074791084285952 47
315074841411723264 47
315076527534514176 47
315076795961597952 47
315076963763113984 47
315076976316645376 47
315077207011762177 47
315077668372631554 47
315077781635600384 47
315077819388542977 47
315077974581972995 47
315078012305547264 47
315078146531684352 47
315078389818064897 47
315078419178192897 47
315078691820535809 47
315079128028160000 16
315079140611084289 47
315079316734095360 47
315079383863930880 47
315079383872331777 47
315079555813634048 47
315079631344635905 47
315079723581591553 43
315080101089927168 47
315080163983511552 47
315080247894757376 47
315080700879581186 47
315080809944064000 47
315081028035305472 47
315081107718696960 47
315081162244632576 47
315081199989182464 47
315082013696737282 47
315082554757771264 47
315082886111981569 47
315082898699075585 47
315084018557280257 47
315084354097397760 47
315085583028477953 47
315086090547650561 25
315086585479720960 47
315086853910982656 47
315086908432736256 3
315087072006397952 45
315087147520651268 47
315087592121065472 47
315087810212282368 47
315088418403135488 47
315088636498554880 47
315089584407056385 47
315089768952246273 47
315089911583748096 47
315089970299797504 70
315090045780500480 47
315090301637238784 47
315090742051753986 47
315090804970487808 47
315090863657189378 47
315091014673125376 47
315091165659664384 47
315091404730814464 51
315091757060734977 47
315092000338751490 47
315092298134323200 47
315092335874686976 47
315092386185351169 32
315092524609986561 47
315092637860372480 47
315092675630084096 32
315093682254655488 47
315093736772235264 47
315093904552775680 47
315094923764445186 47
315094944740155392 47
315095179621195776 47
315095267697389568 47
315095347389153280 47
315095548724146176 47
315095603229097985 47
315095934566551553 47
315096232366313472 47
315096257544744960 47
315096874099015681 47
315097301918035969 47
315097541001768960 47
315097650053648384 47
315097733943947264 47
315098153357541376 47
315099113878331392 47
315099151622868993 47
315100326019600386 13
315100640579829760 47
315100753859575809 47
315101672382803968 47
315102322495733760 47
315102850994798592 47
315103010386751489 47
315103270416834561 47
315103794704838656 47
315103886996287489 47
315103945716551681 47
315104243516334080 47
315104465797672960 47
315104482562306049 47
315104755208826881 47
315104767774978048 47
315104960729731073 47
315105518559563777 47
315105677934747648 47
315106319671640064 47
315106990781259776 47
315107003334791168 47
315107234021511168 47
315107536049143810 47
315108890788380672 47
315109079527849985 47
315109264094031874 47
315109872255520768 47
315110241350066176 47
315110878871707648 47
315111772266827776 45
315111868765175809 13
315113454212096000 47
315113865245507584 47
315113953300738050 47
315114628583653376 47
315114674750386178 47
315114787963023360 47
315115526164725760 27
315115735900901377 21
315115773624471552 21
315116780274196480 47
315117061300948992 47
315117665284927490 0
315118042755522562 43
315118365737893888 47
315118625755394048 47
315118739026747392 21
315118915187527680 21
315118986473926656 47
315119259120439297 21
315119766614454273 21
315120286733332481 47
315120609665372160 47
315120840360488960 47
315121394021187585 21
315121578557992960 47
315121758896267264 47
315121872167649280 47
315122140582137858 47
315122258035216384 21
315122291581280259 47
315122820080357376 21
315122987865100288 47
315123239498178560 21
315123398881705985 47
315123428262817792 47
315123533091057665 47
315123566679031808 21
315123776360689665 21
315123788956176384 21
315124657172914176 21
315124871082418176 47
315124971733123074 47
315124992742420482 21
315125294711316480 21
315125403784212480 47
315125772870369281 47
315125793820905474 47
315125806412226560 47
315125986763083777 21
315126171320868865 47
315126687232847873 28
315126951444619268 21
315127215698358272 21
315127463166476288 21
315128536891527170 47
315128872444239872 21
315128943764193281 47
315129124106682368 47
315129279295942656 47
315129308677042176 21
315129862320963587 21
315129925227122689 21
315130072023568385 47
315130164294086656 47
315130231415508993 21
315130357240451072 21
315130499850973185 44
315131091247833088 7
315131137368408064 21
315131233854177281 47
315131389047615489 47
315132336968724480 21
315133033223176192 47
315133477798440961 47
315133725249765376 47
315133737866260481 47
315134782243745792 47
315135000334958592 21
315135822418554880 21
315135868555902976 47
315136023753523202 21
315136166364065793 47
315136183107739648 47
315136346706546688 21
315137156219822080 21
315137240072327168 4
315137382712238080 47
315137944723800064 21
315138288665112578 47
315138359968284672 21
315138473218670592 47
315138838135721985 47
315138880066179074 21
315138896835014657 21
315139085566083072 16
315139505025847297 47
315140138365747202 21
315140205445267458 47
315140423553269760 21
315141090451795968 25
315141132394823680 21
315141241476104192 3
315141577020424192 21
315141585379655680 47
315141740598272000 21
315142822728712192 10
315143166623899648 47
315143296672464897 21
315143518970597376 21
315143527338221568 10
315143929999806465 47
315143942607884289 47
315144768864788480 47
315144978567409665 47
315144986968588288 47
315145196671213568 21
315145305723125761 21
315145532219723776 47
315146186547949568 47
315146647925579776 47
315146698240454656 43
315146803123208192 47
315147109273858048 47
315147168023453697 47
315147243516751872 21
315147587449663489 21
315147830710915072 47
315148434694864896 21
315149466468487168 47
315149634244849664 47
315149818815184896 43
315149885932441601 47
315150028509429760 16
315151999836491778 47
315152075338178563 70
315152406709166082 47
315152448635424768 47
315152503161356290 21
315153207804428288 53
315154264790024192 21
315154671608147969 13
315155074282303488 47
315155183330025472 36
315155363697659904 21
315155401429630976 47
315155585983201280 43
315155783102898177 47
315155866993164288 47
315156324184895488 47
315157335016357888 47
315157435654483968 47
315157825724768256 21
315158131929907201 21
315159235031867392 47
315160099066896384 43
315161239900790784 24
315161848079081472 47
315162288472588288 47
315162330398871554 21
315162456227987456 47
315163035067092992 21
315163915870945280 47
315164280771182593 47
315164347875880961 47
315164796670595073 47
315167069970767872 47
315167397122297857 47
315167560700162048 47
315168126960533504 21
315168810619506688 53
315169464922562562 47
315169737577492480 21
315170207339528192 47
315170282828599297 21
315170295382171648 43
315170618347753472 47
315170995860291584 47
315171151045328896 21
315171436241244161 21
315172610650562561 21
315173214626140160 47
315173600506306561 21
315173910884798464 21
315175362118160385 21
315175458582982658 47
315176255513321473 47
315176498787147776 21
315176553321488385 32
315176750416031745 47
315177522205716480 47
315178960814223360 47
315181095719149568 21
315181531956117504 43
315181682917523456 47
315182593110851584 47
315182819582296065 47
315184002405376000 36
315184052703477760 70
315184698622087168 47
315185831100952576 47
315185990488694784 47
315186250543939584 47
315186837746491392 10
315186862903930880 47
315189576631201792 21
315190298051481604 47
315191371797508096 47
315191547937296385 47
315193250841513984 36
315194538463469568 21
315194626539659264 47
315195054396436480 24
315195243127517184 13
315195817742987264 10
315196719522512896 47
315196841140555776 47
315197168317263872 53
315197466087677952 47
315197487080173568 47
315197587722493952 70
315198946681176065 47
315200301445545984 47
315200582455537664 21
315200817344958464 47
315204361527652352 47
315205158474768384 36
315205749854834688 47
315207314309271552 21
315207733739655169 47
315208627159977987 47
315208648123101184 50
315209906422706176 47
315210120332206080 47
315212251021844480 16
315214444638638080 47
315214872445083648 47
315215036043894785 13
315217263210942464 47
315217540043378689 47
315217640698281984 63
315219817537871872 47
315220354417172480 47
315220589285609472 21
315220689953124352 47
315221478490656768 47
315221751141396480 47
315221839184011265 47
315223521104101376 47
315228722041061377 43
315231628718919681 47
315231926489325569 48
315232446587228163 21
315232727597195265 47
315233163838377984 4
315235030278492163 53
315235328082448384 47
315235672011190275 47
315235797844516864 13
315237337166643200 47
315237370729492481 47
315237790147305472 47
315237903372529665 21
315238431871606784 47
315239379771723776 47
315239945994387457 36
315241145582096385 47
315243364377313280 47
315243930620948480 47
315244584923979777 21
315244765283229697 21
315245029507620865 31
315247252509687808 39
315248573711261696 70
315248858902953984 21
315249051840942080 47
315249689400320002 47
315250054283792384 50
315250733752676355 47
315251488752562177 47
315252684116590592 21
315252931580551168 47
315253791412846593 48
315254105973067776 24
315255360074170368 47
315258472268701696 47
315260166763315201 47
315262863709184000 21
315263396348051456 1
315263878726553600 47
315264998605746176 21
315266344956354560 3
315266365936238592 47
315266919601168384 47
315270400860880896 13
315271491375755264 0
315273244599009281 47
315273957618089985 47
315274435756179457 47
315275018785398785 50
315275559846440962 22
315280349737390082 47
315280634937495553 21
315280915985223681 63
315281071145099265 47
315282224616464388 21
315283889750949889 21
315284359504605186 47
315291124925337601 47
315295856096071681 10
315296153895854082 21
315299463184916480 47
315303502316441601 15
315304391479525376 47
315304789934215168 47
315306211807481857 47
315307709203353600 10
315308434788610048 21
315313946104053761 47
315314927566995456 27
315318199149268992 47
315321974006087680 32
315322326336016384 47
315324217971318786 15
315334267511115776 47
315335160910454784 15
315335869764599808 3
315338348594098179 22
315342983279046656 47
315344644231798784 53
315344874910130176 16
315351950709374976 47
315352403690012672 47
315353246753488897 47
315356442808954880 47
315356493123821569 47
315359219450798080 47
315359508845166592 8
315363476669349889 13
315364525220171776 21
315369654858170368 47
315371252913160193 47
315374033711546368 47
315377565328093184 21
315381235335704576 47
315381344400195585 47
315382686560681984 47
315382820786814976 47
315386847297667072 27
315387677790842880 47
315392975213584385 21
315393226846662656 13
315393507865026560 32
315393927316402177 21
315394183152148480 47
315394640339685377 47
315396519396249601 16
315398562013929472 21
315400042615824384 21
315400046772371456 21
315400197775704064 21
315400516572168192 21
315401867112886275 21
315404325000208384 16
315404719239622656 47
315405482598748161 47
315407470707228673 21
315408536064638976 47
315409597219348480 47
315410612257705984 47
315414387114512386 3
315414517125349376 13
315414584259379200 13
315417109226205184 16
315417851622223872 47
315418904400912384 21
315418908570050560 13
315419168616878080 47
315423153193111552 47
315423593607614464 21
315425703338328064 47
315427045540757505 0
315427636912459776 42
315428781965836289 47
315429528539389952 47
315430380012445697 47
315430732317224960 47
315431671862263809 21
315433206939787265 47
315433693500043264 43
315434750443651072 21
315437464187719682 53
315439380963680256 27
315441524278173698 21
315444565123411968 47
315446158971510784 47
315448637817765888 21
315449069818499072 47
315449610879516672 31
315450621723541504 50
315450776896016384 43
315451720618622980 47
315451917759287296 43
315453654188584962 21
315455587762712577 21
315455642271879168 21
315456279810306048 21
315458242740363264 47
315458494423769088 21
315458553127260160 21
315458750255337472 21
315461732434837504 21
315462822937124866 47
315463070413635584 50
315463754076798976 1
315463791838105600 47
315466543272169472 5
315467617039163394 47
315468783055671296 47
315469156344541185 21
315469361865449473 45
315470829867630593 21
315471555473846273 8
315472176247615488 47
315472952202248194 21
315473023476056064 47
315476945162891264 3
315477049999503362 47
315479201690042368 21
315479298179989505 3
315479512085299200 47
315481475006992386 8
315486982111371266 24
315490996064514048 21
315491075789824000 36
315491931415277568 43
315492673794494465 50
315493248405741568 31
315493521052291074 43
315493596553957376 21
315494397653446656 47
315494548635795456 47
315495932768702464 11
315500710101938176 21
315503432201031680 21
315505839710539776 21
315507211264737282 21
315509484581695489 13
315513028756004864 21
315513540448493571 47
315514500969271297 47
315514689717153792 10
315518967903051777 16
315523120259796993 47
315525682966962177 47
315527130010247168 0
315527952077029376 47
315529768206491651 21
315530242196393984 70
315531978625646592 36
315537825485422592 21
315542586012090370 21
315543412298350592 21
315543731061272576 21
315543835906289665 21
315544716739497984 50
315547283640950784 47
315549343044235264 31
315551528259833856 21
315553667371630592 21
315553692524883968 21
315554103579250689 21
315556313981657090 21
315556808884363264 21
315557698097790976 21
315558134288642048 47
315559052870578176 43
315559459713855488 50
315561376502382592 21
315562060161372160 25
315564723565379584 36
315565340107079681 47
315566007026593792 21
315567642788380675 45
315571249873031168 47
315576459207000065 21
315576924766343168 1
315577050603868162 82
315577516175785984 50
315579693006999552 16
315580460589785088 1
315581060387835904 21
315582423507283968 47
315582805197332480 21
315583115592613890 50
315585107866050561 25
315585971905261568 25
315586739437719554 21
315587737686253569 25
315589058900418560 24
315589151166705665 25
315589595758743552 47
315590631768592384 47
315592175259906048 47
315593819431243776 21
315594335360016386 25
315603692827066368 25
315605949387776000 47
315610001085444097 50
315617026540437505 36
315618163163271168 25
315618960110395392 25
315619329179799553 25
315620054794371072 47
315621552165101571 16
315621552190259200 16
315621560570490880 43
315623305384189952 25
315623473173102593 25
315623846449410048 25
315625058632609792 47
315629311635890176 25
315635271750258688 50
315640099406766080 22
315651092660760577 11
315657023419215875 43
315657602228969472 32
315658638226235393 10
315660877971988480 13
315661863616667648 3
315664917082550272 25
315665269429256192 54
315666414461665281 25
315667257520967680 3
315669358842109953 4
315670428414799873 21
315671095300726784 27
315671246299869184 11
315674463339429890 21
315675805495730176 8
315679056102309888 28
315683065827561472 50
315683741110530048 21
315684261220982785 22
315699662688493568 24
315699964682567681 47
315703177540403200 50
315713608778653696 50
315716427355144192 47
315717018718457858 48
315718704853827584 10
315719266861187072 47
315719581438197761 47
315722307765157889 21
315727101842046979 50
315732042727976960 47
315732483134083072 47
315735083594158080 70
315735142339592194 70
315735792444125184 11
315735796646817792 70
315742230675607553 48
315742318768553984 47
315746890555736064 47
315748236948279297 11
315750950646185985 11
315751428801048576 47
315752724836798464 11
315752750002601984 11
315752938758864896 50
315757514723581953 11
315758756258533376 11
315762736636243968 3
315763244168003585 8
315763906851250176 51
315764255003652096 21
315767920787587072 11
315768558326005761 4
315770617754443776 25
315778691798028288 16
315781464232980480 11
315781837509255170 11
315783074824716290 21
315784937087328256 50
315787604656287744 11
315787868897431553 11
315791207601168384 11
315793103388815360 21
315793313141760000 63
315797503234670592 13
315799101247733760 47
315799445197434880 11
315805946356043778 11
315807179481432064 47
315807275971395585 11
315807405969649664 11
315807674400911362 11
315807842189836288 11
315808093869068288 21
315808223863111680 47
315812074234200066 11
315813022151102464 36
315816339845570560 43
315818579624882177 11
315818768364347392 21
315819565252755456 11
315819707892629505 11
315824892052393984 11
315825529578221568 11
315825558938345472 21
315827354087862273 11
315827517690875905 39
315828348146286592 47
315829614826123265 70
315830394954067970 48
315834861908807680 21
315835486834925569 11
315837416218951681 11
315838020202950656 27
315838171189489665 21
315843812549337089 11
315849281913364480 11
315851530068709377 21
315852394103705600 47
315853023240912896 47
315853224542343169 11
315855330091356160 11
315859931247042561 11
315860329693327361 11
315860472299671552 21
315861474742509568 11
315862422663598080 47
315869511049940992 50
315874229629378560 11
315875924149145601 11
315876125463175168 6
315876138033504257 21
315879124394725377 27
315879464129155072 11
315879489303359488 11
315879963238735872 54
315882207195582465 50
315884652470607872 50
315885591994707969 4
315889744359854080 11
315890604217352192 11
315892059632443393 11
315892453901230081 53
315892948824887296 11
315897495433646080 47
315898938278420481 4
315901207401086978 11
315902029476294656 11
315903988203679745 36
315904403469123584 50
315906676756717568 47
315907826000203777 11
315908006376271873 45
315908211905531905 25
315908731999248384 50
315909440824033280 21
315910682338021377 11
315912158737203200 21
315914935366471680 50
315915887469293568 6
315916516610691073 24
315917103821639680 50
315918836069195776 25
315919087719026688 11
315919909811019776 11
315921134543577089 13
315922174714183680 11
315923277824532481 11
315925144273035264 21
315926343864946688 25
315927044305342465 25
315927245627740161 25
315927367287709696 25
315928516501831680 25
315930907250946050 47
315931171525623808 25
315938188558471169 13
315939828543926272 21
315941657268862976 47
315949387350175744 13
315950066831601664 4
315951195132948480 27
315954294698409984 45
315955712373170177 43
315960804283396097 43
315961655693553664 47
315962414866784256 50
315962427449683968 70
315963794784403456 53
315964793041350658 43
315968777642725377 47
315969482277412865 8
315970430185910273 36
315971558453686272 13
315972175024750592 22
315973013877170176 13
315973060022915072 25
315977002647691266 21
315977032028794882 47
315977212400660480 13
315978206429732864 27
315980790108413953 25
315981939381252096 16
315982509806583808 45
315986544701882369 1
315990743191789569 1
316014919164235780 50
316016651407618049 22
316024519947059203 48
316030375195455488 22
316035668402909185 1
316055427781636096 25
316057856279449600 36
316059227808493569 47
316063266898071553 47
316066119037358080 27
316067016622608384 48
316069583557652480 25
316070963466883072 47
316071936553795584 16
316076822922141696 50
316076890005856256 25
316078282527346688 50
316082279678087168 1
316086121664761856 47
316090093699993600 50
316093545582825472 47
316097907667378179 16
316101820944625665 16
316102106169896960 16
316102282330664960 13
316114034791428096 43
316118052930478080 16
316120997302525952 21
316135790621118464 25
316145961820905472 21
316156749545607168 36
316158880277200896 21
316160268570877952 7
316163003252891648 45
316163775042551808 36
316165310145245185 13
316171261871022081 21
316171777774608384 25
316171857445388288 16
316179184915460097 50
316183337276416002 3
316186378146820096 50
316187732873469952 43
316190018785931264 43
316191772021772288 13
316192929628708865 10
316193659437596672 28
316197451096784898 22
316200764605333504 53
316202610090708992 25
316203520246296576 25
316203948077891584 25
316205760025612288 10
316207311892905985 24
316208452756189186 13
316211371995959297 43
316212303135649793 63
316212441514127362 27
316212923896823808 43
316218481332846593 44
316220482011668480 25
316223485129142272 53
316223652926464000 25
316225225773703168 27
316230208585871361 41
316233186571063296 63
316233727640489985 27
316239926817607683 13
316242812486184961 25
316243210953424896 25
316243596833591296 25
316245400384331776 25
316245652013187072 25
316245681390116864 25
316245685596979200 25
316246021132931072 25
316246683816173568 25
316246683845550080 25
316247610761547777 25
316247686259040257 13
316248562872770561 25
316248583844290560 16
316248625791500288 25
316249301070249984 50
316249779216728064 25
316250349667225600 21
316250794242478081 25
316251511485251584 25
316252283207835650 25
316252937536036864 48
316254678172196864 25
316255059862241280 25
316255231841275905 25
316255697375490048 25
316255961620819969 25
316256058094018560 25
316256548823384064 25
316257211552776192 63
316257509344153601 25
316257916158111744 25
316258188796235776 45
316258633421844480 25
316258780209897473 25
316258788577517568 25
316259111559897088 25
316259241574924288 25
316259782627577856 25
316260038501093376 48
316260252402216960 25
316260323717959680 25
316260801839263747 25
316262689305411584 25
316264065020338178 25
316265440743673856 50
316266778751807489 25
316267420463538178 25
316267726647726080 43
316267915378827264 25
316268875899609089 25
316269282742923267 25
316269303693463552 25
316269437940539393 25
316269446303989760 16
316269718967287808 25
316269840597909504 25
316270033506553858 25
316270960460316672 25
316271040139497472 25
316272424276598785 25
316272642359427072 25
316272910803279872 25
316273607070326784 48
316274907300392960 21
316274928280301570 25
316274945061683200 54
316275649700577280 25
316277465817427969 25
316277654577885185 25
316278149509963777 25
316279357469491202 25
316279395197259777 25
316282410918633472 25
316286072546013186 48
316288186454249473 25
316290161971453952 25
316292485615869953 25
316295354524004352 25
316298357649833984 36
316299196527431680 25
316299477533208576 25
316300823888027648 25
316301742461550592 25
316302606484004864 6
316302849766199296 7
316309367723016192 63
316309652935700480 25
316310051369402368 25
316310684709298177 22
316310948950450176 50
316311515185684481 25
316311922028982272 25
316317261390557185 16
316317286564761601 25
316318121201905664 25
316321875108192257 70
316322634281394176 25
316327898153877504 25
316328929952681984 25
316329852678586368 25
316330645393653761 25
316332008567627776 25
316334441234591745 25
316336106385854464 36
316337645712195585 24
316337784120033280 25
316339788993163264 50
316341449933328385 25
316344205603655680 43
316344838947737600 25
316350111166906368 7
316351222644867072 31
316353311441842177 9
316355022709481473 13
316358839505149952 32
316359170876125184 32
316359862915325952 32
316360026505760768 4
316364208243617792 48
316373855142817792 32
316375708991639552 36
316375973262147584 25
316382537318535170 45
316385083282034688 25
316390795903111169 4
316391504757264384 70
316391534121598976 25
316393056666546178 48
316393379594383361 25
316393937449394178 31
316397339029954560 51
316405417276239872 13
316406566523924480 25
316407468299255809 25
316408655249547264 13
316410538492051457 13
316414971904933888 48
316416020464140288 3
316417366818947073 25
316419094909952000 25
316421871530811392 27
316422395810426880 25
316426107786260480 25
316430172041650177 16
316430847337185280 13
316432881578811392 25
316435666592489472 25
316437554041860096 0
316442348101988352 16
316448803144224768 25
316449260323360768 50
316450208240267264 3
316452569625030656 25
316454784221712384 25
316455811834601473 16
316462728229310464 51
316468998709592064 25
316472605815230464 25
316475374047481856 25
316477806756376576 50
316478851142266880 13
316486090494205953 16
316486392509259776 25
316499948499763200 7
316501051597524992 69
316502028866158593 36
316508093846523904 25
316512510431870976 24
316515593249488896 36
316516155269472256 36
316516213998108674 36
316523931534229505 48
316524149642260480 27
316525626037252096 27
316525797982756865 50
316528977286160384 25
316529442845495296 25
316529937781768192 36
316531250569572354 27
316532651458711553 43
316536216633888770 50
316538074710540288 36
316538821284093953 25
316541241401700353 43
316541253976215552 43
316541941854662657 25
316543187575529472 16
316545590903308288 16
316545670590894080 48
316547297980858368 36
316550775054688256 53
316553530724999168 13
316553698501353473 39
316555632062910464 39
316557699867353089 25
316557741818789889 39
316558144450985985 48
316565434172338176 27
316566575010426880 39
316568932226052097 25
316576825897791489 13
316578306461929473 48
316579736732184576 25
316580076466618368 16
316580831441330176 25
316583415140982784 65
316584933462265856 48
316586586047393794 50
316586686710693889 16
316587303248220162 4
316594613920092161 25
316595616354557953 39
316599621914857472 1
316599747752382465 53
316600095883796480 36
316601308037644288 50
316608132161884160 50
316608421568847872 25
316610925559963648 39
316611089171374080 25
316611252745027584 48
316611273720750080 25
316612532016132097 36
316615694496194560 43
316616025833619456 48
316619066708217856 9
316619964310237185 16
316620664750628864 3
316624410251509760 25
316630571692478464 4
316638205313163264 6
316638306005835776 25
316643485967060993 36
316646749123002368 13
316650226217803776 24
316653359358697472 50
316655682977923073 25
316656064697356288 24
316657394258165760 13
316658933563539456 43
316659537547522048 13
316661638902210560 50
316663949972103168 25
316664998548103168 25
316673743655149570 22
316675144582049793 22
316675408806424577 22
316676344123633664 36
316682597864456193 50
316682669142441985 0
316686473401364481 50
316687685530042368 13
316689237435109378 13
316697839956791296 16
316702814409736192 36
316703372252176384 48
316707855950544896 32
316711261700255744 25
316715636388659201 44
316716655596167168 48
316718433972654082 48
316724968698310656 50
316728361894424576 0
316728542257889282 63
316732392607997953 48
316734552703918080 32
316734930182881281 0
316741670442004481 48
316741678801244161 48
316748100276465664 53
316748800737824768 25
316749446652239872 50
316749983514771457 48
316751392817680384 32
316756417606459392 25
316756870599675904 50
316757751386759168 0
316764978155765760 3
316769143124807682 13
316780509697040384 13
316816056415027200 16
316816735888093184 28
316825925582995456 39
316828098257641472 23
316828450562387968 23
316834674905329664 25
316835308270415872 25
316843323555983361 70
316848046346498048 13
316849539539685377 25
316852525863149568 23
316854610444824576 39
316862827069571072 13
316867604394422272 48
316871203132428289 53
316873161872379904 25
316875980427911169 13
316876274024996864 39
316881521082499072 13
316886097068171265 50
316894422799368193 48
316895421014351872 39
316900206706839553 32
316901502780325889 16
316903998374416384 48
316904791081095169 25
316914156974522368 21
316915209753202688 25
316915520110735361 25
316915658556317696 25
316917705368293376 39
316919827669348353 13
316921576719265794 70
316926358192287744 53
316928212095619072 36
316935409538048001 13
316936097370345472 44
316936223195291649 24
316939712868802560 43
316940178436550657 45
316940610475012096 43
316941394784690176 32
316943470977748992 50
316944003633397761 24
316944897049522176 50
316946805424271360 4
316947422012125184 50
316948399272386561 50
316951456936775680 4
316952580985090048 16
316953654739496960 3
316955898704711680 36
316960122356240384 22
316966875189874688 25
316967055540768772 0
316967596614369280 32
316971363095154689 13
316973984539361280 43
316977335763087360 4
316978338222706688 13
316983031657279488 50
316984256373071872 13
316984394806087681 53
316984638054727681 6
316987402130452481 6
316996415681355776 50
316996969321082880 13
316997652984233984 13
316997887869464578 13
316997896279048192 45
316998051438919680 13
317000681296916480 45
317002858123915264 22
317003663417679872 50
317008205878267905 50
317009736778280961 4
317009891971719168 53
317009959093141504 50
317013847212978176 13
317016233767739394 50
317016594469486592 24
317017307513757696 50
317017861128351744 9
317019018777202689 50
317022554579685377 13
317022864937209856 7
317026660807479297 13
317030175604871168 70
317032105014083584 13
317036785861550080 50
317037507260866560 6
317038350315962368 13
317038828483407872 36
317040158077747200 32
317041286337142784 10
317041470899122178 50
317041676403220480 51
317043077317541889 53
317044293648908289 36
317056171909459968 39
317057346335555584 13
317062287234068480 22
317064329830727682 50
317065114173988865 43
317065982411681793 24
317066154348797952 50
317067639165964288 50
317068595450482688 13
317070575149383681 43
317077512540786689 24
317079962022711296 70
317080041689346048 13
317086874239897600 70
317087482384642048 51
317091529900580864 0
317092389753872384 50
317094713364713472 50
317099377430757377 45
317103357833658369 43
317113680003227648 13
317115148034781186 13
317115273868111872 50
317115663917395968 50
317115852661075969 13
317117316489945088 53
317118239236845569 50
317122395796283392 1
317122404184903680 50
317125512134791171 70
317126422328131584 6
317126682349821952 27
317126954992144384 25
317127772898226176 50
317150422127218688 1
317151202259369984 70
317155333669810179 1
317159033016561664 24
317159150452895744 70
317161847398735872 70
317169120342843392 50
317169560715407360 50
317171561415180289 70
317175785087696897 1
317175982199029760 1
317178150662586368 1
317178813383581696 13
317179723534974977 32
317180818252517376 4
317181363507847169 1
317212195853324288 1
317213689021337601 1
317213877744050176 70
317213890331160576 70
317214871789899777 1
317217983992844288 1
317219745575342080 1
317221796606799872 1
317226435494428672 1
317226699739766784 1
317226724905586688 1
317227366642491392 1
317228415197519872 1
317243778958245888 22
317246089994571776 53
317247302140039170 50
317255392960864256 70
317256798052700160 13
317256877773840384 50
317257444004864000 43
317259348202106880 4
317261504065974273 70
317262175162990592 13
317265266348285953 25
317266902131032064 70
317269842354909185 13
317271851434905600 50
317275399782535168 16
317283272507936769 50
317284274942386177 70
317284606317568000 70
317288444105728000 13
317288624448225281 13
317292109889679361 31
317298074215120897 0
317301001835147266 13
317301375144972289 9
317301761016733696 70
317302604071837696 50
317305917551042561 45
317310443209244672 70
317317716136587264 50
317321453274013698 31
317321981752131585 31
317322229195083776 13
317324263445118976 70
317327044247707648 70
317327283360768000 70
317331309884239874 0
317331448287870978 31
317331771266048000 13
317334048768929793 70
317336800223965185 70
317337039286714368 13
317338402435502080 27
317339346149707776 70
317347550212550656 50
317347621507317761 15
317349584454180865 70
317351056642289664 70
317354730848395264 70
317357687832723456 70
317359436857487360 50
317362314179383297 70
317364310647123970 25
317367498322345985 13
317368467214970881 70
317369402523799552 13
317374054011125762 70
317377292047376387 36
317384195842387968 43
317389224808693762 50
317392764797067264 50
317399832232857600 13
317401484792844289 13
317403401577172993 70
317403971998330880 53
317406450823614464 16
317408501834076160 50
317420958921142272 22
317421797794529280 27
317430203162980352 3
317433185329876993 24
317433931928580097 25
317438558241705984 17
317441259360894977 13
317442161119490048 43
317443469763280896 50
317443608187904000 39
317445231370989568 25
317447097832054784 13
317454651786162176 0
317454895022215170 50
317456111387160577 51
317456740532776960 70
317467729609256961 32
317478269878431744 13
317493746889547776 31
317498465456369664 43
317505599963275264 10
317507957170515968 43
317509009957609472 43
317514961662390273 43
317522402378674176 43
317528987419152385 43
317529260048908288 16
317532154131271680 22
317532682584215553 3
317540014244380673 50
317540182033309696 63
317541750703022080 1
317553666687135745 13
317558460776599552 16
317579650429751298 13
317580669616271360 39
317593386746007553 25
317601544692432896 13
317606758187143168 43
317611673936596994 0
317620255470002179 45
317627536794333184 43
317636130919047170 9
317637166907944961 4
317640690119106560 43
317642959258517504 43
317643449966936065 36
317645794595446784 3
317653478572978177 24
317663221907591169 53
317663645561679872 43
317666296370167808 27
317668863280037889 1
317680200462786561 16
317683362963787778 43
317687754391683072 16
317687926391705600 16
317692829512134658 43
317693752254808066 43
317693970354405377 16
317698252747186177 43
317698630226153473 43
317706834280579072 9
317707954168152065 36
317709854200442880 53
317711766815653888 3
317712270098579457 36
317714337923997697 36
317717303292743680 50
317720683910144001 36
317723330503405568 43
317728460141363201 27
317734256669511681 16
317738534867976192 50
317740518761185281 36
317748001412096002 32
317748445983174656 16
317751184888827905 0
317751377801654272 9
317754771010367488 50
317755819557019648 1
317763239284981760 63
317772064125763584 43
317773674709131265 36
317780943454760960 13
317785901122088960 43
317790259016511488 13
317790623895789569 25
317792633000980481 9
317792851100590080 8
317793182421221376 9
317799863968464897 43
317804137964249091 48
317806264472195072 43
317811557671251970 53
317815114470412288 43
317819413615214592 9
317820353143508992 50
317825117868679168 50
317825398866075650 50
317827286319628291 50
317831140901789697 43
317843388235911168 25
317843946107723777 9
317844122243313665 9
317846160691822593 13
317851181256962049 25
317852976448430080 43
317855690129555456 53
317866872152391680 5
317870445728776192 43
317871313932935168 24
317871838229299200 43
317876506489679872 43
317890398028701696 22
317890737767342080 16
317904419574398976 50
317905170371575808 16
317907561124880384 16
317911524716978177 13
317957926306340864 53
317961764098695168 28
317971545207230466 13
317977572413693953 13
317977761169948672 13
317983331205664768 9
317990348288827392 50
317993846338383872 25
317996270646071296 13
317998879473811456 13
317999047250149377 13
318002205565280258 22
318002339803971584 13
318005863006740482 50
318019519664758785 9
318021105094897665 32
318035260900265985 25
318043821466320897 32
318058094674460672 9
318058618958274561 9
318058849640792064 9
318060393174016000 9
318063639527579649 9
318064142848241665 9
318065220780167168 9
318067213095563266 9
318067716399448064 9
318070824370323456 13
318090856395591680 27
318100830433718272 50
318107138658557952 50
318114105410060289 0
318122682749177856 13
318126981940121600 53
318131067175456768 9
318131440468520961 9
318132694557007873 9
318133772518322176 9
318147869565652992 25
318171076645502976 45
318177602995122176 13
318186075484983297 9
318208196235911168 50
318209567769100289 9
318209760719671298 9
318209773310967808 9
318210196910505985 27
318263242298363905 50
318263699460747265 50
318285992178089984 28
318309216043532288 9
318312848302407680 50
318339758956896258 9
318367445586939904 50
318380116566749184 9
318425159210004480 36
318443081445826561 10
318463763571433472 0
622571762501451776 6
622573490537897984 6
622574534932074496 6
622575646443745280 6
622576397207379968 6
622582671881973761 6
622613730690400258 6
622623436309827584 3
622623738308227072 3
622623981602865153 3
622624686245982208 3
622627043436396544 3
622628142340046849 36
622633221658841088 3
622635436251348992 3
622639362086322176 3
622640888829743104 3
622642428147675136 3
622650627986976768 3
622699089004752896 36
622722090563706881 6
622749244471013376 36
622760980120862720 6
622762330707873792 3
622773651134283776 3
622796262643871744 16
622797378320363520 3
622797441234960384 16
622802763785875458 11
622831159223943168 6
622838813828579328 3
622843385628504065 7
622864633993555968 11
622872439559692288 11
622876256397340672 24
622876352845320192 24
622876784888029184 24
622878131234451456 21
622880870123339776 36
622889481029484544 36
622892479948423168 36
622894207993298944 24
622903800379109377 36
622909362026233856 36
622917691926540288 24
622918920844906496 2
622919088612864001 0
622920166570131456 50
622920292374024192 35
622920518866309120 14
622921642944000000 16
622921676498563072 3
622922276279750656 69
622922376968278016 73
622922548909469696 73
622923081586053124 7
622923161311539200 11
622923765286985728 11
622924612532350976 11
622925359122673664 16
622926231537741824 10
622926835496529920 3
622927825373278208 16
622929322714607616 11
622929821853728768 11
622930706860085248 39
622931017213440000 3
622931495380856832 39
622932690753318912 36
622933005305298944 3
622933227603382272 10
622933558974382080 69
622933634484342784 7
622933886113218561 11
622933957424848896 11
622934318143381504 50
622935186372603906 7
622936780204036097 11
622937325438398466 69
622937606473433088 11
622937648433381376 39
622937736517824513 11
622937853933162496 11
622938571155111936 36
622938629879394304 11
622938839582011392 11
622939674248544256 11
622940211144568833 13
622940647343943681 22
622940664137912320 0
622941775615803393 63
622942186649329664 36
622942392174272512 11
622943025535168514 69
622943314942275584 3
622943394617135104 11
622944027961331712 11
622944304760094720 7
622945219126927360 7
622945781184622593 69
622947744089423872 13
622947878340702211 3
622948129994899456 50
622948603942694912 5
622949014980268032 10
622949686068932608 53
622951330240266240 82
622951481251987457 10
622951665784778752 3
622952336852254721 11
622952844388343809 69
622953175721594880 69
622953209288597504 69
622953553234132992 36
622953670645157888 24
622953926506082305 4
622954358544543744 69
622955092510134272 69
622955109312499713 69
622955600045957120 36
622955700700884992 74
622955826517528576 69
622956514416787456 39
622956518590189568 48
622956594100350976 73
622956870899236864 69
622957286168895489 11
622957500049002496 7
622957974017994752 69
622958028552187904 11
622958498305982464 36
622958569596436481 7
622961149097717764 48
622961644038176768 69
622961950209671168 48
622962986207080448 11
622964772980391936 69
622965020456914944 7
622965167236616192 14
622965444069081088 16
622968380077637632 13
622968543668240384 27
622968594012442625 22
622969067947868160 11
622969093117775872 27
622970808571277312 7
622971722942279680 73
622971735512485892 7
622971743926222848 11
622971748124893184 0
622972452751040512 10
622973828487057408 21
622975137109794817 44
622976865146265600 73
622977381075144704 10
622977716590018560 50
622978479949086720 10
622978752599822336 53
622978924545335296 21
622979562100666368 11
622979838924582912 32
622980640049352704 74
622981663455186944 74
622982271625203712 11
622983462794993664 21
622984163252142081 69
622985299912736768 74
622986293966938112 15
622987409655992320 10
622989427103633412 74
622991352276615168 7
622991918532833281 51
622992606398693376 21
622992866449747968 11
622993227159891968 4
622994594465226753 7
622995567547949062 7
622996624533508096 7
622998193186426880 7
622998251927699456 50
622999589889703937 11
623000252606488576 10
623001166943789056 74
623001439590289408 48
623001519273676801 74
623002265880821760 7
