30394131587006464 7
30394202042925056 0
30396111764066304 14
30398100472336385 7
30400409612853249 7
30401574056493056 6
30402208474333184 0
30404278992510976 2
30404296335958016 2
30404459720871936 2
30405193854091264 0
30405450293846016 4
30406089992310786 2
30406773076664320 12
30406955428216832 15
30407444110778369 5
30407494970900482 0
30407607617323008 5
30408437502312449 15
30408707682607105 6
30409874428919808 2
30410134425436161 12
30410295151169538 9
30410427095588864 0
30410542388609024 3
30410847616499712 0
30411347749507072 3
30411467085844481 24
30412963919699969 12
30414963528962048 3
30416908838772737 6
30417452680609792 8
30418069784367104 4
30418510702186496 9
30419324359417857 1
30419457826357248 12
30419510313877504 6
30419535756533762 0
30420445060669440 3
30421875943284738 5
30422510541479936 11
30422846366814209 3
30423259409289216 11
30423743528439808 19
30424035380699136 15
30424818289475584 11
30424834911510530 5
30424957825589248 1
30425952878075904 11
30427146451165184 4
30428029847080961 4
30428075191701504 3
30428482223734785 3
30429182278246400 25
30429664170213377 1
30429676585353216 10
30429702262886401 7
30430409875521536 5
30430799341817857 0
30431564932325376 4
30431589796151296 0
30432405177245697 3
30433013120634881 0
30433695596814338 12
30436694226378752 4
30437370604036096 2
30438372140908544 2
30439179359879168 4
30439920199798787 12
30440791239299072 0
30440960940834816 11
30441473379934208 4
30442043301953536 0
30444102684254208 5
30447887317995520 6
30448953891749888 0
30450989928554496 0
30452220143079424 6
30453671854612480 6
30455347827183616 8
30456490821156864 7
30458775651487745 2
30459074709557248 12
30460023981215744 4
30461512313208833 9
30463111500664832 0
30463763110957056 2
30464679839006720 8
30467526097895424 4
30467978906574849 12
30468165997690880 2
30468336726839296 11
30470388030906368 11
30471649639796736 8
30472788686929920 2
30472790909915136 22
30473143420190720 9
30473227012673536 22
30473698460827648 0
30475778487488512 2
30477678087770113 19
30478670644649985 18
30480639975227392 3
30481155169984512 6
30481547861688320 20
30483070356295680 6
30483402603888640 4
30483897565319168 4
30484140813975552 6
30484142076465153 7
30485744480944128 3
30486017530142721 8
30486674869846017 8
30488264842412032 5
30489791292252160 3
30490739947343872 11
30491845029011457 13
30494588875571200 7
30494895642775553 1
30496069259370496 11
30497056829210624 3
30497269086158848 2
30497840182591488 0
30499716567408641 11
30500268705583104 3
30502858264674304 6
30505402755981312 8
30505596528623616 0
30506925409968128 19
30507036248641536 8
30509900467544064 0
30510620902162433 4
30511580726697984 6
30512734403567617 6
30513117570015232 12
30514003763535872 6
30514793148321792 4
30515000489541632 19
30515437863178240 19
30515965208829952 7
30516341437890560 9
30517151785820160 0
30517355016622080 19
30517481307111424 0
30517822215954433 5
30519207938494464 11
30519362016247808 9
30519843119702016 18
30521128367689728 17
30521472812318720 4
30521804636295168 0
30522327510818816 2
30522653617954816 0
30522904919674880 25
30522982673686529 25
30523230930345984 1
30523878992252928 19
30524726552043521 1
30525698133196800 1
30526250707591170 19
30526264926281728 9
30526334815965185 2
30526954549547008 6
30527259790020608 0
30527280530857984 19
30527799424983041 1
30530005184286720 19
30533114522505217 19
30534154814750722 6
30536204508209152 19
30536217355358208 9
30536477695807488 19
30538645840596992 5
30538724529938432 4
30543224477065216 5
30544174625333249 7
30544903666663424 6
30545019244912640 5
30545151508094976 1
30545481935360000 4
30546563214348288 6
30547340561481728 5
30548386033696769 5
30548764452200448 12
30550652635582465 8
30550707274776576 3
30550858202615808 21
30551131616706560 8
30554037510213632 1
30555539452723200 15
30558796480774144 12
30561539077439488 5
30562259365269505 9
30562965165965312 5
30563119608635393 4
30564289693614080 2
30564389102813184 5
30565841099563009 14
30565953972477952 2
30566403673165824 3
30567532691726337 12
30567972326080512 2
30569342814916608 8
30570299074289664 24
30571851667210240 12
30572012694933504 11
30573100659638272 2
30573254447988736 2
30573552751087616 3
30574540144775168 0
30575014923210752 3
30576362389504000 3
30579096920526849 1
30579313057202176 4
30581002782908416 11
30581469411803137 9
30581701998546945 2
30582751925112832 3
30583068972548096 17
30583328172154880 8
30585243689811968 4
30586103354359808 5
30587022007603200 6
30587270037774337 1
30587682639847424 4
30587685898817536 5
30588669546987521 17
30589582479196160 11
30589797806379008 3
30589863128473600 20
30590163398696962 12
30591435266854912 3
30592623563509760 3
30592728618246144 3
30595032692035584 4
30595216985559040 3
30595305447628801 2
30595338775568384 17
30595496607219712 3
30596907529146368 4
30596941884686336 3
30597380348837889 17
30597453803683840 6
30597951457853442 8
30598702481539073 5
30598852146888705 5
30599022376919043 6
30599622661505024 11
30600106524807168 17
30600631047688192 3
30601061328756736 3
30601504758964224 3
30601574359236608 1
30601638104272896 11
30604010075455488 17
30604291001556992 0
30604356764049408 3
30605376395157504 8
30606523621187584 4
30607467759013889 3
30608387918004224 8
30608814784905217 3
30609760164249600 18
30610163136208897 3
30610832643596288 17
30612864184098816 3
30612876720869376 13
30612914654154753 17
30614030007664641 1
30614420178608128 4
30614560461291520 3
30614953798930432 20
30615506033577986 11
30615587910586368 6
30615948226465792 13
30616053729988609 5
30617632570875905 11
30617750103658496 5
30618672548544512 6
30618896893476864 22
30619096106143744 3
30619675389853697 17
30619741349478400 3
30620268149866496 6
30620671297986560 5
30621101021204481 3
30621165881917440 1
30621207644610560 6
30623517682704385 17
30623652437295104 17
30623689372340224 17
30625618529878016 5
30625784481714178 6
30626856424177664 3
30628460376363008 5
30631313245470722 5
30631645262385152 0
30632759630241792 18
30633192612438017 17
30633266906136576 17
30633267564650497 17
30633783929606144 0
30633937722155009 8
30634433082036225 6
30635254607773696 5
30635609009684480 4
30635802346131456 2
30635932134670337 2
30636685423280128 11
30636864566206464 5
30636957327425536 5
30637090941181952 6
30637444080607233 3
30638299320160256 6
30638368878497792 6
30638928268632064 19
30640030691098624 2
30640574671355905 2
30641734190895104 14
30642168938889216 17
30642236995674112 17
30642254842433536 17
30642412799922177 17
30642989122461696 6
30643478249603073 8
30643688136773633 0
30644248546119680 5
30644328925757442 4
30644440372617216 0
30645241832800256 17
30646843612336128 3
30646884209000448 6
30647283783565315 5
30647647756881920 5
30647808595857408 5
30648625222656000 6
30648899844706305 24
30649439165087744 3
30649612721197056 12
30650131585966081 1
30650358351007744 5
30650642112450560 17
30650789974245376 1
30651305655533568 17
30651755398168577 0
30651873035821058 7
30652307230162946 5
30652426038022145 24
30652469818163200 4
30652616639782912 5
30652775805231104 9
30653164818534400 1
30654010809651200 0
30655398331551745 9
30655509635792898 3
30655752150458368 9
30655803581009920 0
30656014466416640 6
30656300463427584 4
30656489479737344 0
30657495219306497 6
30658222981386240 6
30658825623179265 18
30658867457167361 0
30659286824648704 3
30660131339378688 6
30661460132634624 3
30661645986430976 5
30661896084398081 10
30662708818870272 2
30662992135725058 1
30663550510825472 0
30665425624760320 3
30665945395503104 2
30666356126912512 8
30667222271660032 25
30667277003137024 12
30667873680625664 5
30667917641129984 9
30668107966062593 0
30668394940334082 1
30670049274499073 5
30670377176801280 5
30670629837479936 2
30671913017671680 11
30672144434204672 8
30672774355746816 1
30673075070566400 4
30674081439285248 0
30674139169693696 22
30674320539787264 5
30675536665649153 4
30676047032754176 1
30676488235782144 11
30677307916029953 20
30678113146896384 8
30678791273586688 1
30679835969851392 5
30679899958153216 13
30680440994009088 3
30681449719930880 4
30681793300537345 22
30681838317993984 17
30681987794608129 3
30682519665909760 6
30682713602129920 4
30682863334596608 5
30683314293571584 4
30684138470121472 8
30684726008221696 8
30685454885986304 20
30685769240682496 15
30685922668322817 8
30686640804462593 4
30686906152914944 8
30687382806200320 6
30687510287876096 5
30687676050968576 5
30688418593767425 4
30690244298801152 17
30690750979121152 8
30690905920905217 5
30691049823272960 8
30692826006159361 8
30692963696779264 11
30692965663899648 0
30693301371797504 5
30693949492432896 8
30693955515457536 5
30694014181179392 8
30694279877754880 8
30694308940087296 8
30694341957656577 8
30694362178392064 8
30694599844429824 3
30694625152864256 8
30694705004027905 8
30695206714089472 8
30696004445544448 8
30696271408799744 5
30696903955976192 5
30697038798651393 17
30697835959689216 6
30698289095507968 4
30698291976998912 9
30698300843761664 17
30700109821902848 2
30700392937426944 14
30700828272631810 3
30701010049572864 21
30701401030000640 4
30702025264074752 0
30702141668589568 4
30702222312472576 2
30702331435683841 8
30704132692123648 3
30704571940605952 8
30705239468277760 8
30705516032303104 8
30707908433940480 9
30708356368834560 6
30708440749842432 13
30709282534072320 7
30710163916718080 8
30710400962007040 0
30710955126034432 5
30711295409917952 13
30711690580463616 6
30711726592753664 10
30712242315988992 8
30713349721292800 5
30714203610284032 2
30714235914813440 17
30714733577379840 0
30714909889138688 4
30715531464019968 3
30717644617285633 21
30717679631343616 7
30717788247035904 8
30718627057500160 6
30719112057458688 1
30719835499397120 9
30720214500900864 20
30721287810711552 21
30722018458468352 2
30722713739862016 18
30723301865168898 2
30723400687165441 6
30723587551797248 19
30723941496520705 6
30724717266599936 9
30724724736655361 8
30725193940865024 0
30725724151218176 6
30725780250038272 2
30726678577676288 13
30726960552345600 4
30727022598692865 21
30727039271047169 9
30727184507211776 21
30727342653444098 0
30727849589608448 13
30728757538988032 5
30728915328696320 14
30730850555400192 8
30730965840035840 15
30731514387898368 9
30731833859645441 10
30732007998754817 15
30733025167806464 2
30733728082825216 2
30733920714629120 2
30734117633007616 5
30738531445903360 2
30738883704524804 1
30739970184450048 2
30740770164051969 9
30740860484194305 6
30741349401624576 6
30741431043760128 10
30741828105928705 4
30742243136503809 11
30742388892762113 2
30743339112341504 10
30744276954517504 21
30745569156665345 5
30746843432357889 17
30747420539224065 6
30747501699010560 10
30747642342408192 9
30749550717173761 6
30749631398805504 10
30751177817722880 11
30752379854917632 4
30752754582421505 9
30752887374090240 10
30753110859186177 0
30753435431206912 1
30754443725115393 9
30754794272464896 17
30755448344805376 6
30755499901198336 1
30755695221547009 10
30756756170743808 6
30757517512417280 13
30758000822063104 1
30759655357546497 2
30759670763233280 6
30760799676923904 3
30761666429849601 6
30762024019431424 4
30762245684207616 9
30763473105321985 11
30764163454214144 10
30764349832306689 10
30764363740618753 22
30764752242221056 10
30765010984636416 21
30765094837166080 4
30765413604265984 21
30766283096072193 21
30766415304728576 3
30767162398347264 2
30767633527742465 10
30768499169169410 10
30768650319306752 21
30768879231832064 2
30769192563113984 10
30769389959651328 8
30769474357432321 21
30769480061685760 21
30769590342520832 0
30769661930905601 10
30769994920890369 10
30770321975939072 10
30770417580904448 10
30771167350493184 10
30771207527735296 2
30771299412353025 10
30771878641532928 9
30772067800449024 21
30772936331755520 8
30773099582464000 10
30773173859393536 24
30773571605241856 9
30773824219783169 8
30774027257647104 2
30775368881283072 11
30775556672851968 7
30775875972632576 0
30775893412548608 9
30776915782533120 17
30777394444902400 21
30777895618088960 10
30778510737940482 10
30779211341893633 17
30779809588051968 10
30780680245870592 21
30783565595680768 4
30784370889461760 5
30784787199303680 2
30784884444237826 10
30786145579180032 20
30786150633308160 10
30786465180942337 8
30786660539043840 10
30786779879575553 6
30786975921340416 21
30787730694733825 10
30788420263481345 15
30788874045235200 21
30789460249550848 15
30789479836950528 10
30790504476053505 0
30792108231098368 22
30792302746148865 14
30792615909662720 10
30793840872923137 10
30793871919157248 6
30794679930851328 8
30794765645651969 6
30794785610530816 10
30795007745069056 4
30795493609050114 2
30795816356544513 21
30796220553236482 10
30796264580849664 8
30797038568341504 6
30798171567292416 0
30798218992287745 7
30798300072378368 10
30799302041280512 12
30799400179597312 3
30799418651316224 0
30799516428935168 10
30799530383380480 11
30799946957455360 17
30800704616538113 2
30800937832415232 17
30800973278478337 21
30801558824296448 14
30802679919804416 11
30802764497948673 13
30803091490086912 8
30804602349690881 6
30804962472632320 7
30805240047472641 0
30806167512948736 10
30806290825478144 10
30809053655470080 3
30809380861517824 21
30809400276946944 8
30809856231342080 6
30810435741556736 8
30810599508152322 22
30810994859053056 10
30811039540969472 20
30811245200277504 11
30811330365628416 4
30811692007034880 5
30812119582638081 21
30812570696818688 6
30812919910375424 21
30813082452238336 14
30814181259218945 25
30814638606123008 5
30814672844234752 6
30814936187801601 15
30815462040272897 10
30815506499899392 6
30817335593926656 6
30818430751875072 2
30820829377855488 6
30821047011905536 4
30821340269252609 10
30821805958635520 19
30821876708147201 6
30824505316220928 0
30825725640577024 10
30826402152452097 8
30826476634902528 10
30826845066764288 5
30827081088638976 10
30828059540062208 4
30828837197578241 10
30829574321348609 8
30829945810845696 14
30831823445561344 13
30832275302129664 9
30835299768602624 10
30836390203756544 21
30837239881670656 6
30837766195515393 5
30838167116447744 8
30838480187686913 8
30838682105683968 3
30841105708744704 2
30841242736660480 10
30841911602315264 17
30843661369475072 5
30844978678734848 8
30845288147066880 7
30846724134150144 8
30846813036617728 10
30848387767083009 7
30848491068588034 21
30848811400175616 12
30850469203025920 10
30853143038267392 10
30853353982394369 2
30853481984172033 3
30855995433426944 17
30856188946022400 3
30859094680145920 0
30859325845020672 4
30861237927542784 6
30862456993615872 3
30862580280983552 6
30863974702518272 17
30866478949466112 2
30867592214220800 18
30868827214446592 8
30869360079806464 20
30869628771115008 10
30873156688285696 6
30877629548597248 9
30879660090855424 11
30880212254199808 21
30881939376316416 12
30882016325009409 17
30882540759810048 10
30883051328241664 0
30883172178726912 8
30884120213065728 5
30885547757019137 2
30886602393788416 6
30887092338827264 6
30887683228172288 15
30888289225408512 6
30888675101384704 8
30889281832615937 18
30889954028552192 7
30889992091860992 5
30893229247303680 11
30894590957461504 3
30897152850919424 6
30897264503296000 5
30898468339847168 21
30899786374709248 4
30899867677102080 3
30900163576864768 4
30900201635979264 8
30900281470357505 21
30901455317630976 5
30901599693963264 7
30901618283126784 2
30901994185039872 3
30902834127966208 4
30906004711415808 4
30906101285261312 11
30906776094244864 11
30907638732554240 14
30907702188179456 5
30908718753255424 3
30909554422194177 20
30909763394994176 3
30909778985222144 24
30909954219053056 6
30911885272424448 11
30912007314083840 7
30914542103957506 10
30915093449416704 21
30917381039591424 9
30918262418046976 2
30918931124322304 8
30919347245416448 4
30920494291099648 2
30922563710357505 19
30922877704339456 6
30922899971899392 2
30924642650689536 1
30925155819593730 5
30925397151449088 3
30926810753540096 4
30928608558059520 19
30929131730378752 7
30930536184684544 3
30931191146221568 4
30932402738044929 21
30933644491100161 10
30933944996200448 1
30937150102966272 6
30940485400928257 1
30941177725329408 2
30941202039701504 4
30943433900171264 21
30944520879210496 4
30945164574859265 5
30947181829562368 8
30947664312934400 4
30949399253229569 3
30950381580189696 4
30950530419261440 6
30950664595046401 10
30950817078968320 3
30951279899451393 11
30952121918558209 4
30953552272687104 3
30953903105249280 11
30954320551747584 5
30955137207898112 25
30955643955318784 5
30958344684445696 0
30958583155793920 9
30958635953692672 8
30959520830197760 8
30960624460636160 3
30960864022503424 5
30964881050046464 2
30965007487336448 8
30965261251117056 6
30965474883801088 10
30965491879120896 14
30965554693021696 3
30965603900588032 3
30965801007714304 3
30965883492900864 3
30965912911745024 3
30965919140290560 3
30965997460520960 3
30966243016052736 3
30966287513423873 3
30966333579468800 6
30966722299170816 6
30967193713774592 3
30967515932790784 5
30967993412354048 21
30968591931154432 7
30968784990773248 3
30969612254318593 3
30969685075828736 3
30970130141810690 6
30972398136205314 3
30972462355189760 3
30973115597062144 8
30973373026668544 3
30973853450637314 5
30974100771966977 6
30974941620862979 3
30975093987344384 13
30975935201157120 3
30976917108690944 10
30978068348669952 3
30978683426570240 2
30979001044439040 3
30979125250363392 3
30979854593691649 17
30980749117095937 3
30981257949085696 1
30981650468835329 5
30982361281728512 10
30982428747108352 6
30982438305927168 25
30982557902307328 5
30983170572685312 0
30983191900721152 5
30984078123601920 3
30984263960633344 8
30984556509138944 0
30984641087283200 6
30985168126746626 24
30986508492087297 13
30986862751387648 3
30986944829718528 0
30986955508424704 0
30987245456461824 0
30987549543497728 8
30987991069491201 21
30988086536052736 21
30988222540554241 21
30991621130555392 5
30991683206250496 10
30993728348880896 10
30994784835346432 0
30994802350751744 1
30995050531913728 5
30995353041895424 9
30996863431745536 12
30996955274420224 21
30997096152694784 14
30997594171768833 5
30997718914568192 10
30998150332289025 10
30998595251478528 1
31000008140529664 4
31000463302205441 2
31000764365152256 13
31000791112220673 21
31001570321633280 0
31002172166504448 4
31003042060963840 18
31004787692535809 5
31006409738948610 6
31006950024028160 22
31007791548207104 0
31007837429698560 3
31008096289558528 1
31008319246172160 2
31009872048824320 1
31009999022981120 5
31010185665323008 21
31010364237815808 20
31010708799885312 5
31011128637128704 5
31011134693711872 21
31011164343238656 6
31011836841164800 6
31012102047006721 21
31012345664765952 8
31012396382298112 2
31012699076825088 0
31012906489348097 14
31013162908123136 0
31013541624414208 5
31013576655249408 14
31013591524057088 14
31013667185098752 14
31013827193606144 14
31013841781395456 14
31013859800129536 4
31013951194013697 14
31014334557589504 21
31014687294357505 3
31014876402950144 5
31014946573647872 6
31015040563814400 21
31015267429523456 5
31015788127191040 14
31016423132233728 5
31017281295224833 0
31017491043975168 10
31017840668573696 4
31018159435681792 13
31018234127843328 5
31018244877852672 5
31018698110148608 15
31018836186628097 10
31019356867526656 0
31019360352993280 5
31019396239466496 5
31019648199688193 10
31019797906989056 14
31020198379130880 5
31021244371435520 0
31021529835765760 21
31021687252193280 6
31021967737884673 5
31022047308021760 5
31023781514321921 6
31023837533446146 0
31023870030913537 5
31024106895843330 5
31024114823077888 5
31024641724125185 4
31025236015058945 5
31025621903609856 8
31025641658785792 5
31025643072258048 0
31025916150816768 5
31026158963265536 6
31026201132802048 21
31026341839114241 5
31026545933942784 0
31027421830447105 21
31028061164019712 4
31028767937789952 5
31029060939288577 0
31029504864423936 5
31030035276111872 5
31030124962914304 5
31030150850158593 4
31030487795367936 1
31030494665637892 5
31030924468559872 3
31031718513213440 5
31031759911002112 5
31032997956288515 0
31034134478458881 5
31034174752169984 4
31034679394045952 3
31035097440329729 3
31035749952397312 0
31036127410388992 3
31037174539354113 21
31037520846262272 5
31037694935040001 2
31037925034565632 5
31038184691335168 5
31038272813662208 4
31038670572093441 6
31039496002736128 10
31039534988795905 6
31039688655507456 3
31040417793310720 5
31041352833695744 17
31041984353280000 21
31042306303852544 17
31042449660973056 4
31042518963453952 5
31042778481819648 19
31043176684851200 0
31043823626878976 5
31044465690939392 5
31045108283482112 5
31045240588603392 3
31045366132514816 5
31045393429037056 5
31046395154669568 5
31046551061139457 5
31046593557831680 3
31046849024499712 3
31048071110467586 0
31048166426025986 21
31048353655558144 5
31049104964452352 5
31050271983411200 5
31051246827737090 3
31051852053221376 5
31052423128686592 5
31052452727885824 9
31052570369728512 6
31052725697384449 6
31052864197496832 0
31053474338709504 21
31053656509911040 6
31055301985697792 5
31055459574087681 3
31055778429276160 3
31055989058830337 9
31056295876362240 3
31056912183205888 5
31057351620431872 15
31057439944089600 5
31058203127062529 3
31058541116657664 8
31058594338181121 20
31059718105468928 8
31059921093009408 12
31061904994603009 3
31062559175999488 21
31063615565987840 1
31065622423011328 5
31066063718322176 18
31066504539676673 13
31067024973103104 9
31067596199563264 7
31068538898747392 7
31068571312324608 5
31068858617954304 25
31069597247475712 11
31070296945459200 9
31071789631143937 0
31072009869852672 19
31072039590690816 21
31072347490361345 12
31072348505374721 12
31072366792544257 10
31072472556118017 9
31072897015480320 21
31073305100296192 4
31073318543032320 8
31074798310268929 3
31075092746215424 0
31075146924036096 5
31075313429516288 5
31076061462659072 5
31076332137881600 5
31076425310142464 17
31078625642029056 5
31079228757770240 6
31079386023198721 5
31080347219263488 4
31081790139531265 11
31082026941554688 9
31082325320138752 0
31082773166956544 4
31083514283692033 4
31083518196977664 6
31083523758620673 2
31084250191101952 4
31084675116048384 22
31085134354583552 0
31086604953059328 22
31086874403540992 4
31087044226711552 6
31087418727735296 18
31087671757512704 0
31087921217937408 21
31087996493111296 24
31088441139666944 6
31088604361003008 0
31090208116056064 5
31090279184343040 4
31091019378335744 0
31091400284049408 8
31091994977632256 2
31092826821369857 5
31094703621414912 5
31094934228439040 2
31095346109095937 11
31095382507266048 17
31096345146163200 7
31097874544599040 5
31098415081332736 3
31098607977369601 5
31099222732316673 2
31099423782084608 6
31099538177531904 21
31100236550119424 4
31100738906099714 4
31101132273098752 7
31101134374436864 11
31101259872215040 0
31101750245068801 5
31102256325599233 0
31104992857300992 20
31105170322489344 3
31105781336121345 2
31106823008288769 2
31107918388535296 4
31108442777198592 5
31109802788659200 21
31110638814109697 2
31110803671224321 6
31111680507256833 5
31111880143540224 2
31112518961201152 21
31113395839180800 5
31114000670400512 3
31114540473122816 0
31115816892112897 4
31115844079587328 5
31116011696553984 21
31116681023586305 21
31116779371630592 5
31117215788965889 6
31117687467802624 2
31118228382031873 15
31118649196544000 0
31119405844795394 0
31119543506046977 2
31119573893775361 1
31120562348625920 0
31121223412883456 0
31122825305657344 8
31123228814483456 5
31124672380674048 3
31124991944687616 2
31125701058895874 0
31125930910949377 18
31128320552738816 6
31128517605326848 21
31129009882402817 21
31129345066012672 0
31129479409569792 21
31130243469152256 2
31130387040174080 2
31131371611103232 5
31131445204357121 21
31131687672881153 3
31132710705565696 8
31133324697141249 11
31135430875291649 21
31135460042477568 21
31137005664468992 3
31139501162102784 8
31139661069942785 6
31140736409796609 22
31143839632728064 4
31144464038764544 17
31144800455495681 6
31147431294926848 5
31147614292418560 2
31147677928394752 1
31147902940217346 20
31149429419413504 0
31150167855996928 0
31150854518087680 19
31152254899724288 3
31153333771177984 2
31155431632019457 6
31155803561926656 9
31156154063134721 6
31156659652927488 21
31157697839628288 0
31160647492304897 22
31160749384540161 8
31160987822333952 21
31162151691358208 0
31162181697413120 21
31164008929173504 21
31164377784651776 0
31167200224092160 21
31167797417484289 6
31168112128692224 11
31168737197424640 11
31171333400305664 7
31173198477266945 19
31175122647785472 2
31175267573571584 5
31175455365144577 15
31175798983491584 21
31176393446391808 21
31178972884635648 9
31180229808488449 3
31180699922866177 20
31182195607470080 11
31183953457057793 6
31185246959439872 15
31185471144992768 5
31185639047172097 10
31186539111260161 9
31187010144182272 19
31187069468413952 11
31187141350400000 6
31188443958611969 7
31191421952204801 21
31192640489783296 13
31193526230323200 7
31193849732796416 6
31193943542603777 17
31196853986926592 5
31198473860685824 8
31198665850753025 0
31198962056695809 15
31199726539902977 7
31200356755046400 7
31201613666320385 17
31201852355772416 19
31203980398821376 11
31204939556454400 5
31205944025161728 5
31206369348558848 18
31206920995999746 7
31206941996875776 4
31206989136666625 17
31207938504790017 0
31208344513417217 5
31209867557470208 21
31210617436119040 5
31210659614031872 7
31211512802574336 11
31211938725761024 6
31213116251447296 2
31214698540048384 6
31214716097400833 4
31216070039699456 7
31216127501672448 21
31218888129650688 4
31219949385023488 13
31220608494739456 7
31220914683121664 9
31221921399963648 9
31222767160401923 2
31222961499283456 2
31223664930193409 19
31225212070535168 6
31226577924653056 14
31227454337056768 19
31228067758215169 7
31228698111770624 6
31228836662214656 5
31230245910618112 6
31230268593414144 6
31230480170876928 5
31234119782367233 4
31235101018820608 21
31235152201912320 21
31235518612119553 0
31237205229830144 5
31239223256293376 3
31239414566879232 0
31240250109984768 4
31240623314964480 1
31241976984641536 0
31243779268677632 13
31244303820918784 2
31244843439095808 3
31246627213676545 0
31247389662646273 3
31247776054517760 6
31249687239467008 2
31249821952118784 6
31249887840436224 7
31254361870958592 2
31255257963044864 7
31256160044589057 2
31256750145409024 8
31259521435308032 17
31260408840986624 0
31260417296695296 0
31260439643947009 0
31260442315726848 0
31260442705793024 0
31260461554999298 0
31260794079416320 3
31261786745339904 0
31263364470538240 1
31263743979552768 21
31263929590091776 8
31264716974194689 4
31265066254864384 7
31265161838858240 21
31265427015335936 2
31268819217424384 5
31269345250246656 8
31269520672825344 0
31271537130602496 3
31273563319173122 5
31274798323601409 2
31275425594347520 2
31276298647113728 21
31276607888957440 21
31280039735595009 1
31280399111950336 8
31280613415723008 7
31283912407785472 21
31283916992155649 21
31284810353741825 5
31284921209200641 6
31285491366100993 21
31286090224635904 12
31286109472292864 21
31287055673729024 3
31289241761746944 0
31290428993052672 3
31290850642235392 1
31291004959072256 1
31292040750829568 20
31293731701260288 5
31295548401131520 8
31296654984355840 5
31296678459875328 5
31299916881993728 8
31299921579610112 5
31300012923166720 6
31300161028235265 6
31301399597817856 1
31303419125825536 1
31303874081984512 5
31304742340661248 12
31306557291503616 2
31312198722658305 21
31313035649875969 4
31313048425725952 14
31314236164542464 14
31315354999324672 6
31315497316257792 0
31315702530965506 1
31316259006054401 7
31318938021265408 21
31319628084936704 5
31319916309127168 11
31324492491923456 8
31324914770255872 5
31329095719591936 20
31330125442191360 2
31330499074981888 18
31330501872586753 8
31331264925540352 3
31331279676903424 6
31331500536369152 3
31331870423650304 3
31338264753340416 21
31340035500408832 5
31340071860834304 7
31340540746268672 1
31340983396335616 2
31343165118087169 8
31343482496880640 1
31345998840209409 3
31347221337219072 5
31347593162268672 21
31348236769820672 3
31352119541891073 24
31352723509092352 13
31354920925929473 1
31355051209396224 5
31359062411055104 7
31359592764014592 6
31360085192089600 11
31361239879778304 8
31362489916592128 18
31363167950999552 3
31363349748912128 2
31365951563763712 0
31366458361520130 2
31367523815395329 21
31367888132636672 18
31368070408708096 21
31368638988558337 20
31370453759033344 25
31370691341193217 2
31371147513692160 18
31372058491359232 1
31372223163932672 3
31372703940214784 2
31373776805437440 11
31375726355685377 11
31377104851435520 6
31377999555207168 6
31378267915161600 5
31378604751331328 5
31379582183538689 5
31380634714775552 11
31381838840733696 7
31381901876920320 2
31382407521239041 2
31382608390660096 5
31382773830782976 6
31384843216486400 20
31386765759614977 5
31387358490267648 4
31387404828934144 5
31387551839293441 8
31389209428234242 5
31389468770435073 11
31389896627195904 3
31393500272529408 6
31394346062315520 19
31394628003434497 5
31394797096800256 5
31395475361890304 8
31395755189075968 6
31396276645924864 3
31396671703220224 5
31396975362445313 5
31397676553605120 0
31397693683142658 3
31398370350206977 21
31398611271024641 3
31399339309932545 5
31400130095616001 9
31402465458917377 5
31405044901355520 5
31406410256355328 5
31407484170145792 5
31408746303332353 17
31409578230943744 5
31409606391500800 9
31410105647894528 5
31411367932067840 13
31413608780931072 6
31413650270986241 3
31414231677009920 21
31414777767010304 5
31414860923277312 5
31415047490117634 6
31415088246169600 6
31415194911506432 7
31416044081913856 5
31416196981067776 9
31417341728260096 6
31418086171082752 6
31418487326908416 5
31418997807259649 5
31419091105357824 0
31420193662042112 2
31421122289336321 21
31421364304875520 2
31424021111246849 5
31424967899873280 0
31424975139250176 5
31425369449963520 5
31425604452614146 17
31426539723689984 5
31426798810046465 5
31426832662265857 8
31427033556848641 25
31427759045611520 1
31428420801925120 2
31428493468237824 9
31428546798813184 5
31431335247609856 11
31431536888782849 6
31432727026733056 5
31432945419952128 11
31433327906922496 4
31433632128172032 21
31434793199599616 3
31435262596747264 2
31437204932788225 9
31437237254094848 11
31437407396040705 21
31441099969003520 5
31442088453210113 3
31442614079197185 3
31442910696177665 8
31443107291598848 19
31447361003720704 6
31448339769724929 1
31449595846336512 7
31450065537073152 10
31450267119525888 1
31450686512173056 0
31452420420665344 3
31452422190665728 7
31452522002513920 7
31452799485087744 2
31453275672805376 21
31455723212775424 7
31455815084802048 7
31456126100836352 1
31456453080383488 6
31456542574252032 11
31456595212767232 5
31457280905973760 3
31457316683386880 18
31457406059810816 11
31458812468658176 21
31459972197908480 20
31461069528502272 5
31464165482692608 3
31464675170328576 1
31464809216090112 3
31467121900789760 21
31467184836317184 3
31467302188748800 6
31467680355586048 0
31467720469905408 3
31468490040803328 11
31468756320391168 11
31469968528769025 8
31471387839303680 3
31471733798076416 22
31473669091893248 1
31473705490063360 9
31476880397836288 1
31477961861373952 3
31481606854152192 6
31482127098839040 24
31484405264424960 3
31485497012396032 6
31488592257744896 2
31491223910879234 1
31492039682039808 0
31492400543178752 25
31493461895020544 18
31494358188425218 3
31494433346158592 13
31495605129838592 7
31496694457704448 4
31498848211828736 8
31501865678016512 24
31503072236670976 21
31503592129040384 7
31506974361260032 6
31507810986496001 3
31508580809052161 2
31508627588120576 7
31508788771037184 3
31523385842335744 7
31524647337988096 3
31527343109443585 7
31528624356069376 3
31528642743894016 21
31528807936565248 3
31532143444230144 10
31533473051185152 3
31533605201121280 3
31535593183772673 7
31536020499468289 19
31537684090462208 11
31539440006463488 6
31540846591479808 3
31541787378065409 8
31542354045308929 6
31546173600829441 6
31546270132740096 2
31547140597620738 8
31548936007196673 6
31549322411646976 18
31549597696393216 2
31549742353747968 11
31553007199985664 8
31553156345233408 3
31554061517979648 13
31555900334407680 3
31557043903012864 1
31559113523597312 3
31559175330856960 3
31559868326350849 11
31562402864570368 1
31562758805782528 3
31562782507802625 5
31563924398669825 13
31565204835794944 2
31568963183845376 2
31569527422586881 5
31570912188825600 1
31574200246341633 3
31574865592979456 8
31575391466426368 18
31577262197317633 3
31579382669639680 8
31580700553519104 2
31582344502575104 9
31582648186961921 21
31585147258146816 3
31585270302253056 2
31587174298165248 2
31587601542545408 11
31587866031165440 2
31588307586519040 11
31588433650515969 2
31588589909315584 2
31589908644626432 2
31590126110904320 18
31590322957975552 9
31590445049970688 15
31591003676737536 4
31591444397424640 4
31591858408787968 21
31592177809227776 7
31592707545636865 19
31593201001299970 7
31594108174737408 2
31594123525881856 2
31594358910226432 2
31594475058892801 18
31595126736289793 7
31595212220399616 6
31596255645798400 20
31599782774439936 7
31600749309861889 2
31609210277990401 4
31609386329710593 25
31610154927521792 3
31612106658816000 18
31613004512493568 3
31615062405808128 7
31615359102492672 7
31617061889249280 6
31617379486142464 11
31619459839954944 2
31622713848107008 11
31622888691867648 9
31627404900311040 5
31627673281232896 18
31628886605299712 3
31629001239830528 4
31629044269191168 3
31629235835637760 3
31629248502435840 6
31629662966784000 6
31631535366995968 3
31632553471377408 3
31632894636068864 3
31633604350058496 7
31634565726470144 7
31636328948965376 3
31636393063096320 21
31637593485484032 5
31638843664891904 2
31639213241794560 3
31639242950053888 6
31640927348981761 0
31642136910757888 2
31643428668313600 3
31643748362362880 3
31644368326631424 3
31647223557128192 3
31647814786228224 6
31648201748520961 3
31648402789896192 2
31648931624525824 3
31650454555328512 3
31650972241502208 3
31651067670302720 3
31652021882851328 3
31652159686705152 4
31653032269709312 3
31653095016497153 3
31653409140514816 0
31653516321759232 3
31653948410560512 3
31654224773251072 3
31654912601358336 4
31655045367861249 3
31655251593404416 11
31655260195921921 11
31655267053604864 11
31655567781011456 3
31656691342770176 8
31657587443245056 7
31657763553677312 3
31657852259016705 3
31658343235854336 3
31658757616308224 3
31659605524226048 3
31660595627425792 3
31661116648067072 5
31661587676798976 3
31662105904021504 0
31663375410798592 3
31664292503756800 3
31664959955927040 14
31665631019405312 1
31665824276156416 3
31666932327383040 3
31668642445791232 7
31668993525813249 2
31669571555430400 5
31669649288470529 3
31670225099300864 4
31672576916856832 3
31672753975197696 3
31672985840517120 8
31673221942091777 3
31673243798609920 3
31673636943306752 3
31673673651855360 3
31673680954138624 3
31673744418152448 3
31673993819856896 3
31673999100477440 3
31674021217046528 3
31674306199035905 3
31674396498202624 3
31674409378910209 3
31674451988848641 3
31674849906659328 6
31675031993982977 3
31675229210152960 3
31675360097599488 3
31675432579375104 3
31675539873857537 3
31677899845148672 3
31677930400645120 11
31678562608091136 3
31679285982920704 3
31679425338679296 11
31679542569472000 3
31679701269348352 5
31679783616118784 5
31680131110010880 3
31681152569835520 3
31681793237188608 19
31682953595584513 8
31683709740519424 5
31684419873935361 3
31684842953375744 3
31685731671875584 18
31686032277639169 3
31686265921343489 7
31686276293853184 11
31688182005235712 19
31688661296742400 2
31689430863450112 13
31689854869835776 14
31689881163931648 20
31690834835415040 3
31691436936138752 22
31692185296441344 3
31692655704412161 14
31693234325426177 5
31694473117306880 7
31694530558296064 3
31694965050449921 5
31695509810839552 22
31695880826396672 7
31696221231915008 18
31697432387526656 19
31699819923767296 14
31700342240444418 5
31700382858092544 20
31702927013838848 8
31703050271850498 6
31707233054101504 3
31708419303931905 5
31709059719634945 2
31711079461552128 2
31711154204053504 5
31715048300744704 7
31715391927484418 5
31716826710802432 11
31717825269731328 8
31718977201774592 22
31719526622040064 7
31720687227895808 0
31720767683043328 21
31721475786416129 5
31722157654417409 13
31724837294571520 8
31724937890762752 21
31726486222274560 5
31726872656084992 3
31728925046476802 8
31729684089675777 15
31729824913424384 15
31730063380582401 2
31730139196817408 20
31730185619378176 9
31730879315316736 7
31731638631137281 8
31732480914489344 11
31735139432144896 5
31735455657500672 2
31735910097756161 9
31736465394241536 7
31736590074118145 5
31737924319969280 6
31737979026280448 7
31740806834425856 25
31744066563604480 13
31744449365155840 6
31745086442184704 4
31745096726609920 4
31745508766646273 11
31746913468424193 2
31747239311314944 0
31749443879440384 4
31749813007548416 7
31751008367419392 2
31751433325903872 20
31752954860011520 2
31753400517398528 24
31754236366688256 6
31757312548937728 2
31759478898561025 5
31760140914925569 5
31760876486795264 8
31762855594303488 4
31763145265520640 5
31763149904412672 5
31763182657740801 5
31763804341673985 2
31764477875585024 18
31765042370187264 15
31767856039329792 8
31768073216204800 2
31769205439205376 2
31769395265019904 8
31769479050432512 7
31769523052875777 9
31770091230076929 15
31771605050855424 5
31773184512495616 9
31774912318283777 11
31776820869206016 5
31776979199991808 2
31777091523444736 13
31777427092938752 0
31777476736716800 0
31777488208142336 5
31777782535028736 6
31778373868978177 5
31778698306781184 2
31780127859802112 5
31780569960415232 7
31781089181704192 11
31781229795745792 3
31781548416049152 5
31783210920706048 5
31785455397638144 4
31786830126911488 19
31787064592699392 7
31787173657190400 7
31787373297668096 8
31789024293167104 7
31789477273804800 0
31789696912723969 8
31790456400510979 9
31791078399025153 2
31792129172840448 2
31793296351174656 11
31793298611904512 5
31793758529921024 15
31795576903303169 7
31795708822552576 7
31800150301081600 9
31801180061433856 8
31802123293294592 6
31803411594739713 7
31803419240960000 7
31803439788855297 7
31803718215139328 0
31804215198224384 7
31806612809187328 7
31807173218537472 2
31807230709866496 11
31807594473459712 7
31808292451786752 17
31809671195009024 7
31810488266399744 7
31810603328741376 5
31811055877365761 4
31811254737702913 7
31811330562334720 11
31811864388177920 3
31812598013894656 2
31814327216377856 11
31816947943346176 8
31816986417700864 9
31817694814670850 6
31818985011945472 6
31820162705399808 8
31820266728329216 6
31821748101976066 5
31821797401821184 5
31824265858777088 5
31824638501724160 5
31824794554994688 7
31824817023885312 9
31825453668900864 4
31826421026398208 5
31827324445917184 5
31828141269848064 5
31830108431982592 7
31831410260058113 12
31836139568500736 25
31836755116171264 7
31837272005419008 5
31838446431510528 5
31839368880590850 3
31839946834714624 5
31840187944280064 7
31841010615058432 10
31841332263649280 7
31841375750193152 13
31841982963777536 6
31842252955324417 7
31844361520025600 5
31844731885457409 11
31845325505306624 9
31845403099926528 2
31845404345630720 7
31845488307208192 5
31845789533736960 7
31846049488310272 4
31847913957105665 18
31849548460597249 5
31849691155013632 8
31849694669840384 9
31849942708391936 7
31851486715576320 2
31852394992115712 3
31853087438143490 21
31853505325047808 2
31853848926621697 6
31854246383058944 7
31856209573187584 5
31857122555723776 7
31858497041735680 20
31858896867954688 5
31859055030964224 7
31861291236724738 4
31861590575816705 9
31861702156877824 2
31862468191977472 9
31864469529305088 3
31865568277569536 7
31865841687470080 11
31866849633243136 1
31868819316146176 5
31869348700229632 6
31870844829442048 4
31871158500458496 4
31872613319970816 9
31872977108738048 2
31873295653539840 11
31875281820061696 5
31876829782478848 9
31877108653367296 20
31878654489264128 2
31879597431726080 6
31879763714904064 11
31880216670380032 12
31881538727575552 0
31882212055973888 11
31882977344491520 11
31883171909869570 7
31883368232656896 12
31883562986766336 11
31883690422308864 2
31884272092585984 11
31885326528020480 12
31885627276394496 9
31885657626378240 7
31885777986129920 20
31885796969545728 7
31885983020482560 1
31886068898861056 3
31887568748417024 11
31888385719144448 1
31888462969839617 11
31889401910923264 5
31890053449908225 6
31890241614782464 11
31891056119255040 2
