298913684791640064 36
298913798037860352 43
298914439791521792 43
298916314641211392 49
298916906025488384 38
298918432773111809 43
298918483096391681 46
298918495670919169 43
298918600524300288 38
298918676021796864 38
298920106296221696 49
298920701853847554 11
298921624617488384 38
298921632989343744 19
298921708490997761 43
298922379583827968 43
298923017147400192 43
298923067466448897 43
298923281371762688 19
298923742753587201 43
298923977643016192 43
298924535456096257 43
298924539675566080 42
298927429534228480 43
298929124033036288 38
298929480548888578 19
298930910793981953 3
298930982097141760 23
298931888091963393 43
298932315902586881 43
298933167346311168 43
298933523853754368 49
298933825852026881 19
298935277081198592 38
298935495180840960 38
298935717487325184 44
298937126756691969 43
298938557010165761 7
298938607358586881 43
298939114877755392 19
298942856180142080 38
298942856180142081 43
298943493726941184 43
298945414705606656 20
298945536352976897 19
298947134395408384 19
298949529309417474 43
298949600641941504 43
298949814538883073 43
298950754067156992 23
298952142394372096 23
298954042380537856 11
298955506205208576 43
298955715912036352 43
298957347492093953 38
298957758567424000 43
298958324773289984 11
298959276901277696 38
298961936090005505 36
298962661683642368 43
298964012257910786 19
298964058412032002 19
298964486193307648 44
298967598387826689 11
298968881832275968 43
298971532644995073 43
298971901726973953 43
298972040139005952 43
298972400882708481 35
298975118762336256 19
298975311712903168 15
298975500456570880 34
298977396265189376 35
298978541335367680 19
298979585700270081 35
298980969828982784 19
298980969837391872 55
298980986597814274 3
298981317956218880 20
298981527688212480 33
298982379115147264 19
298982479778422785 43
298982978879635457 19
298985222836453376 43
298987181572235264 49
298990142755053569 43
298992239919628288 43
298992596418715648 34
298992940360011777 34
298993926050824192 12
298994609701392384 19
298994999784243200 11
298996069302407168 36
298996073509302272 36
298999210848694273 36
298999856796680193 3
298999923871989760 3
299000309752135680 36
299000968262082560 43
299003346445037568 36
299003887514431488 3
299007771423170560 43
299008782254616576 38
299010699034771457 43
299011378516201472 19
299012519362715649 49
299014071280357376 33
299015291827003392 3
299015350526304257 36
299015509926617090 36
299015577014517760 20
299016877261336576 50
299016894059540481 19
299017837752770560 14
299019179921653761 43
299020882821664768 43
299027203658760192 12
299032178086535168 44
299032392012800000 38
299033218252959744 19
299036007465095168 22
299037139939762177 43
299038297559293954 36
299039727825346560 44
299039790748295169 44
299039807512907776 44
299041741103845376 36
299042328281247745 49
299042512851570688 50
299044857484288000 43
299045771809009664 3
299046405144731648 42
299046530978029568 35
299049022398795777 44
299049265672630272 35
299051434119413760 44
299051610292768768 19
299052897965064192 13
299054588261171200 43
299056345682964481 3
299056404399005696 16
299056521831137281 43
299056588927418368 36
299059940201492481 43
299060758061408256 43
299062372893609984 36
299064390320287744 4
299065854140743680 43
299067749970362368 43
299068307800223744 43
299070593733623808 13
299079309497356288 43
299080454529765376 3
299082677515075584 36
299084371988725760 43
299085303136808960 43
299087140241948673 43
299087626777022464 43
299088474022219777 3
299089820385431553 35
299090558620688384 46
299091103855046657 43
299091703632101376 43
299093238764171264 12
299093742080626688 43
299093939196141569 38
299094392201957377 36
299096879420018688 43
299097022034767873 43
299097122693853184 43
299098682958159873 1
299099123389448192 3
299099622486462464 44
299101337973571584 23
299104596939374593 49
299107717501562880 3
299110640918872064 35
299113207858085889 19
299114067673620480 38
299115523109691393 51
299116114506551297 43
299119163769774082 56
299122015871311873 51
299126885487611904 43
299128076657364995 43
299130136056442880 43
299130631001079808 43
299130819736371200 12
299130953954099200 55
299134183547224064 44
299134569452556288 38
299134586192027648 34
299134611391401984 43
299135127290785793 43
299138424009527296 38
299141246776119297 19
299141498442768385 43
299141620077588480 46
299146573546405888 43
299147303355285504 43
299147638882832384 43
299147735335063552 43
299150650409902080 43
299151883501723649 6
299153116631269376 23
299156438528450560 44
299156526613032962 50
299157013160685568 7
299157025726812161 1
299158674100854786 19
299158833484402688 38
299160347623948289 36
299162285384011777 35
299162314739953665 35
299162692252479489 42
299163040354553857 45
299163216515309568 20
299164223152480256 45
299166118977880064 35
299166148363157504 43
299166366454398977 19
299166722957639680 3
299166760706379776 44
299167960294096896 35
299170132951977984 44
299170141323792385 44
299170258772717569 44
299171114410729472 11
299172259468288001 43
299172880208510976 38
299174151091007489 36
299176625734565888 23
299177246462193664 19
299177552675749888 44
299179226190471168 23
299181289804800000 35
299181923144704002 49
299182208332214273 13
299183118483603456 35
299186373280284673 26
299187279266713602 19
299188260712886273 35
299188545938137089 35
299188944371863552 20
299190915728289794 36
299192719258054656 49
299193008665026560 44
299193050629029888 36
299194417946963968 35
299195588178767872 16
299197450428768256 22
299199916696297474 36
299200713605664768 23
299201451803176962 44
299202911412555776 46
299203980989456384 35
299204022915702784 46
299205205726216192 34
299209400030220289 44
299210251469725696 43
299211811738243072 44
299211828498673664 16
299212428309299200 35
299212663169372161 35
299212877095632897 35
299213380403744769 35
299213833392779264 35
299214168941273088 49
299215578231607297 38
299215641137795072 44
299215964078223361 16
299216089919922177 43
299217167872827393 43
299218098999934977 3
299218551980568577 26
299218849797136385 6
299219411796111360 42
299219806081650691 33
299220091294347264 11
299220812727214081 43
299221592838393856 3
299222519787970562 43
299223337677250560 7
299225292235489280 16
299226076574527488 42
299228458914037760 11
299228760908120064 36
299230010835881984 19
299230618988969985 46
299231759856459777 36
299231982154571777 19
299231998915010561 35
299232212816101376 20
299232506413211648 19
299233387254804480 51
299233521472532481 35
299234221921284096 36
299234695860875264 35
299235144651374592 46
299235224334774272 51
299235287274491904 36
299236121920016385 3
299236436484448256 49
299237015310987264 14
299238298776379393 3
299241322865381377 19
299241780052901888 43
299243805868175360 36
299245831733780481 26
299245861098106880 17
299248084062457856 34
299248277029793792 17
299248432214851585 35
299248788705517568 35
299248885199687680 50
299249799545372673 17
299250193809956867 43
299250323850158080 36
299250802000789504 34
299252123206553600 49
299253985464971264 17
299254237135781888 50
299254555894480896 17
299254723641495552 3
299254878830747649 17
299256539800301569 17
299256980189626370 11
299257168933298176 16
299257454154358785 6
299258066539540480 45
299258817315741696 38
299259454820610049 44
299260411126091778 17
299261216449245184 26
299262839628128257 43
299263288418635776 19
299264135672250369 26
299265381405700096 26
299266157339365376 20
299266417361051648 13
299268883636969472 17
299269340799307777 3
299269835739770880 17
299273933553823744 17
299275556753653760 43
299275883913560065 38
299276139761897472 17
299276668240015363 49
299277104447647745 43
299277465170366465 44
299277758796816384 7
299278274691997696 17
299279600058507264 42
299279612662403072 42
299281059701473281 38
299281957295112192 38
299282007605784577 43
299282380907225089 49
299283312021733378 26
299283790180790273 19
299287246295683073 43
299287325979054080 17
299287871242776577 14
299290433945747458 51
299290782072971265 17
299293500011343872 45
299294213026226176 26
299295307764748288 43
299296834462023680 43
299297446834622464 43
299298528969240577 35
299298633831034880 45
299299992777146368 23
299300215079448576 22
299300663861575680 45
299300949095235585 46
299300986848165888 34
299301297201483776 13
299301452394950657 22
299301972505403394 45
299304157712629761 45
299306858865373184 3
299307035034525696 13
299309098627891201 13
299310432408182784 6
299310948320178178 43
299312466645643265 13
299315671098093568 42
299316199571980288 3
299316199580368896 3
299316472184971264 51
299316602225188864 45
299316975501451265 13
299317373981306880 46
299318552584921088 13
299320070910394368 49
299320603591180288 26
299320972706734080 3
299322126119346177 42
299325120873390080 38
299325913580044288 35
299326131667099648 22
299326718869647360 3
299327192842776576 26
299327201231380481 22
299327402562183168 51
299327763280707584 13
299330518909083648 13
299331429081427968 36
299331949196091392 13
299332267942232066 50
299332737725259776 13
299334390289424384 13
299334599996227584 19
299334801306025984 13
299334901960933376 46
299335313023709184 13
299337464705855488 13
299338001547423744 13
299338983027126272 26
299339238875484160 26
299341302485635072 17
299343068283428864 13
299343252828594177 50
299343638704582657 46
299343705800855552 3
299343831650934784 13
299345517740183552 55
299346444719108096 36
299347845578895361 34
299349535900192769 36
299350714520580098 7
299351066837929984 36
299353432408596480 36
299353440793001986 36
299354288067592192 13
299354564891660289 36
299355055625211905 43
299355097543110656 43
299355290481074176 43
299355575693754369 22
299356926280597504 13
299357521859182592 22
299358142603616257 23
299358289404256256 36
299359107301908480 19
299359916794195968 26
299360642421366784 43
299363838489399296 13
299364178198663168 13
299369911849992192 13
299370297721774081 13
299371442762563585 38
299371874750693376 43
299372059304284161 55
299372562612359169 22
299373556674994177 13
299374416498921472 36
299374424921088001 13
299375452492013568 3
299376983438131201 36
299377272824147968 34
299378782781972482 19
299379051225829376 13
299382037570281473 13
299383694311976962 13
299384197628456961 13
299386345116286977 3
299389411148324864 49
299389897683369985 13
299395845223227392 38
299396763750629376 13
299398458262028288 13
299401700471623680 38
299406234510032896 19
299408742678675458 13
299409891926343680 13
299410776937078786 13
299412270113492993 13
299412655964307456 13
299415768137871360 13
299416103698964480 3
299416799966019585 3
299416829330341888 3
299417487823470592 43
299417953399619585 13
299419043897679872 13
299419735949455360 13
299426560082063360 13
299427411534176256 19
299428745335435264 35
299428774708142081 19
299429131198808065 13
299434940314054656 13
299436131487977472 13
299437775680311297 13
299439025591308288 46
299445526737334272 19
299449842667761664 44
299451193267208192 13
299455601480695808 4
299457019130290176 13
299458378088996864 13
299459313427161088 13
299462530458349568 44
299463826489896960 13
299464195605405696 34
299464438845693952 49
299465793639432195 13
299470684160139264 20
299470805794975744 45
299471690805690368 13
299472584209203201 26
299474350019588096 17
299475889316564992 45
299480419160711168 22
299482797326860288 38
299484584121335808 17
299487725634080768 17
299488145077047296 43
299489487250145280 34
299490204463534080 34
299490519032135680 44
299493350208315392 33
299494071632805889 51
299495761933135872 44
299497796141203456 44
299500266603024388 46
299500514062766080 49
299500572791435265 43
299500740559388672 26
299512396534382592 22
299515617772441601 7
299515949101510658 12
299519476498567168 26
299521200391081984 23
299521233920352259 35
299521917617057792 49
299521921798787072 34
299525189165789184 22
299526992695545856 22
299528196460797952 35
299528532034453504 50
299530138448715777 43
299532000728068096 26
299532504015179777 26
299534504698200064 50
299538086629609473 20
299539214922571777 26
299539349123526656 22
299539403657863168 44
299540745826750465 34
299540984927227904 22
299541253341728771 26
299542423569321984 34
299550447268683776 17
299551189643714560 17
299554167595352064 26
299554171789647872 26
299554486383427584 45
299557376229523456 26
299558064133140481 7
299558550659792896 36
299558789739319296 22
299559993496186881 49
299560207405707264 26
299562564604555265 36
299562719810572288 26
299562883354861568 45
299563701248339969 49
299563759997968387 22
299564623986835456 26
299564733063888896 17
299564938593177601 22
299566725366697984 42
299566733730136064 17
299568268862189568 46
299568390492798977 36
299569707487477760 34
299570386994094080 49
299572354110091264 38
299574614844137472 36
299574803600404480 23
299575512429387777 35
299576749740675072 22
299578574258720768 26
299579664794529792 33
299580608483586048 26
299583636804628480 7
299583955563323394 36
299584349811126272 26
299585239020355584 34
299589705933156352 49
299590163141636096 43
299591555621199872 34
299591983436021760 23
299592109294501888 26
299592251879866368 4
299592960734003200 4
299594508436402178 35
299598866293071872 34
299600560796086272 26
299601227682041856 22
299604595712335872 11
299604855767592960 22
299607414288826368 26
299608643215712256 43
299609561759899648 26
299609788260696064 49
299611931541663744 46
299615094063632385 26
299617015050694657 26
299619422589554688 26
299620651533221888 16
299621393904066560 43
299621876244832257 26
299622278889619456 26
299624111829831683 26
299625382678769664 26
299626066367090689 26
299626594861998080 26
299628331270291456 11
299628641686536192 7
299628817817931776 26
299629950305198080 38
299630797521039360 17
299631342809919489 26
299632001311457281 3
299637026075054080 35
299639219687653376 15
299639471341719552 26
299639475565391872 26
299639731396964352 26
299640616386695168 34
299641123897503744 26
299641421705641987 45
299642315113373696 42
299644487729299456 26
299646052225675265 45
299648333939617793 7
299648455566053376 26
299648619143892993 26
299649709675524097 38
299650225553960961 43
299651852943892481 55
299653102833893376 26
299653341938589696 26
299653539054112768 36
299657087418499072 26
299658467344523264 49
299659415286583296 26
299660371566923777 11
299660396728573952 11
299663093674426370 11
299663647335133187 36
299663924150812672 36
299665757061652480 26
299667543851925504 3
299667954885349376 26
299669003465547776 26
299670232371441666 26
299673373905137664 20
299674166624411649 26
299675248792571906 17
299675840176865280 34
299678218334662656 26
299682068701523968 13
299682555240792064 45
299682605589225472 34
299683821912195072 26
299684178449035264 34
299684199399559169 26
299684694327439360 26
299686523073355776 26
299686581764255744 26
299688074957430784 3
299688532119781376 26
299689022853365760 42
299693288481517568 11
299693573677383684 26
299693951164755969 26
299694047663116288 26
299694865544011776 26
299695104606756865 26
299695696016191488 26
299697176576139264 26
299697885451280385 26
299700028723847168 26
299700490093096960 22
299702486594363392 26
299702494974599170 26
299703631639371777 26
299704147547144192 26
299704650838446080 26
299707817558941696 34
299708509598142466 26
299708580909678593 26
299710258639683585 16
299710652874911744 26
299710678070083585 26
299712594875387904 34
299713647633108992 26
299714318700797952 26
299715472130199554 49
299716835308363776 34
299717682557751296 38
299719007957815298 26
299721075741302784 26
299722619228397570 26
299725819499134978 26
299726188614647808 26
299726809367453696 22
299729040724615168 26
299729149759741952 26
299731431465287680 26
299732559737282562 11
299732803006910466 7
299732865942429697 20
299735852274298881 46
299738305933750273 36
299739312591863808 49
299744198930882560 26
299744630931599360 34
299750708503277569 26
299754139452309505 26
299755041219301376 26
299760346992877568 26
299762897146482689 35
299764235137851393 38
299768853066551296 26
299773408076496896 7
299779737281236992 26
299784707518898176 44
299786729190219776 46
299797571470254080 35
299798175424847872 43
299798720675991552 6
299799475667468288 12
299805058273513472 13
299808745062539264 46
299809030275203072 32
299811093872791552 51
299813312676376576 35
299816752009850881 44
299824339509997568 34
299828261167452161 4
299832086364299264 44
299832203809013760 51
299832614871785472 51
299834443571552256 38
299835089519529984 26
299835802555412480 35
299839434818457600 7
299843008361295873 49
299843989836795904 23
299850360951021569 22
299852902716022785 51
299855775801683968 51
299858606965268480 26
299859022205575169 45
299859655537094657 26
299860062384562177 26
299863975695355905 23
299864931967311873 26
299865242358403072 26
299865963778691072 26
299866454499655680 7
299868664902062080 26
299871265378951168 22
299871777088212992 36
299872603370311680 26
299873886802157568 1
299874054599495681 38
299876055269920768 23
299880308277399552 49
299882334130409472 26
299883860873854976 49
299885542798155778 26
299886780113645568 20
299887199518863361 34
299889149870215168 26
299889720320720896 26
299890030711824385 26
299890236224307200 36
299890441741017088 26
299891628703879168 26
299891683246632960 26
299892123669508096 26
299892970918907904 49
299893000279052288 7
299893189005950976 26
299894359220969473 26
299894434697469953 26
299894535377522688 26
299894640239341570 26
299895953031323648 26
299897249100619777 38
299897706271363073 5
299897848886067202 46
299898561921970177 26
299899061039947776 38
299900101227339777 46
299900910736404480 11
299902072529223682 26
299902424875950080 26
299904094204723200 26
299904341656088577 38
299904635253161984 36
299904681411477504 26
299906271027539968 35
299906824705028096 26
299908494025437184 36
299908544331931649 26
299909068636700673 7
299910385648168960 26
299913065812619264 26
299914802237681666 26
299914827411910656 36
299915469148786690 26
299916723254091776 4
299916765188734978 36
299916928754003968 49
299917352387092480 49
299917423673499648 4
299917775995031552 26
299917939589672961 33
299918270935482368 51
299919466299523072 26
299920812671115264 3
299921366352789504 36
299924159742476289 26
299925543846047745 36
299926043005960192 49
299926500172513280 26
299926797963907072 26
299926999286304771 36
299928442114301952 26
299928823808524291 36
299928911909892097 26
299931067748589568 26
299931424285413376 26
299932833558962177 26
299934129594720257 23
299934666461437952 36
299934754566987776 26
299936868483624960 34
299939485720907776 26
299939976475447296 46
299940056142073858 26
299940391719956480 26
299941238956765184 1
299941939413921792 42
299944690864754688 26
299945122873876480 36
299945756197015553 51
299945848475897856 7
299946376970788865 26
299947048071991296 26
299947970793717760 12
299948130210807808 26
299948855808651265 36
299950105690259456 19
299950160220397568 34
299951003300667392 26
299951431090323456 26
299951737299664898 26
299953763161100289 36
299954388108210177 1
299954895614787585 38
299955872862457859 46
299956963381506048 26
299957043090034688 23
299957563183755264 26
299957584138481664 26
299957680632647680 46
299957684831154177 7
299958498521919488 34
299958506881183744 26
299958636908802049 34
299958934733746177 26
299960037827309568 7
299961698780082176 36
299962571191103488 26
299962810258051072 22
299963271618895872 26
299963808506605570 36
299966593528627201 16
299969542111780865 49
299972536828043264 46
299972868186460161 26
299975103754682368 26
299976122991534081 26
299977070891646976 19
299977729405763584 26
299977859412418562 26
299977934935060480 3
299980371813101568 26
299980384375033856 26
299980506030817280 26
299980543758585856 36
299980556349865984 36
299981034517303297 16
299981240046587904 36
299981516853899264 7
299981869179604992 26
299982544470933505 26
299982825480912897 26
299983685292269569 26
299983974720233472 26
299984897458724865 35
299985677586677760 36
299985803449344001 51
299985807610093568 26
299986155754110977 46
299986159956811776 26
299986495488536577 26
299987946738688000 34
299987997070348288 51
299988668158988288 55
299988726845693952 55
299989171462881280 36
299990505255735296 26
299991264399609856 26
299991696438083584 26
299992292012462080 26
299992392679952384 26
299993193800413184 26
299993328026525697 50
299993378341388288 26
299993470607687680 22
299994833785864192 26
299995915899510784 26
300000462541819906 49
300001477534048256 26
300001687270211584 26
300001796292759553 23
300002014396567552 26
300002479985270784 26
300002484187967489 26
300003310474252288 36
300003339834363904 26
300004212216041472 22
300004409365131264 36
300004430349217793 26
300004669424562176 36
300004723916951552 26
300004736537604099 34
300006787531280384 45
300006955290853376 26
300007429255593985 23
300007823536947200 35
300009358660628481 38
300010944082350080 26
300011816501788672 36
300012684743700480 26
300013083185786880 36
300014081442717696 36
300014404395732992 19
300015394243112960 1
300015473926492160 26
300016941932879872 49
300017667568439296 26
300018061828825088 23
300018313478688768 26
300019697611579392 26
300020272239624194 34
300022155452760064 26
300022344196452354 26
300022407127764992 23
300023103365476352 11
300023459910676481 26
300024235840114688 46
300024705581215746 46
300025011782184960 55
300025603191631872 15
300028325303304193 26
300028845392814080 49
300030049137078273 26
300030804120186880 46
300031122874699777 26
300031181586587649 36
300033970815524865 35
300034507678040064 36
300034994238271489 26
300035015184629761 36
300035845652631552 36
300038416781959169 7
300039532483579904 26
300039809278291969 26
300042011300478977 26
300044460753043456 19
300049007407939584 36
300049699463917570 36
300051922449231872 26
300055470801047552 26
300059430224019456 26
300060910813327360 26
300062232040062977 26
300064157242376192 12
300064861868675072 26
300065436475727872 26
300069995709333505 26
300071606313701376 7
300072583582318592 26
300074265481445376 50
300075460870672385 46
300077457359376385 26
300077843226980352 36
300078547886809089 36
300078635971395584 38
300081504871133184 7
300082289218555908 26
300082893173166080 26
300083916579147776 26
300084730303488000 36
300084935799238656 36
300085036458319873 26
300085149712928768 11
300086424798101504 38
300086588354994176 26
300088735855411200 26
300088920375427072 26
300090203840864257 11
300091793490468867 19
300099393577684992 34
300100177891557376 26
300100207247499265 26
300100282753368064 26
300102090519367680 23
300105752129961984 36
300110617514233856 26
300118867714392065 38
300120381858148353 36
300120679662116864 1
300122931999154176 51
300122961363496961 34
300124349682311168 26
300129579970998272 19
300134428586430464 36
300136383123701760 3
300141542121816064 7
300145518326206465 36
300151851721035776 1
300161465074216960 35
300170411524620288 12
300172181508354048 36
300174710690435072 11
300180846936211456 49
300189923435216896 43
300193719263563776 51
300194092560834560 4
300195904512724992 16
300208122520289280 26
300208458072997889 23
300215953269084160 12
300220487324278784 49
300221854667399169 26
300223654028001280 36
300225075880267777 26
300226124468854785 26
300226413880033281 17
300227403739971584 26
300230469772009472 36
300234617938653184 26
300235725213954048 26
300239068082630656 26
300240011809402880 26
300240263459270656 26
300242520003186688 26
300243153359867906 26
300243602133622784 7
300243711193923586 36
300243837031432192 26
300243975405715456 26
300250325611335680 7
300251382571757569 36
300253785907929088 35
300255560090136576 7
300257548194443264 36
300260631024648194 7
300261268542070785 7
300262048674234369 26
300262170321637377 36
300262468121403392 26
300263587979616256 35
300263759954468865 38
300264783385616385 26
300265005683720192 36
300266196828299264 36
300266662404423680 26
300267702604414976 36
300269124473462784 26
300269996897095680 26
300270068208660481 16
300272987410673664 36
300273000014557187 34
300274220557037568 26
300274514149920768 11
300275101369262081 26
300275386577743876 26
300275785028206592 36
300276477071601664 26
300277932528640001 12
300279467618742273 16
300280717538127872 26
300282261046169600 36
300282793697611777 7
300282823070343170 36
300282974048485377 26
300282995015831552 26
300287269024169984 36
300287529062641664 26
300288183369887745 26
300289672356167682 33
300292134408441856 36
300292646126116864 36
300292943913308160 36
300296869773471744 26
300298321027809280 36
300298652382015488 26
300301181555703808 26
300302330757267456 34
300302913769730050 26
300303551312302080 44
300305329709785088 36
300306856444833792 26
300308236345700352 36
300308362195775488 36
300309037482921986 1
300310631314227200 51
300312388702461953 36
300312405492252672 1
300312418079363072 7
300312782983794689 36
300315182104727552 23
300317153461157888 7
300318696965017601 49
300320513098670080 16
300320857010622466 26
300323205812461568 23
300323407147442177 7
300326921995182080 26
300329438544015360 34
300331107885408257 34
300331393119055872 34
300331955151589376 36
300332701741899779 26
300333901300260865 35
300337248367419392 26
300338636665282560 38
300341845320429568 36
300342256370585600 7
300343363654283265 34
300344668061855745 26
300347268551278593 36
300348493279686657 32
300349772554960897 15
300350611419963392 38
300352243004239872 43
300353161535832064 7
300357854957821953 26
300363152363773952 26
300367166316871681 26
300368936321572864 26
300369452233547776 46
300369938772811776 38
300370270093451264 49
300373067727765505 26
300380885910421505 49
300390130122891264 26
300392600588922880 26
300392659296608256 38
300393414271332352 26
300394920026464256 34
300394982936825857 16
300395930866311168 36
300396903940624384 34
300397151400374272 26
300402167813120001 7
300402687890051072 16
300408836718735360 49
300409444926377984 55
300417984499970050 22
300424997384646656 22
300425123205378048 36
300428625465995264 49
300436485574885376 34
300441669743017984 33
300445314597412864 19
300446782620577792 26
300448711987822593 55
300455699677339649 38
300481482076610560 26
300486947258896384 35
300491527443058688 34
300498179609214976 51
300512524116299776 49
300516345131458561 4
300519012700418048 36
300524394005012480 34
300527095124226049 16
300536465224519680 46
300548393820889088 16
300550709059919872 46
300551380152770560 35
300552114151776256 38
300559101874823168 35
300560171434930176 38
300562268574339072 16
300562381803753472 26
300563916944179202 50
300575988142727168 49
300577863004983296 33
300581839201001472 19
300589548323352576 38
300595701384093696 49
300598054359277568 34
300598771581059072 1
300602110259630080 45
300607135056797697 46
300612155621904384 20
300612214354767872 49
300624386224955392 53
300624684007960576 53
300624751129419778 36
300625782936576000 53
300626454021029888 53
300626659529338885 53
300627594875895809 53
300627984921014273 53
300628488262676482 53
300628966375563265 46
300630069481717761 22
300630077878714369 22
300631675929522176 35
300632418300346368 53
300633743717199875 36
300635056504975361 53
300636138656387073 22
300636734239145984 1
300637413708034052 53
300638168695324675 36
300638814601371649 50
300638877524303872 53
300639498285510656 36
300640026771984385 53
300640282611945474 53
300640320373276672 53
300640328745111552 53
300640593003020288 53
300641100526403584 53
300641478013759489 22
300641628996124673 53
300642581086359552 53
300644057506533377 53
300646582473330688 26
300647006085455872 26
300647534584541185 53
300649375892381699 53
300649631711363072 34
300649791115894786 53
300649984049684481 53
300650252485152770 55
300650395108253696 53
300650789377015809 36
300653087847231489 53
300653113021440000 43
300653431759192064 35
300654119646031873 16
300657340863086592 53
300659022758035456 55
300661979775909888 53
300662520824344576 15
300662915072151554 55
300667004547919872 7
300669898596691969 43
300672268370063360 53
300673904186380289 15
300674080313573376 36
300674206159470592 20
300674646540443649 50
300675393134948354 53
300678543048839170 53
300678589194579969 53
300681000936144896 35
300682829656883201 53
300684192780541953 64
300686147342966784 49
300686516454293504 53
300686977810968576 53
300687086883835905 53
300688131265552384 53
300692593988235266 53
300694326214815745 53
300695811019395075 53
300696209461501953 53
300700819035136001 53
300701087466389504 53
300701666263592960 53
300701674635411459 53
300702408638623744 53
300702731629367298 53
300702966510391297 53
300703700509401089 43
300705617314738176 22
300705717969616896 26
300705847984672770 50
300708901446352896 43
300710625301114880 22
300711829074747393 53
300711833264852992 53
300712965739524098 19
300714073014812672 53
300714572157947905 53
300715696214642688 22
300715733971787776 22
300716333748871169 53
300719152329535488 6
300722348359815168 15
300727729677025284 22
300728526573817856 43
300731890422386688 51
300733702370107393 53
300733916254457856 6
300734713205764097 53
300736873242951681 43
300738152522461184 34
300741432476594177 7
300742908871589888 53
300744607547944961 36
300746302042542080 53
300749779128954881 16
300750131446284288 46
300754036326539264 36
300761288303333376 34
300762085204295680 53
300771778249244674 38
300776048050708480 7
300776144532295680 7
300776165499604992 34
300776173892423680 7
300776220021379073 7
300776240988692480 7
300776257749123072 7
300776261977001985 7
300776266158706688 7
300776350040612865 7
300776408769257472 7
300776551350419456 7
300777138582327297 26
300777339883753473 34
300782029132423168 38
300783220314750978 19
300784226939326465 43
300785862726262787 16
300786085003423744 12
300786588328284160 53
300786932257013760 20
300788324799508480 4
300790212219531264 46
300790287716978688 46
300790799409500160 26
300791726342295552 15
300792728818696194 19
300792791733260289 19
300792863007055872 19
300795237004099586 19
300798672113897473 38
300799418720997377 34
300801205481906176 42
300805240419127297 53
300822466400501760 7
300823108145799170 53
300823787635613696 38
300825360466063361 15
300826115440783360 6
300827872879316992 36
300827960968110080 34
300830783722106880 53
300837037408415744 22
300837880471887872 20
300838903903047681 43
300844704596119552 53
300851176440750080 23
300853063881719808 53
300854791914016768 34
300855165194473472 38
300858017354743808 53
300864757563551744 26
300864975679918080 23
300870499582476289 43
300871984357732352 34
300872273768898560 43
300873066513326080 38
300873406230982657 16
300877172720160768 53
300878871413280769 46
300880901448024065 34
300882931512119296 22
300884353368612864 53
300885926224211969 19
300886911902416896 23
300901134770520064 53
300904691569655808 1
300916427228069889 22
300917110870274049 38
300920000741535744 6
300924488671961088 38
300926019605520384 38
300933498020171776 36
300934458519977985 19
300935163184033792 53
300935238677299200 38
300937142878748672 38
300938833179058177 38
300940150182137857 38
300943119770324992 38
300943950225747968 36
300946479395262464 38
300950178796535808 38
300952678568185857 38
300955971126181888 11
300956885459283970 38
300957191635079168 53
300957317497749504 26
300957783044526080 34
300958106014339072 20
300959548871692288 43
300963042726916097 22
300967597736869888 49
300969480975171584 38
300969854264045569 36
300970747642404864 38
300971372602089472 38
300971678773686272 38
300972073055031296 38
300976397357289473 22
300976426725806080 23
300978892993343488 53
300983141810728960 42
300985515807752193 38
300986413359448064 43
300992658682286080 44
300994198000259072 44
300996362252738560 36
301000543961227264 23
301001206686420993 38
301001340912549889 38
301004054606270465 7
301005791069085696 38
301013282100228096 1
301013546312028162 38
301013563118612480 15
301014066422493184 7
301015068840173568 43
301016100651548674 38
301018281706389504 23
301018415898972161 38
301018478838706176 26
301021117030748160 11
301021209301241858 53
301021624558301185 38
301021674889957376 16
301024170475675649 32
301024531223564288 53
301026397688823808 34
301028931027484672 34
301029165916909568 34
301033934815363072 53
301036023578779649 19
301036845666533376 36
301037772616122369 53
301037961380786179 38
301038192050724864 22
301038535975260160 53
301039546794119168 53
301039773303312384 38
301040729592049664 22
301043049063124993 53
301044017943150592 43
301044185702744064 43
301048417759678464 22
301049164358365185 38
301049969639579648 38
301052666614804480 53
301053065048510464 65
301054612763443200 53
301055107695529984 16
301055829115813888 34
301057678803877889 50
301057808797954048 34
301058677027258369 16
301058886750851072 34
301062724543213568 35
301065815741054976 22
301066637837205504 38
301070567900073985 53
301071159288545281 53
301071884907327488 22
301074544070889473 20
301076267959218177 43
301082026734387200 53
301082345488936960 7
301082404192395267 43
301083201122729984 22
301084300055552001 38
301085398950625280 38
301087630320357377 46
301088611762307072 43
301088762769854465 55
301088884400455681 55
301089496773033985 53
301090557944541184 26
301092407628423168 15
301092743185305600 46
301092797711273985 43
301093024195309571 11
301094907421016064 21
301096274793484288 55
301097801482375168 19
301099349193138176 19
301101190513565696 43
301109608464936960 53
301112548655263744 43
301116050899103744 38
301116587774210048 20
301120597537218561 53
301122124272242688 34
301123105751973888 53
301125546811731969 3
301126733808164864 19
301129254580670465 21
301129531404742656 65
301129544000221184 45
301143087399464960 36
301143259357540353 11
301145100682133504 38
301145968873713665 55
301146442830065665 38
301150070903013376 38
301150679106457600 38
301153304740773889 46
301155632571117569 43
301157952021217280 22
301160774800396288 21
301161445851287552 21
301163970847453184 55
301164658704932864 53
301167359840878592 53
301168202912759810 7
301169477964398592 43
301175626822475777 56
301175966548504580 36
301176318857474049 56
301176771859062785 49
301178013352091649 38
301179129049513984 13
301180546745237505 56
301181150725013506 4
301182924911439872 2
301184250319888384 38
301184627769499648 56
301185735065739264 56
301187471541141504 56
301188373316521984 49
301188713038376960 56
301188721447952384 53
301189241533239296 56
301189270864007168 46
301190025855504384 7
301190730498572289 56
301195813982437376 56
301198657724751872 56
301199790207799296 22
301202608750751744 19
301205385392574466 15
301206769500315648 56
301207306408976384 56
301207457399717888 56
301208661139783680 19
301209214787919872 22
301210477298606081 56
301211592979267584 56
301212196929691650 56
301212880638988288 43
301214126347272192 56
301214562529710080 56
301216047330103298 46
301216588386934784 56
301217645334765568 56
301217678918578177 56
301218039611936768 38
301221483143905280 22
301224062649237505 33
301227007038087168 38
301230333116956672 56
301230849024724992 56
301231411040505856 56
301231738221383681 56
301232023408885760 56
301233021686800384 56
301234032480514048 35
301234703590125568 11
301235303383957505 56
301236653937270785 56
301236893029388288 56
301238142923571200 34
301239317307736065 19
301240089068044288 56
301240932106399744 56
301242777600135168 46
301244937670885376 7
301245537477328896 56
301246695109435392 56
301249920525029377 56
301250683896737793 56
301250864247619584 38
301252248346955777 56
301252458074734592 26
301253401805717504 6
301254928519794688 19
301256966955741185 49
301257977766232064 56
301258015531741185 56
301259177362337792 38
301259663872241666 56
301260171399806976 56
301260326597435392 56
301261912040153091 56
301262562132099073 26
301263593943494656 56
301264470548815872 56
301267289116901376 38
301267977016332289 56
301268195090776065 56
301270124474818561 56
301270682325635073 56
301271374381600768 38
301271890285195264 38
301273563791495168 56
301276596277485568 19
301277351281577984 56
301278236283924481 38
301278383050985472 38
301279070929432577 20
301279356142104577 19
301280517976887297 19
301281851748794368 23
301282061472395265 19
301284028613550080 56
301284401906585600 19
301285358178537473 19
301285769228713985 56
301285895049457666 56
301286276743716865 56
301286486463090688 23
301286851363356672 56
301286926852448256 19
301287522460389376 26
301288290001240065 19
301289430881292290 19
301290059993346048 56
301290529767968768 56
301291028881739776 56
301291238592761856 19
301292136190603264 56
301292236845481984 19
301292412997890048 19
301292501090856963 19
301292765344591872 19
301292777935863808 19
301293692260593664 19
301293704864477184 56
301293721620713472 56
301293990051995648 19
301294006833410048 19
301294405288075266 19
301294459830824960 19
301295617441927168 19
301296217265164288 19
301296728936701952 56
301298113073778689 19
301298377327525888 56
301300159898345472 56
301301028110864384 56
301301292352040960 19
301301749514379264 19
301302965891907584 19
301303024586985473 19
301303095915339776 38
301304337433493504 19
301304526173007872 19
301304706502905856 19
301305000099971072 19
301305130127605760 19
301305453114175491 19
301305708949950464 19
301305855746383873 19
301306325537796097 19
301306371662548992 53
301306430378614784 38
301306887549382656 56
301307097281347584 34
301307344724316160 19
301307814490550272 38
301308460438548480 53
301308833723187200 19
301310331064565760 19
301310343655849984 19
301310389784825856 38
301310448509276162 23
301310515618119680 56
301310637244551168 19
301310725354319872 56
301311446766202881 19
301311564185747457 56
301311589389303809 19
301312461766791168 19
301312482776055808 44
301313598456750080 19
301314089190318080 19
301314139526144001 19
301314919666708480 19
301315569754443776 22
301315628487303169 34
301316169531543553 19
301316211478769664 19
301316219879948291 19
301316819661225984 19
301317490758262784 19
301317553660256257 38
301319004889427968 19
301319063634862080 19
301319285928779776 19
301319390777987072 19
301319441118019584 26
301319558550155265 19
301320095425236993 56
301320170914328576 22
301320657466187776 19
301321852826030080 46
301321869620043776 56
301322209346072576 19
301322452598927360 19
301322742043643905 19
301322742043664384 46
301322888823312385 56
301323123721113603 19
301323161465671681 19
301323627041804288 19
301324650447773696 19
301325044678811648 19
301325317316939776 36
301325724172832769 36
301326055531241472 38
301327494164914176 19
301327544488177664 19
301328404324679680 19
301328643395825664 56
301329209647845376 19
301329591308521473 19
301329712943357952 19
301329842970955777 19
301330090439102464 19
301330149155164160 19
301331080294854656 34
301331143234576384 19
301331260645707777 56
301331914969718784 56
301331990479773696 56
301332388917690369 19
301332544123715585 19
301333135524786176 56
301334452502659072 19
301334691590586368 19
301335165546946560 19
301335496901132289 19
301336004395155457 19
301336520311308288 19
301336918786985984 19
301337086542348288 19
301337405296893953 19
301338210620022784 35
301338701341028353 50
301338982376169472 19
301339007529385985 43
301339083022688256 19
301339091411296256 19
301339510866866177 19
301339632472301568 19
301340106437046272 49
301340198720110592 19
301340672672284672 19
301340999815397376 38
301341062763536386 19
301341180166283264 19
301341637358010368 19
301342656578064386 56
301342685938192384 56
301342954382053376 26
301343084392890368 19
301343604503351296 56
301344032305594369 19
301344078468100096 65
301344225264549889 19
301344254595305474 56
301344489505710080 19
301344887947800576 19
301345059918467072 19
301345236070846465 19
301345298981195776 19
301345303167123456 19
301345806487801856 53
301346032984412161 19
301346284651044864 19
301346636968370176 19
301346800563011584 19
301347538731151360 19
301347693945561088 19
301347765248724992 19
301347891077857280 19
301348461494800384 19
301348654445391872 19
301348717330591744 19
301349258416758784 19
301349417817079808 53
301349568791076864 19
301350063714738176 53
301350147596636160 15
301350751576399873 19
301351129059557376 56
301351523349327872 53
301351561081286656 19
301351829529300994 19
301352009859231744 19
301352991330549760 19
301353079444492288 19
301353104589340672 19
301353398199001089 53
301353477899165696 19
301353549172973568 19
301353725354729472 19
301353767310344193 19
301353989583282176 23
301354115433373697 19
301354287399829504 19
301354564211335168 56
301354815877947392 19
301355990262108160 34
301356829122912256 19
301357839966949376 53
301358250987757570 19
301358590751551488 19
301358796280852481 19
301358829818490880 19
301359005991858176 19
301359219876192257 16
301359333147566080 19
301359500919701504 19
301359547052875777 19
301360784355762177 19
301360947941998593 19
301361057010683904 19
301361090552528896 19
301361291858149376 19
301361358992179200 19
301361488998854656 53
301361572872347648 56
301361681945198592 19
301361694519750657 46
301361929413337090 19
301362072032251905 19
301362101379813376 38
301362235597549568 19
301363070272417792 19
301363279962439680 19
301363456131612674 56
301363531629068288 19
301364047528472576 56
301364097872695297 56
301364265632280576 53
301364274041847808 19
301365272248479747 19
301365498749276160 65
301365574259331072 19
301365930754203650 19
301366111147028480 19
301366438281752576 19
301366664765796353 19
301367008694525952 19
301367168090656768 19
301367264576425984 19
301367780463214593 56
301368069866008576 19
301368212468154369 53
301368552202575873 19
301368665473970177 38
301368711598710785 53
301369042940338176 19
301369219092713472 56
301369273631272961 56
301369357504761856 36
301369378497241088 53
301369521116176384 19
301369718214901761 19
301369936343859201 19
301370506752430080 53
301371358187769856 19
301371454656757761 19
301371517604872192 19
301371567915532289 19
301371827958206464 19
301372276769714176 56
301372314510041089 19
301372360626405376 19
301373069463789568 19
301373472146333696 19
301373644079247360 35
301373778330525696 19
301373887361474560 19
301373992206487553 19
301374084493758464 19
301374105477869570 19
301374784955117568 19
301374944313487361 19
301375527325945856 19
301375795773988864 19
301375812551200768 19
301375867093921792 19
301375921603100672 19
301376382976536577 19
301376877904420865 19
301376945009078272 19
301376999543435264 19
301377326686547968 6
301377339261063169 56
301377502843109377 19
301377519624544256 19
301377553170587648 19
301377985209057280 19
301378144600997888 19
301378740196360193 19
301379029569769472 19
301379197367099392 19
301379314795028480 19
301379314816004096 38
301379323175260160 19
301379730018553856 19
301380128494194689 19
301381458088570880 46
301381692986380289 19
301382632476930048 19
301383005799329793 19
301384482177568768 19
301384746401923072 53
301384830288031744 19
301384859685892097 19
301384981287141376 19
301384989705113601 19
301385170047602689 38
301385170051805184 56
301385279116296192 19
301385774010617856 56
301385803391696896 19
301385828557533184 56
301386398966108160 56
301386684182953984 19
301387032331177984 19
301387229463453696 53
301389142057697280 19
301389632782872576 19
301389880234225664 19
301390249328799744 53
301390408733298688 19
301390626828734464 19
301390681363079170 19
301390685569949698 19
301390790406569984 19
301390886883950592 19
301391222419910657 49
301391486652657664 19
301391784477589505 12
301392082239639552 12
301392094856089601 19
301393181168259073 19
301393294393487361 19
301393327973093377 19
301393520894300160 19
301394150039908352 19
301394447856455682 19
301394980512096256 56
301395190227275776 56
301395676762349568 19
301395790033723392 19
301395840365375490 19
301395890697023488 8
301395903279927297 19
301396092023611392 56
301396188484235265 19
301396305916350465 53
