303540765458575361 180
303540773872349185 180
303545089823760384 118
303545094001287168 11
303546247447461888 162
303550978601406464 159
303551423214395393 118
303554631831793665 13
303557135848062977 165
303558201192894467 15
303559056839303172 158
303562064172040194 118
303563548951461888 118
303563947380965378 118
303564308124688386 165
303564551373332480 165
303565121794494465 118
303565176307859456 3
303565469909123072 118
303565608358907904 118
303566258467647489 180
303566266856243200 68
303567453814943744 162
303569077044117504 165
303574068253302784 118
303574714163544064 86
303574865158492161 158
303576865833103360 234
303576920384208896 118
303582742061404160 165
303583010509443072 3
303583778054492161 165
303584767926992896 111
303588735713419264 111
303590795150241794 14
303593240395911170 111
303593404007337984 158
303596939776258048 234
303597501833965568 4
303599271826059264 196
303600664313999360 14
303602857955950592 165
303603705188581376 196
303605911421865984 196
303607299723898880 196
303607371031257088 165
303607421341937664 196
303607488454995968 196
303608193093869569 196
303609417864204288 196
303610592256729088 19
303610852278423552 196
303611384971816960 196
303614941741584384 180
303616678170857472 11
303617504478117890 165
303618133606932481 196
303622000742633472 87
303623728808480768 196
303624458613174272 162
303625008087986176 162
303625150660751360 76
303626144731770880 180
303627537223933952 162
303630708113547264 56
303632541041188864 11
303633497329909760 158
303634466218311680 158
303638564044931072 196
303639721710608385 14
303639935603326976 111
303640279515287553 34
303640799621545984 165
303641210684321793 3
303646155764551680 196
303646713581826049 76
303647598609326081 165
303648890438180865 196
303652510114123776 118
303654095556849666 111
303659313283612672 233
303660177318617089 162
303662433849970689 62
303666384884338689 3
303668716921577473 158
303671950729953280 118
303672693125967872 196
303677189415645184 156
303678472876875777 5
303681572467515393 118
303681849287397379 158
303683745091817472 25
303685762560446464 158
303689667465850882 111
303691995300384769 2
303692402143682560 118
303693522018643968 162
303693568181149696 118
303699373068533761 118
303701298254069762 165
303703147937947649 4
303704888611856385 25
303711150699323393 1
303712455136276481 158
303712912294428673 25
303715416310693888 20
303717727347023872 268
303718725616558080 196
303723968463003648 162
303724589257740288 196
303724660539916289 196
303725654606749697 165
303726459917307904 234
303726719934816256 162
303732109644808192 1
303733841888178176 34
303736593326436352 34
303740640825593857 118
303741475517243392 162
303744268915331072 118
303744591855767552 2
303746668069797888 1
303747280438165505 19
303747360129957889 1
303748769403502592 19
303748882666487808 19
303749339820466176 196
303750082220658688 165
303750275141865472 1
303750342250733569 158
303751160140017664 3
303752271643176960 1
303752271647342593 1
303752913380048896 39
303753433452793856 1
303762652549746688 25
303772370731163648 19
303777416483049472 2
303779639459983360 16
303781187187535872 1
303781694694117376 198
303787709317648384 1
303788564959875072 165
303793908503179266 1
303794151764393986 4
303794315359039489 2
303798404805439489 1
303802880119435264 1
303803303731535872 118
303804209717977088 14
303807409976127489 118
303807854555570177 14
303809339347578880 165
303809582617219072 233
303810647982997504 1
303810899624488960 14
303811021250908162 1
303811507811131392 19
303811633631883264 1
303813307146567680 233
303813978226835457 1
303814716462071808 158
303814729019842560 118
303814951305347072 1
303815014257684482 1
303817660863504384 158
303818440974667776 267
303821188256395264 167
303821452510109697 2
303825537766404096 56
303826083004948480 54
303828490539642880 196
303828696047968257 1
303829597840089088 234
303830524789669888 1
303831007117836288 1
303833162977538048 196
303838640746942464 118
303840846950838273 25
303843132842328064 196
303843418054983680 1
303843573244252161 234
303844647015419904 196
303844764451749889 1
303844898648494080 1
303846177902833664 25
303846366646530049 165
303846471516700673 1
303847524278603776 1
303847817888268288 111
303852175757553664 1
303853102728085504 196
303854537180069888 162
303854876914487296 25
303857053766660096 2
303857418633355265 55
303859469664804864 111
303860677628542977 8
303862166623252480 165
303862833479827456 1
303863353577701376 1
303863403917758465 1
303864112771891200 62
303865450725519360 159
303865547211292672 62
303865832415576066 118
303865844990107648 13
303865844998471680 234
303867266871721984 1
303867577250217984 1
303868357386596352 167
303869020111781890 15
303869909291651073 13
303870416815009793 19
303870425191026688 19
303871658316406784 25
303872098726735872 0
303872337802047488 1
303872513946030081 3
303872824328740864 15
303872895636103169 162
303873038221467649 1
303873067619340288 19
303873411522887680 25
303874174886244352 1
303874288153399296 13
303874871136505856 13
303874921472348160 25
303875219272122369 1
303875491914448897 13
303876364338081794 1
303876607590936576 156
303876842467770368 13
303879631667347456 1
303880235668086785 1
303880273425219584 158
303881074537287680 228
303882156642545664 13
303882412520267777 1
303883343647363073 13
303883662410256384 13
303883809210900480 118
303884190905147393 13
303885189120147457 1
303889333117657088 1
303890163564699648 1
303890394259812352 1
303890754995122177 13
303890788553719808 13
303890826281496576 19
303891019219488769 1
303891765793013760 165
303893149938483200 162
303893154120220672 165
303894018167816194 15
303895620387758080 15
303895830098763776 1
303895897211809792 15
303896698294501376 1
303897889481056256 165
303898183111696386 118
303898661258133504 19
303900389294624768 13
303900619998126080 13
303901018457001986 54
303902276739821569 158
303903874773827584 1
303903979602067456 1
303906366194597888 25
303907108557053952 118
303909599990386688 2
303911143511035906 25
303911852331646976 196
303911923639017472 118
303912020112207872 13
303912628290482176 1
303915618795655168 1
303916482822279168 233
303916503802212354 165
303917904720715777 2
303919368516018176 13
303921176273641472 13
303922791084867584 13
303924774982258688 111
303924875658158080 118
303927115391328256 158
303928218522636288 2
303928499541004288 165
303929309037465601 1
303930038821220352 111
303930043044864000 1
303930890277515264 1
303930928013668352 162
303931024491032576 13
303932140180082689 1
303932580561031168 1
303933759168860161 1
303934778401505282 13
303937257222594560 19
303937404040011776 167
303937525645463552 1
303937655668879361 1
303939773825970176 180
303941757723353089 19
303941900333887488 19
303942034560000002 19
303942156186431488 111
303942290399956992 19
303943481578098688 19
303945964593496064 19
303946455356420097 1
303946883154460672 25
303947151577333762 163
303947503919828995 2
303947680088985603 1
303950226018938881 1
303951324909805568 165
303951584986034176 19
303951928897978368 1
303952407061217280 165
303952851644841984 84
303953405284581376 15
303953724060098560 13
303953841517383680 19
303954105737564161 1
303954432914243585 118
303955296945049601 1
303955573752352768 11
303955867370393600 1
303956928525135873 1
303959692542087170 1
303961374487375872 165
303963391918211072 19
303963639419912194 1
303964939616391170 162
303965254189187073 19
303965501653123073 25
303965950447861760 3
303966009197469696 15
303966457979600896 19
303966567044091907 111
303968899051974656 19
303970509664706560 1
303971138835447808 268
303974490080149505 19
303976658514354177 1
303980148179496961 25
303981251298217987 54
303983210038194178 13
303985353306566656 196
303987949601685505 1
303990449398497280 1
303990533259399169 25
303990822666375168 39
303992131322802176 19
303992693363712000 111
303992957583888386 165
303995641942667264 165
303997634228654080 167
303999353905876993 19
303999534256758785 19
303999689454411776 25
304003707572453377 1
304004848452513793 19
304007125934411776 1
304007201457070080 4
304007335645442049 1
304007541166338049 54
304008405197127680 1
304012255576604672 1
304014256268005377 1
304014797320622080 19
304016491823628288 25
304016491832037376 1
304016630252462080 111
304017330684432384 13
304017431368708098 1
304020627419955200 1
304022535811514368 233
304023492112826368 19
304024578424975362 54
304024968512040960 13
304025564098990080 19
304029460624195585 4
304029766791622656 15
304030429487439872 13
304032648270053377 4
304032799281790976 5
304033365517025280 234
304033927536988161 1
304034770587906048 25
304038776164999169 165
304039120089513985 165
304040470667984897 1
304041456321040384 233
304042345496715264 25
304042806895337472 111
304043255677452289 25
304043633164832768 165
304044186804576257 25
304044631421751296 25
304044912414965760 162
304045587718881280 233
304045801607409664 162
304046992798150657 267
304049073193881600 233
304051363262914560 167
304053825323540480 2
304053900804247552 20
304054781608083458 13
304055394010005504 233
304058585854398464 165
304063195398684673 1
304065883934953472 233
304067410665799681 13
304068618621165569 1
304069000311230464 1
304070459954192384 1
304074306130944001 19
304076357145600000 165
304078248747360256 62
304079448339275778 13
304080102650679297 1
304081121858187264 86
304085542637813760 25
304085848842989568 1
304086977089765376 87
304088713561001985 167
304090059915808768 165
304090282197123072 1
304090559050575872 233
304092341629771776 1
304098188464369664 233
304100713464750081 198
304102013669621760 165
304102156280156160 233
304102156288532481 233
304102479241543680 233
304102898676142080 233
304102949020385280 233
304102990942441473 233
304103414571364353 118
304104488334143488 233
304104605783035905 198
304105306202468352 233
304105394307989504 39
304107910873628672 233
304108183490809857 233
304108275765493760 233
304108821054357504 228
304112923058532353 233
304114336543166464 233
304117704586059776 233
304119998878715904 118
304121181655670786 233
304121341022449664 162
304123081662808064 233
304124562268893184 233
304124600021835776 165
304124667122302976 233
304125317222645761 233
304126370005532673 1
304127477301784578 62
304128966300680194 233
304131281522925568 233
304139095544840192 267
304140647433138176 267
304142727795310592 267
304142740357279745 267
304143252083331072 233
304143612785082369 267
304144950759677952 5
304145261167513600 233
304146074845736960 25
304146427179851776 1
304146838221643777 267
304147911959269376 233
304150055261196288 233
304150864724127744 1
304151070245011457 233
304153452634849280 25
304154308281237504 13
304154622845661184 19
304154815771078656 165
304156938097274880 267
304156967469985792 267
304157282009231360 233
304157525291433984 233
304158997496356864 267
304159714726518784 162
304159786029703168 267
304160062870548481 233
304160645853614081 233
304160872367022080 267
304162466177380352 267
304162571043368961 27
304163107901673472 62
304164454290038784 267
304164731126693888 233
304165649645723648 267
304166383669878784 267
304166643716726785 165
304166677262766080 267
304167130264379393 2
304167503561650176 233
304167847494569984 267
304168300450025472 233
304168438857875456 267
304169558749609985 233
304169793651625984 233
304170439553466368 233
304170632483074049 267
304170963858235392 267
304172771573895168 233
304173144883728384 27
304173585277280256 233
304174004716044288 2
304175229465423872 267
304175632110219265 267
304176470979379201 233
304176789746511872 267
304176819094032385 39
304178597474729984 233
304180359090798592 1
304180824650174464 165
304181730636607488 233
304182007439708160 267
304183269950373888 267
304183328645459968 267
304183538364846080 267
304183760675549184 13
304184343696396288 2
304185622933958656 233
304187426493063168 62
304187682333016064 233
304187799773515778 233
304189448155955200 198
304190840639733760 165
304191813718249472 233
304191817933524992 233
304192468038074368 11
304193269145939968 5
304194200298192897 233
304194334511747072 233
304194766525059073 1
304194787496570881 233
304195961880719360 267
304197316670271488 162
304199149551767552 233
304200357549051904 16
304200902775029760 267
304200919585808384 86
304201502573076482 228
304202463072882688 165
304203436163989504 167
304203478094450689 233
304205701075591168 267
304206611243737088 198
304206661583794176 267
304207307498205185 167
304208049894195202 165
304208532243369984 1
304217365451771905 267
304217755496886272 165
304218871185956865 27
304220825744207872 162
304222415372840960 111
304225053585846273 233
304225888273301505 158
304226077021184000 1
304226513216208896 267
304229885440843776 162
304235832972296192 158
304236030091993089 1
304236101374181377 233
304236822815449088 267
304239838520045569 165
304240018862530562 62
304241440735776769 62
304241679819481089 267
304243856646496256 233
304244288651403265 25
304248986292867074 233
304251037290729473 165
304251037324304384 165
304252173972295680 1
304252853428559873 1
304254459855396865 233
304254669553803264 55
304254908629135362 165
304257475572539392 25
304258138247401472 15
304258465432485889 158
304259576918859776 267
304260810023243776 4
304262605189558273 158
304262802317651969 267
304266468160323585 233
304267344765665280 163
304273506173087744 25
304275968237912064 158
304276496749572098 13
304278652592476160 62
304286617584144386 1
304290669302804480 19
304293219414450177 233
304293861130391552 1
304294087652155392 27
304295039734013952 13
304296662929657856 158
304297195610451968 158
304297594094493696 15
304300391691059200 1
304306200781156352 111
304310290256891904 2
304310457991311360 233
304310483178106880 1
304311967957524481 267
304312387387944960 25
304312995549413377 233
304314669110280192 19
304317663834959875 62
304318821467049985 1
304320536908017665 162
304320671134134272 19
304320943780659200 86
304321052824190977 156
304322407601164288 27
304323674264178689 62
304323732967661570 118
304324815110696962 196
304327566582493186 62
304330871694032896 233
304331316302848000 19
304332687802527744 180
304334579441995776 165
304334965322170368 267
304335435071623168 234
304337452569616384 180
304338681471320064 180
304341529403744256 180
304341567165038594 180
304344641585700864 25
304345262342676482 233
304348030570729473 180
304349108532043779 180
304350501045149697 25
304350832382586880 25
304351046308859904 54
304351172129595392 87
304352489149456384 180
304353873248804864 25
304355492254343168 180
304356800889774081 19
304357287399657472 180
304358801551798272 118
304358973526646785 1
304359871086723072 111
304359908852248577 180
304360764490260480 111
304360814809346048 234
304362786128027648 25
304362861663240192 118
304363817947774978 118
304364447072403458 180
304365223031214080 180
304366141583785984 267
304368423289384961 162
304368570077413376 15
304369778041176064 118
304370419769675776 162
304371036353347585 111
304371464159776768 180
304371724227588096 62
304373443854475266 13
304373443879636993 13
304373926207832064 180
304374383399538689 267
304377864650899457 233
304378858717712384 62
304379286524137472 19
304381962494300160 111
304383053009125376 165
304384810456055808 180
304389709365407744 267
304389910700388352 86
304390900547743744 62
304391387112153089 25
304392746062462977 1
304392934810349570 2
304393937253175296 158
304395296190898176 2
304395589808971776 2
304396906795249664 2
304397288481103872 2
304397452071550976 234
304397716300111872 2
304401189183832064 2
304401768010358784 2
304402619470864384 111
304404028731846657 15
304404859208220673 11
304407027646611456 111
304408164336553984 1
304409649095008257 165
304410399879610368 165
304410542473367553 111
304412417335640064 111
304412845150437377 25
304413319106809856 13
304414220886343680 2
304414271230590976 233
304417622458511362 13
304417819611762688 62
304417945457680384 111
304418276807680001 234
304420801761914880 233
304422659838599168 1
304422735344443392 198
304422743733043200 233
304423268016852992 2
304425952367222785 158
304427982393593856 86
304430704513654784 233
304431346258952193 118
304432394805575680 158
304432860381724673 180
304432868761939968 180
304432877179895809 2
304435330839371776 162
304444315034320898 233
304446865158578176 111
304446898717196288 158
304450707141046272 54
304451957056217088 165
304456755344179202 19
304458328203993088 2
304458395287683072 234
304458621796888576 54
304460500828295168 19
304462136623632384 19
304462371487903744 13
304466578387398656 62
304467736032055296 233
304470781075800064 165
304473113121419264 25
304476275630825472 165
304476422444027904 158
304482143441129472 1
304484064453357568 165
304487491195514880 165
304500720034537472 111
304503416980385792 111
304506181030912000 267
304510228534280192 165
304510232720207872 198
304511239336361985 233
304513227423899648 198
304513764303183872 111
304514653495623680 1
304516830368780288 13
304516922643472384 13
304516960358653952 13
304516981330169856 13
304516998119960576 13
304517186851069952 13
304520131265048576 13
304520471016255488 5
304524757586542592 165
304524883398885376 13
304527366443655169 76
304529736229593088 111
304532173116026880 267
304540154872332288 180
304542239449837569 165
304542688252928001 118
304544265294462976 234
304544504348819456 13
304544579879845888 165
304545339036274688 13
304546375041961984 39
304546601538560000 1
304548677714837504 165
304549994722123777 13
304552490320412673 13
304554193195253763 13
304554230973333504 111
304554772042760192 25
304556206473760770 12
304559008277229569 1
304559725511573504 2
304565253608464384 267
304565975003570176 13
304566293795848193 111
304567958934523904 13
304570592953253888 2
304571737989849089 25
304573528961871872 111
304581376500449281 233
304582517342732288 165
304582748042055680 13
304583586911223809 234
304584627094441984 4
304585549816164353 165
304585721778413568 111
304585755362213888 165
304585851806023680 27
304590884966649856 13
304595045716226048 162
304596144628068352 158
304596517942079488 118
304596656341516288 233
304598237585747969 13
304598891888775168 25
304599474922213376 165
304599604933033984 234
304600024371830786 234
304602268324491264 158
304602410909851649 234
304603287544557568 233
304605154001428480 87
304606445830299649 165
304607100150108160 55
304610396898197506 165
304614675071508480 15
304616713503260673 165
304619045536268289 111
304619343315075072 267
304620417069494272 158
304622124138639360 165
304624103850139648 13
304624749798105088 111
304628147175964672 62
304628495294803969 76
304628876968095744 156
304630659564072960 5
304636330267275264 1
304640038015213568 267
304643242463490048 158
304644811141566465 158
304646698578370561 76
304647872970907648 2
304647935906414594 162
304647982043758592 165
304648900600545281 86
304650498638741504 62
304652629332619265 158
304652730012667904 19
304653782745247744 165
304653875019931649 86
304654755840524288 2
304656009950023681 233
304659944207159296 165
304661097640775680 2
304663253483667456 228
304666810282811392 167
304667586237444096 158
304667703648595968 111
304667921760808961 158
304667959517933568 158
304669976952979456 196
304670039901085696 158
304673143677661185 19
304674221609598977 62
304674800423534592 165
304678457869209600 158
304678856315502592 4
304680668263219200 27
304681192551239680 196
304684317282553856 27
304687974749204481 162
304691200152178689 20
304691527295307776 158
304694077440552963 234
304697017647640576 233
304697625830125568 165
304698439533469698 158
304699534251028480 118
304699903341383680 158
304700389880655872 9
304700528275898370 111
304705808908812288 165
304707738271899650 167
304707809591840768 158
304708002550788096 162
304710108078829568 167
304710309388632064 54
304711093719293952 158
304712003879051264 228
304712142320439296 68
304712939213049856 111
304713509663567872 165
304715158025015297 13
304716953166159873 118
304717301310189570 165
304719096447127553 167
304719503323967488 234
304719826276974592 198
304719838868287489 198
304719838876692480 198
304720270873206784 54
304720337990475777 167
304721906660159490 198
304721961160937472 198
304722208641667072 198
304723164930387970 165
304723685036666880 198
304723869573472256 118
304723919917686784 167
304724670714875904 56
304727107592912896 233
304728340705730561 198
304730345608196096 15
304730458854400000 158
304730626626555907 167
304730781815828480 1
304731037647372288 2
304733856219660288 198
304734036587339777 158
304734099510292480 118
304735307465629696 167
304735357772124161 167
304737345880616960 167
304738046325186560 233
304739120079577089 167
304739799569403906 158
304740500001390592 167
304740722312085505 158
304742114791661568 87
304742412587249664 111
304742420975857664 111
304742953681842176 198
304744195174850560 158
304744790791176193 198
304749085720735744 3
304749266105159680 198
304749857497829376 2
304752436982198273 198
304752567001436160 118
304752638321389569 4
304754005668679682 158
304756488692449280 27
304757025559175168 2
304757281420091393 165
304757814088310784 158
304760179675779073 158
304760234184962048 56
304761345696489472 180
304766378873851904 2
304766777320161281 233
304767016408068096 2
304768190783840256 198
304769931415781376 111
304770292121739264 198
304771328131604481 198
304772527710957568 165
304772653548466177 158
304772921954562050 68
304773513351405568 2
304773911839637504 167
304781318946975745 163
304782531117580289 2
304793604067557379 198
304794006750105600 111
304795910968315906 19
304798536577454080 20
304800705024241666 84
304801736835600384 158
304804249219510272 118
304804261789851649 118
304805801124560896 27
304806514135269377 158
304807931810029568 165
304809689223401472 10
304811534712979458 118
304811769631739905 3
304813095002439680 167
304813740954636288 68
304814005178998784 118
304814768533946368 15
304814961467727872 118
304818920907497472 118
304826109957128193 198
304828949500936192 162
304829897384288256 180
304839217157120000 14
304854257922887681 158
304858913579343872 25
304880723955941377 111
304881021751541760 118
304887040573583361 68
304887074128027648 12
304890777715232768 233
304892094726668288 2
304894158320041984 111
304899296367616001 1
304901464814415872 118
304901611598258177 111
304901901030395904 13
304902391734620160 158
304906128859492354 267
304907055796465664 2
304908708377399296 167
304910348320903168 118
304910553850183680 25
304920917979574273 118
304922142720528384 54
304922260152676352 13
304922520203718656 25
304924936131203072 4
304925431063261185 15
304926752260640769 13
304931995136442369 165
304934817924001793 111
304939947536809984 167
304940098519179264 158
304945555325452288 158
304945639228329984 1
304946855572283392 167
304949648961970177 228
304950441706401792 158
304951913894522880 19
304954766021238785 267
304954958946635777 167
304954996699566080 27
304955206435741697 198
304955801993375744 267
304958813537193984 111
304959186800881665 111
304960159875211264 1
304960516403638274 198
304961288180727810 198
304961338491408385 1
304961493672267777 165
304964048028590080 198
304965616668901376 198
304967873221246977 118
304969387352412160 165
304969961972064258 25
304971388031217664 84
304971870384570369 54
304972453392834560 165
304975255183716352 162
304976102449872897 25
304979428524556288 118
304979915080613889 118
304980791681761281 4
304980976239513602 111
304981026562789376 158
304981949284483072 16
304985204064407554 111
304985355059347456 111
304987146039726080 68
304988605661716480 111
304988983149088769 165
304989696201740288 198
304989838774513664 2
304990321132044288 111
304991227101724672 118
304992581874483200 1
304992762221166592 167
304993814978891778 198
304994393813819392 27
304995064898285568 54
304998571311247361 156
304999846400622592 111
305001889022500864 111
305002136469663744 159
305002916647931904 1
305006641185705984 62
305008205627543554 54
305010025976455168 165
305011095528153088 62
305011858874707969 198
305013519844249602 87
305014845219164160 234
305014878802935808 20
305015407268466688 4
305015927362162688 111
305017416348479488 167
305019110838910976 62
305022562738532352 167
305023980430061568 1
305025855262961664 15
305028531233103873 158
305029164581404673 111
305029282021908480 4
305031987348000768 198
305034675917828097 15
305035300839755777 0
305035367965413378 111
305035900629434368 198
305039973323788288 25
305040375943413760 233
305043517485506560 158
305044004016361472 267
305045660766437376 19
305046705156530176 111
305048038936825856 167
305048152212402176 167
305049301447503872 1
305050899464740865 198
305051834815492096 167
305055370596986880 25
305056675021332480 198
305057039917412355 162
305057232851197952 198
305057669071392768 165
305057966858592256 25
305058143023558657 167
305058486973235200 111
305059304849956866 167
305059632009846784 4
305060386976190464 158
305061393634304001 111
305062077297483776 25
305062198923915266 68
305064971354640385 62
305066351280660480 56
305066988835844096 4
305067219522551809 1
305069006270902272 167
305072760160391168 198
305073850687836162 118
305077520708030464 198
305077768159391745 62
305083120108048385 118
305086219681935360 19
305086353912258561 167
305089113768480768 165
305090078470975489 111
305091596792258563 165
305096051130499072 84
305099427549429760 198
305101482762567680 86
305103261176852480 86
305103428944818176 86
305106314630139905 11
305106394296762369 25
305107413500043264 2
305108931846500352 2
305108965426094080 165
305110722810089474 86
305113029681491968 158
305120151622283264 1
305123985211932673 25
305127185486839808 158
305134416437587968 118
305136006091390976 165
305137398591934466 62
305137654440271873 162
305144747020935168 233
305146043073445889 68
305151248208900096 198
305153785758629888 165
305157640328204288 19
305158152024891392 158
305160731517673473 267
305164229562994688 158
305166465143828480 165
305168906195181568 86
305169115927154688 111
305173301855154176 4
305173566092095488 1
305179240960245761 68
305186337747775488 84
305190896939446272 27
305191777768443905 111
305194097205989376 233
305196378915753984 165
305202179629785088 39
305202846507335681 25
305204247421677569 111
305205765751320576 196
305207875490443264 111
305224161951895552 11
305239756378361856 62
305249499780104192 198
305270823592288256 198
305271691808997377 2
305294437515407361 62
305298921230585857 118
305300238275604480 2
305303077802635264 111
305316906401935360 2
305317132902739968 1
305319271989403648 25
305321625006514176 11
305322933629362176 267
305325072741171202 234
305333205467291648 198
305333364884373505 180
305339002012196864 165
305343116636999680 87
305344915968241664 56
305345146675949568 39
305352042103312385 180
305354462220922882 118
305360967603191809 111
305363182162161664 162
305363953930862592 180
305365451280629760 15
305383159653101568 62
305384682168672256 55
305388746453417984 111
305389136544690176 198
305391133020803075 163
305391669900099586 234
305401065145257984 198
305402784793116672 13
305409009136066560 118
305409285964304384 55
305413069243289601 1
305420375704104960 2
305423622078607360 87
305428017746944001 2
305429745770831872 62
305437094195630082 111
305440583877525505 118
305444417437827072 2
305444522333200385 234
305453586186379264 3
305453745569943553 2
305455821758791680 167
305457050689880068 11
305460318052691968 4
305461123354865664 118
305464839520780289 2
305470107558236162 11
305472036942258176 118
305472221504233472 5
305474113147924480 198
305481528643829760 86
305487291651063808 165
305487807550455808 13
305487845265657856 11
305489879498883073 234
305497756431171586 4
305497844515749888 198
305502235918471169 167
305506216329764864 167
305506535101059072 11
305513208242917376 165
305529385686020096 11
305536352416567297 111
305548192940974081 158
305555700728356866 11
305558498345889792 198
305559005844078592 111
305568979911581696 13
305569659372072961 165
305576043090157568 13
305580577149571072 11
305581395034636288 118
305590547005972480 111
305594787451527168 180
305595567587860481 180
305598335824314368 76
305601603208105984 25
305606120448356352 196
305607315820777472 180
305608414724251649 54
305610251846156288 5
305612047025057792 111
305641109336502272 158
305641247752728576 158
305644540281368576 55
305649707684864000 111
305653474165669889 27
305654501740777472 13
305663410450878464 180
305666505834651648 118
305681492103798785 15
305681508872626176 62
305685136945577984 1
305685136958169091 1
305685367619723264 1
305688819565473793 165
305690535002251264 111
305691122213203968 111
305692816707829760 111
305697841488224256 118
305699502440972288 10
305700286759071744 27
305701251453181952 86
305701654127325184 1
305704774676905984 118
305705198289047556 165
305705756131463168 158
305705877770477569 15
305706729214185473 86
305708708942475265 111
305715386270232576 2
305718192242843650 158
305718334849163264 2
305721119904763906 162
305722080400400384 158
305725792325885952 6
305725851054514176 158
305726165627310080 167
305728824841211904 62
305732100563283968 25
305732809400659970 111
305735657358241792 158
305735799952007169 62
305742569575432192 2
305745417478492160 1
305746671592153090 165
305748982649458688 158
305749645357875200 4
305750513566240769 1
305754477170929665 158
305762068886347776 25
305770772071325697 87
305774219759853568 158
305777046750109697 4
305778124656873474 27
305778355377143808 2
305784034435420161 111
305784927843147776 13
305787696087961600 25
305788820148862976 162
305790502043803649 4
305790569169448961 111
305798181822808064 2
305808222986584065 111
305808285922115585 68
305808621441277952 180
305811263882158080 167
305812916429529088 111
305813449101959169 13
305814032097632256 228
305814468301037568 111
305815202312646656 4
305815449801732096 4
305815479128305664 27
305816825516683264 4
305816888418648065 198
305816934555983872 19
305819711202017280 4
305819967029395456 62
305821762220859392 4
305822009680601088 4
305823586747297792 15
305826275283578880 2
305828091425599488 76
305831425867907072 13
305831530763276288 4
305832738722807808 198
305833262977282048 87
305833883759419392 2
305834282214100992 1
305834705834610689 4
305835909583077376 2
305840854667493376 1
305841534174101504 4
305842784059928576 4
305843169927503872 19
305844159808421888 4
305844306596466689 4
305844914770542594 267
305845950772023296 62
305846596694843392 180
305848052088987648 162
305848165372928001 4
305850090520735744 1
305850233143836672 159
305850233143840770 159
305850233148018691 159
305850233164800001 159
305850593853972480 56
305851613086633984 56
305852695187701760 4
305852711969116160 4
305853110448955392 4
305854276465463297 68
305855501198032896 167
305855622820290560 2
305855627039752192 158
305857686409474050 4
305863650713927680 4
305863873028820993 54
305864149827719168 111
305865886303125505 4
305866553180696576 118
305866922300436481 158
305869338211151873 2
305870441308893185 4
305871074657202176 4
305871477301968897 4
305871808664567809 162
305871846383960064 4
305872253227249665 4
305876611134259200 162
305878469219323904 162
305878519550984192 4
305880356639367170 4
305883208749314048 4
305883259080953857 4
305883288457867264 4
305883292660543489 4
305883317805383682 4
305883422654615553 4
305883498181443584 4
305883615600975874 4
305884412539703296 198
305884508991942656 4
305893178609893377 4
305895464501387264 4
305896181735755777 4
305896202732445697 27
305896349512105984 4
305896353702240256 4
305896391480336385 4
305896647311900672 4
305897024816041985 158
305897284858679297 4
305897628779048960 86
305897859486736384 4
305898354393624577 4
305898421498290177 4
305898471855112192 4
305898551517515776 4
305898694136455169 4
305898752835739648 4
305898790622208000 4
305898803200929794 4
305898903834869760 4
305898929034235905 4
305898987737718785 4
305899054838202371 4
305899193237655553 4
305899327467966464 34
305899973382385665 4
305901101654368257 27
305901416227155968 4
305903186244423681 4
305903391740141569 4
305903777624518657 4
305903890883297280 4
305903890895888384 4
305903911863197696 4
305903936995483648 4
305903949616144385 4
305904004125294592 4
305904012530696193 4
305904016708235264 4
305904029270151169 4
305904041865654273 4
305904046055780352 4
305904050258452480 4
305904054444376064 4
305904054469545985 4
305904092209901569 4
305904134148734977 4
305904134161313792 4
305904150904987648 4
305904150921744384 4
305904155120254978 4
305904163487895552 4
305904163517263873 4
305904176075010048 4
305904180277698561 4
305904188662091777 4
305904192864792576 4
305904209633624064 4
305904213832105984 4
305904247411720192 4
305904268358082561 4
305904280940969984 4
305904289342189568 4
305904293511299072 4
305904301908303872 4
305904306115198977 4
305904310309511168 4
305904327082516483 4
305904335458549760 4
305904356446838784 4
305904360620175360 4
305904369038155776 4
305904373224058880 4
305904373228257280 4
305904394208178177 4
305904398406676480 4
305904419348828160 4
305904419365588992 4
305904423559888896 4
305904427750002689 4
305904448729935872 4
305904503247486977 4
305904520007921664 4
305904520028905472 4
305904549363863552 4
305904557773438976 4
305904557777629185 4
305904578732359681 4
305904578753335297 4
305904582922485760 4
305904637482000384 4
305904645849624577 4
305904708785143809 4
305904721347096576 4
305904729744084992 4
305904759079047168 4
305904767476051969 4
305904801051459584 4
305904830386413568 4
305904855560638466 4
305904880739028993 4
305904884924952576 4
305904998166962176 4
305905014952558592 4
305905035936690176 4
305905094631751681 4
305905103016189952 4
305905161740623872 4
305905165960085504 4
305905174336139265 4
305905245635092480 4
305905472144285696 4
305905530856173568 4
305905535033675776 4
305905568592318464 4
305905589588987904 4
305905694408859648 4
305905702801649664 4
305905803460751360 4
305905807680233473 4
305905807684415488 4
305905837019385856 4
305905891545321473 4
305905904149209088 4
305905958658379776 4
305905962869469184 4
305906025796616192 4
305906084495912961 4
305906118033539073 4
305906218701037568 4
305906302620676096 4
305906407474094080 4
305906621383593984 4
305907074334855168 4
305907464434491392 4
305907472802144256 4
305907833541632000 4
305907846120357889 4
305907921592664064 4
305907942555807744 4
305908034830483456 4
305908080984596481 4
305908366214057986 4
305908403929235456 4
305908781433360384 4
305908844331155456 4
305909267960041472 4
305909297332764672 4
305909439951687681 4
305909632885473280 4
305909968404631553 4
305910236877828096 4
305910383670075392 4
305910387851788290 4
305910769529278465 4
305910958289743872 4
305911025398599680 4
305911130231042048 4
305911323169001473 87
305911335756124160 4
305911365124636673 4
305911721653063681 4
305912002650456064 4
305912271111069696 4
305912996725682176 4
305913307099971585 4
305913340641832960 4
305913365803450368 4
305914762506686466 4
305915626520707072 228
305915911766941697 4
305916792574971904 4
305916805128544257 4
305917706912280577 4
305917878878760960 4
305918352822509568 4
305918558364377089 4
305918814229516288 4
305919195877625858 4
305919959245144065 4
305921704088186880 4
305922052223803392 4
305922488410439681 4
305923981574295552 4
305924635889897473 4
305925327975223296 4
305925512516206592 4
305926183621623808 4
305926221357801472 4
305926615634939904 4
305927060222799873 62
305927232189251584 4
305927580308086784 4
305928087810486272 15
305928117158031361 4
305928679207346176 4
305928922493767681 62
305929631335333888 4
305929635521236992 4
305930981876047872 4
305931640385961985 4
305931652985679873 4
305933016138670080 4
305933406204751872 4
305933666234802176 4
305934358290788352 25
305934685450665984 4
305934853231226881 27
305937889890545664 3
305938695196909568 4
305940041585287169 4
305941165658742784 4
305941610233999363 4
305942029672779776 4
305942029676990464 4
305942029681176576 4
305943166358548480 4
305943321518407680 4
305944751784476672 4
305946123309289472 4
305948853834772481 4
305948950286962688 27
305953639510470656 4
305954503532888064 4
305954541277429760 4
305957397606825984 4
305958311956725760 228
305958991442370560 4
305959289237942273 4
305959998066929664 39
305961566745010178 4
305962514670297089 62
305963282215346176 4
305964527911051264 4
305964880232595456 4
305965073187348480 4
305965194813771776 4
305966172099194880 4
305972790715117568 4
305973151400083456 27
305975160501071872 4
305975470862766081 4
305976968254459904 4
305979082145951744 4
305979124118323200 56
305979782603104256 4
305979925238796288 4
305980491436277761 4
305981108007362561 165
305981976236675072 4
305983834304946177 4
305983918216212480 4
305984312443015168 4
305985151320612864 111
305988519363477504 4
305990511645302784 4
305992768180867073 4
305992956916166656 4
305993204367519744 158
305993552519888896 158
305994148090114049 4
305996517888638977 4
306006210908389376 27
306006663914213376 4
306007595062280192 4
306009771897655296 4
306010921141166081 4
306011227321143297 4
306012015837720576 4
306012145869545472 62
306013899076034560 4
306014771482882048 62
306015228674572289 4
306015652282507264 62
306017585881812992 4
306018370220859392 198
306018953216548864 159
306020224094834688 4
306020404437344256 1
306020995842576384 4
306021146820751361 4
306023520813596672 159
306024355496869888 55
306025227878543360 4
306025462780555264 4
306027098546524160 4
306028591727120385 4
306030659502215168 1
306035512349712384 4
306039723426721792 4
306043015946973184 4
306043221463683073 4
306044387476004864 76
306045398286475265 84
306045616428048384 3
306045889020047363 4
306046132302274560 4
306046560138055680 4
306047474500513792 84
306048380470165504 20
306048435000336384 84
306048585965924352 56
306050288865918977 4
306050657943691264 4
306051165467070464 158
306052788658520064 4
306054214713483264 1
306054269252030464 111
306054655128006657 2
306056341225611264 118
306057175925669888 4
306059348541595648 4
306059596026507264 165
306059621209100288 4
306059793146208258 4
306059801555787776 4
306059814147072001 4
306060191617658880 4
306060237742419969 25
306062104211898369 158
306062313948078081 268
306062519435411456 4
306063584813793280 4
306064910218051585 4
306065308668542977 86
306066466300645378 3
306067598754324481 25
306068177576673280 4
306068966089035776 4
306069431681970177 62
306072745148563456 13
306074649362567169 4
306076687811104768 39
306077266608263169 62
306077908366155776 158
306078382309920768 165
306079141495713792 13
306080961794297858 111
306082043937296384 4
306082979262906369 1
306083016999043072 25
306083327381741569 158
306083604201631744 4
306084707341316097 165
306085399363723266 4
306085537805111297 13
306085575537065984 156
306086150165131265 13
306087232312320003 13
306088498966966272 13
306089040040562689 13
306089346220580864 167
306089505595719680 13
306090529026879488 13
306090604532748288 13
306090755523481602 13
306091204309827584 158
306092554867331072 165
306093460836982785 13
306093804761526272 4
306094224187719680 13
306094610072088576 167
306096069689872386 4
306096405246787585 13
306096593969487872 4
306097965506912256 158
306100784091774976 4
306102428267335680 180
306102826722021377 4
306103363601313792 4
306104932237463553 158
306105364263337984 4
306106794512637952 4
306107968938725379 13
306107985694965760 268
306108195439538176 4
306108287680667648 4
306110607139143680 4
306110779126595584 111
306111823508299776 1
306112490394238976 13
306113920639332352 2
306117229957754881 13
306117963956768768 167
306118525989302272 27
306118697955782656 25
306118798644219904 13
306119578763808770 62
306120161759461376 4
306120660906823680 13
306120912552464384 62
306122049221427200 4
306122640588951552 13
306123110359388161 165
306125157179748352 13
306125807322034177 198
306127644402020352 198
306127812178374656 13
306127849935491072 62
306129687044825088 159
306130492338626560 167
306131226341826561 167
306131297640787969 13
306131356390408195 4
306132019073675265 198
306132480426115072 198
306132530782941184 198
306132547539197952 198
306133097022361601 2
306134007173746688 198
306136490180747264 13
306136653758603264 233
306137941439303680 167
306139245863632896 198
306139526856839168 167
306139677851787264 4
306139686269771776 4
306140361535942656 56
306140877452111872 25
306141292675624960 13
306141624042389504 111
306141645005529088 13
306141858898272257 4
306142005694697472 198
306142416736501760 158
306142777467625473 4
306144832663998464 167
306145319199047680 198
306146443272548352 118
306146472645246977 167
306146682339483649 165
306147873551171584 62
306148171329990657 165
306148959846559745 4
306149526115348481 86
306150172012969985 198
306150180393197568 198
306154009817931776 16
306155221971767298 198
306155754648383488 111
306156119552843776 267
306158267011313664 15
306158321562447872 165
306158363509661696 13
306158736769155073 4
306159210750676992 4
306160309645737984 4
306160477417897984 13
306161177875083264 4
306163518275735553 3
306163887374495744 19
306164822725234688 13
306165212791320577 167
306165489607012352 111
306165523153039361 167
306165728707481600 27
306166542389895168 4
306169205768720384 111
306170065605242880 198
306170350801154048 4
306171118367150080 25
306171521032925184 13
306171638456655873 158
306172112425603073 234
306172728975687680 198
306172733178400768 198
306173286813941760 62
306174238929321984 1
306174238941908993 1
306174243148800000 1
306174331216613377 4
306174704522235905 13
306176990405341185 167
306177112048558081 228
306180190671876096 198
306180232610709505 198
306180584911298560 4
306182048723369984 165
306182048748539904 165
306183638385565698 4
306187874624217088 4
306188646376157184 162
306189644633079808 198
306189673976442880 4
306189963400183808 13
306193490805661696 87
306194195431960576 158
306197940949635073 4
306199677378904064 15
306204748305031169 25
306206275010707456 4
306206371488100352 167
306206656696569856 4
306208602857811968 167
306211853472768000 84
306212163826106369 167
306214390988935168 167
306222154645643264 165
306223069016518656 25
306226353156534272 4
306226973926117376 4
306227200414318594 4
306229725376962560 167
306230723642273792 56
306234989224288256 27
306238197887803392 167
306238453740359680 167
306240563458482178 165
306242106970755072 1
306243172332339200 198
306243222651412480 198
306243671437750272 111
306247467308032000 13
306248939491975168 13
306250961150689280 198
306252324278530048 2
306255629394276352 68
306256380174692353 4
306256745104297984 158
306258284409663488 111
306263418208399361 68
306263455957147648 13
306263921550045184 62
306266882724462592 4
306267197305671680 25
306267855815602178 27
306268988256710656 198
306272339518173184 198
306277544641056768 0
306278622560403456 56
306282544238837761 165
306282976268931073 198
306290186285891584 39
306290542772367361 118
306294275723894785 13
306297425658781698 2
306300772704985089 198
306305268986302464 4
306309870141988865 2
306310268613431296 118
306310696415670272 267
306312944550023168 198
306318455865503744 4
306320838246924289 158
306322226574159872 158
306327989531074562 4
306333068854194178 156
306334360695611394 4
306337237971369984 13
306338756301053952 198
306342736703922178 25
306345043571138560 118
306348675846782976 25
306348789109760000 13
306348931678351360 111
306350118678962177 4
306351699919003648 111
306356804395339778 111
306361938252812288 13
306368632353607680 3
306369131479957504 4
306371085996265472 13
306374307221762048 111
306374974128680961 0
306375322239127554 1
306375926231465984 1
306379483018039296 165
306380233773293568 158
306382733591052288 13
306384654586486784 118
306388542702120963 4
306389054428180480 165
306391264805396480 165
306397166199513088 16
306398235759620097 87
306399909270151168 167
306401989661712385 158
306404254585872385 13
306406267822415873 13
306409673601458176 118
306411955319615488 118
306413599461625856 118
306413876298280960 118
306419492467113984 4
306419660264456192 4
306419790283677696 158
306420641731592193 111
306420864021311488 158
306421275050524672 118
306421434442469377 111
306422822752907264 165
306423372215099393 15
