624085298083803136 16
624085872674217984 16
624086313080369152 19
624086338246180865 55
624086380197617664 16
624086757705805825 16
624086766069288960 16
624086967387557889 29
624088062113501184 7
624090121520984064 94
624090192811421696 2
624090285111259136 2
624092503885639680 94
624093372098211840 94
624093627963146240 2
624093766383591424 41
624094827538284545 95
624094949173252096 2
624095918053142528 95
624096438126051328 8
624097297958174720 2
624097713215270912 94
624098187184205824 2
624098757580173313 95
624101383222898688 27
624101391624089604 8
624102033356902400 25
624102184360095744 94
624103685916893184 25
624106596730314752 41
624109411133485056 77
624111856416755713 2
624115425765240832 16
624118147856007168 2
624120177899212800 25
624121230669557760 23
624122111473418241 2
624122941945606144 2
624128126121971712 2
624128189024075776 13
624129355053010944 2
624129602487734272 2
624130281998565376 0
624133729712107520 19
624135277418692608 25
624136451819761664 2
624138645436563456 58
624139547182546944 53
624140419597643777 25
624140453177356288 25
624142835554500608 6
624144131577774080 0
624144198703255553 8
624145389868859392 16
624147134682501121 20
624148858575032321 2
624149424768458753 2
624150720816660480 19
624153984014622720 2
624154575382183936 25
624156282455363585 29
624157083571744768 2
624158413199642624 16
624159860205203456 16
624160111875895296 6
624162204816932864 94
624163807053643776 10
624163853174206464 19
624164092287168513 25
624164562024181760 2
624164780119425024 77
624164943731027968 0
624166311069757440 55
624168416581128192 2
624169603598385152 58
624171235157475328 55
624171717502627840 41
624172862539235328 29
624173793683107840 53
624176859710889985 2
624176981366714368 2
624178365487009792 23
624178424190402561 2
624180424877563904 29
624182010320269312 6
624182710794194944 2
624182828222148608 6
624183256024420352 22
624184703084425216 95
624185881692221441 95
624187261593251840 13
624188305987477504 84
624189862065733636 20
624189920798621698 55
624190008874766337 20
624190440871309312 25
624190549927432192 13
624190667388944386 0
624190805805109248 2
624191254595698688 58
624191808231317504 2
624192248628903936 2
624192760317239296 76
624192764524113920 29
624194823948349440 29
624195696338599936 76
624197277595357184 6
624198896621867009 2
624199156647755776 29
624199303439855616 14
624199961962524672 8
624200591082917888 10
624201052485619717 2
624202562439266304 2
624203254474350592 2
624203573232963584 103
624204542142320640 2
624208962938736640 2
624209529153040384 25
624210359646195712 94
624212242892861440 2
624213069158305792 77
624213375342526465 25
624215086635155456 6
624215812233109504 3
624216219072098304 2
624216286172557313 2
624217007605575680 2
624217431242727424 25
624217708062572546 2
624218152650600448 2
624218156828127232 2
624218307839827968 2
624218525947707392 20
624218559514845184 16
624221264819974146 2
624221696829034496 2
624221944288641028 2
624221998827356161 15
624222103697518592 20
624223299069833216 55
624224066606641157 43
624224452516184064 41
624224691578884097 29
624225882761248768 2
624226390246711298 2
624227061364883456 95
624227589842960384 8
624230181935263744 27
624230848829739009 2
624231729612619776 48
624232136468357120 2
624232820135841792 2
624233008862752768 48
624234267170594816 6
624234946647957504 17
624235563218964481 2
624235823261560833 34
624236003591651328 2
624236641142468608 2
624236662114123776 16
624236804737118208 49
624237018634166272 13
624237308020174848 16
624237408683429888 77
624237547112128514 41
624238054618738688 2
624238193030737920 16
624239572948381696 34
624239707161923584 2
624242047591972864 2
624243838551498753 19
624244778092363778 55
624244807465062400 29
624245038143242240 41
624246694889197569 10
624246791341379584 49
624247370189021184 25
624248360048967680 2
624248733304258560 76
624249077262352384 8
624249618302304256 55
624249752524226561 48
624249890965581824 58
624250092275527680 25
624250335553548288 2
624250394252845056 55
624252319471828992 16
624254148163211264 2
624254391420219392 25
624254966048403456 76
624255247091920896 25
624256601835315200 16
624257193253040131 25
624257503606341632 8
624257725908647937 2
624259051313057793 29
624259542038237184 2
624260603201368064 2
624260812924829697 2
624260833871163393 95
624261018429071360 8
624261114927443968 2
624261366564556800 14
624263753111085057 16
624264667481939968 2
624264680060620800 76
624265850279739392 8
624266076772270080 23
624266437474000896 27
624266844313157632 2
624267830003761153 15
624268027123638272 15
624268408817905665 77
624268584957689858 2
624268664645255168 29
624269302204600320 29
624269818103996416 8
624269901994270721 8
624270476601331712 15
624270757619761153 77
624271906850607104 29
624272015910924288 77
624272032663007232 43
624273743976771584 58
624274964494065665 2
624276814194704385 76
624277392983506948 29
624277497845272576 25
624277858551230465 29
624278496123187200 95
624279636961325056 2
624279716657283074 16
624279846651346944 53
624279859267772417 15
624280232539852802 19
624280245114404866 6
624280882673750016 2
624280886876471298 2
624281847367901185 2
624282036099006464 15
624284099683971073 2
624284363954458624 53
624285374752407552 29
624286075209547776 23
624287983630483456 94
624288751183917056 6
624289283856289792 2
624289543907373056 12
624289913010319360 12
624290449864441857 29
624291456522539009 16
624291909478010880 2
624294098913087488 6
624294174402215937 29
624294228932337664 101
624294258292445185 16
624294329616625664 2
624295088785629184 6
624295424325763074 6
624296879753428992 8
624297596983619584 8
624297819260719106 2
624297915733934082 2
624298809133264897 29
624299484416229376 2
624300004476325888 2
624301774501838848 29
624302286198583297 6
624302718199332864 12
624303062153330688 14
624303695484878848 25
624307025778839552 53
624307231262007300 2
624308875462754304 84
624310960006639616 2
624311303935365120 2
624311408788779008 103
624311492708450304 53
624312545457782784 76
624313984095645697 45
624314755868553216 16
624315842189115392 44
624317184353775616 25
624317373089103873 58
624317792540430336 6
624318874662481920 2
624319457674919936 6
624319835170717696 25
624321202517966848 6
624321714193723393 29
624322028787535872 25
624323605845794816 2
624324050429456384 25
624324243359055873 6
624324532770226180 41
624324729910919168 2
624327024220319745 6
624327502358384644 2
624327787562692609 2
624327879845777408 25
624327917590310913 25
624327959529132032 13
624330694202757121 7
624331734423744512 8
624334167120191488 41
624334355834474496 6
624335018555371520 76
624335064680173568 84
624335068891234304 41
624335094057046016 25
624335857399558144 76
624336734013272064 4
624337098917683200 6
624341880411545601 41
624343734323277824 34
624346137634304000 27
624346989094957056 17
624347114903089152 29
624348012488339456 2
624350134810218496 16
624350713645244421 2
624354333329461248 6
624357210626367488 16
624357927852208128 16
624358217255157760 2
624359047706333184 49
624359148361089024 49
624360243103830016 2
624360859637166080 2
624361107109580800 29
624361744668864512 6
624363535611486209 16
624363703408922624 2
624364429002543104 2
624364491904524288 16
624364907157262336 2
624365183981391872 2
624365985093566464 2
624366161266917377 29
624366727481024512 19
624368405190017025 94
624368782681735168 2
624368971429511168 20
624369462188244993 47
624369600583585792 2
624369772541558785 48
624371118900576260 2
624372599502598144 19
624372695992373248 34
624372704364228608 48
624373031519916032 84
624373035735347200 49
624373895538212864 8
624374596008046592 19
624375069943332865 2
624375099299250176 5
624375313208750080 2
624375321610092544 16
624375392904867840 2
624375506142646272 2
624375640381263876 2
624375950776643584 16
624376210798342144 2
624376340813348864 6
624376496023543808 16
624376772830695424 94
624377611720896512 2
624377737520648192 95
624377813030846464 14
624377964034195460 94
624377964042522624 2
624378077276147712 6
624378698008031232 2
624378706405007360 48
624378752567390209 2
624379813692862464 102
624380413478219776 6
624380912629874688 16
624381776648011778 2
624382389016379393 49
624382670034735104 55
624382720349749248 16
624382913321304064 2
624383022360608769 16
624383307564908544 16
624383349499400193 16
624383391446663168 25
624383420827856896 2
624383861225492481 16
624385006245277696 2
624385052386832384 2
624385396319887361 19
624385480201781248 2
624387443156979713 2
624388323952488448 16
624388579825983488 2
624389590640672768 16
624389771008323584 77
624395244541317122 16
624395605285163008 55
624395949184561152 55
624399136876572675 44
624399476590014464 2
624399845722337280 45
624400076375461889 16
624400453879656448 29
624400579691810816 6
624404467841146881 2
624404975360344064 2
624405117954072576 2
624406871164633088 53
624407286400692225 29
624407399630147584 76
624407487723249664 16
624407743571431424 2
624408595006902272 12
624409488431443968 2
624409790400303105 6
624412181157801985 2
624412411857014784 18
624412877403910144 94
624412919342567424 2
624414165055221760 1
624416136373882880 55
624416211871342592 30
624416983623331840 53
624417621165760512 25
624417784756338689 49
624417939937058816 16
624418787190833152 16
624418954946088960 29
624419743479529473 13
624419911268462592 44
624420695578136576 64
624421257610571776 19
624422004213485572 6
624422071334907904 16
624424239786029056 13
624425749714370561 14
624429126162759680 2
624429205854425088 2
624431055538405376 2
624431596603478016 29
624431751763464192 49
624432762603241472 20
624433714714443776 6
624433790212022273 16
624433861523570688 53
624434964612972544 16
624436847863824384 20
624438026446311424 45
624439016323186688 19
624439234397536256 25
624439968421642240 2
624440085853790208 101
624441147012743168 18
624444213057466368 23
624445144209694720 25
624446444439638017 2
624447572690604033 12
624448210237460480 2
624448478681407488 29
624448675788517376 77
624450173159272449 23
624450735187619840 18
624451880253562880 2
624455390877499392 2
624455663498846208 2
624458461108015105 94
624458817640665088 20
624459631327182848 77
624459744581828608 16
624463636883312640 20
624466304460812288 8
624466606450577409 16
624467155879235584 6
624467462088691712 2
624468300961951744 2
624468846221463552 20
624469206915018752 77
624469374682968064 6
624471966754340865 2
624474135238803456 101
624475263498342400 2
624477138331172864 53
624478144985198592 100
624479789156446210 25
624480900646998017 16
624482033109200896 2
624482041493635072 2
624482486072930304 19
624483656296452096 76
624486315493494784 25
624488177768660993 100
624490643998539776 10
624493852645269504 25
624499405903777792 76
624501570160447488 2
624501993789345792 55
624502610335170560 20
624503239501856768 2
624503902214426624 2
624504183220142080 41
624504854296145921 6
624505378605240320 2
624505793807818752 2
624505793841352704 95
624505827378884609 2
624507962292199424 8
624508637558538240 2
624510139110944768 27
624512311764647936 76
624513129662119936 95
624513955944374272 20
624514958378668032 55
624520478103744512 100
624523388925558784 55
624524018075369472 101
624525033101217792 77
624525951632822272 6
624526022944423936 16
624527058958467072 43
624532855465623552 20
624533002261889024 2
624533132297965568 2
624535166539542529 25
624536571618967553 8
624538207393349632 18
624538723309457408 20
624540182910496768 18
624540694632382464 25
624540744943030272 23
624540849821474819 20
624541835466158080 18
624543676786577408 20
624547170620952576 2
624547426469195776 20
624547946600730624 25
624548219222159360 20
624548714154205184 12
624548831561162756 18
624548974167355392 20
624549414573600768 76
624549624305463296 14
624549871748562944 20
624550177941135360 76
624551117494464516 18
624551201359724544 77
624551251682938880 20
624551771806015488 17
624551813732241409 25
624552791021875200 20
624554124806205440 6
624554665867227136 20
624555089496141824 20
624555261466808320 15
624556159035408384 2
624556704298971136 2
624556922394390528 2
624557534775390208 16
624557555730087936 2
624558226831360001 2
624559401232261120 43
624559757752463361 76
624559787087413248 76
624559820658618368 76
624559866804326400 76
624561074738741248 76
624561884268744704 20
624562190436036608 2
624562517575081984 10
624562668607672320 43
624562924439367683 10
624563218023845888 10
624564467938897920 2
624564967052865536 16
624565755590262784 20
624566288283648000 20
624566405694930946 13
624568205063921664 94
624568209266622465 49
624569022957359104 76
624569790498238464 43
624570310608732161 23
624570721633738754 2
624570910381621248 2
624571690551480320 6
624574295184908288 2
624574710425198592 2
624574764963594240 25
624575016609427456 10
624575406708928512 2
624575465416593409 19
624578753725898752 10
624580901238734848 20
624581626836598785 8
624581928834985984 2
624581983365165057 20
624582058866667520 2
624582142731911169 20
624583359075852289 2
624583875004641280 8
624584734815858688 34
624584923551297536 49
624585309456629760 16
624585334609686528 53
624585506588884992 16
624585770796494849 2
624586966173110272 2
624586966185676800 2
624587662452637697 23
624588014765887488 8
624588467771588608 12
624588799121625088 20
624589273040195584 20
624589486966632448 25
624590233544314880 53
624590657160478720 16
624591110183235584 10
624591873521291264 2
624592100030607360 76
624593270249631744 16
624593303778934784 94
624594838906744833 16
624595212208189442 49
624595530941730816 49
624595765835345921 2
624597523265536000 2
624598534088568832 16
624599624620179456 2
624600329238130688 2
624601235220357120 20
624604938765635584 2
624604947183595520 16
624606184507490304 10
624606624888418304 6
624607056914321408 19
624607979648606208 20
624607988024631296 2
624608524916518913 76
624608592029585408 16
624608847861186560 43
624609787410382848 2
624610043237806081 95
624611091822219265 15
624611871979499521 16
624612522067230720 25
624613239297474560 25
624613738432180224 20
624613809726951424 43
624617098057158657 20
624617991443906560 1
624618020804018176 29
624618507376857089 2
624619463678136321 6
624619971184738305 20
624621858587971585 43
624622500337446914 2
624622873609572352 25
624624081598418944 25
624624337446961153 20
624625079842816000 25
624625503463313408 107
624625692202807296 15
624625721563066368 41
624625746745540608 16
624625864148267008 2
624627126646493184 29
624627126667505664 29
624628238128709632 16
624628829538009088 14
624630385616420864 25
624630549194235904 8
624631128037699584 76
624631199336656896 2
624631534855823361 10
624632050772013056 55
624632180799463424 2
624633212585832448 16
624634051434053632 2
624635209070174208 16
624635347486535680 2
624635469117067264 44
624636542854627328 2
624636622542209024 2
624637029393936384 2
624637620816056320 8
624638254156001280 16
624638388369522688 16
624638551934656512 49
624639143344115712 7
624642595231133696 44
624643203417796608 2
624644050663153664 25
624644713358970880 19
624645342517006337 10
624645472536408064 16
624645669672878080 7
624646441403678720 29
624646516909719553 2
624647188023390208 76
624648320481275905 16
624648710534860800 2
624648974771879936 19
624649775913144320 58
624651650729410560 16
624653840168697856 2
624654171522764801 16
624655115258040322 16
624655194920333314 14
624655329159200768 2
624655387875241985 60
624655962507464704 84
624656981698191360 84
624657065575849984 2
624657451472846848 77
624658617506136064 77
624659124987412480 25
624659410221203460 48
624659703822462976 8
624659850597896194 29
624660718844035072 7
624660727207362560 2
624661540898127872 2
624662245570555908 13
624662841153441792 76
624663088630001664 2
624663608727859200 9
624663961032462337 2
624664141379313664 76
624665332548960256 2
624665416447569921 43
624667333257232384 2
624667786246246400 9
624668067235262464 15
624668558002421761 77
624669065508990976 2
624669417805189120 2
624670252471705600 2
624670386702172161 29
624670504163545088 20
624671586256330752 2
624671745677619200 76
624671758260436992 23
624672039241150464 29
624672953607847936 2
624673096222515201 34
624674601973489665 3
624675168217112576 16
624675692479913984 55
624676065793937408 49
624676938213363712 2
624677659612708865 53
624678548838744064 77
624679136024522752 13
624679232493322240 76
624679983269556224 16
624680536926257152 20
624681296078319616 94
624682306930917377 55
624685456848982016 14
624686115329409024 16
624686140528967680 76
624686174062247936 94
624686241179566080 25
624688560604475392 16
624689172972867585 2
624693296007262208 14
624693384087646209 100
624696815003107328 19
624698173987143680 41
624699541313339392 19
624701328078544896 20
624701516818083840 16
624702049503047680 49
624702095636201472 14
624702129182130176 6
624702175336230913 6
624702544413986818 2
624703299397283840 76
624703483976019968 25
624705744684736512 20
624706411574988800 20
624706570975182848 16
624706906523856896 94
624707208513609728 84
624708533917995008 23
624709414700777472 17
624709448246915073 16
624709620213264384 100
624710324885811200 58
624711750928044032 2
624712728201052160 55
624712728205230080 55
624712728205242368 55
624712887592992769 16
624712891791491072 34
624713403475464192 100
624714338822041600 55
624714695312830464 16
624715039279304704 16
624715651626614784 16
624715852944965632 76
624715890718834688 14
624716549207814144 16
624717841053417473 76
624718134675685376 19
624721062274695168 13
624723121690554368 76
624724048644194304 19
624724958808137728 2
624728775595458560 6
624729899685646336 16
624730344269287424 25
624730512037298176 2
624730759501336577 6
624730805642760193 2
624731560621813764 2
624731774548078593 29
624731996837814272 2
624732177201254400 16
624732584057028608 16
624733309659058176 2
624734228186435584 2
624734588904931328 16
624734802835456000 8
624734807021498368 16
624734832187318272 2
624735255803596800 2
624736295978405888 16
624736476371103744 8
624736610551083008 15
624736878999154688 103
624738871293685761 16
624738942596816896 2
624739081012928512 6
624739240413270016 2
624741668911230976 2
624741698258759680 58
624741928945364992 16
624742981736644608 2
624743275317055490 2
624743707338764288 12
624745070483259392 2
624745770919571456 2
624745942885904385 2
624747016648691712 6
624748149119168512 2
624748648203575296 2
624748664980770819 20
624749533231120384 49
624749583562752000 2
624749705189306368 8
624750061692432384 25
624750489528311808 29
624750858622902272 29
624751454209843200 16
624751504524750848 95
624752662152613888 16
624752750270750720 2
624752863483437056 6
624753240970694656 19
624753295496740864 29
624754184714326016 16
624754281179037697 2
624755585611862016 14
624757846341746688 1
624758613895049216 18
624760123827875840 16
624761734432034816 20
624762262914531328 20
624763584153845760 58
624764519458447361 19
624764909532790784 58
624765022787534848 2
624765345752989697 8
624765526091431937 16
624765584824238080 49
624765622589722624 2
624765723215327233 23
624766088119611392 2
624767115757645824 2
624767514220756992 2
624767568717328384 16
624768130762452993 16
624768558594048000 16
624769456145829888 16
624769732978176004 16
624769854617223168 16
624770194381017088 6
624770722846486528 53
624770739611267073 16
624771343603617793 2
624771431679655936 2
624771465242669056 16
624771557529796609 43
624773805668352000 2
624774455772991488 16
624775001053343744 16
624775823137079297 16
624776267708153856 2
624776460646117377 16
624776942990954496 2
624778222270414848 6
624778352298184704 2
624778486490771456 25
624779207923625984 2
624779358926823424 43
624779669275979777 16
624779702838931456 41
624781011486941184 49
624781200218017792 16
624781607044554752 2
624781988755472385 8
624782496241074177 2
624782978581987328 101
624784018807128064 2
624785776216125440 13
624787273561829376 43
624789458781470720 43
624789576234745856 12
624790327031918593 29
624793242077384706 6
624793288218783744 16
624794928166535168 29
624794961716707328 84
624795582482223104 2
624796513605062656 2
624797381821775873 2
624798778525003776 12
624799378318843904 2
624799890044948480 6
624800670181257218 2
624802826066264064 2
624803241277132801 16
624803648116256768 53
624803799119433729 2
624804621198864385 48
624805896275668993 2
624808198969671681 2
624809612420730880 43
624811361453895681 2
624811466324058112 2
624811902519087104 43
624815983593693184 2
624816126174740480 25
624816524662980608 2
624817304786767872 16
624818479191990272 16
624819120937304065 49
624819733301436416 10
624821394250039296 43
624821574571462656 10
624822186960785408 2
624824435099439104 44
624825278167060480 16
624829979977719808 41
624831355722010624 20
624832785941839872 101
624832794355613696 101
624832836298756100 76
624833935189639168 8
624837055776817153 6
624839140312489984 25
624839215822557184 6
624839333288112128 25
624840121817399296 8
624841036150538240 2
624841195538239488 2
624841782749085696 20
624842839697047552 76
624843691144785920 16
624844236396044288 2
624845582796877824 41
624848049051795456 20
624849185687347200 76
624851035358498816 15
624851882637287424 16
624852578879188992 55
624852968962064385 100
624853237372301312 100
624853451311349765 55
624854118205493248 100
624855682660085760 20
624855766558736384 100
624855829452300288 100
624858044074192896 100
624858782250725376 2
624859000367120384 19
624859197495201792 19
624859981825728512 2
624861487597756416 76
624861709883326464 100
624863828006830080 55
624866583681171456 76
624867145692766209 16
624869108648161280 2
624871272888016896 43
624871482594754560 43
624874678650191872 25
624874938730741760 6
624876025021886464 16
624876528355008512 103
624878428358078464 95
624878919091650561 8
624879292401459200 76
624881486014083072 13
624881511196663808 12
624881762859024384 100
624882064840638464 10
624882337487130624 2
624882983376261122 95
624884153620807680 44
624884963104567296 19
624886707935031296 100
624892152124981253 76
624892152145911808 35
624892407990063104 23
624892487694336002 77
624894266070933504 8
624895046219898880 2
624897600546705408 23
624900045834461184 95
624900599457402881 2
624901790643916800 95
624901966808793088 43
624904219141767168 16
624904487593975809 16
624906324707573760 29
624907016763482113 76
624907054516297728 2
624908925163433984 2
624910355429498881 76
624910732908302336 43
624910867113594880 16
624911865349435392 95
624913023010902016 20
624913908000669696 100
624914025449521152 2
624914025453727745 2
624914763651371008 76
624914847516340224 2
624915283732492288 76
624915778660270080 25
624916411987554304 2
624916885952458752 76
624917640910209024 2
624920304305831937 23
624920971200339968 43
624921168349237248 100
624922334365921280 43
624924314073219072 25
624925069031153664 8
624925186492661760 29
624926050498314240 2
624926834849812480 25
624927212320477184 2
624928097310109696 25
624929519187685376 45
624929670182494208 76
624930458715820032 2
624931847026438144 25
624933541525200896 2
624933629618192385 16
624933675759566848 25
624933763839950849 25
624934288119697409 2
624935424755171328 101
624935508641214465 76
624935827408224256 14
624935953241649152 84
624936452363788289 94
624936855050522624 84
624937249294168064 84
624937253496819713 101
624938700514799617 100
624940143355375616 29
624940365653487616 100
624941716244721664 76
624942626383470592 17
624942878045765633 100
624942878050029568 100
624943901447692288 16
624943905646190593 77
624943968556482561 16
624944291543171072 10
624944455129370624 10
624945071691988992 44
624946262865940480 95
624947273672228864 100
624947525347377154 16
624948808796012544 20
624949836421464064 13
624950197114773505 101
624950314542575616 76
624951010797207552 2
624951887423340544 23
624953670011088896 43
624954412398739462 25
624954424956481537 53
624954781480681472 84
624954869548453888 101
624955213493968896 76
624955314148913152 8
624956119467839488 76
624956127843713024 25
624956660554035201 101
624957298054692864 76
624957335803269120 49
624957914650923010 76
624958002710364161 76
624958610896859136 101
624958682170851329 15
624958766077730816 76
624959143581880320 2
624960108271902720 20
624960959690502145 2
624961169422336001 101
624961244915744768 19
624961723066380288 2
624962419329224704 43
624962582890151936 7
624962956191625216 76
624963908273508352 17
624963958642847744 76
624964780692901890 101
624965288212049920 43
624965548263129088 49
624967108531589120 19
624967150495621120 55
624967318280531968 16
624967486035914753 76
624968127747592192 20
624968916289220608 47
624970342365270016 12
624970501757247488 27
624972309489696768 16
624972649236721664 19
624973353858658304 20
624973521643397120 16
624973634897997824 84
624974821890347008 43
624975086114721792 16
624975258089619456 19
624975610415329280 2
624975753000689664 2
624976067598508032 16
624976713496203264 101
624978076670099456 2
624978361866170368 0
624979112629669888 2
624979435624599556 16
624979569834127360 2
624980651972825088 16
624980853295190016 16
624981104919842816 76
624981411112570880 2
624981809571311616 2
624982023472586752 1
624982585517551617 10
624984842065711104 6
624985769002827776 53
624985819338678272 53
624986008086556673 94
624986347833421824 76
624987035665858560 2
624987174094548992 10
624987333473910784 25
624987958421102592 2
624988243642163202 2
624988621133615104 77
624989652928307200 41
624990248540487680 2
624990684710223872 2
624992203065069568 2
624992727369916417 41
624993138382389248 53
624993272616878080 58
624993792706285568 8
624995298453155840 16
624995411724517377 2
624996162483847168 6
624996506416844800 2
624996883895857153 76
624997181716590592 20
624997252994482176 29
624998494533582848 76
624999031400464384 58
624999215962284032 6
624999484385296384 16
625000948184690688 19
625001661224886273 2
625001745119358976 29
625001791256719360 100
625002110011084801 20
625002617538760705 16
625003125032808448 15
625004425266892800 19
625005524166127616 100
625007310952374272 20
625007633926193152 2
625008099472965632 16
625008401454661633 2
625008883824619524 2
625008887989559297 16
625010666391273472 16
625011689797226496 2
625012713207562245 20
625012893554061313 29
625012910327095296 2
625013413668851712 60
625014424483561472 2
625014504171008000 49
625015779235237888 48
625016030906068992 16
625016093829144576 15
625017775744942080 2
625018736219557888 23
625019453475004416 10
625019893851754496 2
625021588350439424 2
625022024579051520 6
625022070691340288 16
625022204925870080 100
625022204942659585 7
625022511122530304 2
625022586607521792 94
625022888588881920 20
625025245783695362 95
625026873194643456 16
625027015771471872 16
625028295072063492 16
625029196838891520 2
625029586913357824 94
625029674968686592 25
625029830187319298 100
625030866180268032 100
625031218476617729 20
625031226869608450 2
625031805666639872 2
625032288015794177 8
625032799720972288 29
625033999317106688 16
625034292888899585 6
625034842351214592 2
625035345680273409 100
625035890952278017 45
625036503308107776 2
625036658497454080 16
625037711255146496 100
625037732218277888 2
625038789203918848 55
625038998910705664 2
625039091185414145 2
625041326740877312 41
625042215946072065 2
625043679745605632 2
625046678668640256 100
625047584651014144 10
625047777584611329 6
625047781783285760 25
625047987325128704 8
625048813607096320 95
625049774102724608 6
625050696828588032 20
625051783165947904 16
625052479403659264 10
625053037237633024 49
625054429754974208 20
625054752733294592 2
625056157833428992 13
625060243077263360 20
625061983721816064 16
625062394730053632 29
625062940018872320 76
625064617740476416 100
625065594983837696 100
625065687267024896 25
625066152822185984 16
625067746695360514 2
625068329703608320 17
625069831247630336 16
625070468765253636 16
625071760615063553 2
625071961971032064 100
625072331040362496 16
625072834365231104 100
625072926635765760 2
625074738591858689 25
625075631966003200 95
625078085629706240 2
625079171971035136 19
625080547686117376 2
625080614807429120 2
625082330290335744 76
625083076872310785 20
625083802470227968 2
625086335813033984 2
625087250196336641 76
625091176056627200 100
625092342094123008 19
625094447617814528 23
625094456023224320 23
625095009654734848 16
625095122900758528 16
625095177410093056 16
625095877888184320 16
625095965960196096 16
625096565749755904 13
625096800639135744 2
625096955803234305 2
625097261991743488 16
625098323154710529 100
625098356709281792 16
625098478331527168 6
625098637736079360 2
625098809702416384 15
625098935539888128 1
625099443021418496 2
625099644352233473 16
625099732428423168 16
625100231559000064 16
625100634195279872 2
625101116578131969 16
625101426935644161 13
625102924314746881 16
625103155001458688 41
625103356332244992 2
625103951894069248 2
625104211961872384 2
625104832701972481 16
625105075980140544 16
625105600263815168 2
625105839356047362 2
625107311539978240 2
625108045555589120 2
625108720842752000 100
625108838270824448 8
625110415341699073 94
625110696360067074 16
625110889272717312 6
625111455512297476 44
625112176924102656 43
625112265008635904 2
625112315369771008 16
625112428594925568 25
625112999037046784 2
625113242273218560 16
625113552655896580 29
625114827753549826 16
625115528189730818 16
625115595290353664 2
625115666593415168 16
625116014737510401 16
625116304140312576 6
625117482752282624 2
625117654718636032 20
625118069925371905 16
625118363547774976 2
625118871041785856 94
625119567321407489 53
625120372606767104 16
625120544594137088 20
625120712362082304 41
625121240840318976 16
625121681229619200 100
625122222278090752 16
625122352335077376 29
625123484772003841 25
625123610630340608 27
625124344629342208 100
625124344633556992 100
625125418375340032 76
625126487910391808 29
625128190793678848 16
625128526329610240 29
625128861882261504 2
625129503593996288 16
625130308925542401 100
625130837407698944 16
625131038717554689 16
625131814689107968 2
625132884202909696 16
625133840504332288 16
625134020867788801 16
625134905890967553 58
625136835249876992 100
625136864626896897 16
625137191770042369 16
625137967703683072 100
625138068371017729 16
625138391340974082 100
625138928195080192 2
625138991126306816 23
625140400429273088 16
625141004396589056 2
625143839733346304 16
625144473069187072 16
625145697818574848 2
625146243094679552 2
625146578613829632 16
625147719481470976 2
625148071811256320 19
625148310886584321 27
625148612838735873 58
625151565637095425 6
625151624374161408 2
625152857503698945 16
625155948693299200 2
625156246497157120 20
625158100371271680 16
625160465962790912 2
625160679868084226 2
625162516981641216 20
625163020294049792 16
625163825604485120 25
625165171988652032 21
625167550150610944 2
625167684359995392 23
625168607115386880 100
625168992966053889 100
625169907336876032 6
625170075117486080 100
625171681544417280 2
625172927235801088 55
625174525261385728 2
625176207190061056 100
625176236524834816 2
625177708729774081 100
625178748917272576 10
625178778298417152 100
625179097069563904 2
625179138987429888 20
625179378088067072 77
625180263086059522 77
625181257136242688 21
625181634598273024 2
625183945676619776 41
625184113457242112 8
625188257400107008 100
625190329398923264 77
625190622991781888 13
625191780653273088 6
625192757888446464 2
625192875345768448 95
625194280454356992 76
625194662102331392 77
625195941365157888 2
625196687963746305 2
625196872513138688 23
625198701229666304 2
625199938557706240 23
625202488694603776 100
625202757134323712 100
625203063301668864 47
625203193320898560 76
625207182129102848 23
625210080363999232 100
625212173334224896 2
625214178219962368 0
625214811564044288 16
625215927248793600 55
625216325690851328 25
625217370068398080 2
625217730782842880 6
625218200565886976 2
625218359949422592 25
625221535020613632 16
625223577667645440 25
625223980325208064 25
625227386079023104 25
625227797129117696 20
625228015207849984 2
625229751670566912 100
625229768439377920 100
625230473074053120 100
625231328733208576 2
625231425210421248 2
625232150812454912 2
625232956102156289 100
625235116189741057 100
625236038945009664 53
625236076676804608 100
625238748444274688 2
625239172077481984 15
625239406950096896 2
625239528576565249 100
625240740751249408 2
625241818691686400 100
625244758869417984 76
625244825999138817 23
625245664855748608 2
625247778797682688 16
625248496006905856 100
625249829782818816 43
625251180353032192 49
625251633371308032 16
625251637548810240 2
625252988123262976 2
625253139113865216 100
625254430938660864 100
625255378851205120 100
625255890585677824 2
625260403656818688 6
625261976520949760 14
625263083817046016 16
625265285814185984 0
625267345221484544 20
625270033783103488 2
625270058936201216 25
625271522723237888 76
625271707272613888 10
625272143484485632 2
625275012417724416 2
625277491226087425 20
625278573360885760 6
625279760369885184 21
625279991048183808 25
625280460801843201 48
625283447158747136 2
625285292661055488 100
625285829506822148 19
625288782321950720 8
625288849405689856 2
625288887167008768 49
625290745235283968 48
625290782967267328 41
625290858481319936 43
625290900407775232 29
625293580588986368 20
625293949704491008 29
625293953894518785 94
625294830499987456 43
625295375746727936 100
625296160102617088 23
625296436897402880 8
625297057650208768 10
625297921681059840 55
625298966071128064 55
625300304045703168 2
625301767878787073 43
625303760164655104 25
625303953098567680 2
625304678704783360 94
625307375658905600 100
625308009011519488 2
625309061781663744 100
625309212738981888 16
625309372130922496 25
625310143903854592 16
625311108572823552 16
625313390299234304 16
625313398658568192 16
625313398691987456 16
625313402882277376 16
625313407042985984 16
625313407051427840 16
625313411245690880 16
625313411262476288 16
625313415435825153 16
625313415440039937 16
625313415460978689 16
625313423857975296 16
625313428018757632 16
625313428035473409 16
625313436411502592 16
625313440610021376 16
625313444791775232 16
625313444800122880 16
625313444804304896 16
625313444825333760 16
625313444829491200 16
625313444829503488 16
625313448994279424 16
625313449019613189 16
625313453197127681 16
625313453197144064 16
625313453205536768 16
625313457395625984 16
625313457395630080 16
625313465792602112 16
625313469965991936 16
625313469974323201 16
625313469974335488 16
625313474168659968 16
625313474181083136 16
625313474185428992 16
625313482565681152 16
625313490954264577 16
625313495131754496 16
625313499347058688 16
625313507714691072 16
625313507714711552 16
625313507735662592 16
625313511925784577 16
625313520293384192 16
625313541298487297 16
625313549666025476 16
625313562265808896 16
625313566447542272 16
625313574815145984 16
625313579017736192 16
625313579026264064 16
625313583216377856 16
625313587402182656 16
625313587402285056 16
625313587406442496 16
625313587414761472 16
625313599993462784 16
625313600010260480 16
625313600014565376 16
625313612584910848 16
625313616791760896 16
625313616795971588 16
625313641936478208 16
625313646143389697 16
625313696458383361 16
625313755208007680 16
625313771976847360 16
625313801341022209 16
625313855833538560 16
625313906173583360 16
625313952315088896 16
625313981666869248 16
625313985881989120 16
625314032002596864 16
625314040412303360 16
625314069743054848 16
625314086545260544 16
625314145274101760 16
625314157823397888 16
625314166220423170 16
625314237548744704 16
625314354959908864 16
625314388510019584 16
625314682119815168 16
625314698901061633 16
625314749224513536 16
625314757625675776 34
625314761803051008 16
625314770200199168 16
625314782799724544 16
625314799572815872 16
625314803771408384 16
625314887632171008 16
625314933782220800 16
625314937968181248 16
625314950551052288 16
625314967349272576 16
625314967357624320 16
625315038635520004 23
625315055412903936 16
625315055442137088 16
625315084789805057 16
625315088996638720 16
625315114145685505 16
625315139328344064 16
625315223180832768 16
625315227375136768 16
625315294488080384 16
625315302885081088 16
625315332236967936 16
625315445487337472 16
625315617441218560 16
625316162738503680 16
625316242400768001 16
625316250789396480 16
625316301146300416 16
625316418586845185 16
625316460508934144 16
625316552804593664 16
625316565374775296 2
625316770887249921 16
625316838008881152 16
625316988986990593 94
625317043533799424 16
625317152564752384 16
625317169333673984 16
625317395842887680 16
625317421016985600 16
625317559429148672 16
625317584599150592 16
625317748181213184 16
625317802711351296 16
625317945317662721 16
625318092118327296 16
625318108882821120 16
625318423464120321 10
625318457001791488 16
625318733813313536 16
625318993868386304 16
625319132293132288 16
625319262316441600 16
625319568492392448 16
625319597835702272 16
625319920834756609 95
625320394753470464 16
625320482854670336 16
625320491260186624 16
625320516426039296 2
625320608683978752 16
625320671581720576 16
625320990361260033 8
625321233647824896 16
625321250408300545 16
625321271388049408 16
625321938274156544 16
625322387056128000 16
625322529662472192 16
625322634528620544 16
625322789709418496 16
625323330774675456 16
625323372709302272 94
625323574073643009 16
625323972532408322 16
625323976693272576 16
625324769425141760 16
625324878485409792 16
625325251770085376 16
625325390194540544 23
625325486642565120 16
625325515998666752 16
625325901903982592 16
625326107420684289 16
625326510057082881 16
625326623303315458 23
625326807873531904 16
625326933677613056 16
625327185344262144 100
625327223084597248 16
625327424440528897 16
625327478966460416 16
625327520884391936 16
625327550269538304 16
625327671883509760 16
625328099710926848 16
625328108112117761 16
625328758199693312 16
625328938567360512 16
625329102128607232 16
625329118922543108 16
625329144084107266 16
625329412507086848 2
625329508980273152 16
625330029086547968 48
625330050079064064 16
625330104579682304 16
625330599524483072 16
625331086046965760 16
625331270587916288 2
625331362862637056 16
625331505464782848 16
625331652269445120 16
625331790689861632 16
625332210112024576 16
625332486957101057 16
625332562433589249 16
625332616955301888 16
625333032208199680 16
625333111899852800 16
625333204170338305 43
625333250311987200 16
625333497775935488 16
625333690734764032 16
625334303103303680 16
625334378588209152 16
625334521198612483 43
625334785427148802 6
625334789609013248 41
625334818994139136 19
625335188101447680 16
625335209060229121 16
625335246817329152 16
625335318087081986 15
625335414556131328 16
625335418767167488 7
625335687210889216 16
625335733323108353 16
625336068888489985 16
625336165370040320 13
625336521881743360 16
625336677041614848 16
625336857430216704 16
625336886773587968 16
625336890980483073 16
625336924513902592 58
625337339754098688 16
625337369122619394 16
625337406867308544 43
625338434480017408 16
625338719701053440 16
625338887469178880 16
625339600505020421 16
625339613071179776 16
625339793409507329 16
625340170909425664 16
625340246402723840 16
625341957695520768 16
625342331001028608 16
625342477801795584 6
625342528133447680 2
625342930778075136 16
625342972729651200 16
625343056611512321 2
625343119513358337 16
625343161452396545 2
625343438297272320 16
625343505393709061 16
625343811586236417 16
625344214218379264 2
625344679786078208 16
625345048910168064 102
625345459926773761 16
625345476716408832 2
625345560581681153 76
625345665435049984 16
625345669633413120 16
625345854199726080 16
625346776934051840 16
625346936321777665 6
625346999227957248 55
625347435435552768 16
625347716466503680 16
625348085573636096 16
625348223981359104 16
625348941194903552 16
625349117376598016 2
625349276751765504 16
625349431957655552 100
625349520004673536 16
625349671016267776 20
625349683599306752 16
625349700368093188 16
625349985589026816 20
625350245648433152 102
625350631503495168 100
625350988040400896 16
625351382288109569 2
625351432624054273 53
625351436797263872 2
625352154052608000 16
625352330217521152 16
625352401503936513 16
625352510551785476 94
625353672373878784 100
625353760445825024 16
625353894676328448 16
625354431543025664 16
625354486085734402 2
625354548987699200 16
625354867763232768 16
625354926462349312 6
625355001972531200 16
625355413014319104 16
625355442374340608 16
625355572385153024 16
625355643721924608 20
625355740157448193 16
625356184766189568 2
625357430482821120 84
625358692976824320 16
625361029179047936 16
625361842903379968 16
625361876420050944 16
625362132289363968 16
625362639816945665 16
625362677548871680 76
625362899834413056 16
625363487057809408 16
625363587700146176 16
625363705136414720 16
625363772253671424 2
625364032304848896 16
625364997019799553 41
625365013780373504 76
625365118625415168 16
625365579994689536 16
625365991061479425 16
625368096572751872 25
625368167901200385 16
625368180483993600 16
625368616695894016 16
625368864168148992 2
625369229068517376 43
625370109863923712 20
625370185373908996 20
625371426867007488 29
625371795961413632 16
625371984722010112 16
625372567734390784 29
625372974581985280 16
625373712758538241 16
625373867964395520 58
625373943441002496 16
625374358685376513 16
625374618753347584 2
625375071717031936 25
625375243696254976 16
625376057374412800 16
625378238425092097 16
625378372621697024 16
625378515253243909 16
625378817226485760 16
625379844826755073 58
625380046157426689 2
625380578859225088 16
625381040194846720 16
625381468034838528 16
625382348838690816 16
625382952831184897 29
625383259015245824 16
625384542438731776 16
625386404709732352 16
625386476012879872 100
625386786424918016 2
625386895481028610 16
625387059021283328 16
625387486861242370 2
625387537180327936 94
625387616880300032 16
625387633640873984 16
625388128577134592 2
625388426368524297 16
625388476725362692 2
625388501895352320 2
625388715783753728 2
625389147809820672 16
625389277841522688 16
625389609195827200 10
625389852431921152 2
625389961508859904 2
625390745831108608 2
625391333025316864 2
625392041858498560 16
625392138340147200 8
625392444545335297 16
625393161767124992 2
625393312728420352 16
625393895749193728 20
625394948507103233 2
625395309217193984 16
625395875456528384 10
625396257138307072 16
625396684965568512 15
625396819170701312 58
625397288953868288 2
625399004403236866 16
625399126038085634 16
625399214114127873 2
625399230912425984 13
625399398680281088 16
625399407081619456 25
625400153676103680 16
625400426272133120 10
625400656984195072 16
625400791210266624 16
625400942196883456 2
625401223190040577 16
625402179503796225 53
625403332937523200 16
625403366512951296 25
625403655911555072 16
625404092119183360 2
625404415076380674 16
625404482168328193 6
625404792567898116 2
625404960323301376 16
625406126364979200 16
625406344443658240 16
625407183312789504 49
625407581767516164 15
625407753754800128 94
625408068294209536 2
625408454170165248 16
625408793925525504 16
625409314010742784 16
625409859266215936 16
625410442278506496 16
625412531058835456 16
625412891760574464 8
625413306984079365 16
625413428623110144 16
625414217177374724 16
625414770825523200 16
625416368825827329 2
625416456902041600 16
625416528201027584 58
625416935048478720 2
625417056708460544 16
625417593579397121 16
625417778128928768 16
625418067523153921 2
625418709243445248 8
625418830890676225 2
625418864453681152 2
625418948322832384 27
625419107731701765 16
625420458289049600 16
625420475070607360 16
