314766857880092672 233
314767025664831488 187
314779726000558080 186
314784037757648896 202
314784113250942976 30
314784767558164480 278
314794573853499393 2
314799787381772288 187
314808134038327296 187
314808649946132480 2
314811535610499072 45
314813238493736960 186
314813406249119745 186
314818242310987776 58
314819383136505856 231
314823204164227072 190
314825511010447360 233
314825544577470465 187
314828262478082048 45
314831005565456384 186
314837183762677761 45
314846398669524992 69
314847719866920961 45
314848911053434880 231
314848965579382785 11
314850546811035648 15
314853881320443905 190
314855890383687681 186
314856653738631168 69
314857400337326080 45
314858474074931201 231
314861011612073984 69
314863192645959680 231
314864140588048386 187
314865159791341569 24
314868481684283392 14
314869668651347968 15
314871258288386049 187
314880494175154176 45
314881882468794370 15
314883295940849664 231
314887179870539776 2
314893471347527680 202
314899465012121600 81
314900794593906688 69
314904967918006273 275
314905525747855360 45
314913100690231297 2
314915436888219648 14
314916867150073856 202
314925163479199744 187
314934491632238593 30
314937897407094785 187
314946025972441088 2
314952720090005506 129
314953428902227968 129
314955744174804992 124
314959758119550976 45
314962123707002880 186
314967400145645568 322
314968188653821952 186
314971091145723904 7
314977768439959552 2
314978527625748480 184
314980251505659906 184
314984114430304256 2
314986190602379264 15
314986610066329600 184
314989885784199169 7
314993736193040386 45
314996944802025472 186
315000170230210560 186
315002644886343680 187
315007841612214272 191
315012522472243201 187
315019665350991872 81
315020286128971777 275
315029131911888896 30
315033296830607361 30
315034416743325697 30
315035347866238976 30
315035662439022593 30
315035922469122048 30
315037319197515776 30
315037545681526784 30
315037721825533952 30
315037734433599488 30
315037973504729088 30
315038069956956160 30
315038141272698881 30
315038409703960576 30
315038409716535297 30
315038447473676288 30
315038678156201984 30
315039525372047360 30
315039735099846656 30
315039814816780288 30
315040490095517697 30
315040594936332288 30
315040850788876288 30
315041031164944384 30
315041089847427072 30
315041433813938176 275
315041563816386561 30
315041647702450176 30
315042234913406976 30
315042310427664384 30
315042385891557376 30
315042574643630081 30
315042624971083776 30
315042692096741376 30
315042763387322368 30
315042859881488384 30
315043124097462273 30
315043388330242048 30
315043505791717377 30
315043560317652992 30
315043799367839744 30
315044353045303296 30
315044403364388864 30
315044525015961601 30
315044625662484480 30
315044936057753600 30
315045028303077376 30
315045091226030080 30
315045410005725184 30
315045535830650880 30
315045762323083264 30
315046190142074881 30
315046236266831872 30
315046274032357376 30
315046362121117697 30
315046966071549953 124
315047226143547393 30
315047381324419072 30
315047872066379776 30
315047914009415680 30
315048505410465792 30
315048606052794368 30
315049180659867648 30
315049826620416000 30
315050032111964160 30
315050044686491649 30
315050090828013571 30
315050283791183872 30
315050598368149505 124
315050929705598976 30
315051227509579776 190
315051294601658368 190
315051302998659072 30
315051407856263168 30
315051684667723776 30
315051802133417984 30
315052024427339776 30
315052695503384576 30
315052854907920384 30
315053014262108160 30
315053018456403968 30
315053064610525184 30
315053135905312769 30
315053240754511873 30
315053299478978561 30
315053337215119360 30
315054188679811072 30
315054490673897472 30
315054671033151488 30
315054851396603904 81
315055358869659648 30
315055874802585600 30
315057623798009856 30
315057875460435968 30
315058185868288000 30
315058416538230784 30
315058789822902272 30
315059343487807490 30
315059347686313984 30
315060136207069184 30
315060161360302082 30
315060589196111872 30
315060870222839809 30
315061318996598784 30
315061650350813184 30
315062208168095744 30
315062220755177472 30
315062585663844352 30
315062967349682176 30
315063210636095488 30
315063462264975360 30
315063512613400576 30
315064045298388992 30
315064468914728961 30
315064586372009984 30
315064909329215489 30
315065140007546880 30
315066104689078272 30
315066301808783360 30
315066452824690688 30
315066817708163072 30
315066884825432064 30
315067006451859456 30
315067073577508865 58
315067493028868096 30
315067543331164160 30
315067753050558464 30
315068185084841985 30
315068856144130048 30
315068973597212672 30
315069258814087168 30
315069707604606977 30
315069825049321473 30
315069871178276865 15
315071070736621568 30
315071263703986176 30
315071880254062594 30
315072396166053888 30
315072425530388481 30
315072576512724993 30
315072803000942592 30
315073105007616003 19
315073138541088770 186
315073163719495680 7
315074170323079169 30
315074191319760897 30
315074593956184064 30
315074656891703296 30
315074665288724481 30
315074791084285952 30
315074841411723264 30
315076527534514176 30
315076795961597952 30
315076963763113984 30
315076976316645376 30
315077207011762177 30
315077668372631554 30
315077781635600384 30
315077819388542977 30
315077974581972995 30
315078012305547264 30
315078146531684352 30
315078389818064897 30
315078419178192897 30
315078691820535809 30
315079128028160000 69
315079140611084289 30
315079316734095360 30
315079383863930880 30
315079383872331777 30
315079555813634048 30
315079631344635905 30
315079723581591553 2
315080101089927168 30
315080163983511552 30
315080247894757376 30
315080700879581186 30
315080809944064000 30
315081028035305472 30
315081107718696960 30
315081162244632576 30
315081199989182464 30
315082013696737282 30
315082554757771264 30
315082886111981569 30
315082898699075585 30
315084018557280257 30
315084354097397760 30
315085583028477953 30
315086090547650561 95
315086585479720960 30
315086853910982656 30
315086908432736256 7
315087072006397952 220
315087147520651268 30
315087592121065472 30
315087810212282368 30
315088418403135488 30
315088636498554880 30
315089584407056385 30
315089768952246273 30
315089911583748096 30
315089970299797504 45
315090045780500480 30
315090301637238784 30
315090742051753986 30
315090804970487808 30
315090863657189378 30
315091014673125376 30
315091165659664384 30
315091404730814464 2
315091757060734977 30
315092000338751490 30
315092298134323200 30
315092335874686976 30
315092386185351169 58
315092524609986561 30
315092637860372480 30
315092675630084096 58
315093682254655488 30
315093736772235264 30
315093904552775680 30
315094923764445186 30
315094944740155392 30
315095179621195776 30
315095267697389568 30
315095347389153280 30
315095548724146176 30
315095603229097985 30
315095934566551553 30
315096232366313472 30
315096257544744960 30
315096874099015681 30
315097301918035969 30
315097541001768960 30
315097650053648384 30
315097733943947264 30
315098153357541376 30
315099113878331392 30
315099151622868993 30
315100326019600386 15
315100640579829760 30
315100753859575809 30
315101672382803968 30
315102322495733760 30
315102850994798592 30
315103010386751489 30
315103270416834561 30
315103794704838656 30
315103886996287489 30
315103945716551681 30
315104243516334080 30
315104465797672960 30
315104482562306049 30
315104755208826881 30
315104767774978048 30
315104960729731073 30
315105518559563777 30
315105677934747648 30
315106319671640064 30
315106990781259776 30
315107003334791168 30
315107234021511168 30
315107536049143810 30
315108890788380672 30
315109079527849985 30
315109264094031874 30
315109872255520768 30
315110241350066176 30
315110878871707648 30
315111772266827776 220
315111868765175809 15
315113454212096000 30
315113865245507584 30
315113953300738050 30
315114628583653376 30
315114674750386178 30
315114787963023360 30
315115526164725760 24
315115735900901377 81
315115773624471552 81
315116780274196480 30
315117061300948992 30
315117665284927490 202
315118042755522562 187
315118365737893888 30
315118625755394048 30
315118739026747392 81
315118915187527680 81
315118986473926656 30
315119259120439297 81
315119766614454273 81
315120286733332481 30
315120609665372160 30
315120840360488960 30
315121394021187585 81
315121578557992960 30
315121758896267264 30
315121872167649280 30
315122140582137858 30
315122258035216384 81
315122291581280259 30
315122820080357376 81
315122987865100288 30
315123239498178560 81
315123398881705985 30
315123428262817792 30
315123533091057665 30
315123566679031808 81
315123776360689665 81
315123788956176384 81
315124657172914176 81
315124871082418176 30
315124971733123074 30
315124992742420482 81
315125294711316480 81
315125403784212480 30
315125772870369281 30
315125793820905474 30
315125806412226560 30
315125986763083777 81
315126171320868865 30
315126687232847873 275
315126951444619268 81
315127215698358272 81
315127463166476288 81
315128536891527170 30
315128872444239872 81
315128943764193281 30
315129124106682368 30
315129279295942656 30
315129308677042176 81
315129862320963587 81
315129925227122689 81
315130072023568385 30
315130164294086656 30
315130231415508993 81
315130357240451072 81
315130499850973185 59
315131091247833088 16
315131137368408064 81
315131233854177281 30
315131389047615489 30
315132336968724480 81
315133033223176192 30
315133477798440961 30
315133725249765376 30
315133737866260481 30
315134782243745792 30
315135000334958592 81
315135822418554880 81
315135868555902976 30
315136023753523202 81
315136166364065793 30
315136183107739648 30
315136346706546688 81
315137156219822080 81
315137240072327168 278
315137382712238080 30
315137944723800064 81
315138288665112578 30
315138359968284672 81
315138473218670592 30
315138838135721985 30
315138880066179074 81
315138896835014657 81
315139085566083072 69
315139505025847297 30
315140138365747202 81
315140205445267458 30
315140423553269760 81
315141090451795968 95
315141132394823680 81
315141241476104192 7
315141577020424192 81
315141585379655680 30
315141740598272000 81
315142822728712192 202
315143166623899648 30
315143296672464897 81
315143518970597376 81
315143527338221568 202
315143929999806465 30
315143942607884289 30
315144768864788480 30
315144978567409665 30
315144986968588288 30
315145196671213568 81
315145305723125761 81
315145532219723776 30
315146186547949568 30
315146647925579776 30
315146698240454656 2
315146803123208192 30
315147109273858048 30
315147168023453697 30
315147243516751872 81
315147587449663489 81
315147830710915072 30
315148434694864896 81
315149466468487168 30
315149634244849664 30
315149818815184896 2
315149885932441601 30
315150028509429760 45
315151999836491778 30
315152075338178563 45
315152406709166082 30
315152448635424768 30
315152503161356290 81
315153207804428288 187
315154264790024192 81
315154671608147969 15
315155074282303488 30
315155183330025472 233
315155363697659904 81
315155401429630976 30
315155585983201280 2
315155783102898177 30
315155866993164288 30
315156324184895488 30
315157335016357888 30
315157435654483968 30
315157825724768256 81
315158131929907201 81
315159235031867392 30
315160099066896384 2
315161239900790784 124
315161848079081472 30
315162288472588288 30
315162330398871554 81
315162456227987456 30
315163035067092992 81
315163915870945280 30
315164280771182593 30
315164347875880961 30
315164796670595073 30
315167069970767872 30
315167397122297857 30
315167560700162048 30
315168126960533504 81
315168810619506688 187
315169464922562562 30
315169737577492480 81
315170207339528192 30
315170282828599297 81
315170295382171648 2
315170618347753472 30
315170995860291584 30
315171151045328896 81
315171436241244161 81
315172610650562561 81
315173214626140160 30
315173600506306561 81
315173910884798464 81
315175362118160385 81
315175458582982658 30
315176255513321473 30
315176498787147776 81
315176553321488385 58
315176750416031745 30
315177522205716480 30
315178960814223360 30
315181095719149568 81
315181531956117504 2
315181682917523456 30
315182593110851584 30
315182819582296065 30
315184002405376000 92
315184052703477760 45
315184698622087168 30
315185831100952576 30
315185990488694784 30
315186250543939584 30
315186837746491392 278
315186862903930880 30
315189576631201792 81
315190298051481604 30
315191371797508096 30
315191547937296385 30
315193250841513984 233
315194538463469568 81
315194626539659264 30
315195054396436480 124
315195243127517184 15
315195817742987264 278
315196719522512896 30
315196841140555776 30
315197168317263872 187
315197466087677952 30
315197487080173568 30
315197587722493952 45
315198946681176065 30
315200301445545984 30
315200582455537664 81
315200817344958464 30
315204361527652352 30
315205158474768384 81
315205749854834688 30
315207314309271552 81
315207733739655169 30
315208627159977987 30
315208648123101184 220
315209906422706176 30
315210120332206080 30
315212251021844480 69
315214444638638080 30
315214872445083648 30
315215036043894785 15
315217263210942464 30
315217540043378689 30
315217640698281984 69
315219817537871872 30
315220354417172480 30
315220589285609472 81
315220689953124352 30
315221478490656768 30
315221751141396480 30
315221839184011265 30
315223521104101376 30
315228722041061377 2
315231628718919681 30
315231926489325569 186
315232446587228163 81
315232727597195265 30
315233163838377984 15
315235030278492163 187
315235328082448384 30
315235672011190275 30
315235797844516864 15
315237337166643200 30
315237370729492481 30
315237790147305472 30
315237903372529665 81
315238431871606784 30
315239379771723776 30
315239945994387457 10
315241145582096385 30
315243364377313280 30
315243930620948480 30
315244584923979777 81
315244765283229697 81
315245029507620865 15
315247252509687808 184
315248573711261696 45
315248858902953984 81
315249051840942080 30
315249689400320002 30
315250054283792384 184
315250733752676355 30
315251488752562177 30
315252684116590592 81
315252931580551168 30
315253791412846593 186
315254105973067776 191
315255360074170368 30
315258472268701696 30
315260166763315201 30
315262863709184000 81
315263396348051456 231
315263878726553600 30
315264998605746176 81
315266344956354560 7
315266365936238592 30
315266919601168384 30
315270400860880896 15
315271491375755264 14
315273244599009281 30
315273957618089985 30
315274435756179457 30
315275018785398785 184
315275559846440962 45
315280349737390082 30
315280634937495553 81
315280915985223681 69
315281071145099265 30
315282224616464388 81
315283889750949889 81
315284359504605186 30
315291124925337601 30
315295856096071681 202
315296153895854082 81
315299463184916480 30
315303502316441601 11
315304391479525376 30
315304789934215168 30
315306211807481857 30
315307709203353600 16
315308434788610048 81
315313946104053761 30
315314927566995456 20
315318199149268992 30
315321974006087680 129
315322326336016384 30
315324217971318786 11
315334267511115776 30
315335160910454784 11
315335869764599808 7
315338348594098179 24
315342983279046656 30
315344644231798784 187
315344874910130176 30
315351950709374976 30
315352403690012672 30
315353246753488897 30
315356442808954880 30
315356493123821569 30
315359219450798080 30
315359508845166592 275
315363476669349889 15
315364525220171776 81
315369654858170368 30
315371252913160193 30
315374033711546368 30
315377565328093184 81
315381235335704576 30
315381344400195585 30
315382686560681984 30
315382820786814976 30
315386847297667072 190
315387677790842880 30
315392975213584385 81
315393226846662656 15
315393507865026560 58
315393927316402177 81
315394183152148480 30
315394640339685377 30
315396519396249601 30
315398562013929472 81
315400042615824384 81
315400046772371456 81
315400197775704064 81
315400516572168192 81
315401867112886275 81
315404325000208384 69
315404719239622656 30
315405482598748161 30
315407470707228673 81
315408536064638976 30
315409597219348480 30
315410612257705984 30
315414387114512386 7
315414517125349376 15
315414584259379200 15
315417109226205184 30
315417851622223872 30
315418904400912384 81
315418908570050560 15
315419168616878080 30
315423153193111552 30
315423593607614464 81
315425703338328064 30
315427045540757505 28
315427636912459776 2
315428781965836289 30
315429528539389952 30
315430380012445697 30
315430732317224960 30
315431671862263809 81
315433206939787265 30
315433693500043264 2
315434750443651072 81
315437464187719682 187
315439380963680256 190
315441524278173698 81
315444565123411968 30
315446158971510784 30
315448637817765888 81
315449069818499072 30
315449610879516672 45
315450621723541504 202
315450776896016384 278
315451720618622980 30
315451917759287296 187
315453654188584962 81
315455587762712577 81
315455642271879168 81
315456279810306048 81
315458242740363264 30
315458494423769088 81
315458553127260160 81
315458750255337472 81
315461732434837504 81
315462822937124866 30
315463070413635584 202
315463754076798976 231
315463791838105600 30
315466543272169472 248
315467617039163394 30
315468783055671296 30
315469156344541185 81
315469361865449473 187
315470829867630593 81
315471555473846273 24
315472176247615488 30
315472952202248194 81
315473023476056064 30
315476945162891264 0
315477049999503362 190
315479201690042368 81
315479298179989505 7
315479512085299200 30
315481475006992386 28
315486982111371266 186
315490996064514048 81
315491075789824000 81
315491931415277568 2
315492673794494465 202
315493248405741568 191
315493521052291074 2
315493596553957376 81
315494397653446656 30
315494548635795456 30
315495932768702464 189
315500710101938176 81
315503432201031680 81
315505839710539776 81
315507211264737282 81
315509484581695489 15
315513028756004864 81
315513540448493571 30
315514500969271297 30
315514689717153792 278
315518967903051777 69
315523120259796993 30
315525682966962177 30
315527130010247168 24
315527952077029376 30
315529768206491651 81
315530242196393984 45
315531978625646592 233
315537825485422592 81
315542586012090370 81
315543412298350592 81
315543731061272576 81
315543835906289665 81
315544716739497984 202
315547283640950784 30
315549343044235264 190
315551528259833856 81
315553667371630592 81
315553692524883968 81
315554103579250689 81
315556313981657090 81
315556808884363264 81
315557698097790976 81
315558134288642048 30
315559052870578176 2
315559459713855488 202
315561376502382592 81
315562060161372160 95
315564723565379584 81
315565340107079681 30
315566007026593792 81
315567642788380675 220
315571249873031168 30
315576459207000065 81
315576924766343168 231
315577050603868162 186
315577516175785984 202
315579693006999552 233
315580460589785088 231
315581060387835904 81
315582423507283968 30
315582805197332480 81
315583115592613890 202
315585107866050561 95
315585971905261568 95
315586739437719554 81
315587737686253569 95
315589058900418560 0
315589151166705665 95
315589595758743552 30
315590631768592384 30
315592175259906048 30
315593819431243776 81
315594335360016386 95
315603692827066368 95
315605949387776000 30
315610001085444097 202
315617026540437505 81
315618163163271168 95
315618960110395392 95
315619329179799553 95
315620054794371072 30
315621552165101571 45
315621552190259200 45
315621560570490880 2
315623305384189952 95
315623473173102593 95
315623846449410048 95
315625058632609792 30
315629311635890176 95
315635271750258688 202
315640099406766080 187
315651092660760577 81
315657023419215875 2
315657602228969472 15
315658638226235393 278
315660877971988480 15
315661863616667648 0
315664917082550272 95
315665269429256192 124
315666414461665281 95
315667257520967680 0
315669358842109953 16
315670428414799873 81
315671095300726784 190
315671246299869184 37
315674463339429890 81
315675805495730176 275
315679056102309888 231
315683065827561472 202
315683741110530048 10
315684261220982785 16
315699662688493568 2
315699964682567681 30
315703177540403200 202
315713608778653696 184
315716427355144192 30
315717018718457858 186
315718704853827584 278
315719266861187072 30
315719581438197761 30
315722307765157889 81
315727101842046979 202
315732042727976960 30
315732483134083072 30
315735083594158080 45
315735142339592194 45
315735792444125184 12
315735796646817792 45
315742230675607553 30
315742318768553984 30
315746890555736064 30
315748236948279297 12
315750950646185985 12
315751428801048576 30
315752724836798464 12
315752750002601984 12
315752938758864896 248
315757514723581953 12
315758756258533376 12
315762736636243968 7
315763244168003585 28
315763906851250176 92
315764255003652096 81
315767920787587072 12
315768558326005761 278
315770617754443776 95
315778691798028288 69
315781464232980480 12
315781837509255170 12
315783074824716290 81
315784937087328256 184
315787604656287744 12
315787868897431553 12
315791207601168384 12
315793103388815360 81
315793313141760000 69
315797503234670592 15
315799101247733760 30
315799445197434880 12
315805946356043778 12
315807179481432064 30
315807275971395585 12
315807405969649664 12
315807674400911362 12
315807842189836288 12
315808093869068288 81
315808223863111680 30
315812074234200066 12
315813022151102464 233
315816339845570560 2
315818579624882177 12
315818768364347392 81
315819565252755456 12
315819707892629505 12
315824892052393984 12
315825529578221568 12
315825558938345472 81
315827354087862273 12
315827517690875905 202
315828348146286592 30
315829614826123265 45
315830394954067970 186
315834861908807680 81
315835486834925569 12
315837416218951681 12
315838020202950656 190
315838171189489665 81
315843812549337089 12
315849281913364480 12
315851530068709377 81
315852394103705600 30
315853023240912896 30
315853224542343169 12
315855330091356160 12
315859931247042561 12
315860329693327361 12
315860472299671552 81
315861474742509568 12
315862422663598080 30
315869511049940992 202
315874229629378560 12
315875924149145601 12
315876125463175168 186
315876138033504257 81
315879124394725377 190
315879464129155072 12
315879489303359488 12
315879963238735872 202
315882207195582465 202
315884652470607872 202
315885591994707969 16
315889744359854080 12
315890604217352192 12
315892059632443393 12
315892453901230081 187
315892948824887296 12
315897495433646080 30
315898938278420481 16
315901207401086978 12
315902029476294656 12
315903988203679745 233
315904403469123584 202
315906676756717568 30
315907826000203777 12
315908006376271873 220
315908211905531905 95
315908731999248384 202
315909440824033280 81
315910682338021377 12
315912158737203200 81
315914935366471680 202
315915887469293568 248
315916516610691073 124
315917103821639680 15
315918836069195776 95
315919087719026688 12
315919909811019776 12
315921134543577089 15
315922174714183680 12
315923277824532481 12
315925144273035264 81
315926343864946688 95
315927044305342465 95
315927245627740161 95
315927367287709696 95
315928516501831680 95
315930907250946050 30
315931171525623808 95
315938188558471169 15
315939828543926272 81
315941657268862976 30
315949387350175744 15
315950066831601664 15
315951195132948480 190
315954294698409984 220
315955712373170177 278
315960804283396097 20
315961655693553664 30
315962414866784256 202
315962427449683968 191
315963794784403456 187
315964793041350658 187
315968777642725377 30
315969482277412865 275
315970430185910273 233
315971558453686272 15
315972175024750592 129
315973013877170176 15
315973060022915072 95
315977002647691266 81
315977032028794882 30
315977212400660480 15
315978206429732864 190
315980790108413953 95
315981939381252096 69
315982509806583808 220
315986544701882369 231
315990743191789569 231
316014919164235780 202
316016651407618049 92
316024519947059203 187
316030375195455488 45
316035668402909185 231
316055427781636096 95
316057856279449600 144
316059227808493569 30
316063266898071553 30
316066119037358080 190
316067016622608384 187
316069583557652480 95
316070963466883072 30
316071936553795584 69
316076822922141696 202
316076890005856256 95
316078282527346688 202
316082279678087168 7
316086121664761856 30
316090093699993600 202
316093545582825472 30
316097907667378179 69
316101820944625665 69
316102106169896960 69
316102282330664960 15
316114034791428096 2
316118052930478080 69
316120997302525952 81
316135790621118464 95
316145961820905472 81
316156749545607168 81
316158880277200896 81
316160268570877952 16
316163003252891648 97
316163775042551808 144
316165310145245185 15
316171261871022081 81
316171777774608384 95
316171857445388288 69
316179184915460097 184
316183337276416002 202
316186378146820096 184
316187732873469952 187
316190018785931264 187
316191772021772288 15
316192929628708865 278
316193659437596672 59
316197451096784898 16
316200764605333504 187
316202610090708992 95
316203520246296576 95
316203948077891584 95
316205760025612288 11
316207311892905985 124
316208452756189186 15
316211371995959297 2
316212303135649793 69
316212441514127362 190
316212923896823808 2
316218481332846593 81
316220482011668480 95
316223485129142272 187
316223652926464000 95
316225225773703168 190
316230208585871361 4
316233186571063296 69
316233727640489985 190
316239926817607683 15
316242812486184961 95
316243210953424896 95
316243596833591296 95
316245400384331776 95
316245652013187072 95
316245681390116864 95
316245685596979200 95
316246021132931072 95
316246683816173568 95
316246683845550080 95
316247610761547777 95
316247686259040257 15
316248562872770561 95
316248583844290560 69
316248625791500288 95
316249301070249984 248
316249779216728064 95
316250349667225600 81
316250794242478081 95
316251511485251584 95
316252283207835650 95
316252937536036864 186
316254678172196864 95
316255059862241280 95
316255231841275905 95
316255697375490048 95
316255961620819969 95
316256058094018560 95
316256548823384064 95
316257211552776192 9
316257509344153601 95
316257916158111744 95
316258188796235776 220
316258633421844480 95
316258780209897473 95
316258788577517568 95
316259111559897088 95
316259241574924288 95
316259782627577856 95
316260038501093376 186
316260252402216960 95
316260323717959680 95
316260801839263747 95
316262689305411584 95
316264065020338178 95
316265440743673856 202
316266778751807489 95
316267420463538178 95
316267726647726080 187
316267915378827264 95
316268875899609089 95
316269282742923267 95
316269303693463552 95
316269437940539393 95
316269446303989760 69
316269718967287808 95
316269840597909504 95
316270033506553858 95
316270960460316672 95
316271040139497472 95
316272424276598785 95
316272642359427072 95
316272910803279872 95
316273607070326784 186
316274907300392960 81
316274928280301570 95
316274945061683200 24
316275649700577280 95
316277465817427969 95
316277654577885185 95
316278149509963777 95
316279357469491202 95
316279395197259777 95
316282410918633472 95
316286072546013186 186
316288186454249473 95
316290161971453952 95
316292485615869953 95
316295354524004352 95
316298357649833984 81
316299196527431680 95
316299477533208576 95
316300823888027648 95
316301742461550592 95
316302606484004864 16
316302849766199296 202
316309367723016192 69
316309652935700480 95
316310051369402368 95
316310684709298177 45
316310948950450176 184
316311515185684481 95
316311922028982272 95
316317261390557185 69
316317286564761601 95
316318121201905664 95
316321875108192257 45
316322634281394176 95
316327898153877504 95
316328929952681984 95
316329852678586368 95
316330645393653761 95
316332008567627776 95
316334441234591745 95
316336106385854464 11
316337645712195585 124
316337784120033280 95
316339788993163264 202
316341449933328385 95
316344205603655680 2
316344838947737600 95
316350111166906368 16
316351222644867072 15
316353311441842177 7
316355022709481473 15
316358839505149952 15
316359170876125184 15
316359862915325952 15
316360026505760768 187
316364208243617792 186
316373855142817792 15
316375708991639552 81
316375973262147584 95
316382537318535170 220
316385083282034688 95
316390795903111169 278
316391504757264384 45
316391534121598976 95
316393056666546178 186
316393379594383361 95
316393937449394178 187
316397339029954560 97
316405417276239872 15
316406566523924480 95
316407468299255809 95
316408655249547264 15
316410538492051457 15
316414971904933888 186
316416020464140288 0
316417366818947073 95
316419094909952000 95
316421871530811392 275
316422395810426880 95
316426107786260480 95
316430172041650177 69
316430847337185280 15
316432881578811392 95
316435666592489472 95
316437554041860096 15
316442348101988352 69
316448803144224768 95
316449260323360768 202
316450208240267264 0
316452569625030656 95
316454784221712384 95
316455811834601473 69
316462728229310464 202
316468998709592064 95
316472605815230464 95
316475374047481856 95
316477806756376576 184
316478851142266880 15
316486090494205953 69
316486392509259776 95
316499948499763200 16
316501051597524992 332
316502028866158593 5
316508093846523904 95
316512510431870976 186
316515593249488896 233
316516155269472256 233
316516213998108674 233
316523931534229505 186
316524149642260480 190
316525626037252096 190
316525797982756865 184
316528977286160384 95
316529442845495296 95
316529937781768192 233
316531250569572354 24
316532651458711553 187
316536216633888770 184
316538074710540288 233
316538821284093953 95
316541241401700353 2
316541253976215552 2
316541941854662657 95
316543187575529472 69
316545590903308288 69
316545670590894080 186
316547297980858368 233
316550775054688256 187
316553530724999168 15
316553698501353473 58
316555632062910464 58
316557699867353089 24
316557741818789889 58
316558144450985985 186
316565434172338176 248
316566575010426880 58
316568932226052097 95
316576825897791489 15
316578306461929473 6
316579736732184576 95
316580076466618368 69
316580831441330176 95
316583415140982784 124
316584933462265856 186
316586586047393794 187
316586686710693889 69
316587303248220162 16
316594613920092161 95
316595616354557953 58
316599621914857472 7
316599747752382465 187
316600095883796480 233
316601308037644288 184
316608132161884160 202
316608421568847872 95
316610925559963648 58
316611089171374080 95
316611252745027584 186
316611273720750080 95
316612532016132097 233
316615694496194560 2
316616025833619456 186
316619066708217856 7
316619964310237185 233
316620664750628864 0
316624410251509760 95
316630571692478464 16
316638205313163264 278
316638306005835776 95
316643485967060993 233
316646749123002368 15
316650226217803776 124
316653359358697472 202
316655682977923073 95
316656064697356288 124
316657394258165760 15
316658933563539456 2
316659537547522048 15
316661638902210560 184
316663949972103168 95
316664998548103168 95
316673743655149570 45
316675144582049793 45
316675408806424577 45
316676344123633664 233
316682597864456193 202
316682669142441985 15
316686473401364481 184
316687685530042368 15
316689237435109378 15
316697839956791296 233
316702814409736192 81
316703372252176384 2
316707855950544896 15
316711261700255744 95
316715636388659201 59
316716655596167168 186
316718433972654082 186
316724968698310656 184
316728361894424576 248
316728542257889282 69
316732392607997953 187
316734552703918080 15
316734930182881281 15
316741670442004481 186
316741678801244161 186
316748100276465664 187
316748800737824768 95
316749446652239872 202
316749983514771457 186
316751392817680384 15
316756417606459392 95
316756870599675904 248
316757751386759168 15
316764978155765760 2
316769143124807682 15
316780509697040384 15
316816056415027200 69
316816735888093184 11
316825925582995456 58
316828098257641472 69
316828450562387968 69
316834674905329664 95
316835308270415872 95
316843323555983361 191
316848046346498048 15
316849539539685377 95
316852525863149568 69
316854610444824576 58
316862827069571072 15
316867604394422272 186
316871203132428289 187
316873161872379904 95
316875980427911169 15
316876274024996864 58
316881521082499072 15
316886097068171265 3
316894422799368193 186
316895421014351872 58
316900206706839553 187
316901502780325889 45
316903998374416384 186
316904791081095169 95
316914156974522368 10
316915209753202688 95
316915520110735361 95
316915658556317696 95
316917705368293376 58
316919827669348353 15
316921576719265794 191
316926358192287744 187
316928212095619072 81
316935409538048001 15
316936097370345472 59
316936223195291649 124
316939712868802560 2
316940178436550657 220
316940610475012096 2
316941394784690176 58
316943470977748992 202
316944003633397761 124
316944897049522176 184
316946805424271360 331
316947422012125184 202
316948399272386561 184
316951456936775680 16
316952580985090048 69
316953654739496960 0
316955898704711680 81
316960122356240384 45
316966875189874688 95
316967055540768772 187
316967596614369280 15
316971363095154689 15
316973984539361280 187
316977335763087360 16
316978338222706688 15
316983031657279488 184
316984256373071872 15
316984394806087681 187
316984638054727681 278
316987402130452481 187
316996415681355776 248
316996969321082880 15
316997652984233984 15
316997887869464578 15
316997896279048192 220
316998051438919680 15
317000681296916480 220
317002858123915264 45
317003663417679872 202
317008205878267905 184
317009736778280961 16
317009891971719168 187
317009959093141504 202
317013847212978176 15
317016233767739394 202
317016594469486592 24
317017307513757696 202
317017861128351744 6
317019018777202689 202
317022554579685377 15
317022864937209856 202
317026660807479297 15
317030175604871168 45
317032105014083584 15
317036785861550080 202
317037507260866560 278
317038350315962368 15
317038828483407872 233
317040158077747200 15
317041286337142784 16
317041470899122178 202
317041676403220480 97
317043077317541889 187
317044293648908289 81
317056171909459968 202
317057346335555584 15
317062287234068480 187
317064329830727682 202
317065114173988865 2
317065982411681793 124
317066154348797952 248
317067639165964288 248
317068595450482688 15
317070575149383681 187
317077512540786689 124
317079962022711296 191
317080041689346048 15
317086874239897600 191
317087482384642048 97
317091529900580864 15
317092389753872384 202
317094713364713472 184
317099377430757377 220
317103357833658369 186
317113680003227648 15
317115148034781186 15
317115273868111872 202
317115663917395968 184
317115852661075969 15
317117316489945088 187
317118239236845569 184
317122395796283392 7
317122404184903680 202
317125512134791171 191
317126422328131584 278
317126682349821952 190
317126954992144384 95
317127772898226176 184
317150422127218688 7
317151202259369984 191
317155333669810179 7
317159033016561664 124
317159150452895744 191
317161847398735872 191
317169120342843392 184
317169560715407360 202
317171561415180289 191
317175785087696897 7
317175982199029760 7
317178150662586368 7
317178813383581696 15
317179723534974977 58
317180818252517376 5
317181363507847169 7
317212195853324288 7
317213689021337601 7
317213877744050176 191
317213890331160576 191
317214871789899777 7
317217983992844288 7
317219745575342080 7
317221796606799872 7
317226435494428672 7
317226699739766784 7
317226724905586688 7
317227366642491392 7
317228415197519872 7
317243778958245888 129
317246089994571776 187
317247302140039170 202
317255392960864256 191
317256798052700160 15
317256877773840384 202
317257444004864000 2
317259348202106880 5
317261504065974273 191
317262175162990592 15
317265266348285953 24
317266902131032064 191
317269842354909185 15
317271851434905600 202
317275399782535168 69
317283272507936769 202
317284274942386177 191
317284606317568000 191
317288444105728000 15
317288624448225281 15
317292109889679361 45
317298074215120897 11
317301001835147266 15
317301375144972289 6
317301761016733696 191
317302604071837696 202
317305917551042561 220
317310443209244672 191
317317716136587264 24
317321453274013698 24
317321981752131585 186
317322229195083776 15
317324263445118976 191
317327044247707648 191
317327283360768000 191
317331309884239874 11
317331448287870978 186
317331771266048000 15
317334048768929793 191
317336800223965185 191
317337039286714368 15
317338402435502080 24
317339346149707776 191
317347550212550656 248
317347621507317761 24
317349584454180865 191
317351056642289664 191
317354730848395264 191
317357687832723456 191
317359436857487360 184
317362314179383297 191
317364310647123970 24
317367498322345985 15
317368467214970881 191
317369402523799552 15
317374054011125762 191
317377292047376387 81
317384195842387968 2
317389224808693762 202
317392764797067264 202
317399832232857600 15
317401484792844289 15
317403401577172993 45
317403971998330880 187
317406450823614464 69
317408501834076160 202
317420958921142272 187
317421797794529280 190
317430203162980352 37
317433185329876993 190
317433931928580097 95
317438558241705984 16
317441259360894977 15
317442161119490048 2
317443469763280896 184
317443608187904000 202
317445231370989568 95
317447097832054784 15
317454651786162176 15
317454895022215170 202
317456111387160577 97
317456740532776960 45
317467729609256961 15
317478269878431744 15
317493746889547776 45
317498465456369664 2
317505599963275264 24
317507957170515968 2
317509009957609472 2
317514961662390273 187
317522402378674176 2
317528987419152385 2
317529260048908288 69
317532154131271680 92
317532682584215553 0
317540014244380673 184
317540182033309696 81
317541750703022080 7
317553666687135745 15
317558460776599552 69
317579650429751298 15
317580669616271360 184
317593386746007553 95
317601544692432896 15
317606758187143168 2
317611673936596994 24
317620255470002179 220
317627536794333184 2
317636130919047170 2
317637166907944961 5
317640690119106560 1
317642959258517504 2
317643449966936065 81
317645794595446784 0
317653478572978177 20
317663221907591169 187
317663645561679872 187
317666296370167808 45
317668863280037889 231
317680200462786561 69
317683362963787778 2
317687754391683072 69
317687926391705600 69
317692829512134658 2
317693752254808066 2
317693970354405377 69
317698252747186177 2
317698630226153473 2
317706834280579072 7
317707954168152065 81
317709854200442880 187
317711766815653888 0
317712270098579457 81
317714337923997697 81
317717303292743680 202
317720683910144001 81
317723330503405568 2
317728460141363201 24
317734256669511681 69
317738534867976192 202
317740518761185281 81
317748001412096002 129
317748445983174656 69
317751184888827905 15
317751377801654272 7
317754771010367488 202
317755819557019648 92
317763239284981760 81
317772064125763584 2
317773674709131265 81
317780943454760960 15
317785901122088960 2
317790259016511488 15
317790623895789569 24
317792633000980481 7
317792851100590080 275
317793182421221376 7
317799863968464897 2
317804137964249091 24
317806264472195072 2
317811557671251970 187
317815114470412288 2
317819413615214592 7
317820353143508992 202
317825117868679168 202
317825398866075650 184
317827286319628291 202
317831140901789697 2
317843388235911168 95
317843946107723777 24
317844122243313665 7
317846160691822593 19
317851181256962049 24
317852976448430080 2
317855690129555456 187
317866872152391680 184
317870445728776192 2
317871313932935168 186
317871838229299200 2
317876506489679872 2
317890398028701696 45
317890737767342080 69
317904419574398976 202
317905170371575808 69
317907561124880384 69
317911524716978177 15
317957926306340864 187
317961764098695168 275
317971545207230466 15
317977572413693953 15
317977761169948672 15
317983331205664768 7
317990348288827392 45
317993846338383872 24
317996270646071296 15
317998879473811456 15
317999047250149377 15
318002205565280258 92
318002339803971584 15
318005863006740482 202
318019519664758785 7
318021105094897665 15
318035260900265985 24
318043821466320897 15
318058094674460672 6
318058618958274561 6
318058849640792064 6
318060393174016000 6
318063639527579649 6
318064142848241665 6
318065220780167168 6
318067213095563266 6
318067716399448064 6
318070824370323456 15
318090856395591680 190
318100830433718272 202
318107138658557952 184
318114105410060289 15
318122682749177856 15
318126981940121600 187
318131067175456768 6
318131440468520961 6
318132694557007873 6
318133772518322176 6
318147869565652992 95
318171076645502976 3
318177602995122176 15
318186075484983297 6
318208196235911168 202
318209567769100289 6
318209760719671298 6
318209773310967808 6
318210196910505985 190
318263242298363905 202
318263699460747265 24
318285992178089984 275
318309216043532288 6
318312848302407680 202
318339758956896258 6
318367445586939904 202
318380116566749184 0
318425159210004480 233
318443081445826561 16
318463763571433472 11
622571762501451776 24
622573490537897984 24
622574534932074496 24
622575646443745280 24
622576397207379968 24
622582671881973761 24
622613730690400258 24
622623436309827584 0
622623738308227072 0
622623981602865153 0
622624686245982208 0
622627043436396544 0
622628142340046849 10
622633221658841088 0
622635436251348992 0
622639362086322176 0
622640888829743104 0
622642428147675136 0
622650627986976768 0
622699089004752896 10
622722090563706881 24
622749244471013376 10
622760980120862720 184
622762330707873792 0
622773651134283776 0
622796262643871744 12
622797378320363520 0
622797441234960384 12
622802763785875458 20
622831159223943168 24
622838813828579328 0
622843385628504065 144
622864633993555968 20
622872439559692288 12
622876256397340672 124
622876352845320192 124
622876784888029184 124
622878131234451456 7
622880870123339776 10
622889481029484544 10
622892479948423168 10
622894207993298944 124
622903800379109377 10
622909362026233856 10
622917691926540288 124
622918920844906496 13
622919088612864001 11
622920166570131456 16
622920292374024192 11
622920518866309120 2
622921642944000000 33
622921676498563072 20
622922276279750656 10
622922376968278016 20
622922548909469696 322
622923081586053124 144
622923161311539200 33
622923765286985728 20
622924612532350976 20
622925359122673664 12
622926231537741824 33
622926835496529920 0
622927825373278208 69
622929322714607616 33
622929821853728768 33
622930706860085248 184
622931017213440000 0
622931495380856832 184
622932690753318912 13
622933005305298944 0
622933227603382272 20
622933558974382080 10
622933634484342784 144
622933886113218561 20
622933957424848896 12
622934318143381504 202
622935186372603906 144
622936780204036097 12
622937325438398466 24
622937606473433088 33
622937648433381376 184
622937736517824513 12
622937853933162496 33
622938571155111936 10
622938629879394304 12
622938839582011392 12
622939674248544256 12
622940211144568833 15
622940647343943681 45
622940664137912320 191
622941775615803393 16
622942186649329664 33
622942392174272512 33
622943025535168514 10
622943314942275584 0
622943394617135104 33
622944027961331712 13
622944304760094720 144
622945219126927360 144
622945781184622593 10
622947744089423872 19
622947878340702211 322
622948129994899456 10
622948603942694912 20
622949014980268032 33
622949686068932608 186
622951330240266240 37
622951481251987457 20
622951665784778752 322
622952336852254721 20
622952844388343809 3
622953175721594880 10
622953209288597504 10
622953553234132992 144
622953670645157888 186
622953926506082305 5
622954358544543744 10
622955092510134272 10
622955109312499713 10
622955600045957120 144
622955700700884992 5
622955826517528576 10
622956514416787456 16
622956518590189568 187
622956594100350976 322
622956870899236864 10
622957286168895489 12
622957500049002496 144
622957974017994752 10
622958028552187904 33
622958498305982464 10
622958569596436481 95
622961149097717764 187
622961644038176768 10
622961950209671168 187
622962986207080448 13
622964772980391936 16
622965020456914944 144
622965167236616192 9
622965444069081088 69
622968380077637632 19
622968543668240384 9
622968594012442625 45
622969067947868160 33
622969093117775872 16
622970808571277312 144
622971722942279680 33
622971735512485892 144
622971743926222848 33
622971748124893184 24
622972452751040512 33
622973828487057408 7
622975137109794817 322
622976865146265600 322
622977381075144704 3
622977716590018560 16
622978479949086720 33
622978752599822336 322
622978924545335296 7
622979562100666368 12
622979838924582912 275
622980640049352704 331
622981663455186944 332
622982271625203712 12
622983462794993664 7
622984163252142081 10
622985299912736768 332
622986293966938112 20
622987409655992320 20
622989427103633412 1
622991352276615168 144
622991918532833281 4
622992606398693376 7
622992866449747968 13
622993227159891968 331
622994594465226753 144
622995567547949062 144
622996624533508096 144
622998193186426880 144
622998251927699456 331
622999589889703937 33
623000252606488576 20
623001166943789056 332
623001439590289408 187
623001519273676801 332
623002265880821760 144
