314766857880092672 35
314767025664831488 28
314779726000558080 2
314784037757648896 28
314784113250942976 23
314784767558164480 20
314794573853499393 46
314799787381772288 28
314808134038327296 27
314808649946132480 46
314811535610499072 6
314813238493736960 2
314813406249119745 23
314818242310987776 27
314819383136505856 9
314823204164227072 27
314825511010447360 35
314825544577470465 27
314828262478082048 16
314831005565456384 23
314837183762677761 38
314846398669524992 21
314847719866920961 6
314848911053434880 9
314848965579382785 11
314850546811035648 10
314853881320443905 37
314855890383687681 2
314856653738631168 41
314857400337326080 16
314858474074931201 9
314861011612073984 41
314863192645959680 9
314864140588048386 27
314865159791341569 44
314868481684283392 1
314869668651347968 10
314871258288386049 27
314880494175154176 16
314881882468794370 10
314883295940849664 9
314887179870539776 46
314893471347527680 24
314899465012121600 13
314900794593906688 15
314904967918006273 34
314905525747855360 16
314913100690231297 46
314915436888219648 10
314916867150073856 24
314925163479199744 27
314934491632238593 2
314937897407094785 27
314946025972441088 46
314952720090005506 25
314953428902227968 25
314955744174804992 20
314959758119550976 6
314962123707002880 23
314967400145645568 44
314968188653821952 23
314971091145723904 14
314977768439959552 46
314978527625748480 24
314980251505659906 24
314984114430304256 46
314986190602379264 10
314986610066329600 24
314989885784199169 14
314993736193040386 6
314996944802025472 2
315000170230210560 2
315002644886343680 27
315007841612214272 36
315012522472243201 28
315019665350991872 5
315020286128971777 34
315029131911888896 7
315033296830607361 7
315034416743325697 7
315035347866238976 7
315035662439022593 7
315035922469122048 7
315037319197515776 7
315037545681526784 7
315037721825533952 7
315037734433599488 7
315037973504729088 7
315038069956956160 7
315038141272698881 7
315038409703960576 7
315038409716535297 7
315038447473676288 7
315038678156201984 7
315039525372047360 7
315039735099846656 7
315039814816780288 7
315040490095517697 7
315040594936332288 7
315040850788876288 7
315041031164944384 7
315041089847427072 7
315041433813938176 38
315041563816386561 7
315041647702450176 7
315042234913406976 7
315042310427664384 7
315042385891557376 7
315042574643630081 7
315042624971083776 7
315042692096741376 7
315042763387322368 7
315042859881488384 7
315043124097462273 7
315043388330242048 7
315043505791717377 7
315043560317652992 7
315043799367839744 7
315044353045303296 7
315044403364388864 7
315044525015961601 7
315044625662484480 7
315044936057753600 7
315045028303077376 7
315045091226030080 7
315045410005725184 7
315045535830650880 7
315045762323083264 7
315046190142074881 7
315046236266831872 7
315046274032357376 7
315046362121117697 7
315046966071549953 20
315047226143547393 7
315047381324419072 7
315047872066379776 7
315047914009415680 7
315048505410465792 7
315048606052794368 7
315049180659867648 7
315049826620416000 7
315050032111964160 7
315050044686491649 7
315050090828013571 7
315050283791183872 7
315050598368149505 20
315050929705598976 7
315051227509579776 7
315051294601658368 7
315051302998659072 7
315051407856263168 7
315051684667723776 7
315051802133417984 7
315052024427339776 7
315052695503384576 7
315052854907920384 7
315053014262108160 7
315053018456403968 7
315053064610525184 7
315053135905312769 7
315053240754511873 7
315053299478978561 7
315053337215119360 7
315054188679811072 7
315054490673897472 7
315054671033151488 7
315054851396603904 4
315055358869659648 7
315055874802585600 7
315057623798009856 7
315057875460435968 7
315058185868288000 7
315058416538230784 7
315058789822902272 7
315059343487807490 7
315059347686313984 7
315060136207069184 7
315060161360302082 7
315060589196111872 7
315060870222839809 7
315061318996598784 7
315061650350813184 7
315062208168095744 7
315062220755177472 7
315062585663844352 7
315062967349682176 7
315063210636095488 7
315063462264975360 7
315063512613400576 7
315064045298388992 7
315064468914728961 7
315064586372009984 7
315064909329215489 7
315065140007546880 7
315066104689078272 7
315066301808783360 7
315066452824690688 7
315066817708163072 7
315066884825432064 7
315067006451859456 7
315067073577508865 2
315067493028868096 7
315067543331164160 7
315067753050558464 7
315068185084841985 7
315068856144130048 7
315068973597212672 7
315069258814087168 7
315069707604606977 7
315069825049321473 7
315069871178276865 10
315071070736621568 7
315071263703986176 7
315071880254062594 7
315072396166053888 7
315072425530388481 7
315072576512724993 7
315072803000942592 7
315073105007616003 2
315073138541088770 23
315073163719495680 14
315074170323079169 7
315074191319760897 7
315074593956184064 7
315074656891703296 7
315074665288724481 7
315074791084285952 7
315074841411723264 7
315076527534514176 7
315076795961597952 7
315076963763113984 7
315076976316645376 7
315077207011762177 7
315077668372631554 7
315077781635600384 7
315077819388542977 7
315077974581972995 7
315078012305547264 7
315078146531684352 7
315078389818064897 7
315078419178192897 7
315078691820535809 7
315079128028160000 41
315079140611084289 7
315079316734095360 7
315079383863930880 7
315079383872331777 7
315079555813634048 7
315079631344635905 7
315079723581591553 5
315080101089927168 7
315080163983511552 7
315080247894757376 7
315080700879581186 7
315080809944064000 7
315081028035305472 7
315081107718696960 7
315081162244632576 7
315081199989182464 7
315082013696737282 7
315082554757771264 7
315082886111981569 7
315082898699075585 7
315084018557280257 7
315084354097397760 7
315085583028477953 7
315086090547650561 17
315086585479720960 7
315086853910982656 7
315086908432736256 47
315087072006397952 25
315087147520651268 7
315087592121065472 7
315087810212282368 7
315088418403135488 7
315088636498554880 7
315089584407056385 7
315089768952246273 7
315089911583748096 7
315089970299797504 16
315090045780500480 7
315090301637238784 7
315090742051753986 7
315090804970487808 7
315090863657189378 7
315091014673125376 7
315091165659664384 7
315091404730814464 31
315091757060734977 7
315092000338751490 7
315092298134323200 7
315092335874686976 7
315092386185351169 27
315092524609986561 7
315092637860372480 7
315092675630084096 27
315093682254655488 7
315093736772235264 7
315093904552775680 7
315094923764445186 7
315094944740155392 7
315095179621195776 7
315095267697389568 7
315095347389153280 7
315095548724146176 7
315095603229097985 7
315095934566551553 7
315096232366313472 7
315096257544744960 7
315096874099015681 7
315097301918035969 7
315097541001768960 7
315097650053648384 7
315097733943947264 7
315098153357541376 7
315099113878331392 7
315099151622868993 7
315100326019600386 10
315100640579829760 7
315100753859575809 7
315101672382803968 7
315102322495733760 7
315102850994798592 7
315103010386751489 7
315103270416834561 7
315103794704838656 7
315103886996287489 7
315103945716551681 7
315104243516334080 7
315104465797672960 7
315104482562306049 7
315104755208826881 7
315104767774978048 7
315104960729731073 7
315105518559563777 7
315105677934747648 7
315106319671640064 7
315106990781259776 7
315107003334791168 7
315107234021511168 7
315107536049143810 7
315108890788380672 7
315109079527849985 7
315109264094031874 7
315109872255520768 7
315110241350066176 7
315110878871707648 7
315111772266827776 25
315111868765175809 10
315113454212096000 7
315113865245507584 7
315113953300738050 7
315114628583653376 7
315114674750386178 7
315114787963023360 7
315115526164725760 44
315115735900901377 43
315115773624471552 43
315116780274196480 7
315117061300948992 7
315117665284927490 11
315118042755522562 28
315118365737893888 7
315118625755394048 7
315118739026747392 43
315118915187527680 43
315118986473926656 7
315119259120439297 43
315119766614454273 43
315120286733332481 7
315120609665372160 7
315120840360488960 7
315121394021187585 43
315121578557992960 7
315121758896267264 7
315121872167649280 7
315122140582137858 7
315122258035216384 43
315122291581280259 7
315122820080357376 43
315122987865100288 7
315123239498178560 43
315123398881705985 7
315123428262817792 7
315123533091057665 7
315123566679031808 43
315123776360689665 43
315123788956176384 43
315124657172914176 43
315124871082418176 7
315124971733123074 7
315124992742420482 43
315125294711316480 43
315125403784212480 7
315125772870369281 7
315125793820905474 7
315125806412226560 7
315125986763083777 43
315126171320868865 7
315126687232847873 34
315126951444619268 43
315127215698358272 43
315127463166476288 43
315128536891527170 7
315128872444239872 43
315128943764193281 7
315129124106682368 7
315129279295942656 7
315129308677042176 43
315129862320963587 43
315129925227122689 43
315130072023568385 7
315130164294086656 7
315130231415508993 43
315130357240451072 43
315130499850973185 4
315131091247833088 13
315131137368408064 43
315131233854177281 7
315131389047615489 7
315132336968724480 43
315133033223176192 7
315133477798440961 7
315133725249765376 7
315133737866260481 7
315134782243745792 7
315135000334958592 43
315135822418554880 43
315135868555902976 7
315136023753523202 43
315136166364065793 7
315136183107739648 7
315136346706546688 43
315137156219822080 43
315137240072327168 47
315137382712238080 7
315137944723800064 43
315138288665112578 7
315138359968284672 43
315138473218670592 7
315138838135721985 7
315138880066179074 43
315138896835014657 43
315139085566083072 41
315139505025847297 7
315140138365747202 43
315140205445267458 7
315140423553269760 43
315141090451795968 16
315141132394823680 43
315141241476104192 47
315141577020424192 43
315141585379655680 7
315141740598272000 43
315142822728712192 34
315143166623899648 7
315143296672464897 43
315143518970597376 43
315143527338221568 34
315143929999806465 7
315143942607884289 7
315144768864788480 7
315144978567409665 7
315144986968588288 7
315145196671213568 43
315145305723125761 43
315145532219723776 7
315146186547949568 7
315146647925579776 7
315146698240454656 5
315146803123208192 7
315147109273858048 7
315147168023453697 7
315147243516751872 43
315147587449663489 43
315147830710915072 7
315148434694864896 43
315149466468487168 7
315149634244849664 7
315149818815184896 46
315149885932441601 7
315150028509429760 6
315151999836491778 7
315152075338178563 16
315152406709166082 7
315152448635424768 7
315152503161356290 43
315153207804428288 27
315154264790024192 43
315154671608147969 10
315155074282303488 7
315155183330025472 35
315155363697659904 43
315155401429630976 7
315155585983201280 46
315155783102898177 7
315155866993164288 7
315156324184895488 7
315157335016357888 7
315157435654483968 7
315157825724768256 43
315158131929907201 43
315159235031867392 7
315160099066896384 46
315161239900790784 20
315161848079081472 7
315162288472588288 7
315162330398871554 43
315162456227987456 7
315163035067092992 43
315163915870945280 7
315164280771182593 7
315164347875880961 33
315164796670595073 7
315167069970767872 7
315167397122297857 7
315167560700162048 7
315168126960533504 43
315168810619506688 27
315169464922562562 7
315169737577492480 43
315170207339528192 7
315170282828599297 43
315170295382171648 46
315170618347753472 7
315170995860291584 7
315171151045328896 43
315171436241244161 43
315172610650562561 43
315173214626140160 7
315173600506306561 43
315173910884798464 43
315175362118160385 43
315175458582982658 7
315176255513321473 7
315176498787147776 43
315176553321488385 10
315176750416031745 7
315177522205716480 7
315178960814223360 7
315181095719149568 43
315181531956117504 5
315181682917523456 7
315182593110851584 7
315182819582296065 7
315184002405376000 13
315184052703477760 16
315184698622087168 7
315185831100952576 7
315185990488694784 7
315186250543939584 7
315186837746491392 20
315186862903930880 7
315189576631201792 43
315190298051481604 7
315191371797508096 7
315191547937296385 7
315193250841513984 35
315194538463469568 43
315194626539659264 7
315195054396436480 20
315195243127517184 10
315195817742987264 20
315196719522512896 7
315196841140555776 7
315197168317263872 27
315197466087677952 7
315197487080173568 7
315197587722493952 16
315198946681176065 7
315200301445545984 7
315200582455537664 43
315200817344958464 7
315204361527652352 7
315205158474768384 13
315205749854834688 7
315207314309271552 43
315207733739655169 7
315208627159977987 7
315208648123101184 37
315209906422706176 7
315210120332206080 7
315212251021844480 41
315214444638638080 7
315214872445083648 7
315215036043894785 10
315217263210942464 7
315217540043378689 7
315217640698281984 41
315219817537871872 7
315220354417172480 7
315220589285609472 43
315220689953124352 7
315221478490656768 7
315221751141396480 7
315221839184011265 7
315223521104101376 7
315228722041061377 5
315231628718919681 7
315231926489325569 2
315232446587228163 43
315232727597195265 7
315233163838377984 11
315235030278492163 27
315235328082448384 7
315235672011190275 7
315235797844516864 10
315237337166643200 7
315237370729492481 7
315237790147305472 7
315237903372529665 43
315238431871606784 7
315239379771723776 7
315239945994387457 0
315241145582096385 7
315243364377313280 7
315243930620948480 7
315244584923979777 43
315244765283229697 43
315245029507620865 44
315247252509687808 24
315248573711261696 16
315248858902953984 43
315249051840942080 7
315249689400320002 7
315250054283792384 24
315250733752676355 7
315251488752562177 7
315252684116590592 43
315252931580551168 7
315253791412846593 23
315254105973067776 0
315255360074170368 7
315258472268701696 7
315260166763315201 7
315262863709184000 43
315263396348051456 9
315263878726553600 7
315264998605746176 43
315266344956354560 47
315266365936238592 7
315266919601168384 7
315270400860880896 10
315271491375755264 10
315273244599009281 7
315273957618089985 7
315274435756179457 7
315275018785398785 24
315275559846440962 16
315280349737390082 7
315280634937495553 43
315280915985223681 21
315281071145099265 7
315282224616464388 43
315283889750949889 43
315284359504605186 7
315291124925337601 7
315295856096071681 34
315296153895854082 43
315299463184916480 7
315303502316441601 36
315304391479525376 7
315304789934215168 7
315306211807481857 7
315307709203353600 39
315308434788610048 43
315313946104053761 7
315314927566995456 17
315318199149268992 7
315321974006087680 5
315322326336016384 7
315324217971318786 36
315334267511115776 7
315335160910454784 36
315335869764599808 47
315338348594098179 40
315342983279046656 7
315344644231798784 27
315344874910130176 7
315351950709374976 7
315352403690012672 7
315353246753488897 7
315356442808954880 7
315356493123821569 7
315359219450798080 7
315359508845166592 11
315363476669349889 10
315364525220171776 43
315369654858170368 7
315371252913160193 7
315374033711546368 7
315377565328093184 43
315381235335704576 7
315381344400195585 7
315382686560681984 7
315382820786814976 7
315386847297667072 27
315387677790842880 7
315392975213584385 43
315393226846662656 10
315393507865026560 10
315393927316402177 43
315394183152148480 7
315394640339685377 7
315396519396249601 7
315398562013929472 43
315400042615824384 43
315400046772371456 43
315400197775704064 43
315400516572168192 43
315401867112886275 43
315404325000208384 41
315404719239622656 7
315405482598748161 7
315407470707228673 43
315408536064638976 7
315409597219348480 7
315410612257705984 7
315414387114512386 47
315414517125349376 10
315414584259379200 10
315417109226205184 7
315417851622223872 7
315418904400912384 43
315418908570050560 10
315419168616878080 7
315423153193111552 7
315423593607614464 43
315425703338328064 7
315427045540757505 43
315427636912459776 26
315428781965836289 7
315429528539389952 7
315430380012445697 7
315430732317224960 7
315431671862263809 43
315433206939787265 7
315433693500043264 46
315434750443651072 43
315437464187719682 27
315439380963680256 27
315441524278173698 43
315444565123411968 7
315446158971510784 7
315448637817765888 43
315449069818499072 7
315449610879516672 24
315450621723541504 24
315450776896016384 20
315451720618622980 7
315451917759287296 28
315453654188584962 43
315455587762712577 43
315455642271879168 43
315456279810306048 43
315458242740363264 7
315458494423769088 43
315458553127260160 43
315458750255337472 43
315461732434837504 43
315462822937124866 7
315463070413635584 24
315463754076798976 9
315463791838105600 7
315466543272169472 23
315467617039163394 7
315468783055671296 7
315469156344541185 43
315469361865449473 28
315470829867630593 43
315471555473846273 12
315472176247615488 7
315472952202248194 43
315473023476056064 7
315476945162891264 17
315477049999503362 7
315479201690042368 43
315479298179989505 47
315479512085299200 7
315481475006992386 3
315486982111371266 19
315490996064514048 43
315491075789824000 37
315491931415277568 46
315492673794494465 24
315493248405741568 11
315493521052291074 46
315493596553957376 43
315494397653446656 7
315494548635795456 7
315495932768702464 32
315500710101938176 43
315503432201031680 43
315505839710539776 43
315507211264737282 43
315509484581695489 10
315513028756004864 43
315513540448493571 7
315514500969271297 7
315514689717153792 20
315518967903051777 41
315523120259796993 7
315525682966962177 7
315527130010247168 0
315527952077029376 7
315529768206491651 43
315530242196393984 16
315531978625646592 35
315537825485422592 43
315542586012090370 43
315543412298350592 43
315543731061272576 43
315543835906289665 43
315544716739497984 24
315547283640950784 7
315549343044235264 37
315551528259833856 43
315553667371630592 43
315553692524883968 43
315554103579250689 43
315556313981657090 43
315556808884363264 43
315557698097790976 43
315558134288642048 7
315559052870578176 46
315559459713855488 24
315561376502382592 43
315562060161372160 16
315564723565379584 13
315565340107079681 7
315566007026593792 43
315567642788380675 25
315571249873031168 7
315576459207000065 43
315576924766343168 9
315577050603868162 23
315577516175785984 24
315579693006999552 8
315580460589785088 9
315581060387835904 43
315582423507283968 7
315582805197332480 43
315583115592613890 28
315585107866050561 16
315585971905261568 16
315586739437719554 43
315587737686253569 16
315589058900418560 20
315589151166705665 16
315589595758743552 7
315590631768592384 7
315592175259906048 7
315593819431243776 43
315594335360016386 16
315603692827066368 16
315605949387776000 7
315610001085444097 24
315617026540437505 13
315618163163271168 16
315618960110395392 16
315619329179799553 16
315620054794371072 7
315621552165101571 6
315621552190259200 6
315621560570490880 46
315623305384189952 16
315623473173102593 16
315623846449410048 16
315625058632609792 7
315629311635890176 17
315635271750258688 24
315640099406766080 27
315651092660760577 43
315657023419215875 5
315657602228969472 10
315658638226235393 20
315660877971988480 10
315661863616667648 17
315664917082550272 16
315665269429256192 2
315666414461665281 16
315667257520967680 17
315669358842109953 36
315670428414799873 43
315671095300726784 27
315671246299869184 2
315674463339429890 43
315675805495730176 11
315679056102309888 9
315683065827561472 27
315683741110530048 34
315684261220982785 0
315699662688493568 46
315699964682567681 7
315703177540403200 24
315713608778653696 34
315716427355144192 7
315717018718457858 23
315718704853827584 20
315719266861187072 7
315719581438197761 7
315722307765157889 43
315727101842046979 24
315732042727976960 7
315732483134083072 7
315735083594158080 16
315735142339592194 16
315735792444125184 47
315735796646817792 16
315742230675607553 2
315742318768553984 7
315746890555736064 7
315748236948279297 47
315750950646185985 47
315751428801048576 7
315752724836798464 47
315752750002601984 47
315752938758864896 24
315757514723581953 47
315758756258533376 47
315762736636243968 47
315763244168003585 25
315763906851250176 17
315764255003652096 43
315767920787587072 47
315768558326005761 47
315770617754443776 16
315778691798028288 41
315781464232980480 47
315781837509255170 47
315783074824716290 43
315784937087328256 24
315787604656287744 47
315787868897431553 47
315791207601168384 47
315793103388815360 43
315793313141760000 41
315797503234670592 10
315799101247733760 7
315799445197434880 47
315805946356043778 47
315807179481432064 7
315807275971395585 47
315807405969649664 47
315807674400911362 47
315807842189836288 47
315808093869068288 43
315808223863111680 7
315812074234200066 47
315813022151102464 35
315816339845570560 46
315818579624882177 47
315818768364347392 43
315819565252755456 47
315819707892629505 47
315824892052393984 47
315825529578221568 47
315825558938345472 43
315827354087862273 47
315827517690875905 24
315828348146286592 7
315829614826123265 16
315830394954067970 23
315834861908807680 43
315835486834925569 47
315837416218951681 47
315838020202950656 27
315838171189489665 43
315843812549337089 47
315849281913364480 47
315851530068709377 43
315852394103705600 7
315853023240912896 7
315853224542343169 47
315855330091356160 47
315859931247042561 47
315860329693327361 47
315860472299671552 43
315861474742509568 47
315862422663598080 7
315869511049940992 24
315874229629378560 47
315875924149145601 47
315876125463175168 2
315876138033504257 43
315879124394725377 27
315879464129155072 47
315879489303359488 47
315879963238735872 24
315882207195582465 28
315884652470607872 24
315885591994707969 37
315889744359854080 47
315890604217352192 47
315892059632443393 47
315892453901230081 27
315892948824887296 47
315897495433646080 7
315898938278420481 47
315901207401086978 47
315902029476294656 47
315903988203679745 35
315904403469123584 24
315906676756717568 7
315907826000203777 47
315908006376271873 25
315908211905531905 16
315908731999248384 34
315909440824033280 43
315910682338021377 47
315912158737203200 43
315914935366471680 24
315915887469293568 49
315916516610691073 20
315917103821639680 24
315918836069195776 16
315919087719026688 47
315919909811019776 47
315921134543577089 10
315922174714183680 47
315923277824532481 47
315925144273035264 43
315926343864946688 16
315927044305342465 16
315927245627740161 16
315927367287709696 16
315928516501831680 16
315930907250946050 7
315931171525623808 16
315938188558471169 10
315939828543926272 43
315941657268862976 7
315949387350175744 10
315950066831601664 11
315951195132948480 27
315954294698409984 25
315955712373170177 20
315960804283396097 46
315961655693553664 7
315962414866784256 24
315962427449683968 36
315963794784403456 27
315964793041350658 28
315968777642725377 7
315969482277412865 11
315970430185910273 35
315971558453686272 10
315972175024750592 25
315973013877170176 10
315973060022915072 16
315977002647691266 43
315977032028794882 7
315977212400660480 10
315978206429732864 27
315980790108413953 16
315981939381252096 41
315982509806583808 25
315986544701882369 9
315990743191789569 9
316014919164235780 24
316016651407618049 25
316024519947059203 28
316030375195455488 16
316035668402909185 9
316055427781636096 16
316057856279449600 5
316059227808493569 7
316063266898071553 7
316066119037358080 27
316067016622608384 28
316069583557652480 16
316070963466883072 7
316071936553795584 41
316076822922141696 24
316076890005856256 16
316078282527346688 24
316082279678087168 14
316086121664761856 7
316090093699993600 24
316093545582825472 7
316097907667378179 41
316101820944625665 41
316102106169896960 41
316102282330664960 10
316114034791428096 46
316118052930478080 41
316120997302525952 43
316135790621118464 16
316145961820905472 43
316156749545607168 13
316158880277200896 43
316160268570877952 13
316163003252891648 14
316163775042551808 37
316165310145245185 10
316171261871022081 43
316171777774608384 16
316171857445388288 41
316179184915460097 24
316183337276416002 44
316186378146820096 28
316187732873469952 28
316190018785931264 28
316191772021772288 10
316192929628708865 20
316193659437596672 37
316197451096784898 40
316200764605333504 27
316202610090708992 16
316203520246296576 16
316203948077891584 16
316205760025612288 28
316207311892905985 20
316208452756189186 10
316211371995959297 5
316212303135649793 39
316212441514127362 27
316212923896823808 46
316218481332846593 9
316220482011668480 16
316223485129142272 27
316223652926464000 17
316225225773703168 27
316230208585871361 2
316233186571063296 21
316233727640489985 27
316239926817607683 10
316242812486184961 17
316243210953424896 16
316243596833591296 16
316245400384331776 16
316245652013187072 17
316245681390116864 16
316245685596979200 16
316246021132931072 16
316246683816173568 16
316246683845550080 16
316247610761547777 16
316247686259040257 10
316248562872770561 16
316248583844290560 41
316248625791500288 16
316249301070249984 49
316249779216728064 16
316250349667225600 43
316250794242478081 16
316251511485251584 16
316252283207835650 16
316252937536036864 2
316254678172196864 17
316255059862241280 16
316255231841275905 16
316255697375490048 16
316255961620819969 16
316256058094018560 16
316256548823384064 16
316257211552776192 21
316257509344153601 16
316257916158111744 16
316258188796235776 25
316258633421844480 16
316258780209897473 16
316258788577517568 16
316259111559897088 16
316259241574924288 16
316259782627577856 17
316260038501093376 23
316260252402216960 16
316260323717959680 16
316260801839263747 16
316262689305411584 16
316264065020338178 16
316265440743673856 24
316266778751807489 16
316267420463538178 16
316267726647726080 28
316267915378827264 16
316268875899609089 16
316269282742923267 16
316269303693463552 16
316269437940539393 16
316269446303989760 41
316269718967287808 16
316269840597909504 16
316270033506553858 16
316270960460316672 16
316271040139497472 16
316272424276598785 16
316272642359427072 16
316272910803279872 16
316273607070326784 23
316274907300392960 43
316274928280301570 16
316274945061683200 39
316275649700577280 16
316277465817427969 16
316277654577885185 16
316278149509963777 16
316279357469491202 16
316279395197259777 16
316282410918633472 16
316286072546013186 23
316288186454249473 16
316290161971453952 16
316292485615869953 16
316295354524004352 16
316298357649833984 37
316299196527431680 16
316299477533208576 16
316300823888027648 16
316301742461550592 16
316302606484004864 36
316302849766199296 28
316309367723016192 21
316309652935700480 16
316310051369402368 16
316310684709298177 16
316310948950450176 28
316311515185684481 16
316311922028982272 16
316317261390557185 41
316317286564761601 16
316318121201905664 16
316321875108192257 16
316322634281394176 16
316327898153877504 16
316328929952681984 16
316329852678586368 16
316330645393653761 16
316332008567627776 16
316334441234591745 16
316336106385854464 13
316337645712195585 0
316337784120033280 16
316339788993163264 24
316341449933328385 16
316344205603655680 46
316344838947737600 16
316350111166906368 13
316351222644867072 0
316353311441842177 47
316355022709481473 10
316358839505149952 0
316359170876125184 0
316359862915325952 0
316360026505760768 28
316364208243617792 23
316373855142817792 0
316375708991639552 37
316375973262147584 16
316382537318535170 25
316385083282034688 16
316390795903111169 2
316391504757264384 16
316391534121598976 16
316393056666546178 23
316393379594383361 16
316393937449394178 2
316397339029954560 31
316405417276239872 10
316406566523924480 17
316407468299255809 16
316408655249547264 10
316410538492051457 10
316414971904933888 2
316416020464140288 17
316417366818947073 16
316419094909952000 16
316421871530811392 34
316422395810426880 16
316426107786260480 16
316430172041650177 41
316430847337185280 10
316432881578811392 16
316435666592489472 16
316437554041860096 0
316442348101988352 41
316448803144224768 16
316449260323360768 24
316450208240267264 0
316452569625030656 16
316454784221712384 16
316455811834601473 41
316462728229310464 34
316468998709592064 16
316472605815230464 16
316475374047481856 16
316477806756376576 24
316478851142266880 10
316486090494205953 41
316486392509259776 16
316499948499763200 13
316501051597524992 51
316502028866158593 35
316508093846523904 16
316512510431870976 2
316515593249488896 35
316516155269472256 35
316516213998108674 35
316523931534229505 23
316524149642260480 27
316525626037252096 27
316525797982756865 24
316528977286160384 16
316529442845495296 16
316529937781768192 35
316531250569572354 34
316532651458711553 28
316536216633888770 28
316538074710540288 35
316538821284093953 16
316541241401700353 46
316541253976215552 46
316541941854662657 16
316543187575529472 41
316545590903308288 41
316545670590894080 23
316547297980858368 35
316550775054688256 27
316553530724999168 10
316553698501353473 25
316555632062910464 25
316557699867353089 12
316557741818789889 25
316558144450985985 23
316565434172338176 10
316566575010426880 25
316568932226052097 16
316576825897791489 10
316578306461929473 20
316579736732184576 16
316580076466618368 41
316580831441330176 16
316583415140982784 42
316584933462265856 2
316586586047393794 28
316586686710693889 41
316587303248220162 49
316594613920092161 16
316595616354557953 25
316599621914857472 14
316599747752382465 27
316600095883796480 35
316601308037644288 24
316608132161884160 34
316608421568847872 16
316610925559963648 25
316611089171374080 16
316611252745027584 23
316611273720750080 16
316612532016132097 35
316615694496194560 46
316616025833619456 23
316619066708217856 47
316619964310237185 8
316620664750628864 7
316624410251509760 17
316630571692478464 47
316638205313163264 36
316638306005835776 16
316643485967060993 35
316646749123002368 10
316650226217803776 20
316653359358697472 23
316655682977923073 16
316656064697356288 20
316657394258165760 10
316658933563539456 46
316659537547522048 10
316661638902210560 24
316663949972103168 16
316664998548103168 16
316673743655149570 16
316675144582049793 16
316675408806424577 16
316676344123633664 35
316682597864456193 24
316682669142441985 0
316686473401364481 24
316687685530042368 10
316689237435109378 10
316697839956791296 8
316702814409736192 13
316703372252176384 46
316707855950544896 0
316711261700255744 16
316715636388659201 3
316716655596167168 2
316718433972654082 2
316724968698310656 24
316728361894424576 0
316728542257889282 39
316732392607997953 28
316734552703918080 0
316734930182881281 0
316741670442004481 23
316741678801244161 23
316748100276465664 27
316748800737824768 16
316749446652239872 24
316749983514771457 2
316751392817680384 0
316756417606459392 16
316756870599675904 4
316757751386759168 10
316764978155765760 17
316769143124807682 10
316780509697040384 10
316816056415027200 41
316816735888093184 9
316825925582995456 25
316828098257641472 41
316828450562387968 41
316834674905329664 16
316835308270415872 16
316843323555983361 36
316848046346498048 10
316849539539685377 16
316852525863149568 41
316854610444824576 25
316862827069571072 10
316867604394422272 23
316871203132428289 27
316873161872379904 16
316875980427911169 10
316876274024996864 25
316881521082499072 10
316886097068171265 28
316894422799368193 23
316895421014351872 25
316900206706839553 27
316901502780325889 6
316903998374416384 27
316904791081095169 16
316914156974522368 43
316915209753202688 16
316915520110735361 16
316915658556317696 16
316917705368293376 25
316919827669348353 10
316921576719265794 36
316926358192287744 2
316928212095619072 46
316935409538048001 10
316936097370345472 3
316936223195291649 20
316939712868802560 46
316940178436550657 25
316940610475012096 46
316941394784690176 27
316943470977748992 24
316944003633397761 20
316944897049522176 24
316946805424271360 49
316947422012125184 24
316948399272386561 24
316951456936775680 36
316952580985090048 41
316953654739496960 17
316955898704711680 13
316960122356240384 16
316966875189874688 16
316967055540768772 28
316967596614369280 0
316971363095154689 10
316973984539361280 28
316977335763087360 13
316978338222706688 10
316983031657279488 24
316984256373071872 10
316984394806087681 27
316984638054727681 36
316987402130452481 27
316996415681355776 24
316996969321082880 10
316997652984233984 10
316997887869464578 10
316997896279048192 25
316998051438919680 10
317000681296916480 25
317002858123915264 16
317003663417679872 24
317008205878267905 24
317009736778280961 47
317009891971719168 27
317009959093141504 24
317013847212978176 10
317016233767739394 24
317016594469486592 34
317017307513757696 24
317017861128351744 44
317019018777202689 24
317022554579685377 10
317022864937209856 28
317026660807479297 10
317030175604871168 16
317032105014083584 10
317036785861550080 24
317037507260866560 36
317038350315962368 10
317038828483407872 35
317040158077747200 0
317041286337142784 39
317041470899122178 24
317041676403220480 31
317043077317541889 10
317044293648908289 13
317056171909459968 28
317057346335555584 27
317062287234068480 27
317064329830727682 24
317065114173988865 46
317065982411681793 20
317066154348797952 24
317067639165964288 24
317068595450482688 10
317070575149383681 28
317077512540786689 0
317079962022711296 36
317080041689346048 10
317086874239897600 36
317087482384642048 31
317091529900580864 36
317092389753872384 28
317094713364713472 34
317099377430757377 25
317103357833658369 27
317113680003227648 10
317115148034781186 10
317115273868111872 24
317115663917395968 24
317115852661075969 10
317117316489945088 27
317118239236845569 24
317122395796283392 14
317122404184903680 24
317125512134791171 36
317126422328131584 36
317126682349821952 27
317126954992144384 16
317127772898226176 24
317150422127218688 14
317151202259369984 36
317155333669810179 14
317159033016561664 20
317159150452895744 36
317161847398735872 36
317169120342843392 34
317169560715407360 24
317171561415180289 36
317175785087696897 14
317175982199029760 14
317178150662586368 14
317178813383581696 10
317179723534974977 10
317180818252517376 44
317181363507847169 14
317212195853324288 14
317213689021337601 14
317213877744050176 36
317213890331160576 36
317214871789899777 14
317217983992844288 14
317219745575342080 14
317221796606799872 14
317226435494428672 14
317226699739766784 14
317226724905586688 14
317227366642491392 14
317228415197519872 14
317243778958245888 25
317246089994571776 27
317247302140039170 24
317255392960864256 36
317256798052700160 10
317256877773840384 24
317257444004864000 5
317259348202106880 44
317261504065974273 36
317262175162990592 10
317265266348285953 12
317266902131032064 36
317269842354909185 10
317271851434905600 24
317275399782535168 41
317283272507936769 24
317284274942386177 36
317284606317568000 36
317288444105728000 10
317288624448225281 10
317292109889679361 26
317298074215120897 46
317301001835147266 10
317301375144972289 44
317301761016733696 36
317302604071837696 24
317305917551042561 25
317310443209244672 36
317317716136587264 12
317321453274013698 53
317321981752131585 24
317322229195083776 10
317324263445118976 36
317327044247707648 36
317327283360768000 36
317331309884239874 46
317331448287870978 24
317331771266048000 10
317334048768929793 36
317336800223965185 36
317337039286714368 10
317338402435502080 39
317339346149707776 36
317347550212550656 24
317347621507317761 12
317349584454180865 36
317351056642289664 36
317354730848395264 36
317357687832723456 36
317359436857487360 24
317362314179383297 36
317364310647123970 12
317367498322345985 10
317368467214970881 36
317369402523799552 10
317374054011125762 36
317377292047376387 13
317384195842387968 46
317389224808693762 24
317392764797067264 24
317399832232857600 10
317401484792844289 10
317403401577172993 16
317403971998330880 27
317406450823614464 41
317408501834076160 24
317420958921142272 27
317421797794529280 37
317430203162980352 20
317433185329876993 34
317433931928580097 16
317438558241705984 0
317441259360894977 10
317442161119490048 46
317443469763280896 10
317443608187904000 28
317445231370989568 16
317447097832054784 10
317454651786162176 0
317454895022215170 24
317456111387160577 31
317456740532776960 16
317467729609256961 0
317478269878431744 10
317493746889547776 26
317498465456369664 46
317505599963275264 39
317507957170515968 46
317509009957609472 46
317514961662390273 28
317522402378674176 46
317528987419152385 46
317529260048908288 41
317532154131271680 25
317532682584215553 17
317540014244380673 24
317540182033309696 13
317541750703022080 13
317553666687135745 10
317558460776599552 41
317579650429751298 10
317580669616271360 24
317593386746007553 16
317601544692432896 10
317606758187143168 46
317611673936596994 0
317620255470002179 25
317627536794333184 46
317636130919047170 46
317637166907944961 44
317640690119106560 46
317642959258517504 46
317643449966936065 13
317645794595446784 17
317653478572978177 46
317663221907591169 27
317663645561679872 28
317666296370167808 26
317668863280037889 13
317680200462786561 41
317683362963787778 46
317687754391683072 41
317687926391705600 41
317692829512134658 46
317693752254808066 46
317693970354405377 41
317698252747186177 46
317698630226153473 46
317706834280579072 47
317707954168152065 13
317709854200442880 27
317711766815653888 0
317712270098579457 13
317714337923997697 13
317717303292743680 24
317720683910144001 13
317723330503405568 46
317728460141363201 34
317734256669511681 41
317738534867976192 24
317740518761185281 13
317748001412096002 5
317748445983174656 41
317751184888827905 0
317751377801654272 47
317754771010367488 28
317755819557019648 13
317763239284981760 13
317772064125763584 46
317773674709131265 13
317780943454760960 10
317785901122088960 46
317790259016511488 10
317790623895789569 12
317792633000980481 47
317792851100590080 11
317793182421221376 47
317799863968464897 46
317804137964249091 12
317806264472195072 5
317811557671251970 27
317815114470412288 46
317819413615214592 47
317820353143508992 24
317825117868679168 24
317825398866075650 24
317827286319628291 24
317831140901789697 46
317843388235911168 17
317843946107723777 44
317844122243313665 47
317846160691822593 40
317851181256962049 12
317852976448430080 46
317855690129555456 27
317866872152391680 24
317870445728776192 46
317871313932935168 19
317871838229299200 46
317876506489679872 46
317890398028701696 16
317890737767342080 41
317904419574398976 24
317905170371575808 41
317907561124880384 41
317911524716978177 10
317957926306340864 27
317961764098695168 34
317971545207230466 10
317977572413693953 10
317977761169948672 10
317983331205664768 47
317990348288827392 28
317993846338383872 12
317996270646071296 10
317998879473811456 10
317999047250149377 10
318002205565280258 25
318002339803971584 10
318005863006740482 24
318019519664758785 47
318021105094897665 0
318035260900265985 12
318043821466320897 0
318058094674460672 44
318058618958274561 44
318058849640792064 44
318060393174016000 44
318063639527579649 44
318064142848241665 44
318065220780167168 44
318067213095563266 44
318067716399448064 44
318070824370323456 10
318090856395591680 27
318100830433718272 24
318107138658557952 24
318114105410060289 0
318122682749177856 10
318126981940121600 27
318131067175456768 44
318131440468520961 44
318132694557007873 44
318133772518322176 44
318147869565652992 17
318171076645502976 28
318177602995122176 10
318186075484983297 44
318208196235911168 24
318209567769100289 44
318209760719671298 44
318209773310967808 44
318210196910505985 27
318263242298363905 28
318263699460747265 50
318285992178089984 34
318309216043532288 44
318312848302407680 28
318339758956896258 44
318367445586939904 24
318380116566749184 49
318425159210004480 35
318443081445826561 40
318463763571433472 0
622571762501451776 27
622573490537897984 27
622574534932074496 27
622575646443745280 27
622576397207379968 27
622582671881973761 27
622613730690400258 27
622623436309827584 0
622623738308227072 0
622623981602865153 0
622624686245982208 0
622627043436396544 0
622628142340046849 49
622633221658841088 0
622635436251348992 0
622639362086322176 0
622640888829743104 0
622642428147675136 0
622650627986976768 0
622699089004752896 49
622722090563706881 27
622749244471013376 49
622760980120862720 46
622762330707873792 0
622773651134283776 0
622796262643871744 47
622797378320363520 0
622797441234960384 47
622802763785875458 43
622831159223943168 27
622838813828579328 0
622843385628504065 33
622864633993555968 47
622872439559692288 47
622876256397340672 20
622876352845320192 20
622876784888029184 20
622878131234451456 11
622880870123339776 49
622889481029484544 49
622892479948423168 49
622894207993298944 20
622903800379109377 49
622909362026233856 49
622917691926540288 20
622918920844906496 35
622919088612864001 50
622920166570131456 50
622920292374024192 17
622920518866309120 32
622921642944000000 43
622921676498563072 17
622922276279750656 51
622922376968278016 29
622922548909469696 51
622923081586053124 33
622923161311539200 31
622923765286985728 43
622924612532350976 43
622925359122673664 47
622926231537741824 31
622926835496529920 0
622927825373278208 21
622929322714607616 31
622929821853728768 43
622930706860085248 12
622931017213440000 17
622931495380856832 12
622932690753318912 49
622933005305298944 0
622933227603382272 12
622933558974382080 51
622933634484342784 33
622933886113218561 43
622933957424848896 47
622934318143381504 24
622935186372603906 33
622936780204036097 47
622937325438398466 47
622937606473433088 31
622937648433381376 12
622937736517824513 47
622937853933162496 47
622938571155111936 49
622938629879394304 47
622938839582011392 47
622939674248544256 47
622940211144568833 10
622940647343943681 40
622940664137912320 17
622941775615803393 50
622942186649329664 12
622942392174272512 43
622943025535168514 51
622943314942275584 0
622943394617135104 43
622944027961331712 43
622944304760094720 21
622945219126927360 21
622945781184622593 51
622947744089423872 40
622947878340702211 50
622948129994899456 51
622948603942694912 12
622949014980268032 31
622949686068932608 27
622951330240266240 54
622951481251987457 47
622951665784778752 50
622952336852254721 29
622952844388343809 51
622953175721594880 51
622953209288597504 51
622953553234132992 33
622953670645157888 23
622953926506082305 27
622954358544543744 51
622955092510134272 51
622955109312499713 51
622955600045957120 33
622955700700884992 33
622955826517528576 51
622956514416787456 6
622956518590189568 0
622956594100350976 33
622956870899236864 51
622957286168895489 47
622957500049002496 33
622957974017994752 51
622958028552187904 47
622958498305982464 49
622958569596436481 16
622961149097717764 0
622961644038176768 51
622961950209671168 0
622962986207080448 49
622964772980391936 18
622965020456914944 21
622965167236616192 32
622965444069081088 20
622968380077637632 40
622968543668240384 41
622968594012442625 40
622969067947868160 47
622969093117775872 18
622970808571277312 21
622971722942279680 31
622971735512485892 21
622971743926222848 31
622971748124893184 14
622972452751040512 31
622973828487057408 11
622975137109794817 33
622976865146265600 2
622977381075144704 4
622977716590018560 50
622978479949086720 31
622978752599822336 50
622978924545335296 52
622979562100666368 47
622979838924582912 28
622980640049352704 33
622981663455186944 52
622982271625203712 47
622983462794993664 11
622984163252142081 51
622985299912736768 52
622986293966938112 12
622987409655992320 12
622989427103633412 33
622991352276615168 33
622991918532833281 37
622992606398693376 11
622992866449747968 49
622993227159891968 18
622994594465226753 33
622995567547949062 33
622996624533508096 21
622998193186426880 21
622998251927699456 18
622999589889703937 31
623000252606488576 47
623001166943789056 52
623001439590289408 0
623001519273676801 52
623002265880821760 33
