623002521708154880 52
623002844698931200 49
623002995660173312 0
623003075364564993 52
623003104716423168 33
623003385747386368 47
623003486402289665 49
623003532560498688 17
623003868104925185 47
623004463670779905 33
623006934120169472 33
623006984464285696 43
623007282251481088 33
623008318261325824 31
623008427288227840 2
623009693984624641 0
623009748510765057 33
623012357359411200 47
623014387402543108 2
623016891389313024 47
623017394714333184 33
623018049013035008 33
623018657204072448 49
623019034695483392 12
623019349268246528 21
623019814819336192 50
623020255225352192 34
623021324802347008 33
623022822168772608 18
623023426115125248 47
623024239822684161 17
623024558606544896 51
623025066087809024 28
623025431005003776 47
623026118874955776 33
623026655724843009 52
623026865465241600 39
623028325083185152 47
623028505429671938 33
623028903871774720 12
623029751125401600 17
623030678070906880 47
623030980060708864 52
623031391110963200 52
623032460645826560 47
623032473249669120 33
623035631535435776 33
623036642367029248 52
623036835321655296 12
623039498692096000 33
623039796508635136 12
623041197389520896 33
623042715723431936 47
623045903390273536 39
623046494808113152 47
623047803443372033 47
623048856209637376 31
623050508752801792 39
623051775449284608 47
623053461526024192 3
623054531077603328 0
623054921143705604 33
623056158488698880 20
623056674371280896 33
623057337067003904 47
623059916580753408 33
623061124531908608 31
623062181484064768 52
623062466696626176 40
623062865159815168 39
623062953256857601 0
623064001816174592 51
623064303818698752 43
623064651962560512 51
623067411797950464 47
623067449542311937 20
623067692820484096 52
623067982223278080 50
623068271617658880 29
623070272313237504 40
623070314273054720 52
623070511376003073 40
623070612055986176 33
623071111169884160 47
623072172324597760 33
623073149588901888 47
623073703266492416 20
623074634393591808 33
623074911196725252 31
623075804612722688 2
623077415200276480 28
623077977228746752 31
623079201965355008 52
623079357154742272 54
623079399131365377 31
623079994705739776 52
623083031390064640 39
623084906231525376 33
623085279516082176 36
623086688835911680 47
623086877575254016 44
623087099877523456 31
623088324589277184 2
623089222161956864 2
623089511577333761 17
623090186877042688 33
623090304309198848 50
623091604543401984 47
623091663280340992 50
623091831044091904 33
623092464354787328 20
623092753769955329 17
623093085136777216 47
623094393738760192 20
623094561519370240 20
623095404561891328 31
623096658696364032 33
623096759351259136 52
623096914548895744 52
623097157818667008 54
623097333945794560 33
623097841469161472 32
623100131575922688 33
623100441946136576 33
623100580345458688 32
623100727150444544 47
623101037520519168 27
623101893183709184 31
623102836880969729 47
623102912386854913 47
623103138875052033 52
623103407314726913 52
623105294747500544 51
623105600948424704 33
623106066482466816 52
623108763440943105 20
623109937825193984 52
623110474729558016 12
623112567662247936 31
623113024837185536 52
623113914042068992 51
623115403007365121 40
623115403028402176 31
623116267042533376 18
623116585797091328 2
623117340784373760 31
623117886035468288 52
623118632625770496 21
623119186290675712 33
623120201303859200 47
623121333765849088 17
623122185222098944 55
623122193589891072 17
623123162503450624 52
623123527374372864 33
623123988751994880 33
623124039087861764 32
623124215235895297 31
623124227818795008 31
623124676647063552 31
623125028964552705 52
623125037336236032 33
623125293188935680 52
623125381273530368 33
623125435778363392 52
623125570021232640 0
623125687445159937 33
623125754579156993 42
623125947487776768 53
623125960095875073 47
623126043981840384 52
623126270449176576 31
623126736041984001 31
623127142864433152 52
623127361001779200 52
623127671359307776 52
623128136910270464 52
623128367634644992 31
623128434714255360 52
623128694773551104 31
623129562986082304 52
623130670269726721 47
623130800297517056 52
623130905175916545 25
623130942899683328 52
623130972293320704 52
623131085535379456 52
623131253307387904 11
623131257506004992 12
623131366536966145 52
623131404281339904 52
623131446245507072 52
623131781789822976 52
623132347995717632 52
623133220415139840 52
623133614671269888 12
623133811824422912 52
623133920863719424 52
623134340294311940 21
623134508079034370 52
623134558414860288 52
623134625519439872 33
623134805866217472 52
623135049127432192 40
623135925757997057 52
623136340989845504 52
623136622025015296 17
623136684901797888 52
623136731068518400 52
623136760424464385 52
623136869463756800 52
623136903009841152 52
623136915605299200 52
623136919799644161 52
623136953370869760 52
623137150486335493 52
623137305658826752 18
623137309890846720 12
623137414748442624 52
623137469274419200 47
623137507018977280 52
623137536353923072 52
623137582482857984 52
623137758647726080 52
623137947420897280 47
623138224244944896 52
623138333263310849 31
623138354259820544 17
623138584921444353 31
623138589128421377 52
623138631071346688 31
623138702361890817 31
623139096635011072 52
623139121809235968 33
623139402810724352 51
623140182988972032 52
623140438816460800 52
623140724020613120 52
623140816299556864 40
623141164447731713 52
623141189613682688 52
623141202192388096 52
623141571299536896 47
623141902645350400 52
623142347228975104 52
623142594676150272 52
623142879897235456 51
623143060268912640 50
623143152539578369 33
623143169295675392 51
623143479678496768 47
623144188511698944 52
623144213706878977 52
623144935101984768 27
623144993839017984 52
623145123862433792 33
623145379706617856 52
623145451034808320 21
623147208427368449 52
623147598518431745 2
623148177319858177 6
623148370262003713 6
623148777118007296 33
623148999403552768 52
623149326546640896 6
623149771168026624 28
623149787945287684 28
623149813073375235 28
623149888570834944 28
623149896980238336 28
623149901178732544 54
623150068938481664 28
623150173796106240 28
623150610003574784 54
623150639359619072 52
623151318862045184 52
623151377586499584 18
623153000782106624 28
623153038509871105 51
623153160157270016 3
623153172740182016 34
623153726371557376 33
623154087094263808 51
623154275842134016 28
623154456167735296 33
623154888214716416 55
623155165009440768 17
623155416684474368 52
623155840304873472 2
623155966125551617 0
623156180047650816 50
623156553319710720 40
623156670781206528 33
623157463517413376 0
623157677418487808 44
623157807429259264 0
623157983594344448 28
623158356891426816 47
623158461761757185 52
623158726002909184 33
623159506130726912 35
623159514519445504 40
623160135267979264 31
623160156239466497 28
623160248510099456 52
623160462419472384 0
623160860907859968 52
623161947220013056 52
623162182084239360 21
623162182096719872 21
623162219837022209 0
623162257573330944 0
623162362439331840 52
623162366633603072 31
623162442135244800 52
623162639263399936 31
623162660260069377 31
623162677028896768 52
623162790249762816 0
623162807035400192 0
623162974836928513 0
623163142609219585 52
623163201295908864 27
623163398432407555 52
623163507509321729 31
623163822073712640 52
623163851425587200 52
623164329588838400 12
623164337968906240 12
623164971304787968 12
623165269104463872 31
623165285869199360 31
623166258951774208 17
623166732908101632 52
623167798282452992 32
623167966042030080 52
623168049915412480 31
623168641329070080 52
623168750372532224 31
623168976885936128 40
623169304037576704 28
623169476004085760 52
623169908021571584 0
623170239346315265 34
623170683938439168 12
623170713306841088 2
623170788800118784 55
623171359221383168 52
623171527014531072 47
623171828974948352 33
623171988396314624 28
623172059665821696 31
623172307125534720 0
623172818855923712 12
623172873365139456 52
623172881766305792 28
623173171173306368 33
623173179566108672 52
623173489919414272 0
623173557044953088 33
623174509147881472 51
623174685321134080 31
623175352223838208 31
623175855536254976 17
623175931008434176 52
623176144930607104 52
623176170100559872 52
623176740521664513 33
623176769890349056 49
623177365473112064 52
623177470322147328 33
623177596172288000 17
623179345167785984 33
623179491997818880 12
623180146279874560 33
623180272142434304 33
623180339255619585 10
623180414727929856 52
623181077440409600 12
623183447226511360 52
623183652734791680 5
623183715649363968 40
623184269318291456 17
623184369964814337 12
623184395147583488 12
623184797783830528 33
623185313695858688 0
623185368217747456 2
623185993164824577 52
623186555176419328 33
623186781672996864 52
623186894944346113 31
623187431794159616 33
623188031609118720 50
623188614604677120 17
623188681713586176 52
623188924983185408 52
623188971120631808 52
623189143074549760 52
623189264713449472 47
623189281507446784 31
623190543972073473 20
623191160522063872 33
623192011995123712 52
623192490116427777 51
623193006032748544 31
623193224128151552 52
623194058811437056 52
623194864113442816 46
623195338073976832 18
623195644237344768 51
623195820398092288 52
623196269222170624 52
623197267433025536 46
623197401663340548 33
623197900768706560 52
623198454420869121 1
623198597035724800 52
623199255558258688 52
623199268132753408 40
623199423309479937 31
623202107664015361 51
623202820720828416 51
623204309673603073 27
623205123393736704 50
623205454735224832 21
623205844805648385 0
623205974808113154 32
623206142592839680 33
623206918538948608 17
623207509940023296 50
623208311052070912 47
623208902440521728 17
623209535784620032 50
623209892287877120 51
623210462717591554 40
623210676652273664 52
623210827638796288 33
623211121252548609 47
623211410646892545 31
623211653925085184 52
623211679082541056 12
623211884611768321 28
623212631168565249 0
623213507799072769 21
623213541361852417 36
623213931432050688 50
623214329865744384 28
623214971594256384 17
623215604950904832 40
623216175380434944 28
623216909375254528 28
623216997459972096 34
623217039394516992 52
623218046048452608 33
623218238973997056 33
623218654222618625 52
623220109646131200 11
623220189321007104 47
623220189329518593 50
623220348717281280 17
623220671665995776 52
623221741226033152 50
623223272138604544 52
623223674770968576 50
623224178083127297 0
623224261998735365 52
623224383629176832 40
623225025357725696 17
623225260217905152 46
623226774390898688 47
623227365783654404 47
623227688723943424 21
623227789383176192 6
623228141725552641 52
623228158506958848 52
623229546830020608 50
623229802670071808 9
623230238881792000 17
623230368900972545 50
623231518132076544 52
623231627187990532 43
623231648176472064 51
623232143074979840 47
623232847730466816 47
623233762097152000 17
623234957482131456 0
623235666290323456 52
623236152821194752 17
623236282882347008 52
623236291249901568 50
623237054596395009 18
623238497458069504 52
623238501664968704 31
623240061925126145 50
623241928398639104 17
623243249591816192 17
623243568354693121 52
623244293994622976 52
623244486924091392 28
623244503692939264 54
623246177211813888 0
623246252734439424 0
623246403721019392 0
623246571488972800 0
623246684751990784 50
623246814762766336 0
623246848296267776 0
623246886074347520 0
623246965745127426 50
623247330670718976 33
623247561365790720 31
623247867520679936 50
623247892707442688 52
623248249214910465 17
623249033549623296 28
623249595578064896 52
623250086299045888 27
623250132465684480 50
623251101320523776 47
623251361388449793 52
623251667555782656 2
623251810174697472 2
623253634697023488 51
623254695860002816 32
623255274686664704 50
623255538894245889 54
623255920600985600 28
623256818186350592 49
623256830777561088 51
623257531218063360 51
623258047096315905 52
623258202277330944 0
623258210669957120 52
623258361677656064 52
623258399409467392 52
623259729016549376 33
623259900974534656 17
623260379133685760 0
623260693718904833 54
623261457086595072 52
623261486442545152 52
623262052648402944 33
623262304331665408 0
623262539225387008 52
623263805884248064 12
623264497948577792 2
623264527308599296 52
623264745416605696 12
623265039005282308 34
623265596847714304 17
623266351843381249 51
623266620258000896 47
623266674771300352 17
623266850932137984 47
623267253597941760 50
623267610126381060 21
623268369299456000 52
623268407052513280 50
623268432218185728 17
623268583183884289 50
623269136865603584 17
623269195552141312 43
623271024285626368 51
623271519230259200 12
623272408401575937 51
623272433571786752 43
623273054316068864 52
623273205327769601 31
623273305982808064 33
623273964475940867 17
623274753004965888 17
623275126302343170 17
623275189242044417 17
623275864520806400 52
623276757911650304 17
623277034735669248 47
623277521249898496 18
623277982627569665 21
623278070720516097 31
623278657910366208 0
623278834088038400 14
623279383541886976 12
623279782000594944 31
623279928788799488 39
623280658597720069 47
623280943814574080 49
623281090619416576 17
623281338091614208 47
623281623283335169 17
623281904318427136 12
623281912682049536 47
623282122422415360 52
623282445379473408 54
623282982242099200 21
623283011593748480 43
623283472992468992 33
623283758188392448 52
623283850475499520 31
623284257322958849 12
623284693539160064 47
623285125548146689 37
623285213632811008 1
623285263951904768 43
623285888915632128 2
623286761297317888 2
623287226881867776 24
623287344335060992 47
623287734392655872 47
623288636147167232 52
623288925570920449 33
623289789614194688 47
623290284508622848 51
623290284537999360 51
623290682975895552 47
623291974838136832 12
623292184528338944 17
623292406860001280 47
623292759173124096 51
623292771735052291 33
623292914362245120 17
623293447034638336 31
623293639989424128 51
623295300921266176 52
623295535781298176 12
623295992977313794 33
623296513049956352 31
623296529852297216 17
623296571803734016 17
623296735348178944 43
623297427433361409 0
623298098505379840 54
623298480178507777 17
623298945750581248 31
623299797202538496 52
623300480869904385 17
623300543788806144 11
623302305413115904 31
623303811168243712 33
623304033474899968 51
623304691976286208 55
623304821999714304 52
623305291740938240 51
623305354651267072 31
623305841211387904 27
623305912518877185 47
623307082729713664 40
623307611211829248 18
623308240357560320 51
623309205030567936 51
623311931345010688 47
623312329778831360 42
623312392722714624 51
623312711473057792 34
623312929589334017 52
623312950548299784 18
623313332242485248 47
623313546126843908 17
623313961354592256 52
623313961388130304 52
623314238178754562 17
623314456311803905 33
623314875721347072 0
623315068650848257 52
623316037560176640 0
623317069338177536 52
623318101162094592 55
623318604478451716 18
623318738692100096 54
623319334274908164 18
623320093460688896 49
623320626133008384 33
623320819066892289 49
623320978446225408 6
623321007793664000 17
623321129428463617 52
623321909594198016 31
623322425493749765 51
623323499206156288 49
623324514223456257 31
623324673619574784 7
623325277624532992 8
623325336323817472 21
623325395052433408 51
623325600586039296 51
623325642491330560 51
623325894170529792 51
623325982255095808 51
623326057744076800 47
623326070331195392 51
623326141621891076 43
623326301030449152 0
623326472996913152 0
623326636545458178 51
623326963726479360 49
623327118902956032 50
623327295047106563 51
623327370573774848 51
623327567701880832 43
623327659968303104 33
623327743871201280 51
623327915820904448 51
623328721148121088 47
623329023100383232 31
623329077655515137 51
623329622898397184 34
623330805700558848 49
623331036370440192 51
623333083203268608 47
623333368399179777 15
623333582338068480 50
623334316328755200 47
623334651860512768 47
623334949655986176 51
623334991611625473 51
623335012591513600 51
623337004877639681 47
623337038427729920 31
623337717930196992 0
623337810179825664 28
623338330265124864 51
623339458528591872 51
623340049950711808 18
623340179982524416 51
623340926560268288 47
623341069162409984 24
623341987727601664 43
623343170508705792 51
623344344905351168 21
623344361686831105 51
623345443825553408 47
623347012482789385 49
623347729729597440 52
623348816037568512 8
623349411645685760 17
623350753814425600 51
623351387150262272 52
623353131963777024 33
623353589142949888 31
623353752737705984 52
623354096653877248 51
623356181256364032 47
623356311242153984 49
623356793595498496 33
623357464688267264 17
623359150815252481 0
623359343736565760 50
623360681715310592 12
623362606905077760 31
623363584186159104 31
623363630311034880 12
623364968285515776 50
623366453069135873 31
623367250016276480 56
623368483129028608 52
623369171011792896 52
623370878085021696 12
623371435923361792 0
623371905664323584 31
623371976984276992 31
623375676381507584 33
623376129353629696 52
623377022744596480 0
623377324726026240 33
623378440398372864 0
623378595608723456 39
623379312838897664 0
623379904214626305 54
623380906674249728 31
623383792326021120 15
623383930763366400 51
623384782194372608 47
623387235870584833 31
623388804523667456 31
623388980684271616 33
623389295269806080 31
623390658418487296 0
623390666807185409 33
623391178520723456 12
623391845415038976 20
623391925106831360 47
623392956888715268 31
623393233712861184 49
623395121149648896 50
623397012776570880 32
623398279460446208 21
623398308841586688 21
623398371722555392 21
623398648555130880 40
623398971537522688 21
623399047039164416 21
623399302858149888 21
623399588095856640 33
623399718098354176 21
623400020117622784 50
623400661825097728 51
623400997382062080 21
623401811089752064 51
623402624755347456 47
623402964489736192 40
623402981287948288 52
623403878852206592 51
623404126324543488 40
623404201805266944 51
623404449285935104 28
623404453471879168 47
623405703395307520 21
623406391235969024 54
623407091697369089 17
623407150409224192 21
623407150434365444 21
623407511127732224 31
623407771174617088 0
623407909599363072 52
623410732361650176 52
623410870756835328 0
623411231458603008 12
623412217128443904 33
623412481377959936 31
623412619802574848 33
623414616278859776 54
623414616291282944 33
623415794899230720 52
623415807461101568 31
623417111881347072 33
623417183205507072 54
623417795552899072 12
623417808127266816 47
623418802211000320 33
623418965771988992 21
623420228240809984 47
623421440403087360 31
623421570418085892 50
623421679495020544 31
623421759174279168 31
623422157629079552 52
623425743754817536 2
623426314205171712 0
623427006261280768 20
623427983538307072 47
623428633663672320 47
623429506062139392 17
623431536084320256 28
623432836343812096 33
623433176094896129 52
623433742309322753 52
623435055134822400 52
623436040796274688 54
623436497975406592 54
623436833527984128 31
623437089355333632 47
623437957588983808 31
623439043905257472 28
623439173945589760 12
623439513688408064 20
623439631128920064 17
623440381900779520 52
623442265114050560 33
623442810394382336 51
623442877515964416 34
623443213043548160 54
623444580382470144 49
623444697818660864 54
623446291658375169 52
623446493001818112 31
623446623029477376 47
623447176660783105 51
623447763880136704 10
623449227662757889 20
623449869412208640 33
623451475809677313 54
623451526175064064 47
623452515992899584 46
623452612470267904 12
623452633462800384 12
623452939630321664 27
623453229062340608 47
623453916898824192 40
623453925283225600 40
623454437013524480 40
623454596376080384 40
623454638319099904 40
623455196165767168 40
623456051799658496 31
623456479627059200 46
623456852932624386 31
623456995543228417 47
623457322682052608 18
623457360447717376 46
623457498859573248 49
623457553381396480 49
623457956013563904 31
623459998643974144 33
623462037096669184 46
623462200661819393 34
623463228249653248 17
623463265994084352 31
623463500908630016 21
623463526066225152 33
623466868901314561 20
623467791685971968 0
623467896514084864 12
623467917485715461 55
623468148193296386 51
623469326797025280 20
623470203402256386 52
623472648668839936 51
623473219098550274 31
623473248441880576 31
623473634347094016 51
623473638541533186 33
623473755969302528 10
623474125084979200 47
623474380933349376 53
623474787785043968 21
623475521788248064 47
623475542721871872 12
623475840546918400 8
623475941214429184 47
623476566169927680 43
623476679386755073 47
623477035902599169 51
623477467924328448 52
623477467928526848 47
623477677639528449 51
623477837035606017 17
623477925090861056 51
623478067713826816 31
623478290007912448 51
623479611205287936 33
623479795767246848 51
623480378758553600 51
623480722725163009 47
623480886303047680 56
623481242806263808 12
623481305733439488 33
623484380149739528 47
623485084767621121 52
623486116600000512 31
623486179476926464 33
623486422750617600 17
623486867372154880 8
623487051908952064 52
623487605577945089 33
623488985466179585 17
623489178437750785 17
623489383933476864 17
623489501394898944 17
623489849526325248 15
623489908213051392 17
623490432522022913 17
623490692552245248 51
623491065866162176 17
623491091023663104 43
623492265432907776 31
623492634535825408 11
623492944901898240 49
623493347542482944 10
623494077368000512 0
623495415367729152 0
623495838996652033 0
623495985780514816 18
623496686229422080 47
623497583810326528 33
623497692858036224 33
623497718015635457 31
623497780930043904 56
623498154252574720 26
623498296846360576 40
623498779187089408 43
623498972104032258 33
623500029068619776 47
623500209453035520 31
623500771498291200 47
623500951844986880 17
623501799090167808 47
623502075914231808 31
623502465963462656 31
623502637946699776 55
623503233546354688 47
623503464203726848 47
623503661369528320 47
623504177256374272 52
623504286303940609 15
623504303081164800 33
623504533772046336 47
623504588277047296 47
623506131818795010 50
623506144368050176 47
623506379274350592 47
623506626721546240 47
623506718996201472 33
623506924529668096 51
623507415238115328 47
623507843073880065 47
623508233131565056 47
623508501579567104 40
623508681926160384 47
623509193639620608 0
623509264959574017 21
623509441124663297 33
623510749734834176 51
623512385513488384 2
623513018844979200 49
623513346000703488 47
623513467643895808 17
623513857709903873 31
623514180654661632 47
623515833218809856 33
623516600776310786 18
623516932138860544 21
623517305419472900 17
623518194620342272 12
623518697945235457 47
623519608113377280 21
623519696193654784 33
623520698598883328 33
623521847850610689 18
623522309249196032 49
623522464438448128 47
623522497976246272 51
623522875442466816 51
623523345234051073 54
623525027137388544 43
623526277056712705 0
623526319003832320 51
623526566463549440 31
623526977480192000 40
623527136884850688 17
623529213065302016 50
623529691207458816 52
623529947039035397 47
623531087906652160 12
623531243112509440 17
623531398297690112 12
623531553486995456 47
623531985475014656 47
623532006475960320 12
623532165842771968 40
623532677543497728 51
623533080201031680 52
623533583508967424 52
623534263003148288 47
623534762133745664 12
623534825014697984 47
623534908921622528 0
623535147992936448 50
623535580010442752 12
623536502736183296 15
623536582457446401 47
623537433896976385 40
623538302105292800 47
623538302126178304 47
623539518453477376 6
623539824641880065 33
623540336342790144 0
623540508304879616 47
623540567050326016 51
623542110550126592 12
623543469492051968 51
623543524009472000 21
623543905695440896 50
623544673244557312 47
623544803280723968 55
623546015455514624 43
623546409690771456 0
623546950781157376 31
623547273729806336 28
623547508615159808 47
623547571538141184 47
623547873511108608 33
623547898660261889 54
623547957418180608 36
623548859193683968 47
623549781940531201 17
623550213936906240 47
623550348167221249 17
623550566241800192 21
623550801143832576 47
623551728076648448 33
623552009099214848 17
623552017496186880 31
623553011520962560 12
623553154160947201 50
623553443530018816 28
623553800067022848 47
623554534082609152 0
623554831844683778 2
623555763017912320 47
623557658814062592 17
623557998577889280 33
623558136989908992 12
623558384436973568 34
623559323961163776 17
623559479150387200 52
623559529469489152 33
623560980694331392 47
623561022654279680 12
623561345628262400 47
623561567897026560 0
623561995745230848 54
623562016700112896 28
623562910078349312 33
623563329525665792 52
623563862214901760 47
623564457789272065 47
623564881422258176 43
623564893979971584 43
623564910786560000 50
623565577668263940 2
623565820959031296 17
623565888059506688 54
623566907271045120 33
623568664667791365 47
623569197344399360 43
623569214113124353 31
623569943947309056 52
623569952310558721 17
623570413721939968 47
623570703095349248 33
623570942166437888 21
623570992527491072 54
623572640872005632 50
623572728973373440 54
623572733138350080 51
623572733163483136 51
623573009996083200 52
623573920134754304 54
623574721238446080 47
623575425902583808 20
623575790815420416 38
623576088606867456 0
623576856160157697 52
623577686624071681 51
623578332546764801 31
623579028797157376 32
623579196556726272 40
623579657963634688 23
623579771209936896 9
623580014450245632 51
623581969012649985 32
623582266808270848 12
623583667705774080 31
623583743211606016 52
623584405911572480 43
623584925980184576 28
623585014081400832 21
623585165055406080 50
623585433495207936 0
623585467078983680 21
623585534179291136 33
623585999743008768 47
623586633070153728 28
623587664856399872 28
623587677464440832 50
623588709267410944 17
623589292279861248 47
623589648787484672 51
623591108413669376 50
623591527848112128 0
623591783700824064 33
623591875958677505 44
623592161183989760 33
623592589002964992 47
623593478178541568 51
623594270889525248 16
623595692771033088 43
623595734710001664 38
623596191880622082 33
623598423258763265 52
623598448416301056 51
623598490376015872 51
623599018837307393 40
623599979366621184 52
623600923068243968 6
623601803884670976 33
623602072324210688 0
623602110077235200 50
623602244265512960 21
623602252666769408 47
623602391061889024 28
623602546267942913 52
623603104127287296 6
623603167020736512 47
623603313808928768 47
623604572112691200 52
623604718904963072 50
623605176096673792 21
623605306132705280 12
623606828652494848 50
623607017391833088 12
623607684294578176 31
623607793338023936 28
623609341036392449 21
623609961776578560 0
623611387848208388 51
623612365137838080 47
623613191403249664 51
623613493380386816 47
623614227396235264 43
623614239983452161 51
623614269326782465 53
623614697179377664 50
623614881716043776 28
623615003363536896 51
623615502456262656 47
623615896741937152 51
623615993185718273 21
623616576198189056 53
623617201183027204 28
623617738016190464 43
623617834497765376 51
623618287486808065 47
623618576893771776 47
623619105384452096 51
623620422370770945 51
623620854413266944 51
623620875359645696 21
623621319972757504 47
623622586648371200 37
623624104999059456 28
623624105007316993 51
623624146941939712 28
623624604100247553 28
623624742537334784 28
623625434564022272 28
623625778517909506 55
623625833035497472 2
623626491541065728 18
623627342997532672 28
623627389130530816 28
623627603019235332 47
623627720484896769 28
623628144113811456 28
623628601263550464 12
623628894889975809 28
623629482079993856 28
623630639712075776 47
623630669059620865 28
623630824274046976 28
623632350992150528 28
623632371959660544 26
623632376162222080 33
623632573286080512 51
623632858482143232 28
623633139517267968 31
623633835754979332 28
623634146154422272 28
623634246796713984 12
623634578171928576 10
623634578184474624 31
623634582345113604 31
623635316356743168 28
623635542853357572 51
623636721469681664 28
623636780172972032 28
623637019269464064 31
623637593880530944 31
623638856357838848 0
623639007369515008 39
623639107994939392 21
623639649060130817 40
623639732984090624 18
623640232106311680 39
623640655710035968 17
623641070941958145 54
623641112876441600 40
623641213552447488 51
623641297459519488 28
623641955931701249 33
623642308261638144 47
623642731877896192 3
623643205830078464 50
623643381990838272 51
623643398776315904 52
623643772060962817 52
623643885324079104 12
623644128597950464 28
623644136982183936 47
623644258608803840 47
623644644484603904 40
623644900341493761 47
623645722450096128 28
623646326400675840 47
623646502590787585 43
623646628394569728 33
623646913598984192 47
623646972336041984 39
623647060416315392 0
623647219791589376 0
623647299470815233 47
623647811213598722 31
623648083809677312 12
623648184481484800 51
623648398378315776 17
623649925109317632 17
623649925134331904 21
623652324263772160 40
623652580099493888 40
623652735322165253 33
623654064920920065 33
623655096681762816 52
623655545476505600 50
623656145262145536 50
623656854124507136 52
623657093187289088 51
623657244182249472 33
623657449686331392 51
623657638467768320 55
623657856538136577 52
623658196285157377 28
623658754135818240 47
623658896754900993 47
623658938702143488 51
623659064493367296 28
623659723003293696 50
623659815303155712 28
623659873998258176 47
623659962095521792 28
623659983045963780 28
623660041774628864 52
623660071151640576 31
623660545091223554 28
623660704474664961 28
623660901602865152 52
623661111318040576 47
623661266507276289 28
623661795023044608 43
623661853705678848 28
623661987944206336 28
623662365418983424 51
623662554162663425 2
623662570940051456 28
623662713571442688 21
623662914877169665 28
623663275612499968 18
623663825032589312 18
623663862785703937 28
623663959279861760 18
623663971837591552 28
623664596813877248 18
623666618472767489 28
623667541211136000 3
623668396845047808 18
623668795282956292 12
623669793527341056 51
623671072815104001 40
623671580296523776 54
623672129758851073 51
623672729573572609 28
623673010554155009 18
623673337743568896 31
623673400649773056 47
623673459369836544 50
623675929823461376 28
623676017899610112 11
623676609296506880 31
623676798023417856 18
623677053871738880 54
623680128313245696 18
623680195409547265 28
623680296097976320 0
623681613071818752 2
623682418403209220 52
623682602948513792 54
623683966084608000 18
623684855281291266 51
623685530551721984 51
623686700766629888 54
623688680482275328 28
623689884239138818 54
623690660193792000 28
623690777651052544 47
623691335476707328 54
623691784279998464 46
623691926898900992 18
623692719626432513 20
623693478795411456 31
623694418319507456 51
623694426695536640 51
623695131321856000 18
623695173277450241 18
623696922310672388 31
623697199117893632 21
623697316579377152 47
623697375291408384 28
623699665356111872 17
623701565409501184 47
623702295189000192 28
623704438478278656 47
623705059268931584 47
623707479344459776 31
623709693957926912 12
623710016919318532 17
623710390225010688 28
623711052900007936 18
623712357332615168 39
623712462186151936 31
623712575432355840 12
623713842133135360 33
623713917618024448 21
623713951176609792 47
623714500634546176 21
623714722940981248 21
623715368838791168 20
623716887168323584 28
623717776394461184 21
623718304868343808 12
623719525398220800 52
623722645968814080 51
623723241538895872 47
623723354793447424 18
623723392538177536 6
623725640714358784 31
623726437636440065 0
623727226127675392 51
623727821744173056 47
623728408925634560 21
623728442509406208 39
623729520412131328 2
623730715788750848 21
623732196399030272 2
623732284479438848 47
623732485810028544 31
623732934588166144 53
623734570374946817 33
623734616491364352 31
623735455356461056 33
623736269047209984 47
623736952747995136 52
623737200195334144 52
623737468651749376 39
623738026477383680 39
623738726938738688 47
623739481892368384 47
623742472443834369 39
623742501812346880 51
623742690526494720 33
623745169377112065 33
623745232283152384 0
623745316198551554 33
623747040049278976 50
623748357048012800 17
623749120415502337 33
623751070746079233 12
623752962393919488 28
623753214043631618 33
623753570555404288 31
623755021784518656 33
623755176998912000 50
623758603732660224 47
623759216113795072 17
623759459387637760 33
623759945914171392 51
623760365357150208 47
623760533120888832 52
623761980168536065 47
623762185651515392 12
623762315687628800 47
623762793825566721 33
623763481716760576 47
623764517714067456 47
623764798711463937 39
623765746644955136 31
623765926970793984 33
623766778427146240 21
623766900066099200 54
623767000720904192 47
623768208684679168 39
623768707832119296 47
623768732960194560 33
623768741361381376 31
623768770708766720 51
623769370527838208 33
623769928336834560 55
623770184201994240 51
623770750445424640 33
623771673200824320 52
623771790645559296 31
623772046485360640 46
623772667255128064 18
623772814055608320 33
623772897912442882 12
623773996824272896 52
623775255106969600 50
623775804573491200 17
623776031053377536 39
623776211416780800 33
623776941217202176 33
623776941225570305 0
623777473906409472 33
623777985632432131 50
623779533318193152 52
623779579463778304 33
623779722074439680 12
623782297368690688 17
623782779701100544 43
623783366891016192 21
623783417231077376 21
623783467583709185 21
623783677277945856 46
623785103357906944 50
623785585673662464 47
623786646845161472 54
623787301177528320 15
623790807594704896 33
623791285770526720 51
623791520651608064 31
623792778921668608 33
623793076713078787 39
623793185773486080 39
623793378723938305 2
623794393724497920 47
623794821539344384 21
623794989324079104 47
623797795309359104 52
623798135068864512 33
623798260889743361 12
623798344779964416 12
623801737971765248 15
623803348580454401 33
623803667355947009 33
623804040644722688 2
623804510410924032 31
623807035373690880 27
623807287019339776 20
623807345752190977 43
623807400286359553 0
623808503380078593 16
623808721467084800 33
623810722175160320 33
623810734720438273 39
623811493910294529 12
623811615553662976 39
623811732977287169 47
623811955292155904 43
623811967879380992 39
623812236289536000 18
623812286625488896 33
623813758838808576 47
623813997918318593 12
623814031451758592 33
623814534785056768 16
623814811596406784 51
623814832580595712 6
623814836783345664 20
623815222663327744 33
623815520438091776 16
623815541397000192 6
623816011171676160 17
623816011184275456 17
623816011192664064 33
623816506099548160 52
623819572152549376 33
623819769259687944 44
623819974772133888 28
623820356483072000 51
623821312754974720 51
623822424249888772 54
623823497995943936 0
623823720293904384 12
623824026486611968 39
623824307521630208 51
623824483665727488 21
623825242830565376 51
623826014607671296 47
623827017025241088 49
623827251914674176 50
623827449038540800 39
623827532933152768 33
623828199806533632 21
623830347311128576 51
623831903402131456 47
623831957923856385 54
623832431880224768 54
623833916647055361 47
623836022179102720 3
623836584241049600 52
623837037230211072 39
623837167249272832 17
623837599241773056 33
623839130158432256 52
623839381837770752 0
623839520253874176 18
623839813846835200 47
623840090674954240 33
623840115857600513 18
623840422025039872 18
623840749189242880 31
623841944561692673 54
623843290920652801 20
623843383191171072 34
623843534207078400 54
623843966228807680 54
623844335310671872 56
623844482123960320 55
623845476174053376 33
623845799139655680 18
623847015483478016 14
623847464244785152 47
623847946585550849 47
623848101783162881 31
623849527867494400 51
623850140244267008 1
623850941331148800 6
623853596346597376 31
623853961255124992 50
623854108018143233 33
623854540048052224 17
623855915796553728 21
623855936755617792 50
623856003860316160 53
623856003868524544 50
623856259708489729 51
623856934987272192 50
623857404757811200 16
623858507868172288 39
623859464148402176 2
623859678066384896 25
623859803908120576 0
623860055574614016 47
623860198151725060 3
623861099931283456 18
623861196404445185 21
623861544535732224 39
623862077233459201 47
623862643464478720 50
623863129974272000 28
623863859795750913 32
623864941942956032 43
623865256515907586 47
623865407498141696 0
623865722045886464 51
623865776609603584 43
623865856267714560 47
623866422528241665 33
623870520367296512 51
623870587463729152 47
623870642002116608 0
623870642002116609 0
623870902028009472 54
623870952363962369 32
623871375971909633 38
623871673767309312 47
623871770249048064 18
623871854135091200 44
623872390989152256 20
623872688814034944 0
623873036928724992 28
623873255015862273 28
623873502500810752 16
623873896761176064 17
623873989031657472 33
623874152622112768 47
623875725485936640 17
623875754846064640 17
623875926795911168 52
623876929255571456 17
623878451762573312 52
623879835916627968 28
623880175630073856 29
623880431469858816 47
623880456656674816 51
623880980928008192 43
623881001928753152 47
623881442334916608 37
623882180507271172 31
623882948069228544 50
623883279419224064 44
623884583856160768 20
623884915218644992 47
623885892458016768 50
623887050110992384 43
623887494703153152 51
623887813478588417 28
623890778826235904 53
623890883704795136 47
623891407992852480 31
623892263614181376 33
623892737574703104 12
623892838238040065 47
623892855031881729 32
623893064730345472 55
623893287036817409 55
623894071380168704 17
623894155253538816 46
623894415291973632 33
623895237371392000 32
623895329671393280 47
623896000764231680 51
623896508258230272 51
623896592135749632 33
623897057699311616 47
623897288415555584 52
623898076927950852 54
623898227910164484 32
623899825935908864 32
623900736120864769 47
623900870330089472 17
623901323327631360 47
623902061504131072 17
623903231706443776 33
623903584057319424 18
623903672125272064 18
623904611640807425 33
623904615839436800 51
623905270142365696 47
623906968848220160 31
623907593807790080 47
623907849647882241 47
623907946137821184 2
623908386543915008 31
623909191812395008 11
623909569320886272 33
623910617905274880 47
623911217699139584 34
623911683237539840 20
623911788086718464 47
623912715057299457 6
623912895403831297 51
623913310639931392 2
623914476639756288 50
623914749282131968 55
623914896074371072 20
623915701393199104 50
623916519282618368 47
623916527654449152 28
623916582180397056 32
623918129903603712 54
623918759032459264 51
623919203616182272 17
623920461936660480 20
623920608716431360 47
623920944285917184 15
623922500355944448 51
623922936576000000 51
623923259541729280 15
623925029504425984 12
623925750924619776 20
623925964838469636 0
623928649188708352 21
623928745662001152 6
623929861350952960 44
623930574391021568 0
623930599577911296 12
623931052545814528 51
623931136411062272 51
623931396491382784 1
623931400652201984 33
623932096936079361 31
623932768012140544 54
623932768028901376 54
623932969342779392 18
623933875308212224 51
623933913044381696 47
623935137806356480 52
623935880177319936 12
623937125881221120 47
623937541134127104 28
623937604044595201 50
623938094799040512 0
623939281753624576 33
623940019984543744 46
623940196116090880 16
623940317776117760 33
623941408265777152 52
623942704314101761 0
623943148918689797 33
623943555762024448 18
623944474310352896 47
623944642103541760 21
623945023772585984 52
623945082476097536 2
623945254467600384 50
623945757792575488 0
623945959119147008 40
623947640997314560 47
623948354049847296 47
623948517640253440 17
623950014981632000 2
623950526695276544 11
623950979684134913 12
623951051004215297 54
623952183466156032 32
623952678356434945 21
623953471092473856 32
623953894704574464 50
623955547297964032 47
623955832502403072 11
623956537145430021 47
623956830717284352 32
623957568914784256 47
623957820598173696 47
623958357460828160 49
623958512666718208 40
623958806267977728 6
623959577994903552 47
623960458802892801 55
623960760813686784 17
623960765007986688 33
623961020835471361 54
623961872283357184 17
623962052655054848 24
623962354636591104 32
623963306760491008 50
623965567473442816 47
623966062418071552 47
623968016934535168 49
623968029517463552 20
623968708998750208 51
623969585629409280 15
623970453837590532 33
623970499975061505 24
623970617432211456 51
623972081223372800 2
623972454533308416 32
623973171734163456 54
623973364663619584 0
623973440190554112 17
623975411496693762 32
623975868688265217 53
623977689020526597 6
623978171336105985 33
623978729203736577 47
623979110860062720 31
623979920390287360 15
623979945535107074 47
623980360788000770 54
623981526787567616 0
623981681976963072 50
623983363909496832 51
623983904970698753 21
623984127251869696 0
623985947609317376 52
623986585139322880 50
623987193317576708 54
623988237682507776 12
623990552946569216 52
623990666184499200 54
623990708148543488 12
623990980757225473 31
623991047857799172 49
623991320487395328 51
623991337277386752 47
623991777674969088 18
623992834631335937 3
623993384085159936 20
623993853876547584 33
623994281674543104 31
623994302645964800 51
623994743052087296 31
623995506394562560 31
623995942623150080 18
623996412393472001 33
623996588562604032 47
623996764698218496 31
623996764710944773 51
623997171566780417 39
623997385463758849 47
623997456775163904 47
623999021233872896 43
623999562324152320 33
624000279516721152 38
624001122596995072 47
624001248430309376 54
624003580454809600 47
624004603865104385 43
624005895714906112 51
624006399035633665 32
624006659074093056 31
624007510492512256 43
624007619548594176 31
624008185792303104 31
624008374544412672 47
624008437467254784 43
624008802346618880 50
624009112750309376 54
624009427314569216 47
624009565714169856 31
624010865944215552 47
624010970793439232 47
624010995996844032 49
624011813869387776 47
624012770158075904 31
624014020069076992 33
624014137522319361 3
624015316125917185 32
624015718783168520 51
624016276600586240 18
624016758962319361 15
624017929177202688 15
624018239522238464 47
624018851924041729 18
624019158091431936 51
624019485234585600 51
624019996969037824 51
624020420560195585 51
624021678859943936 51
624021754365743108 50
624022480001343488 51
624024191252201472 51
624024551962345472 51
624025327916859392 51
624026271635382272 49
624026842052214784 51
624027076945801216 3
624028024858546176 51
624028314240462853 47
624028486236282880 33
624028729476395009 33
624029874542358529 33
624030369482936320 51
624030805673644032 33
624030952482807808 33
624031195744075777 31
624031271241523201 51
624032227563671552 33
624032701511643136 33
624033334847537153 43
624033347405221888 11
624034479888175104 33
624035872409825281 51
624036270872915968 51
624037491398479872 20
624038275750211584 51
624038485427621888 51
624038556768473088 51
624038745487081472 43
624038955227455488 33
624039374645112832 33
624039668250771456 51
624040330921426945 51
624041350154072064 51
624041379535192066 51
624041677330771968 33
624041702496440320 51
624042633594191872 31
624043090794442752 51
624043392792662016 33
624043766056374272 17
624044097431580672 33
624044323919695872 7
624046135846535169 54
624049159939751936 37
624049159947948032 33
624051592627486720 51
624051760429182976 50
624051793983631360 12
624051982718906368 47
624052251154321408 52
624052318267289600 33
624052913850159104 43
624053039670784000 50
624055623370420225 50
624055912769167360 31
624056315418013697 24
624056667764752385 33
624057317890195457 43
624057666017607680 43
624058731345477632 43
624059247257612288 11
624059305986269184 31
624059536672886784 2
624059704419975168 33
624059826075668480 31
624059842823483392 24
624060593633300481 33
624060664944812033 33
624060757206892546 32
624060828510220288 10
624061164058771458 17
624061554112266240 47
624063953258303488 33
624064171362140160 40
624064687257182208 8
624067174504644608 33
624067275168026624 21
624067547793461249 2
624068738975973376 50
624069242292338689 17
624069288425435136 51
624069758191861760 47
624070957737467904 32
624071360415969280 17
624071599495507968 12
624073193301626880 2
624073226868555776 42
624073252013342721 33
624075617634422784 18
624076129343815684 32
624076716512837632 32
624077328876969984 12
624077668632408064 2
624078260037509121 47
624078536844906496 51
624078847227465729 47
624079652533829633 2
624079753184587776 24
624081233799069696 20
624082395625472000 47
