625421041305653248 16
625421066471632896 23
625421108397785088 16
625421154522669056 22
625422698055794688 26
625422765156274176 26
625422773553238016 24
625422819661213696 26
625422865811156993 26
625422932915957760 16
625423293646946304 26
625423897631043588 44
625424384166129664 22
625424774207025152 39
625426481292922880 22
625427496314490880 44
625429010470825984 35
625429710923767812 22
625430994372435968 22
625431824853024772 22
625432412030304256 16
625432500115009536 9
625432500131606528 23
625432546252341249 12
625432751802597376 22
625432873420505088 22
625433083144208384 24
625433141868498945 23
625435620706549760 45
625438594447093760 22
625439420729171968 4
625439752095969280 16
625441866004037632 47
625442100889321472 4
625442272864288768 5
625442339952066560 48
625443002656391168 25
625444646815170560 22
625445389207011328 16
625445749921304581 3
625445779281420288 35
625446370699292672 22
625446618138066946 22
625447041791979520 16
625448929224605696 20
625449172494381056 22
625449512220229632 22
625450212669132800 40
625450283972329472 23
625450590173184000 9
625452037208027136 24
625452548908953601 23
625453144491884545 22
625454365030129664 16
625454763493044224 16
625455430399979520 44
625455703012970496 16
625455904364888065 23
625456562836910080 4
625456596399755264 16
625458223806427136 23
625459456915193856 26
625459461105315840 4
625459503052406784 23
625459792467857408 22
625459960219090944 23
625460937491771392 16
625461533083103232 23
625461881218568192 23
625461881222897666 48
625462795597955072 16
625464838207225857 22
625465148606652416 47
625465161164410880 39
625465752552869888 3
625466130044289024 22
625466490787999744 47
625467283477954560 45
625467551925952513 22
625468818614136832 22
625468847953350656 35
625468919256461313 22
625469342885527554 22
625469837838409728 16
625469942675152896 16
625470068516909056 22
625470605375225856 40
625470680864178176 23
625470991255244801 22
625471054157234178 23
625471104505610241 16
625472656394067968 23
625473986009239553 23
625474053084704768 22
625474153752170496 23
625474917119561728 16
625475412051783680 23
625475470763540480 23
625476179613450240 23
625476603221389312 6
625477563733962752 19
625478926891155456 16
625479405029224449 40
625481472812687360 23
625482001307426816 45
625482093573840896 22
625483901314560000 24
625484740204728324 40
625485495179603972 16
625486279514284032 22
625486455670984704 23
625486883460677632 22
625487407744315392 22
625488183711662080 22
625488779294474240 24
625489655908184064 22
625490087917264896 40
625491312662458368 22
625491694335586304 22
625491891463663616 22
625492394805325824 48
625495754409295872 48
625497121756594176 36
625497482466840576 22
625498912737132545 44
625499499927089152 48
625499554469806080 22
625499931961262081 3
625501039249223680 22
625502326904762368 45
625503094445441024 45
625503153165873153 45
625504688306196480 16
625505153861332992 22
625505694909906944 40
625506508642631681 45
625507200694394880 22
625507414612275200 22
625507590760435714 23
625507926313074689 23
625508081477115904 22
625509289453555713 22
625509880846127104 22
625511428535881729 22
625511504024973313 23
625511579551973376 45
625512544220905473 4
625512779122782208 22
625512875566723073 23
625513051739983872 16
625513139799478272 22
625513164973690880 22
625513395685560320 22
625514431682756608 4
625514523936436224 4
625516809853214720 22
625518311376330756 22
625519011845910528 36
625519817165000704 22
625522568620064769 45
625526041478565888 50
625526096042176512 23
625527752784019456 4
625529661175410688 3
625529904445177856 22
625530030299422720 22
625530827183640576 22
625532064511569920 22
625532181977395200 22
625533020821303296 39
625534035826098176 22
625537873643634688 23
625539475867742208 50
625539840755548160 48
625540222432907264 22
625540616701747200 16
625541392652054528 47
625542130845356032 16
625542135052398592 16
625542873220448258 22
625542885824405504 4
625543498209456128 4
625543611422085120 50
625543980537749504 44
625544748112191488 22
625546237052260353 0
625546681656979457 4
625546719414108160 22
625548137093013505 44
625549311485448192 4
625550846625992704 9
625551299585687552 22
625552188790550528 44
625552218129694720 22
625552260072869889 22
625552553690927104 22
625553015068426241 19
625553300264497152 22
625553883293577216 22
625556911564439552 16
625557259721011200 44
625557637195698177 22
625559927269031936 23
625561303029907456 16
625562389342199808 44
625562406111027200 23
625563135915655168 44
625563534382858240 44
625565673469681664 9
625565761570930689 44
625566562687127553 44
625566646535479296 4
625566692702203904 4
625568198457331712 4
625569242847551488 44
625569469310459904 8
625569892935274496 22
625571084138627072 22
625571293828661248 22
625571931371270144 26
625573437117849601 16
625575098070757377 22
625575236507992064 26
625575630764011520 50
625577480431247360 23
625578214430216192 22
625578591942766592 40
625579166562426880 9
625579275597516800 9
625579376281841664 34
625581293053423617 40
625582983349686272 16
625583159543869441 6
625583197263257601 16
625584254253170688 4
625584979846791168 23
625587475482738688 40
625591887865380864 22
625592244393934848 22
625592768694493184 4
625594714830430208 39
625594790323712000 46
625595058759168004 4
625596795201024000 40
625597072050388992 22
625598502295486464 44
625599324366499840 22
625599580223209472 4
625599819294244864 22
625601417328222208 44
625601664804896768 46
625601929029156864 44
625603510277517312 44
625603980068941825 12
625605095737176065 14
625607108994703360 50
625608002406629376 35
625608962893725696 35
625610703538360321 44
625611949246537728 22
625612569982693377 46
625613471783231488 22
625614587430313984 46
625615489235054592 50
625616177109331968 22
625616810444877824 23
625618542671454208 44
625619016636305408 4
625621709371084800 16
625621751309991936 47
625622611159089153 44
625623869450289152 22
625625954014986240 44
625626088241106944 44
625626717361713152 35
625627480758456320 26
625628252472803328 44
625629741454757888 4
625630064428883968 9
625631033329852416 44
625631486297796608 45
625632207739162624 4
625633193392250880 23
625633428260712448 16
625634065790697473 45
625636259432677376 50
625636422989406209 47
625636620138622976 23
625637819717943297 48
625637861627289602 44
625638792758558720 34
625641292568117248 48
625642919970471936 44
625643838544183296 48
625644627052228609 16
625645767924039680 35
625645847611445248 12
625645860173541376 13
625647718271188992 9
625647735039864832 16
625647990896590850 24
625648037038280704 44
625648087344615425 23
625648422897459200 13
625648880080785408 16
625648984938287104 23
625649521805131776 44
625650968831471617 23
625651136616337408 44
625651660912594944 23
625653829342752768 22
625654332676009984 16
625656236894195712 44
625656354338938880 16
625657247700492288 22
625657650366255104 23
625658296272322564 23
625659256797200385 24
625659370043506688 44
625659613300555776 19
625660036920946689 22
625660133402628096 23
625661026772586496 44
625664193493078017 4
625665007188070400 23
625665393064026112 39
625665594394865664 26
625665787315929088 46
625666135459954688 44
625667376978239489 16
625667490199179266 4
625668098364813313 50
625668480067629056 14
625668702340431872 16
625669071439286272 23
625670115833552896 16
625671533504163840 23
625671936178307072 35
625672015853322240 22
625672514983882752 36
625672523376492545 47
625673538406629376 48
625674779891224576 22
625675312563625984 23
625675832678199296 47
625677015488819200 23
625677460047310848 22
625679137793900544 22
625679624345907200 16
625679712401100801 23
625679817267089408 40
625681310443565056 46
625682195416379392 16
625682518415687680 22
625682690344374272 3
625683399198552064 9
625683415963045888 22
625683969640521728 34
625688373630365696 4
625688541431894016 22
625690743441526784 22
625690785376178176 44
625691041224650753 22
625691104134983680 44
625691494226239488 8
625692471469703168 23
625693327111749632 44
625693406828703744 14
625694069495341056 4
625695076161712128 0
625695529134125057 23
625696535750279168 36
625698112821153793 23
625699127846776834 4
625699262039478272 22
625700876879990785 47
625701753476878336 9
625701908645310464 8
625702130951827456 16
625702332303446017 16
625702994990997504 35
625706149086658560 48
625706425910558720 22
625706996344463360 23
625708133025865728 9
625708309165789186 22
625708342716026881 35
625708380485722113 16
625708904773648384 23
625709538101039104 22
625709810739212291 47
625710364387332096 35
625711366826016769 22
625712209885179904 17
625712541218398208 22
625714084730662912 22
625714764195479553 22
625715632428855296 22
625715913463984128 9
625716186072936448 4
625716974610333696 22
625717549221556225 4
625717880559173632 22
625718102865670144 15
625718639723810816 16
625718639740743681 47
625720015485042688 12
625720288118902784 4
625721596712345600 4
625721928062361600 16
625722402039799808 23
625722880173604864 23
625723459017023488 50
625723966502604800 22
625724041987493888 16
625724151051870208 23
625724880865001472 23
625725874936119296 23
625726961222967296 31
625728324409667585 44
625728655751254016 45
625729121298055169 46
625729498777001984 23
625731004540399616 23
625731096819318784 16
625731239425785856 22
625731369440800768 12
625731566572933120 48
625732522895388672 24
625732686477455364 19
625732904589651968 14
625733126866644992 47
625734095767760896 9
625734280283422720 16
625734590678831104 48
625734963992915969 22
625734989158576128 22
625737790928613376 50
625737816090148864 46
625738369742581760 4
625740013922168832 48
625740106188627968 4
625742522111766528 35
625744996734488576 22
625745147762860032 35
625746275997102080 23
625746598992199680 44
625747278435737600 47
625747366549823489 23
625747685279035392 23
625747987285807104 23
625748259919777792 23
625749182666530816 16
625749631444627456 23
625749753100378112 14
625749946021490688 47
625750516442755072 4
625750784895021056 16
625750914910060544 5
625751216883171328 9
625752110278254592 3
625752802346713088 16
625753100150829057 45
625754966590889984 22
625755004352249856 4
625756547851812865 24
625756963083825152 23
625757063755485184 22
625758825354674178 44
625759072827125760 40
625759496443310080 4
625760377243103233 47
625760616335052800 4
625761123845844992 47
625762042402734080 9
625764215039619072 22
625765410433052672 9
625765653706895360 34
625766584838062080 23
625767591445860353 9
625769441146589184 23
625772121327800321 4
625773425747980288 4
625773476067065856 23
625773614479097856 4
625773622867722244 48
625773752899375104 48
625773979396112385 22
625774679823810562 23
625776168826843136 40
625776374351933440 4
625776437233123328 4
625776756029566977 23
625776810563923968 23
625777200600494080 22
625777959790469121 48
625778035283722240 23
625778446342426625 16
625778815432835072 4
625778895120302080 2
625779905947635712 22
625780933564592128 20
625781298443857920 16
625781587850973184 16
625782565111242752 22
625783127147986944 48
625783244621910016 48
625783513040691200 22
625785341740318720 6
625785866062045184 48
625788743325122560 3
625789527676858368 22
625789733214494721 22
625790899226812416 3
625790915978735616 3
625791087966339072 23
625791478019825664 3
625791494784286720 3
625791738066665472 3
625791830362353664 3
625792140740837377 14
625792304285122561 16
625792501455159296 22
625792685966692353 23
625793130592399360 3
625793822639980544 3
625794535692464128 3
625794971891662848 3
625795080926834688 23
625795995272658945 22
625796897047904257 16
625797098399748097 14
625797803030257664 14
625797949830877185 13
625798297970733056 3
625798327305531393 32
625798327318237185 20
625798553831669760 35
625798570592071680 3
625800516749144065 11
625800579680497664 11
625801292686979076 46
625801384961658881 3
625802152523468800 3
625802756494897152 11
625802945272094720 3
625804232902508545 26
625804769785978880 45
625804782339555328 23
625804803336093697 22
625804870444945408 9
625804920755720192 3
625805159864639488 23
625805239535276032 11
625806485247893504 19
625806690773041153 44
625806829176500224 48
625807370224939008 6
625807793866584065 41
625808049723305984 23
625808716621836288 11
625808846632542209 45
625809983301484544 3
625810000074530817 3
625810222376988672 9
625810599876792320 41
625810616628875265 41
625811841353035776 6
625811933644492800 48
625812130760032256 14
625812571187097601 23
625813225502863360 12
625813456193589249 23
625813917537816581 45
625815452653068288 3
625815691761946625 2
625815884683022336 40
625815926634643456 45
625815930828779520 11
625815955994574850 7
625816467708243968 23
625816488650387456 47
625816689997844481 16
625817092659511296 45
625818275448881152 38
625818816514248705 48
625820557137825794 48
625820569703985152 16
625821056276819968 16
625821391795916800 46
625821479880536064 16
625821857388855296 44
625823161800617984 41
625823199540871169 22
625823321179885568 3
625823618967146496 44
625824449447755776 14
625824977925898241 11
625825548355268608 23
625825950991806464 23
625826584369479680 16
625826844378402816 3
625826882131480576 23
625827892979593216 43
625828572444254208 22
625829432293519360 8
625829591660171264 14
625830074009321472 16
625830254356119552 3
625830816422080512 16
625831260993097728 8
625831881775411201 14
625833534310100992 3
625833601419071488 11
625834318661693440 35
625834419316764673 22
625836294157963264 50
625837074285989888 16
625838215165939712 41
625838844294791168 14
625839486031671296 4
625839934830579713 14
625839997740953600 14
625841847441752064 23
625845169322098688 14
625845530023825408 14
625846943516745728 16
625846972876984320 11
625847128057888768 11
625847195162382336 14
625850890323410944 22
625851385259630592 47
625851737581039616 35
625853675366391808 3
625854459701252096 22
625854577120677888 4
625854937855979520 14
625855004969046017 48
625855223039434752 23
625855940269465600 14
625856183551660036 5
625856313596186624 23
625859782285529089 14
625860189103636482 22
625860533032472576 23
625860625323798529 3
625860960885022720 47
625862269495287808 11
625863284520910850 23
625864349874302976 19
625864886745108480 12
625865968871321601 23
625867906644078596 4
625868145698455552 35
625868804204015617 23
625869403989671936 14
625871165601419264 3
625871530514358274 23
625871941539205120 23
625872809760305152 14
625872818161344514 23
625872960755097600 24
625873594115993601 33
625874743330107392 4
625875527681900544 22
625876605609603073 14
625876928570896384 14
625877012477968384 14
625877192828846080 14
625877280905150464 23
625877297661243392 34
625877574523092992 14
625877650003759104 23
625877838743252992 14
625878061024567296 14
625878144935985152 14
625878685992665088 14
625878782470168576 14
625878790858649605 14
625879210268057600 14
625879428371992576 14
625879495506046977 14
625879533250424833 14
625879625500073989 14
625879675856883712 24
625879889774780416 14
625880300803874816 14
625880485349171200 14
625880854468894720 14
625881038980521984 23
625881038984769539 14
625881152226762752 14
625881668159561728 11
625882578290110464 14
625882691561349121 4
625882825766469632 14
625882930645180416 14
625883270371119105 14
625883761087873024 14
625885149415251968 14
625885283645415425 45
625885606615347201 14
625887204615815169 23
625887322068905985 26
625888525850771456 29
625888630670626816 14
625888731338264577 14
625888731342471168 14
625888731350892544 14
625888970417659904 14
625889347909328897 14
625890232920051713 40
625890551687192577 22
625891428292534272 14
625891579295830017 14
625891923237076992 14
625892866943008768 22
625893307357483008 14
625893345097707520 22
625893781301137410 14
625894121022976001 41
625895349983416320 14
625895580640804864 44
625896046212702208 2
625896092371185664 11
625896289503326208 14
625896700532686848 14
625897329690677248 3
625897585535004672 14
625899741381967873 14
625900261513388033 23
625900714498220037 13
625900982900277248 4
625901582702391296 16
625903038121775104 22
625903600162570240 35
625904887805546496 48
625905642797199360 14
625906968192925696 4
625908562024267776 11
625908658480746496 22
625910097143857152 13
625910495594201089 22
625910843742404612 47
625911015700623361 14
625911082780094466 14
625911699359399936 14
625911732901277696 14
625912018135068672 14
625912659867611136 24
625913129629675520 26
625913683282145281 14
625913846826336256 14
625913943308017664 23
625914085922742272 23
625914358544121856 14
625914534700580864 23
625914639549902848 14
625917210662408192 11
625919014238195712 23
625919144257568768 14
625920515786543105 48
625922080274575361 20
625922600351326209 44
625922893969530880 44
625924475209560065 14
625925968394260481 22
625927121836314624 4
625927247648698368 14
625927738390548480 4
625928598201999360 22
625929487415439360 48
625930900874752000 50
625931907499446272 22
625931907499454464 22
625932234655178752 16
625934428292812800 4
625935829207126017 23
625936353499475968 14
625936881977421824 14
625937100064473088 22
625937351718518784 22
625938542917775360 14
625939063015501824 11
625939385964457984 22
625939977365553152 14
625940904285732864 4
625943777379749888 14
625943915816984576 23
625944490424049665 36
625944599480152064 14
625945169909649408 14
625945979393421313 14
625948198205566976 14
625948600862769153 48
625948869294166017 3
625949687191875584 4
625949901092995072 23
625950194673274880 14
625950513440251904 46
625950618327347200 35
625950916110217217 22
625952677697036288 4
625953491417214976 48
625954078590402561 3
625955986998603777 22
625956200912449536 14
625956884583981056 14
625957266282250240 24
625958751070199808 45
625958767822180352 4
625958897870737408 23
625959677994467328 44
625959816431800320 14
625960151959388160 47
625960730760622080 22
625960734971658240 6
625960743368790016 14
625960810469302273 26
625961674512728064 24
625962278483931137 3
625962303641550848 3
625962660161425408 8
625963142510678016 35
625963486426759169 39
625963922638696448 14
625964459522023424 31
625964660852948992 12
625966426629763072 14
625966737012338688 4
625967491999625216 14
625969052272467968 44
625969878541819904 14
625971581429231617 3
625973032666984448 23
625973296924893184 14
625973301094010880 9
625974869755166721 22
625974991406899200 14
625975058536607745 23
625976073520549888 14
625976971114246144 23
625977298295103488 7
625977524770598913 16
625977768023449600 22
625979961669586944 14
625980632741494784 14
625980867635245056 45
625981710665142272 35
625981786191826944 14
625982276912857088 4
625982469850804224 14
625982562117156864 23
625983153526607872 16
625983199680659456 16
625983543580225536 12
625983979791994880 24
625984210495492096 3
625985766586363904 14
625986525755502592 26
625987813406851072 23
625988094433439745 35
625988182513991681 35
625988362868895744 14
625989101049659393 48
625990711649943552 14
625990925559406593 23
625991646983753728 4
625992620079226880 23
625993895155863552 23
625994432026947585 8
625994947905257472 14
625995128247717888 23
625995774183079937 14
625996512397430785 14
625996634011242496 4
625996634015424512 14
625996667582578688 11
625996696951070720 11
625996709496233984 11
625996764026433536 11
625996772435980292 11
625996814362234880 11
625996814383226880 11
625996818577494020 11
625996881462710272 11
625996915054878720 11
625996948605173760 11
625996982159601664 11
625997028300984320 22
625997103765061633 11
625997103773323264 11
625997200242384896 11
625997305091592192 11
625997305108398080 11
625997342848647168 11
625997342869725185 8
625997380601651200 11
625997409961832448 11
625997586105696256 44
625997774857891843 48
625997888120721408 48
625997925865406464 11
625997997176807424 11
625998022317604864 11
625998118799187968 9
625998122980765697 12
625998236252155904 22
625998320125743104 22
625998500501843968 11
625998613743702018 48
625998869567029248 11
625999070910414848 11
625999393850793984 11
625999477749321728 44
626000043988922368 11
626000085936140288 23
626000224356564992 48
626000421488869376 11
626001000294424576 11
626001189050707968 11
626001289676197888 11
626001361004593153 11
626001688139276288 16
626001885292462081 11
626001931408961537 11
626001973351972864 11
626002233423859712 4
626002417977438208 4
626002615084560385 23
626002841572872193 11
626002946434707456 11
626003583981518848 11
626003680454643712 11
626004045346512896 23
626004292822962176 4
626004301220052992 11
626004334753394688 11
626004431218343937 11
626004687095926785 50
626004737415102465 14
626004980684689409 11
626005186197241856 11
626006188644106240 22
626006264137453569 50
626006268319268864 11
626006398351110144 4
626006746494992384 50
626006759056936960 50
626006763242827776 50
626006863914532866 11
626006939441324033 50
626006977186004992 16
626007564392767488 11
626007669220872192 16
626007895709237248 16
626008046720778240 23
626008629712408576 44
626008780719976448 4
626008940111728640 14
626009003005509632 50
626009414055645184 12
626009430824333312 4
626009472792702976 44
626010089334394881 11
626010261313425408 11
626010622019305473 11
626010907252953089 11
626011045643980806 35
626011075025178624 14
626011158911315968 4
626011246966370304 22
626011393767178240 11
626011460901015552 22
626011574147358720 11
626012375234293764 22
626012542998065152 14
626012748527243264 11
626013008574185472 23
626013625136885760 16
626013927135182849 43
626014195578875904 11
626015999125549056 11
626016204650639360 11
626016502416822272 11
626016535983878144 11
626016544376537088 48
626016548591898625 11
626016968009715712 11
626017345497137152 23
626017425201479680 11
626018628937363456 11
626018922542661632 11
626019052578828288 22
626019790784733184 48
626019924989743105 4
626019962734387200 11
626019992111292416 11
626020176627113984 47
626020919023128576 4
626021657224839168 11
626022101842034688 45
626022479316697089 14
626022957450678273 11
626022961674387456 11
626023028787249156 11
626023112656691200 23
626023947344154624 11
626023951521570816 14
626024949774286849 23
626025490835374080 45
626025784436592642 11
626025851553886210 14
626025889269157890 49
626025897678639105 14
626026191263268864 22
626026916873662464 11
626027063678517248 3
626027084671000576 14
626027315366133760 22
626027344700944384 23
626027411818344448 11
626027478943956992 23
626027722205171712 48
626027743185141760 16
626028313576931328 3
626028523296292864 44
626028586227601409 27
626028724648026112 11
626029303453646849 35
626029349586780160 11
626029664167948288 11
626029911644446720 14
626030096193687552 26
626030175873011712 3
626030247176241153 16
626030616287576065 14
626031371249692672 4
626031870380105729 4
626032176556023812 14
626032461760364545 3
626032528881807360 2
626032759564189696 11
626032839264333824 4
626032851839000576 4
626034156267548672 11
626034290493534209 11
626034563127488512 4
626035280332505088 3
626035477473308672 23
626035527792377856 3
626035842390335489 27
626037041957052416 14
626037482350620673 11
626037536880635909 23
626037708830470144 11
626037822072463360 14
626037826266767360 11
626037893371269120 26
626038463796785152 26
626039155865292800 22
626039193613938688 9
626040296716005377 22
626040460293873665 11
626040602916978688 11
626040665831526400 23
626042012203024384 11
626042188338757632 11
626042330970238976 11
626042549044662272 3
626043102717980672 26
626043232724586497 3
626043266291625988 11
626043316619079680 22
626043392112357380 11
626043392116404224 44
626043782195101696 26
626044059002388480 14
626044260328968192 11
626044356789673986 11
626045325707505664 22
626045816424243200 40
626045866776883200 11
626046097463455744 29
626046768552112129 11
626047074702790657 9
626047645153411072 36
626047783544442880 11
626047808731262976 11
626048186197655552 14
626048374970679296 11
626048433674059776 11
626048731478032384 35
626048802789535744 44
626049293489696768 16
626049335457918980 11
626049763280969728 16
626049817781743616 14
626050082014519296 11
626050233038934016 45
626050266585006080 11
626050719548706817 11
626050841187782656 11
626051935934763009 47
626051952678449152 11
626052107901267968 14
626052116268761088 43
626052300801314816 4
626052732848316416 14
626052976117821440 14
626053592647077888 11
626053672376537088 11
626053705926844416 11
626054167300321280 23
626054939027095553 11
626055958263922688 14
626056138627371008 11
626056436422938624 23
626056922924384258 3
626057195575095296 23
626057208170737666 4
626057266874175488 11
626057384318922752 23
626057514329743360 14
626057665349877760 11
626057690494537728 11
626057833126084608 23
626057875048275968 22
626058026047406080 27
626058546145271808 22
626058583877160960 14
626058604848746496 11
626058793609244672 11
626059317893050369 14
626059397597425664 3
626059749897932805 3
626060039309139968 11
626060089657556992 22
626060181898571776 11
626060186126557189 44
626060282591354880 11
626060588750368768 14
626061159196717056 4
626061578635448320 23
626061675100270592 44
626063189252403200 11
626063373772304384 1
626063377983512580 14
626063868691746816 14
626063893882736640 14
626064313300709376 11
626064535619678208 16
626065328334897156 11
626065487718387712 22
626065659684720640 11
626065772926869504 11
626067643569586176 23
626068264347652096 11
626068348242018304 6
626068432115625984 12
626068440512466944 11
626069031892688896 44
626069065463939072 22
626070369879724032 23
626070411835514880 11
626070487324585984 11
626071259072167936 23
626071263283429376 44
626071795947470848 11
626071871440576514 44
626071972124991488 16
626072483817324544 11
626072974542528512 12
626073020700844032 50
626073045849894913 11
626074115376590848 50
626074820028047360 47
626075839247978496 50
626075994462515200 45
626076703299870720 16
626077370194239488 22
626077433104461824 11
626077437303103488 8
626077487609573376 22
626077655398531072 11
626077969979539457 0
626078431315394560 11
626078506825478144 30
626078536210608128 16
626078620084121600 26
626079307941543936 44
626079588968366080 11
626079614142648320 40
626080113247956992 11
626080247453081600 45
626080595601440768 11
626080603977465856 11
626081790952779776 11
626082193635303425 11
626082545931821056 4
626084076856938496 22
626085628749463552 11
626085876213256192 46
626086190807154688 22
626086769625288704 23
626086786373029888 40
626087096755695616 47
626087553930797056 11
626087579121680384 22
626087793035489280 11
626087801390505984 11
626087813994299392 11
626087818192941057 11
626087826573144064 11
626087826593943552 11
626087834953322496 11
626087851730415616 11
626087855924887553 11
626087918831017984 11
626087927223877632 11
626087964989366272 11
626087990171975680 11
626088027916406785 11
626088032093999105 11
626088040478429184 11
626088044693729280 22
626088061458251776 11
626088061470941184 11
626088069851123712 11
626088090797522944 11
626088115975761921 11
626088120170205184 11
626088128554618880 22
626088136934690816 11
626088141141573632 11
626088195667722240 11
626088262780755968 44
626088287950737408 11
626088296326803456 11
626088359270682624 11
626088397002571777 11
626088409602375680 50
626088430544551936 11
626088472516915200 11
626088514447347712 11
626088598320844800 11
626088631875321856 11
626088699005014016 11
626088707368468480 11
626088778667532289 11
626088799651647488 16
626088803833356289 11
626088808035958785 11
626088829020024832 11
626088841603100672 11
626088849991692288 11
626089005159813120 11
626089131022487552 4
626089156188446721 11
626089290393604096 11
626089332324061185 11
626089378486554625 11
626089407821533185 11
626089412007477248 14
626089470736080896 11
626089529477332992 22
626089617553530880 11
626089969858289664 11
626090066335502336 11
626090099898499072 11
626090179598483456 11
626090359936942081 11
626090368333840384 4
626090410251653120 11
626090443835576321 11
626090456401752064 11
626090506716639232 22
626090586433540096 11
626090598999687169 11
626090682915102721 11
626090812930035712 11
626090838091780096 11
626090972309385216 11
626090984879710208 11
626091089724702720 46
626091135870435328 11
626091219756691457 11
626091567892312064 11
626091756644380673 11
626092041865424900 11
626092150913134592 16
626092394178551808 11
626092427707858944 3
626092469675884544 11
626092482258948096 11
626092612273881088 11
626092658419757056 22
626092947822346240 11
626093010724327424 11
626093216270536704 11
626093572773670912 11
626093581149679616 24
626093971219968000 11
626093992216674305 23
626094264825417728 50
626094319368318976 11
626094352931012612 11
626094453590257664 11
626094914950950912 11
626095095314542592 11
626095514744832000 11
626095686681935872 22
626095980321095682 14
626096051590705152 11
626096080963403776 11
626096085166108672 11
626096215176843264 11
626096362002616320 22
626096437487505408 16
626096882079637504 11
626097234380128256 11
626097788040949760 11
626097817401073664 11
626098161325465600 11
626098215876718592 11
626098262001459200 11
626098312320557057 48
626098404595212288 16
626098790483795968 46
626099113436643328 36
626099151198097409 44
626099574835425281 11
626099868419903488 14
626099960715476992 4
626100044576501760 14
626100162025230337 4
626100203972464640 11
626100325586374656 47
626100455605706752 11
626100505975107584 3
626100535297503232 47
626100535335108608 16
626100552112455680 47
626100761827647488 14
626100786985070592 3
626100795382042624 11
626100833114017793 11
626100950554550272 47
626101374158282752 11
626101374179110912 11
626101441283932160 11
626101449655742464 11
626101504215224323 35
626101558728638465 11
626101617448726532 9
626101898463059968 11
626101999122161664 3
626102041056776192 11
626102057859215361 14
626102229812903936 11
626102229821456384 11
626102385018941440 11
626102556951863296 11
626102951245844480 11
626103215470325760 11
626103366473674752 23
626103404218068992 11
626103441987735552 11
626103450376368128 11
626103592978546688 26
626103655888896000 11
626104264042127360 11
626104268236398592 11
626104285009309696 24
626104817715384320 22
626105283287347200 11
626105430071062528 22
626105744622948353 22
626106004699283456 11
626106382186471424 11
626106507986370565 49
626106679990591489 14
626106713545011200 11
626106986141196288 9
626107044873900032 14
626107044878102528 4
626107065828663296 48
626107116177203200 14
626107321702154240 45
626107413977014272 14
626107741136785408 11
626107967608258560 9
626108127021117440 22
626108185741410304 14
626108210882068481 14
626108743579635712 11
626108957472325632 23
626109041354391552 3
626109959919370240 11
626110438087000065 11
626110442243493888 11
626110840706613248 11
626110941399117824 46
626111360825446400 46
626111650224017408 11
626111989966700544 11
626112275171119104 14
626112438732226560 4
626112715556192256 23
626112778504437760 11
626112992417984512 46
626113386669957120 24
626113608943054848 24
626113692841713668 11
626113978066956288 24
626114493974753280 11
626115580282712064 11
626115643193053184 46
626115848734781440 23
626116498851889152 46
626117501286379520 11
626117555808305152 16
626118050715185152 14
626118176548519936 11
626118273021702144 23
626118545647251456 11
626118730204991488 46
626119288068407296 16
626119548115288066 12
626119732656091137 11
626119921391435776 23
626120248534523904 14
626120806372900864 11
626121188066996224 16
626121305490853888 11
626121326483361793 11
626121557178511360 11
626122085664854016 14
626122664470384640 23
626122844808712192 11
626124186981941248 11
626124220540522496 11
626124442863824896 11
626124799375360000 23
626124983912128512 24
626126124783833088 11
626126288344866816 24
626126300927934464 11
626126565185695744 0
626126779082797057 11
626126959425273856 11
626127580199002113 47
626128456812597249 11
626128729417322496 11
626128813311848448 16
626129148876992512 23
626129312454807552 46
626129459230453762 11
626129689912807425 11
626130004515139584 12
626130025465540608 49
626130365195907072 11
626130474268794888 3
626130553952022528 11
626130889504899076 11
626130994341519360 11
626131417966186496 11
626131761899114496 46
626131824813703168 14
626132189722357760 16
626132344932552704 22
626132529469370369 11
626132873414733824 3
626133087324389376 11
626133343147544576 4
626133611591417856 11
626134328825786369 4
626134358194176000 23
626134513375051776 11
626135599691358208 16
626135666787766272 14
626135763273580544 11
626136052680495104 25
626136098826272768 22
626136312714670080 39
626137852036841473 14
626139060000673792 11
626139944986275840 11
626141123598249985 14
626141454948298757 4
626141882775568385 46
626142318953762816 11
626142381889294336 11
626142423828275200 14
626142641915236352 14
626142809721057280 11
626143422076874752 14
626144147708100608 46
626144739100721152 11
626144978171990016 44
626145066260762624 16
626145187866148864 9
626145234032922624 12
626145716348526592 11
626147196963037184 3
626147545060888576 16
626147578623717376 3
626148430067294209 11
626148564293566464 11
626148832707940352 14
626148878845263872 11
626149122127601665 11
626149315069657090 11
626149650634899456 4
626149944211062784 11
626150116198621185 11
626150434948775936 14
626150741120548864 16
626151911331201024 16
626152553076629504 23
626152704084168704 11
626153366754693120 23
626153370944995328 3
626153442269077504 11
626153471608164352 11
626153714903085056 46
626154197256286208 16
626154205636472832 16
626154419550195712 23
626154629261340672 11
626154650237014016 4
626155199686647808 23
626156101470261248 4
626156520888254464 14
626156772529709056 14
626157074515279872 11
626157598803275776 40
626157686921502720 14
626157825312423936 35
626157993101512704 24
626158064383733761 14
626158106322579458 23
626158907438800896 11
626159037474861056 2
626159314311491585 23
626160086029697024 24
626160513853091840 23
626160606136172544 23
626161180772581377 11
626161218500300800 46
626162518759735296 14
626162531321524224 11
626162799773790209 24
626163009472364544 14
626163248539131904 23
626163777025744897 14
626164431324471296 11
626166385882705920 14
626166650144989184 23
626168596297875456 11
626168789235826689 45
626169690990088192 11
626169695175979008 11
626169779083210753 11
626171003811463169 11
626171779774611458 11
626172572502110208 22
626172752836190208 14
626174447335174144 16
626174992586252288 4
626175961495699456 11
626176003446943744 46
626176108275367936 23
626176452229206016 50
626176523503013888 11
626176536111116288 3
626176741623492608 22
626177064601694208 16
626178599683383296 14
626178738116542464 22
626178826201137152 23
626178998167539712 16
626179392436367360 11
626179476293033984 11
626179589547528194 11
626179597927870464 11
626179698607964160 11
626179937666510849 9
626180017366695936 11
626180361299464192 11
626180755555774464 4
626180843652947968 14
626180982069141504 3
626181762222264320 14
626181925770776577 11
626182169073975296 23
626182307460722688 23
626182521382809600 14
626183087609610240 16
626183226009251840 50
626183632848310272 11
626183813228425216 11
626183829988839424 16
626183850981396480 18
626184249448787968 16
626184333297090560 19
626184467527266304 11
626184996009680897 14
626185163769290752 11
626186145240514561 23
626187361584611328 14
626187890096078848 23
626188192056643584 16
626188775077482496 4
626189077092544513 16
626189160953442305 16
626189181912530944 11
626189374888243200 9
626189420987748352 11
626190163388035072 11
626190981298163716 46
626191467816595456 11
626191505594650624 23
626192461866532864 11
626192759658020864 14
626193053255122944 11
626193468507840512 14
626193481099309057 47
626194034759979008 11
626194290578952192 14
626194311575683074 11
626194567398825984 23
626194714216255488 23
626195288844275712 11
626195506960670721 14
626195603408711680 11
626195670504972288 11
626195674724331520 14
626195775362629632 14
626196001871822848 11
626196102547640320 14
626196161267810304 3
626196169643810816 11
626196190607114240 14
626196253513261056 14
626196337432915969 22
626196740060880896 22
626196807190646784 11
626196811385053184 14
626196962379964416 4
626196979127705600 46
626197390203219968 14
626197499229945857 14
626197671217246208 14
626198816253956096 22
626198996592250880 14
626199365699399680 23
626200368146436096 29
626200699475468292 14
626200720451092480 14
626201420891467776 14
626201441871466496 14
626201525782646786 14
626201550923259904 14
626201664165429248 11
626201680946831364 14
626201794201407488 14
626201945196335104 3
626201982953517056 11
626202159126851588 14
626202180060585984 3
626202217838718977 3
626202226222960640 14
626202603710488576 11
626202637260591104 14
626202700158496768 14
626202750498385920 11
626202914101444608 14
626203014735355904 22
626203320944840705 11
626203333523542016 22
626203924928851968 11
626204268828205056 16
626204340156559360 14
626204365318033408 14
626204491126321153 14
626204616972066816 14
626204726036668416 14
626204742809690112 3
626204856043368448 11
626204969310380032 3
626205346776809472 14
626205585868873728 50
626205871064768512 14
626205980133605376 22
626206307289182208 3
626206814799945728 14
626207028684431360 3
626207037077241857 16
626207196473356288 14
626207234196770818 14
626207590716801026 3
626208081471520768 14
626208379258699777 14
626208412813144064 2
626208442160541700 11
626208622540775424 11
626208748365873152 14
626208786118606848 23
626208886786248704 11
626209423657172992 3
626209805309378561 14
626210262492680192 14
626210577078206465 14
626210639971680256 14
626210736478515200 11
626210866464059392 24
626210933598089216 11
626211529172647936 3
626211797637427200 3
626212120569352192 3
626212229621358592 14
626212472903606273 1
626212523214155777 14
626212720384192512 4
626213513082482688 14
626213743794372608 14
626213978637778944 35
626214398072262656 11
626214800759001088 23
626214825903828992 16
626214993697079296 11
626215245346963456 16
626215488612376576 14
626215933212815360 16
626216029681766400 5
626216432343379969 31
626216696563527680 49
626217304729235456 14
626217527018954752 14
626217724172111872 14
626217740962033664 14
626217791272546304 14
626217795458433024 11
626218009367973889 16
626218063919206400 14
626219066328399872 50
626219141842751488 14
626219355739545600 3
626219502569570304 14
626219523541086208 41
626219829721202688 31
626219959719301120 23
626220265907818500 11
626220542736105472 14
626220651800580096 11
626220689536716800 16
626221385799503872 23
626221872317739008 11
626221956216549376 14
626221985576689664 14
626222325340344321 22
626222350472753153 11
626222858008690690 14
626223399052922880 3
626223420020248576 14
626223508129869824 26
626224225360068609 11
626225055828086785 46
626225114544230400 11
626225429095972864 14
626226108573319168 14
626226616105062402 11
626227249453355008 16
626227484334419968 14
626227694049599488 16
626227773732990980 11
626228268664881152 23
626230030255833092 11
626230416127606785 14
626231133378899968 24
626231171123294208 8
626231296944017408 39
626231364036079616 50
626232039344328704 22
626232840443703296 23
626233226319777792 11
626233578658111488 22
626233691866533888 16
626233763199102976 11
626233998084280320 14
626234065176367104 11
626234111330422784 14
626234316826132480 14
626234350405705728 11
626234828556349440 14
626235344430612480 11
626235726108192769 16
626236283954835456 11
626236741154942976 11
626237051533275136 14
626237240277082112 14
626237705849020416 3
626237718406766592 14
626237751965417472 11
626237814905155584 14
626239731668422656 14
626240125941497856 14
626240637663375360 34
626240855767142400 16
626241501677268992 14
626242336356302849 3
626242424420044800 11
626242583820435456 16
626243611399553024 23
626243644983541760 14
626243988907909120 16
626244165068824578 4
626244173461590016 11
626244722898694144 14
626245469501550592 29
626245704365674496 14
626246589388972032 44
626246966851305472 11
626247025575604225 23
626247025583992832 11
626247226906570752 22
626247663118348288 14
626248355161767936 43
626248753645666304 14
626249378567733248 14
626249709942784000 22
626250028701495297 23
626250242598543360 44
626250292930158592 11
626251320559857664 34
626252448794025987 11
626253249931296769 14
626253258307313664 16
626253572871581696 14
626254164264288256 11
626255066052214784 11
626255259007086592 14
626256185923014656 14
626257926567665664 3
626257934951952385 23
626258668963524608 7
626258681563209728 16
626258819966980097 14
626259503617458176 9
626259948222181376 11
626260371872055296 23
626260518660100096 14
626261181360009216 14
626262519347175429 23
626262540297699328 22
626262649341239296 47
626262817142874116 22
626263236573163525 11
626263806985965568 16
626264494864404485 11
626265308538519552 11
626265673451212801 14
626266193532465152 14
626266906564018176 14
626267250530627584 14
626267330209779712 44
626267510552285184 11
626267644761509888 14
626267871249829888 14
626267938396336129 11
626268194219630592 14
626268366198583296 4
626268391355977729 14
626269318314098688 14
626269439919566848 23
626269439957331968 14
626272023648428032 46
626272027834318852 12
626272040404684800 46
626273126750359553 34
626273307092893696 46
626274619910135808 14
626275941124321280 14
626276486362738689 22
626279627904815104 11
626280131221270528 14
626280273844371457 23
626280835868663808 22
626281012021080064 4
626283658639503360 14
626283830614327297 14
626284489120088064 14
626284505897299974 14
626285319592108032 14
626285667689955328 44
626286057785528320 12
626286439433637888 36
626286514947928064 16
626287689344663552 16
626287882299293697 14
626288016512827396 11
626288343656071168 14
626290096904519680 22
626290101082005504 14
626290277255409664 14
626290373699178496 16
626290767963779072 4
626291053193261060 46
626291275470209024 11
626292089161060352 44
626293825611264000 11
626294370879143936 14
626295889221562368 44
626296581260644352 14
626298925876547584 14
626299269822214144 11
626300171618353152 11
626300259665362944 14
626303434765963265 14
626303443158876160 11
626303682242584576 14
626305984911273984 16
626307813611044864 14
626308275005431808 14
626309180983480321 40
626309575235383296 31
626310107903754240 23
626311118726819841 16
626311496226598912 34
626312209245839360 11
626312792262447104 24
626314113484918784 46
626315124291317760 3
626316013479444481 11
626318362302357504 33
626318563628879872 39
626318752385253376 7
626318915958874113 14
626318920136441856 14
626319620576641024 39
626319742245183488 9
626320727873093632 3
626321323472482304 14
626321533196177408 23
626321881302437888 39
626322963462230020 22
626323114436136960 39
626324607629426688 24
626325018666860544 44
626325622629863424 39
626325643626569728 50
626325769455816704 44
626326159500906496 24
626326817998114817 23
626327786890887169 4
626328172766851072 23
626328277632860160 35
626328768374796288 39
626329162622464000 11
626329259083104256 39
626330811005030400 11
626332018951917569 39
626332513884078080 11
626333373733191680 39
626333986063671296 39
626334996911931392 14
626335634425315328 4
626336347473747968 14
626337635137646592 45
626338914400231424 7
626338931152281600 23
626339317024223232 47
626339501573582848 44
626339539351552000 44
626343712688373760 11
626344744491307008 14
626345033860521984 14
626346757723717632 14
626348653557346304 46
626348846516445184 22
626351119829237760 14
626351904130531329 11
626352441026592769 23
626352491345612800 14
626352793327001600 3
626353313420832768 49
626354122955075584 22
626354513016819712 22
626355079243694081 44
626356866017325056 14
626358262707961856 35
626358396917313536 35
626358929619087360 11
626359072208625664 11
626359286118137856 46
626360221456150528 14
626360712194064384 23
626360926082625537 14
626361148384784384 50
