298913684791640064 134
298913798037860352 135
298914439791521792 135
298916314641211392 134
298916906025488384 100
298918432773111809 135
298918483096391681 29
298918495670919169 135
298918600524300288 80
298918676021796864 80
298920106296221696 134
298920701853847554 6
298921624617488384 100
298921632989343744 48
298921708490997761 135
298922379583827968 135
298923017147400192 135
298923067466448897 135
298923281371762688 48
298923742753587201 135
298923977643016192 135
298924535456096257 135
298924539675566080 116
298927429534228480 135
298929124033036288 80
298929480548888578 48
298930910793981953 78
298930982097141760 12
298931888091963393 135
298932315902586881 135
298933167346311168 135
298933523853754368 18
298933825852026881 48
298935277081198592 80
298935495180840960 80
298935717487325184 2
298937126756691969 135
298938557010165761 139
298938607358586881 135
298939114877755392 48
298942856180142080 80
298942856180142081 135
298943493726941184 135
298945414705606656 134
298945536352976897 48
298947134395408384 48
298949529309417474 135
298949600641941504 135
298949814538883073 135
298950754067156992 80
298952142394372096 29
298954042380537856 29
298955506205208576 135
298955715912036352 135
298957347492093953 80
298957758567424000 135
298958324773289984 6
298959276901277696 80
298961936090005505 134
298962661683642368 135
298964012257910786 48
298964058412032002 48
298964486193307648 2
298967598387826689 6
298968881832275968 135
298971532644995073 135
298971901726973953 135
298972040139005952 135
298972400882708481 48
298975118762336256 48
298975311712903168 18
298975500456570880 137
298977396265189376 48
298978541335367680 48
298979585700270081 48
298980969828982784 48
298980969837391872 180
298980986597814274 18
298981317956218880 134
298981527688212480 104
298982379115147264 48
298982479778422785 135
298982978879635457 48
298985222836453376 135
298987181572235264 78
298990142755053569 135
298992239919628288 135
298992596418715648 137
298992940360011777 29
298993926050824192 29
298994609701392384 48
298994999784243200 6
298996069302407168 134
298996073509302272 134
298999210848694273 134
298999856796680193 48
298999923871989760 48
299000309752135680 134
299000968262082560 135
299003346445037568 134
299003887514431488 48
299007771423170560 135
299008782254616576 80
299010699034771457 135
299011378516201472 48
299012519362715649 134
299014071280357376 17
299015291827003392 48
299015350526304257 134
299015509926617090 134
299015577014517760 134
299016877261336576 133
299016894059540481 48
299017837752770560 18
299019179921653761 135
299020882821664768 135
299027203658760192 18
299032178086535168 2
299032392012800000 100
299033218252959744 48
299036007465095168 55
299037139939762177 135
299038297559293954 134
299039727825346560 2
299039790748295169 2
299039807512907776 2
299041741103845376 90
299042328281247745 134
299042512851570688 133
299044857484288000 135
299045771809009664 1
299046405144731648 116
299046530978029568 48
299049022398795777 2
299049265672630272 48
299051434119413760 2
299051610292768768 104
299052897965064192 17
299054588261171200 135
299056345682964481 18
299056404399005696 100
299056521831137281 135
299056588927418368 134
299059940201492481 135
299060758061408256 135
299062372893609984 134
299064390320287744 12
299065854140743680 135
299067749970362368 135
299068307800223744 135
299070593733623808 17
299079309497356288 135
299080454529765376 48
299082677515075584 134
299084371988725760 135
299085303136808960 135
299087140241948673 135
299087626777022464 135
299088474022219777 1
299089820385431553 48
299090558620688384 179
299091103855046657 135
299091703632101376 135
299093238764171264 28
299093742080626688 135
299093939196141569 100
299094392201957377 134
299096879420018688 135
299097022034767873 135
299097122693853184 135
299098682958159873 80
299099123389448192 48
299099622486462464 2
299101337973571584 15
299104596939374593 134
299107717501562880 48
299110640918872064 48
299113207858085889 48
299114067673620480 80
299115523109691393 180
299116114506551297 135
299119163769774082 1
299122015871311873 180
299126885487611904 135
299128076657364995 135
299130136056442880 135
299130631001079808 135
299130819736371200 29
299130953954099200 80
299134183547224064 2
299134569452556288 80
299134586192027648 96
299134611391401984 135
299135127290785793 135
299138424009527296 100
299141246776119297 48
299141498442768385 135
299141620077588480 139
299146573546405888 135
299147303355285504 135
299147638882832384 135
299147735335063552 135
299150650409902080 135
299151883501723649 4
299153116631269376 29
299156438528450560 2
299156526613032962 133
299157013160685568 18
299157025726812161 8
299158674100854786 48
299158833484402688 18
299160347623948289 134
299162285384011777 48
299162314739953665 48
299162692252479489 116
299163040354553857 180
299163216515309568 134
299164223152480256 180
299166118977880064 48
299166148363157504 135
299166366454398977 48
299166722957639680 48
299166760706379776 2
299167960294096896 48
299170132951977984 2
299170141323792385 2
299170258772717569 2
299171114410729472 6
299172259468288001 135
299172880208510976 100
299174151091007489 134
299176625734565888 207
299177246462193664 48
299177552675749888 2
299179226190471168 29
299181289804800000 48
299181923144704002 134
299182208332214273 17
299183118483603456 48
299186373280284673 60
299187279266713602 48
299188260712886273 48
299188545938137089 48
299188944371863552 134
299190915728289794 134
299192719258054656 180
299193008665026560 2
299193050629029888 134
299194417946963968 48
299195588178767872 100
299197450428768256 55
299199916696297474 134
299200713605664768 80
299201451803176962 2
299202911412555776 137
299203980989456384 48
299204022915702784 29
299205205726216192 100
299209400030220289 2
299210251469725696 135
299211811738243072 2
299211828498673664 100
299212428309299200 48
299212663169372161 48
299212877095632897 48
299213380403744769 48
299213833392779264 48
299214168941273088 134
299215578231607297 80
299215641137795072 2
299215964078223361 139
299216089919922177 135
299217167872827393 135
299218098999934977 10
299218551980568577 60
299218849797136385 4
299219411796111360 116
299219806081650691 179
299220091294347264 139
299220812727214081 133
299221592838393856 48
299222519787970562 135
299223337677250560 18
299225292235489280 100
299226076574527488 116
299228458914037760 90
299228760908120064 134
299230010835881984 48
299230618988969985 179
299231759856459777 134
299231982154571777 48
299231998915010561 48
299232212816101376 134
299232506413211648 48
299233387254804480 180
299233521472532481 48
299234221921284096 134
299234695860875264 48
299235144651374592 78
299235224334774272 29
299235287274491904 137
299236121920016385 10
299236436484448256 7
299237015310987264 18
299238298776379393 10
299241322865381377 48
299241780052901888 135
299243805868175360 134
299245831733780481 60
299245861098106880 179
299248084062457856 29
299248277029793792 179
299248432214851585 80
299248788705517568 48
299248885199687680 133
299249799545372673 179
299250193809956867 133
299250323850158080 134
299250802000789504 137
299252123206553600 134
299253985464971264 179
299254237135781888 8
299254555894480896 179
299254723641495552 10
299254878830747649 179
299256539800301569 179
299256980189626370 6
299257168933298176 100
299257454154358785 100
299258066539540480 180
299258817315741696 100
299259454820610049 2
299260411126091778 179
299261216449245184 60
299262839628128257 135
299263288418635776 48
299264135672250369 60
299265381405700096 60
299266157339365376 134
299266417361051648 80
299268883636969472 179
299269340799307777 12
299269835739770880 179
299273933553823744 179
299275556753653760 133
299275883913560065 100
299276139761897472 179
299276668240015363 134
299277104447647745 135
299277465170366465 2
299277758796816384 180
299278274691997696 179
299279600058507264 116
299279612662403072 116
299281059701473281 80
299281957295112192 80
299282007605784577 133
299282380907225089 134
299283312021733378 60
299283790180790273 48
299287246295683073 133
299287325979054080 179
299287871242776577 18
299290433945747458 90
299290782072971265 179
299293500011343872 139
299294213026226176 60
299295307764748288 133
299296834462023680 135
299297446834622464 133
299298528969240577 48
299298633831034880 139
299299992777146368 29
299300215079448576 104
299300663861575680 139
299300949095235585 78
299300986848165888 96
299301297201483776 80
299301452394950657 104
299301972505403394 139
299304157712629761 139
299306858865373184 10
299307035034525696 80
299309098627891201 80
299310432408182784 4
299310948320178178 133
299312466645643265 80
299315671098093568 116
299316199571980288 10
299316199580368896 10
299316472184971264 48
299316602225188864 139
299316975501451265 80
299317373981306880 137
299318552584921088 80
299320070910394368 116
299320603591180288 60
299320972706734080 10
299322126119346177 116
299325120873390080 100
299325913580044288 80
299326131667099648 104
299326718869647360 18
299327192842776576 60
299327201231380481 104
299327402562183168 180
299327763280707584 80
299330518909083648 80
299331429081427968 134
299331949196091392 80
299332267942232066 139
299332737725259776 80
299334390289424384 80
299334599996227584 48
299334801306025984 80
299334901960933376 18
299335313023709184 6
299337464705855488 80
299338001547423744 80
299338983027126272 60
299339238875484160 60
299341302485635072 179
299343068283428864 80
299343252828594177 139
299343638704582657 137
299343705800855552 18
299343831650934784 80
299345517740183552 207
299346444719108096 100
299347845578895361 96
299349535900192769 100
299350714520580098 133
299351066837929984 100
299353432408596480 134
299353440793001986 134
299354288067592192 80
299354564891660289 134
299355055625211905 133
299355097543110656 135
299355290481074176 133
299355575693754369 104
299356926280597504 80
299357521859182592 104
299358142603616257 80
299358289404256256 134
299359107301908480 48
299359916794195968 60
299360642421366784 133
299363838489399296 80
299364178198663168 80
299369911849992192 80
299370297721774081 80
299371442762563585 100
299371874750693376 133
299372059304284161 207
299372562612359169 104
299373556674994177 80
299374416498921472 134
299374424921088001 12
299375452492013568 18
299376983438131201 137
299377272824147968 29
299378782781972482 48
299379051225829376 80
299382037570281473 80
299383694311976962 11
299384197628456961 80
299386345116286977 18
299389411148324864 134
299389897683369985 80
299395845223227392 80
299396763750629376 15
299398458262028288 80
299401700471623680 133
299406234510032896 48
299408742678675458 80
299409891926343680 80
299410776937078786 80
299412270113492993 80
299412655964307456 80
299415768137871360 80
299416103698964480 80
299416799966019585 80
299416829330341888 80
299417487823470592 133
299417953399619585 80
299419043897679872 80
299419735949455360 80
299426560082063360 80
299427411534176256 48
299428745335435264 48
299428774708142081 48
299429131198808065 80
299434940314054656 80
299436131487977472 80
299437775680311297 80
299439025591308288 78
299445526737334272 48
299449842667761664 2
299451193267208192 80
299455601480695808 4
299457019130290176 80
299458378088996864 80
299459313427161088 80
299462530458349568 2
299463826489896960 80
299464195605405696 29
299464438845693952 134
299465793639432195 80
299470684160139264 134
299470805794975744 180
299471690805690368 80
299472584209203201 60
299474350019588096 179
299475889316564992 139
299480419160711168 104
299482797326860288 100
299484584121335808 179
299487725634080768 179
299488145077047296 135
299489487250145280 29
299490204463534080 100
299490519032135680 2
299493350208315392 134
299494071632805889 137
299495761933135872 2
299497796141203456 2
299500266603024388 137
299500514062766080 73
299500572791435265 135
299500740559388672 60
299512396534382592 104
299515617772441601 27
299515949101510658 17
299519476498567168 137
299521200391081984 29
299521233920352259 48
299521917617057792 134
299521921798787072 29
299525189165789184 104
299526992695545856 104
299528196460797952 48
299528532034453504 133
299530138448715777 133
299532000728068096 60
299532504015179777 60
299534504698200064 207
299538086629609473 134
299539214922571777 60
299539349123526656 104
299539403657863168 2
299540745826750465 100
299540984927227904 104
299541253341728771 60
299542423569321984 29
299550447268683776 14
299551189643714560 179
299554167595352064 60
299554171789647872 60
299554486383427584 139
299557376229523456 60
299558064133140481 100
299558550659792896 100
299558789739319296 104
299559993496186881 134
299560207405707264 60
299562564604555265 90
299562719810572288 60
299562883354861568 139
299563701248339969 134
299563759997968387 104
299564623986835456 60
299564733063888896 179
299564938593177601 104
299566725366697984 137
299566733730136064 179
299568268862189568 137
299568390492798977 90
299569707487477760 29
299570386994094080 134
299572354110091264 100
299574614844137472 134
299574803600404480 8
299575512429387777 80
299576749740675072 104
299578574258720768 60
299579664794529792 134
299580608483586048 60
299583636804628480 78
299583955563323394 137
299584349811126272 60
299585239020355584 29
299589705933156352 134
299590163141636096 133
299591555621199872 29
299591983436021760 80
299592109294501888 60
299592251879866368 0
299592960734003200 0
299594508436402178 48
299598866293071872 29
299600560796086272 60
299601227682041856 104
299604595712335872 100
299604855767592960 104
299607414288826368 60
299608643215712256 135
299609561759899648 60
299609788260696064 134
299611931541663744 29
299615094063632385 60
299617015050694657 60
299619422589554688 60
299620651533221888 80
299621393904066560 135
299621876244832257 60
299622278889619456 60
299624111829831683 60
299625382678769664 60
299626066367090689 60
299626594861998080 60
299628331270291456 6
299628641686536192 180
299628817817931776 60
299629950305198080 100
299630797521039360 179
299631342809919489 60
299632001311457281 12
299637026075054080 180
299639219687653376 180
299639471341719552 60
299639475565391872 60
299639731396964352 60
299640616386695168 100
299641123897503744 60
299641421705641987 139
299642315113373696 137
299644487729299456 60
299646052225675265 139
299648333939617793 100
299648455566053376 60
299648619143892993 60
299649709675524097 80
299650225553960961 133
299651852943892481 4
299653102833893376 60
299653341938589696 60
299653539054112768 137
299657087418499072 60
299658467344523264 134
299659415286583296 100
299660371566923777 6
299660396728573952 6
299663093674426370 6
299663647335133187 137
299663924150812672 137
299665757061652480 60
299667543851925504 78
299667954885349376 60
299669003465547776 60
299670232371441666 60
299673373905137664 134
299674166624411649 60
299675248792571906 179
299675840176865280 29
299678218334662656 60
299682068701523968 17
299682555240792064 139
299682605589225472 29
299683821912195072 60
299684178449035264 90
299684199399559169 60
299684694327439360 60
299686523073355776 60
299686581764255744 60
299688074957430784 18
299688532119781376 90
299689022853365760 116
299693288481517568 6
299693573677383684 60
299693951164755969 60
299694047663116288 60
299694865544011776 60
299695104606756865 60
299695696016191488 60
299697176576139264 60
299697885451280385 60
299700028723847168 60
299700490093096960 104
299702486594363392 60
299702494974599170 60
299703631639371777 60
299704147547144192 60
299704650838446080 60
299707817558941696 29
299708509598142466 60
299708580909678593 60
299710258639683585 137
299710652874911744 137
299710678070083585 60
299712594875387904 100
299713647633108992 60
299714318700797952 60
299715472130199554 134
299716835308363776 29
299717682557751296 100
299719007957815298 60
299721075741302784 60
299722619228397570 60
299725819499134978 60
299726188614647808 137
299726809367453696 104
299729040724615168 60
299729149759741952 60
299731431465287680 60
299732559737282562 78
299732803006910466 55
299732865942429697 139
299735852274298881 29
299738305933750273 137
299739312591863808 18
299744198930882560 60
299744630931599360 29
299750708503277569 60
299754139452309505 60
299755041219301376 60
299760346992877568 60
299762897146482689 80
299764235137851393 100
299768853066551296 60
299773408076496896 100
299779737281236992 60
299784707518898176 2
299786729190219776 179
299797571470254080 180
299798175424847872 135
299798720675991552 4
299799475667468288 17
299805058273513472 15
299808745062539264 137
299809030275203072 1
299811093872791552 27
299813312676376576 48
299816752009850881 2
299824339509997568 100
299828261167452161 0
299832086364299264 2
299832203809013760 27
299832614871785472 27
299834443571552256 100
299835089519529984 137
299835802555412480 48
299839434818457600 27
299843008361295873 18
299843989836795904 29
299850360951021569 104
299852902716022785 27
299855775801683968 27
299858606965268480 60
299859022205575169 139
299859655537094657 60
299860062384562177 60
299863975695355905 80
299864931967311873 60
299865242358403072 60
299865963778691072 60
299866454499655680 6
299868664902062080 60
299871265378951168 104
299871777088212992 137
299872603370311680 60
299873886802157568 13
299874054599495681 100
299876055269920768 80
299880308277399552 134
299882334130409472 60
299883860873854976 78
299885542798155778 60
299886780113645568 134
299887199518863361 29
299889149870215168 60
299889720320720896 60
299890030711824385 60
299890236224307200 137
299890441741017088 60
299891628703879168 60
299891683246632960 60
299892123669508096 60
299892970918907904 134
299893000279052288 180
299893189005950976 60
299894359220969473 60
299894434697469953 60
299894535377522688 60
299894640239341570 137
299895953031323648 60
299897249100619777 100
299897706271363073 180
299897848886067202 29
299898561921970177 60
299899061039947776 80
299900101227339777 78
299900910736404480 6
299902072529223682 60
299902424875950080 60
299904094204723200 60
299904341656088577 80
299904635253161984 137
299904681411477504 137
299906271027539968 48
299906824705028096 60
299908494025437184 137
299908544331931649 60
299909068636700673 137
299910385648168960 16
299913065812619264 60
299914802237681666 60
299914827411910656 137
299915469148786690 60
299916723254091776 0
299916765188734978 137
299916928754003968 134
299917352387092480 18
299917423673499648 0
299917775995031552 137
299917939589672961 134
299918270935482368 27
299919466299523072 60
299920812671115264 60
299921366352789504 137
299924159742476289 60
299925543846047745 137
299926043005960192 18
299926500172513280 137
299926797963907072 60
299926999286304771 137
299928442114301952 137
299928823808524291 137
299928911909892097 60
299931067748589568 137
299931424285413376 60
299932833558962177 60
299934129594720257 80
299934666461437952 137
299934754566987776 60
299936868483624960 8
299939485720907776 60
299939976475447296 78
299940056142073858 60
299940391719956480 60
299941238956765184 8
299941939413921792 116
299944690864754688 60
299945122873876480 137
299945756197015553 27
299945848475897856 137
299946376970788865 137
299947048071991296 60
299947970793717760 207
299948130210807808 60
299948855808651265 137
299950105690259456 176
299950160220397568 29
299951003300667392 60
299951431090323456 60
299951737299664898 60
299953763161100289 60
299954388108210177 8
299954895614787585 100
299955872862457859 78
299956963381506048 60
299957043090034688 80
299957563183755264 60
299957584138481664 60
299957680632647680 78
299957684831154177 137
299958498521919488 100
299958506881183744 60
299958636908802049 29
299958934733746177 60
299960037827309568 180
299961698780082176 137
299962571191103488 60
299962810258051072 104
299963271618895872 137
299963808506605570 134
299966593528627201 100
299969542111780865 134
299972536828043264 137
299972868186460161 60
299975103754682368 60
299976122991534081 60
299977070891646976 48
299977729405763584 60
299977859412418562 60
299977934935060480 0
299980371813101568 60
299980384375033856 137
299980506030817280 60
299980543758585856 137
299980556349865984 137
299981034517303297 12
299981240046587904 137
299981516853899264 180
299981869179604992 60
299982544470933505 60
299982825480912897 60
299983685292269569 60
299983974720233472 60
299984897458724865 180
299985677586677760 137
299985803449344001 137
299985807610093568 60
299986155754110977 29
299986159956811776 60
299986495488536577 60
299987946738688000 96
299987997070348288 73
299988668158988288 4
299988726845693952 134
299989171462881280 137
299990505255735296 60
299991264399609856 60
299991696438083584 60
299992292012462080 137
299992392679952384 60
299993193800413184 60
299993328026525697 8
299993378341388288 60
299993470607687680 104
299994833785864192 60
299995915899510784 60
300000462541819906 134
300001477534048256 60
300001687270211584 60
300001796292759553 80
300002014396567552 60
300002479985270784 60
300002484187967489 60
300003310474252288 137
300003339834363904 60
300004212216041472 104
300004409365131264 137
300004430349217793 60
300004669424562176 137
300004723916951552 60
300004736537604099 137
300006787531280384 139
300006955290853376 60
300007429255593985 80
300007823536947200 6
300009358660628481 100
300010944082350080 60
300011816501788672 137
300012684743700480 60
300013083185786880 137
300014081442717696 137
300014404395732992 48
300015394243112960 8
300015473926492160 60
300016941932879872 134
300017667568439296 60
300018061828825088 80
300018313478688768 60
300019697611579392 60
300020272239624194 29
300022155452760064 60
300022344196452354 60
300022407127764992 80
300023103365476352 78
300023459910676481 60
300024235840114688 29
300024705581215746 29
300025011782184960 137
300025603191631872 137
300028325303304193 60
300028845392814080 134
300030049137078273 137
300030804120186880 139
300031122874699777 60
300031181586587649 137
300033970815524865 48
300034507678040064 137
300034994238271489 60
300035015184629761 137
300035845652631552 137
300038416781959169 137
300039532483579904 60
300039809278291969 137
300042011300478977 60
300044460753043456 48
300049007407939584 137
300049699463917570 137
300051922449231872 60
300055470801047552 60
300059430224019456 60
300060910813327360 60
300062232040062977 60
300064157242376192 207
300064861868675072 60
300065436475727872 60
300069995709333505 60
300071606313701376 137
300072583582318592 60
300074265481445376 116
300075460870672385 78
300077457359376385 60
300077843226980352 90
300078547886809089 137
300078635971395584 80
300081504871133184 18
300082289218555908 60
300082893173166080 60
300083916579147776 60
300084730303488000 60
300084935799238656 137
300085036458319873 60
300085149712928768 6
300086424798101504 100
300086588354994176 60
300088735855411200 60
300088920375427072 60
300090203840864257 139
300091793490468867 17
300099393577684992 137
300100177891557376 60
300100207247499265 137
300100282753368064 60
300102090519367680 80
300105752129961984 137
300110617514233856 137
300118867714392065 100
300120381858148353 137
300120679662116864 139
300122931999154176 116
300122961363496961 29
300124349682311168 60
300129579970998272 220
300134428586430464 134
300136383123701760 7
300141542121816064 18
300145518326206465 60
300151851721035776 16
300161465074216960 48
300170411524620288 29
300172181508354048 137
300174710690435072 6
300180846936211456 78
300189923435216896 135
300193719263563776 180
300194092560834560 17
300195904512724992 17
300208122520289280 137
300208458072997889 80
300215953269084160 29
300220487324278784 78
300221854667399169 137
300223654028001280 137
300225075880267777 137
300226124468854785 60
300226413880033281 180
300227403739971584 137
300230469772009472 137
300234617938653184 60
300235725213954048 137
300239068082630656 60
300240011809402880 137
300240263459270656 137
300242520003186688 60
300243153359867906 60
300243602133622784 137
300243711193923586 137
300243837031432192 137
300243975405715456 137
300250325611335680 137
300251382571757569 137
300253785907929088 48
300255560090136576 137
300257548194443264 137
300260631024648194 137
300261268542070785 139
300262048674234369 60
300262170321637377 137
300262468121403392 60
300263587979616256 80
300263759954468865 80
300264783385616385 137
300265005683720192 137
300266196828299264 137
300266662404423680 137
300267702604414976 137
300269124473462784 60
300269996897095680 60
300270068208660481 137
300272987410673664 137
300273000014557187 100
300274220557037568 60
300274514149920768 90
300275101369262081 137
300275386577743876 137
300275785028206592 137
300276477071601664 137
300277932528640001 137
300279467618742273 137
300280717538127872 60
300282261046169600 137
300282793697611777 137
300282823070343170 137
300282974048485377 60
300282995015831552 60
300287269024169984 137
300287529062641664 60
300288183369887745 60
300289672356167682 134
300292134408441856 137
300292646126116864 137
300292943913308160 137
300296869773471744 60
300298321027809280 137
300298652382015488 60
300301181555703808 60
300302330757267456 29
300302913769730050 60
300303551312302080 2
300305329709785088 134
300306856444833792 137
300308236345700352 137
300308362195775488 137
300309037482921986 139
300310631314227200 116
300312388702461953 137
300312405492252672 8
300312418079363072 137
300312782983794689 137
300315182104727552 80
300317153461157888 137
300318696965017601 134
300320513098670080 60
300320857010622466 137
300323205812461568 80
300323407147442177 137
300326921995182080 60
300329438544015360 96
300331107885408257 73
300331393119055872 29
300331955151589376 137
300332701741899779 137
300333901300260865 48
300337248367419392 60
300338636665282560 18
300341845320429568 137
300342256370585600 137
300343363654283265 29
300344668061855745 137
300347268551278593 137
300348493279686657 137
300349772554960897 100
300350611419963392 100
300352243004239872 135
300353161535832064 137
300357854957821953 137
300363152363773952 137
300367166316871681 60
300368936321572864 60
300369452233547776 78
300369938772811776 80
300370270093451264 134
300373067727765505 60
300380885910421505 18
300390130122891264 60
300392600588922880 60
300392659296608256 100
300393414271332352 137
300394920026464256 100
300394982936825857 12
300395930866311168 137
300396903940624384 29
300397151400374272 60
300402167813120001 137
300402687890051072 18
300408836718735360 134
300409444926377984 137
300417984499970050 104
300424997384646656 104
300425123205378048 137
300428625465995264 78
300436485574885376 29
300441669743017984 104
300445314597412864 176
300446782620577792 60
300448711987822593 25
300455699677339649 100
300481482076610560 60
300486947258896384 80
300491527443058688 29
300498179609214976 27
300512524116299776 78
300516345131458561 0
300519012700418048 100
300524394005012480 29
300527095124226049 100
300536465224519680 78
300548393820889088 100
300550709059919872 137
300551380152770560 180
300552114151776256 100
300559101874823168 80
300560171434930176 100
300562268574339072 100
300562381803753472 60
300563916944179202 133
300575988142727168 180
300577863004983296 134
300581839201001472 17
300589548323352576 100
300595701384093696 134
300598054359277568 29
300598771581059072 0
300602110259630080 139
300607135056797697 78
300612155621904384 28
300612214354767872 134
300624386224955392 9
300624684007960576 9
300624751129419778 137
300625782936576000 9
300626454021029888 9
300626659529338885 9
300627594875895809 9
300627984921014273 9
300628488262676482 9
300628966375563265 29
300630069481717761 104
300630077878714369 104
300631675929522176 80
300632418300346368 9
300633743717199875 137
300635056504975361 9
300636138656387073 104
300636734239145984 139
300637413708034052 9
300638168695324675 100
300638814601371649 133
300638877524303872 9
300639498285510656 134
300640026771984385 9
300640282611945474 9
300640320373276672 9
300640328745111552 9
300640593003020288 9
300641100526403584 9
300641478013759489 104
300641628996124673 9
300642581086359552 9
300644057506533377 9
300646582473330688 60
300647006085455872 137
300647534584541185 9
300649375892381699 9
300649631711363072 137
300649791115894786 9
300649984049684481 9
300650252485152770 137
300650395108253696 9
300650789377015809 137
300653087847231489 9
300653113021440000 133
300653431759192064 80
300654119646031873 100
300657340863086592 9
300659022758035456 4
300661979775909888 9
300662520824344576 16
300662915072151554 25
300667004547919872 6
300669898596691969 133
300672268370063360 9
300673904186380289 18
300674080313573376 134
300674206159470592 28
300674646540443649 133
300675393134948354 9
300678543048839170 9
300678589194579969 9
300681000936144896 48
300682829656883201 9
300684192780541953 207
300686147342966784 134
300686516454293504 9
300686977810968576 9
300687086883835905 9
300688131265552384 9
300692593988235266 9
300694326214815745 9
300695811019395075 9
300696209461501953 9
300700819035136001 9
300701087466389504 9
300701666263592960 9
300701674635411459 9
300702408638623744 9
300702731629367298 9
300702966510391297 9
300703700509401089 133
300705617314738176 104
300705717969616896 137
300705847984672770 8
300708901446352896 133
300710625301114880 104
300711829074747393 9
300711833264852992 9
300712965739524098 48
300714073014812672 9
300714572157947905 9
300715696214642688 104
300715733971787776 104
300716333748871169 9
300719152329535488 4
300722348359815168 17
300727729677025284 104
300728526573817856 133
300731890422386688 180
300733702370107393 9
300733916254457856 4
300734713205764097 11
300736873242951681 133
300738152522461184 180
300741432476594177 6
300742908871589888 9
300744607547944961 134
300746302042542080 9
300749779128954881 100
300750131446284288 29
300754036326539264 137
300761288303333376 29
300762085204295680 11
300771778249244674 100
300776048050708480 100
300776144532295680 6
300776165499604992 180
300776173892423680 180
300776220021379073 6
300776240988692480 180
300776257749123072 100
300776261977001985 180
300776266158706688 180
300776350040612865 100
300776408769257472 180
300776551350419456 180
300777138582327297 60
300777339883753473 6
300782029132423168 80
300783220314750978 48
300784226939326465 133
300785862726262787 137
300786085003423744 29
300786588328284160 9
300786932257013760 134
300788324799508480 0
300790212219531264 137
300790287716978688 137
300790799409500160 137
300791726342295552 18
300792728818696194 48
300792791733260289 48
300792863007055872 48
300795237004099586 48
300798672113897473 100
300799418720997377 96
300801205481906176 116
300805240419127297 11
300822466400501760 6
300823108145799170 11
300823787635613696 100
300825360466063361 100
300826115440783360 4
300827872879316992 137
300827960968110080 180
300830783722106880 11
300837037408415744 104
300837880471887872 134
300838903903047681 100
300844704596119552 9
300851176440750080 80
300853063881719808 11
300854791914016768 90
300855165194473472 100
300858017354743808 11
300864757563551744 137
300864975679918080 80
300870499582476289 133
300871984357732352 96
300872273768898560 133
300873066513326080 100
300873406230982657 137
300877172720160768 11
300878871413280769 78
300880901448024065 80
300882931512119296 104
300884353368612864 11
300885926224211969 78
300886911902416896 80
300901134770520064 9
300904691569655808 8
300916427228069889 104
300917110870274049 100
300920000741535744 4
300924488671961088 46
300926019605520384 46
300933498020171776 134
300934458519977985 176
300935163184033792 11
300935238677299200 46
300937142878748672 46
300938833179058177 46
300940150182137857 46
300943119770324992 46
300943950225747968 137
300946479395262464 46
300950178796535808 46
300952678568185857 100
300955971126181888 6
300956885459283970 46
300957191635079168 11
300957317497749504 60
300957783044526080 96
300958106014339072 134
300959548871692288 133
300963042726916097 104
300967597736869888 134
300969480975171584 100
300969854264045569 134
300970747642404864 46
300971372602089472 46
300971678773686272 46
300972073055031296 100
300976397357289473 104
300976426725806080 80
300978892993343488 11
300983141810728960 116
300985515807752193 46
300986413359448064 133
300992658682286080 2
300994198000259072 2
300996362252738560 134
301000543961227264 80
301001206686420993 100
301001340912549889 46
301004054606270465 137
301005791069085696 46
301013282100228096 180
301013546312028162 46
301013563118612480 18
301014066422493184 16
301015068840173568 133
301016100651548674 100
301018281706389504 80
301018415898972161 46
301018478838706176 60
301021117030748160 137
301021209301241858 11
301021624558301185 46
301021674889957376 100
301024170475675649 90
301024531223564288 9
301026397688823808 6
301028931027484672 29
301029165916909568 90
301033934815363072 11
301036023578779649 48
301036845666533376 0
301037772616122369 11
301037961380786179 46
301038192050724864 80
301038535975260160 11
301039546794119168 11
301039773303312384 46
301040729592049664 80
301043049063124993 11
301044017943150592 133
301044185702744064 133
301048417759678464 104
301049164358365185 100
301049969639579648 46
301052666614804480 11
301053065048510464 221
301054612763443200 9
301055107695529984 90
301055829115813888 180
301057678803877889 133
301057808797954048 29
301058677027258369 100
301058886750851072 29
301062724543213568 134
301065815741054976 104
301066637837205504 46
301070567900073985 11
301071159288545281 11
301071884907327488 104
301074544070889473 134
301076267959218177 133
301082026734387200 11
301082345488936960 207
301082404192395267 133
301083201122729984 104
301084300055552001 46
301085398950625280 46
301087630320357377 78
301088611762307072 135
301088762769854465 137
301088884400455681 137
301089496773033985 11
301090557944541184 60
301092407628423168 16
301092743185305600 78
301092797711273985 133
301093024195309571 6
301094907421016064 179
301096274793484288 137
301097801482375168 48
301099349193138176 48
301101190513565696 133
301109608464936960 11
301112548655263744 135
301116050899103744 46
301116587774210048 134
301120597537218561 11
301122124272242688 100
301123105751973888 9
301125546811731969 16
301126733808164864 48
301129254580670465 179
301129531404742656 179
301129544000221184 139
301143087399464960 134
301143259357540353 90
301145100682133504 100
301145968873713665 137
301146442830065665 46
301150070903013376 46
301150679106457600 46
301153304740773889 80
301155632571117569 135
301157952021217280 104
301160774800396288 179
301161445851287552 179
301163970847453184 137
301164658704932864 11
301167359840878592 11
301168202912759810 137
301169477964398592 133
301175626822475777 1
301175966548504580 134
301176318857474049 1
301176771859062785 18
301178013352091649 46
301179129049513984 17
301180546745237505 1
301181150725013506 0
301182924911439872 8
301184250319888384 46
301184627769499648 1
301185735065739264 1
301187471541141504 1
301188373316521984 78
301188713038376960 1
301188721447952384 11
301189241533239296 1
301189270864007168 78
301190025855504384 180
301190730498572289 1
301195813982437376 1
301198657724751872 1
301199790207799296 104
301202608750751744 176
301205385392574466 135
301206769500315648 1
301207306408976384 1
301207457399717888 1
301208661139783680 48
301209214787919872 104
301210477298606081 1
301211592979267584 1
301212196929691650 1
301212880638988288 133
301214126347272192 1
301214562529710080 1
301216047330103298 139
301216588386934784 1
301217645334765568 1
301217678918578177 1
301218039611936768 100
301221483143905280 104
301224062649237505 179
301227007038087168 100
301230333116956672 1
301230849024724992 1
301231411040505856 1
301231738221383681 1
301232023408885760 1
301233021686800384 1
301234032480514048 80
301234703590125568 29
301235303383957505 1
301236653937270785 1
301236893029388288 1
301238142923571200 29
301239317307736065 48
301240089068044288 1
301240932106399744 1
301242777600135168 17
301244937670885376 137
301245537477328896 1
301246695109435392 1
301249920525029377 1
301250683896737793 1
301250864247619584 46
301252248346955777 1
301252458074734592 60
301253401805717504 4
301254928519794688 6
301256966955741185 134
301257977766232064 1
301258015531741185 1
301259177362337792 46
301259663872241666 1
301260171399806976 1
301260326597435392 1
301261912040153091 1
301262562132099073 137
301263593943494656 1
301264470548815872 1
301267289116901376 46
301267977016332289 1
301268195090776065 1
301270124474818561 1
301270682325635073 1
301271374381600768 46
301271890285195264 100
301273563791495168 1
301276596277485568 176
301277351281577984 1
301278236283924481 46
301278383050985472 46
301279070929432577 134
301279356142104577 176
301280517976887297 176
301281851748794368 80
301282061472395265 176
301284028613550080 1
301284401906585600 176
301285358178537473 176
301285769228713985 1
301285895049457666 1
301286276743716865 1
301286486463090688 80
301286851363356672 1
301286926852448256 176
301287522460389376 12
301288290001240065 176
301289430881292290 176
301290059993346048 1
301290529767968768 1
301291028881739776 1
301291238592761856 176
301292136190603264 1
301292236845481984 176
301292412997890048 176
301292501090856963 176
301292765344591872 176
301292777935863808 176
301293692260593664 176
301293704864477184 1
301293721620713472 1
301293990051995648 176
301294006833410048 176
301294405288075266 176
301294459830824960 176
301295617441927168 176
301296217265164288 176
301296728936701952 1
301298113073778689 176
301298377327525888 1
301300159898345472 1
301301028110864384 1
301301292352040960 176
301301749514379264 176
301302965891907584 176
301303024586985473 176
301303095915339776 46
301304337433493504 176
301304526173007872 176
301304706502905856 176
301305000099971072 176
301305130127605760 176
301305453114175491 176
301305708949950464 176
301305855746383873 176
301306325537796097 176
301306371662548992 9
301306430378614784 46
301306887549382656 1
301307097281347584 100
301307344724316160 176
301307814490550272 46
301308460438548480 9
301308833723187200 176
301310331064565760 176
301310343655849984 176
301310389784825856 46
301310448509276162 80
301310515618119680 1
301310637244551168 176
301310725354319872 1
301311446766202881 176
301311564185747457 1
301311589389303809 176
301312461766791168 176
301312482776055808 2
301313598456750080 176
301314089190318080 176
301314139526144001 176
301314919666708480 176
301315569754443776 104
301315628487303169 29
301316169531543553 176
301316211478769664 176
301316219879948291 176
301316819661225984 176
301317490758262784 176
301317553660256257 46
301319004889427968 176
301319063634862080 176
301319285928779776 176
301319390777987072 176
301319441118019584 137
301319558550155265 176
301320095425236993 1
301320170914328576 104
301320657466187776 176
301321852826030080 29
301321869620043776 1
301322209346072576 176
301322452598927360 176
301322742043643905 176
301322742043664384 137
301322888823312385 1
301323123721113603 176
301323161465671681 176
301323627041804288 176
301324650447773696 176
301325044678811648 176
301325317316939776 134
301325724172832769 137
301326055531241472 46
301327494164914176 176
301327544488177664 176
301328404324679680 176
301328643395825664 1
301329209647845376 176
301329591308521473 176
301329712943357952 176
301329842970955777 176
301330090439102464 176
301330149155164160 176
301331080294854656 96
301331143234576384 176
301331260645707777 1
301331914969718784 1
301331990479773696 1
301332388917690369 176
301332544123715585 176
301333135524786176 1
301334452502659072 176
301334691590586368 176
301335165546946560 176
301335496901132289 176
301336004395155457 176
301336520311308288 176
301336918786985984 176
301337086542348288 176
301337405296893953 176
301338210620022784 134
301338701341028353 139
301338982376169472 176
301339007529385985 133
301339083022688256 176
301339091411296256 176
301339510866866177 176
301339632472301568 176
301340106437046272 134
301340198720110592 176
301340672672284672 176
301340999815397376 100
301341062763536386 176
301341180166283264 176
301341637358010368 176
301342656578064386 1
301342685938192384 1
301342954382053376 137
301343084392890368 176
301343604503351296 1
301344032305594369 176
301344078468100096 179
301344225264549889 176
301344254595305474 1
301344489505710080 176
301344887947800576 176
301345059918467072 17
301345236070846465 176
301345298981195776 176
301345303167123456 176
301345806487801856 11
301346032984412161 176
301346284651044864 176
301346636968370176 176
301346800563011584 176
301347538731151360 176
301347693945561088 176
301347765248724992 176
301347891077857280 176
301348461494800384 176
301348654445391872 176
301348717330591744 176
301349258416758784 176
301349417817079808 11
301349568791076864 176
301350063714738176 11
301350147596636160 18
301350751576399873 176
301351129059557376 1
301351523349327872 11
301351561081286656 176
301351829529300994 176
301352009859231744 176
301352991330549760 176
301353079444492288 176
301353104589340672 176
301353398199001089 11
301353477899165696 176
301353549172973568 176
301353725354729472 176
301353767310344193 176
301353989583282176 90
301354115433373697 176
301354287399829504 12
301354564211335168 1
301354815877947392 176
301355990262108160 29
301356829122912256 176
301357839966949376 11
301358250987757570 176
301358590751551488 176
301358796280852481 176
301358829818490880 176
301359005991858176 176
301359219876192257 100
301359333147566080 176
301359500919701504 176
301359547052875777 176
301360784355762177 176
301360947941998593 176
301361057010683904 176
301361090552528896 176
301361291858149376 176
301361358992179200 176
301361488998854656 11
301361572872347648 1
301361681945198592 176
301361694519750657 180
301361929413337090 176
301362072032251905 176
301362101379813376 100
301362235597549568 176
301363070272417792 176
301363279962439680 176
301363456131612674 1
301363531629068288 176
301364047528472576 1
301364097872695297 1
301364265632280576 11
301364274041847808 176
301365272248479747 176
301365498749276160 3
301365574259331072 176
301365930754203650 176
301366111147028480 176
301366438281752576 176
301366664765796353 176
301367008694525952 176
301367168090656768 176
301367264576425984 176
301367780463214593 1
301368069866008576 176
301368212468154369 11
301368552202575873 176
301368665473970177 46
301368711598710785 11
301369042940338176 176
301369219092713472 1
301369273631272961 1
301369357504761856 176
301369378497241088 11
301369521116176384 176
301369718214901761 176
301369936343859201 176
301370506752430080 11
301371358187769856 176
301371454656757761 176
301371517604872192 176
301371567915532289 176
301371827958206464 176
301372276769714176 1
301372314510041089 176
301372360626405376 176
301373069463789568 176
301373472146333696 176
301373644079247360 48
301373778330525696 176
301373887361474560 176
301373992206487553 176
301374084493758464 176
301374105477869570 176
301374784955117568 176
301374944313487361 176
301375527325945856 176
301375795773988864 176
301375812551200768 176
301375867093921792 176
301375921603100672 176
301376382976536577 176
301376877904420865 176
301376945009078272 176
301376999543435264 176
301377326686547968 137
301377339261063169 1
301377502843109377 176
301377519624544256 176
301377553170587648 176
301377985209057280 176
301378144600997888 176
301378740196360193 176
301379029569769472 176
301379197367099392 176
301379314795028480 176
301379314816004096 100
301379323175260160 176
301379730018553856 176
301380128494194689 176
301381458088570880 78
301381692986380289 176
301382632476930048 176
301383005799329793 176
301384482177568768 176
301384746401923072 11
301384830288031744 176
301384859685892097 176
301384981287141376 176
301384989705113601 176
301385170047602689 46
301385170051805184 1
301385279116296192 176
301385774010617856 1
301385803391696896 176
301385828557533184 1
301386398966108160 1
301386684182953984 176
301387032331177984 176
301387229463453696 11
301389142057697280 176
301389632782872576 176
301389880234225664 176
301390249328799744 11
301390408733298688 176
301390626828734464 176
301390681363079170 176
301390685569949698 176
301390790406569984 176
301390886883950592 176
301391222419910657 134
301391486652657664 176
301391784477589505 176
301392082239639552 176
301392094856089601 176
301393181168259073 176
301393294393487361 176
301393327973093377 176
301393520894300160 176
301394150039908352 176
301394447856455682 176
301394980512096256 8
301395190227275776 1
301395676762349568 176
301395790033723392 176
301395840365375490 176
301395890697023488 46
301395903279927297 176
301396092023611392 1
301396188484235265 176
301396305916350465 11
