31891416334467072 10
31891489755766786 22
31891608743968768 13
31892141500268545 3
31892944822738944 22
31893406716272640 3
31893656415764480 22
31894141499609088 2
31894757206659073 22
31895869330554880 22
31896412782338049 3
31896461222346753 18
31896783059685376 22
31898485158580225 22
31899295359696896 22
31899706770595840 15
31899750827565056 15
31899864044404736 14
31900325413654529 22
31900518032875520 22
31901442537164800 22
31902382870765570 13
31902990348591105 2
31903192153333761 22
31903266149236736 3
31905638472753154 22
31905766772318208 3
31906281207898112 3
31906716899610625 22
31907297047351297 15
31908204975759362 22
31908313906024449 10
31908842551902209 3
31909454689603585 3
31909514391322624 3
31909514722672640 22
31909573883330562 3
31909632570040320 18
31909739608670209 3
31910226554785792 22
31910248801370112 22
31910297069424640 42
31910487927029760 22
31910949946400769 22
31911101734064128 14
31911131589120001 3
31911196265291777 22
31911367371923456 18
31911793978777601 3
31912267737989121 22
31912309945270272 3
31912372620759040 22
31913223418548225 3
31914293402279937 3
31915121051697152 0
31916020599881731 3
31916218080301056 66
31916717202481153 22
31917162071326720 3
31917506109120514 18
31917626607271937 22
31918976959250434 3
31919063512915968 9
31920245581029376 3
31920331648147456 3
31920568794095616 3
31921290449264641 3
31923312800038912 22
31923326783848448 3
31923473320247296 3
31924949920784385 3
31925027234385920 14
31925084725714944 3
31925408349814784 3
31925509738729472 3
31925980771647488 8
31926616586199040 3
31928055475740672 22
31928400390135808 52
31928970073079810 22
31930351655845888 3
31932082661892096 3
31932133563961344 3
31932548758114304 14
31932725992624128 0
31932814320467969 18
31932981165830144 8
31933013126287360 3
31934835266162689 3
31935117324713984 0
31935550227222528 20
31936128210702336 3
31936368590454784 22
31936905016770560 1
31937455267512320 3
31938113550942208 9
31938349388275713 3
31938590585921537 14
31938809184657409 3
31939514960183296 42
31939750990450688 22
31939983820464128 18
31941477105934336 3
31941649013678080 3
31942473911635968 22
31944049254469632 13
31944219123781632 20
31944362699001856 3
31946003187761153 8
31946294800945154 13
31948309669093376 18
31948701928783872 8
31948737517453312 2
31948959979151360 14
31950003094159361 3
31950180282540034 58
31950890885713921 1
31951211326345216 3
31951627434860544 2
31952695237545984 22
31953183160926209 11
31954209892999168 11
31954382132088832 22
31955197479624704 3
31955651777265665 15
31956136651395072 15
31956542429331457 22
31962183629803520 2
31962626091130880 11
31963150043582464 5
31963355287650304 3
31964816943874048 20
31965255663878144 66
31967815900602368 1
31968771442745345 5
31969110816464896 15
31969296829652992 15
31970634506440704 3
31970701963427840 18
31972581246500864 20
31973799763116032 22
31974158791348224 22
31975149032972289 3
31975198404120576 3
31976830982426624 3
31977435603935232 3
31977856250679296 20
31978796466835456 18
31980706628370432 10
31980922177851392 2
31981307084935168 3
31983916797665280 14
31984587735306240 8
31985413878976512 15
31985783346827264 1
31987981896126464 8
31988594251931648 3
31990111352655872 3
31993955721678848 11
31994239214682112 8
31994378763370496 10
31995130252632064 1
31999423072444416 15
31999893501386752 3
32000446595862529 42
32001652256940032 3
32002660995432448 3
32002758282313728 5
32002959994785792 1
32003703108018176 14
32004338545070081 18
32004778745659392 2
32005451423948800 15
32005795331710978 18
32006104867151872 18
32006797342539776 4
32006887113236480 14
32008658833379328 14
32008904330186752 14
32009279766532096 3
32009372351598592 4
32009413480939520 15
32009428471386112 18
32010074356453376 20
32011690711187456 10
32013060256309248 3
32013578198323200 10
32014002468954112 10
32014615982374913 14
32018548863799296 11
32020840128188416 2
32021404710866945 8
32021419126685696 8
32021981738045440 18
32023113004744704 2
32023330148057088 11
32023614383460352 8
32025187096469504 14
32025840774549504 1
32025914548162561 11
32028454333456384 20
32030003176673280 8
32030007710715904 8
32030730859057153 8
32032807379279872 8
32033963497226240 1
32035003382628352 8
32035884199059456 8
32037136878276608 3
32039222638546945 41
32039490805571584 11
32040803245232128 66
32041815846682624 41
32044092665892864 13
32044429313310721 3
32045661830520834 8
32046396894875648 41
32047904289984512 7
32048065389002754 14
32048115817119744 52
32049576701595650 4
32049956604870656 8
32050638644846592 5
32051083962490880 18
32051147413913600 2
32051234642857984 21
32051296697585664 13
32051482060660736 18
32051512800706561 10
32055212776628224 18
32055659021213696 18
32058405627633664 8
32058877105287168 22
32060945521975296 13
32061012618256384 3
32061721996693504 8
32061774131896320 18
32061794818195457 9
32062051329245184 10
32062081977032704 8
32062413691944960 15
32063376137912322 20
32063514499612672 52
32064376613638145 18
32064428279074816 12
32066019971309568 22
32066035607666688 17
32066160736342016 18
32067284000313345 20
32067497486196736 58
32067759944765440 3
32067782887604225 3
32068265530363904 5
32068607802347520 3
32069361833349120 20
32069409224790017 8
32069950923345920 8
32069978479927296 10
32070403065118720 22
32071340101996545 18
32071645627678720 8
32072427328507904 18
32072628525080576 12
32072634145447936 8
32073194290552832 8
32073505923145728 17
32074317076365312 8
32074344947523584 67
32074807814127616 3
32075751360569345 8
32075783669293056 14
32075889814544385 3
32075949373652992 1
32076232518537217 8
32076233890070529 8
32077785010806784 1
32078629051568129 8
32078931918065664 1
32079019507716096 18
32079489756303360 8
32080564265680898 4
32080604065431552 1
32080708583292928 41
32081765766004736 8
32082186182070272 15
32082875343962114 18
32083435711373312 1
32083866302816257 20
32083890650746881 11
32084860180889600 8
32086794547761152 8
32087811939110912 11
32088049496096768 8
32088588510302208 15
32088902076469248 4
32089628848693248 8
32089657487392769 3
32089754623287296 12
32090048786604033 17
32090306165870592 10
32091245538975744 8
32092382186962944 8
32092672982261760 8
32092677973479425 8
32093179519967233 66
32093212243927042 8
32093457002528768 8
32094511660277760 6
32095579853033473 41
32095929670569985 8
32096649790623745 14
32096749866721281 2
32097939581046786 8
32098412904058880 41
32098567388667905 8
32098612259328000 8
32098734112247810 8
32099983079510016 1
32101029315092480 13
32101045404434433 10
32102088683036672 8
32102173357645824 8
32102808354295808 2
32103220427886593 13
32103224093712384 66
32104371575595008 7
32104875970002944 13
32105666432729088 3
32106405552984064 2
32106739146956800 8
32106740191338497 8
32107393106051072 2
32107789086105600 13
32107889409658880 22
32109255058259968 8
32109864398360576 8
32110049685929985 3
32111217799598080 8
32111361064566784 0
32112385082789889 3
32112416762372096 10
32114105087164418 42
32115584934084608 8
32115934919397377 4
32116131632250880 15
32117224449769473 8
32117461922877440 18
32117684309073920 52
32117741028638720 13
32117905948676096 18
32118073733419008 2
32118758168338433 8
32119250613182464 41
32119441147830272 8
32119823391526913 15
32119984075317249 2
32120039515627520 10
32120148257144832 8
32120647572267008 10
32120919547707392 2
32121313149583360 21
32121426790055937 10
32122661534437376 14
32123252109221888 3
32123732440907776 2
32124496466935808 18
32126443693547520 13
32126774691233795 10
32127637971275776 15
32128725269090304 20
32128917364019200 14
32129079801024512 14
32129250249146368 3
32129382935957504 13
32130399643639809 8
32133144727527424 3
32133217544835072 12
32133341700427776 13
32133606025469952 3
32133833901998080 9
32133843280465920 2
32134134579068928 1
32134993337647104 0
32136051426336768 52
32136918514802688 2
32137106998427648 8
32137481402982401 17
32138511679229953 1
32139860399628288 12
32140620344590336 41
32141320868864000 4
32141373209575424 52
32141543015972864 20
32142153454985216 13
32143176928210944 42
32143344977051649 2
32144113251909633 5
32144132784787456 8
32144887243603968 1
32145215988965377 8
32145847726641152 52
32146780384661505 13
32147760174080000 67
32147942655655937 3
32147955532173312 20
32148462778716160 8
32148652013125633 8
32149826720239616 12
32150815032479744 14
32151178506674176 11
32151547181793280 0
32152216747905024 20
32153025518772225 8
32153644442853377 2
32154408145911809 1
32154944098279424 42
32155456298291200 1
32155482143588352 8
32156039994417152 10
32156100233007104 2
32156768477913088 8
32157610933223424 0
32157818681294848 8
32157944434921472 8
32158624998498304 8
32158869769691137 8
32159768051191808 8
32160236940824576 8
32160280121184256 14
32160649618395136 41
32161176976625664 1
32161424880963584 3
32161973722419200 8
32162187199913986 8
32162503664345088 8
32164900881047553 8
32165187846938624 15
32165284794077184 15
32166220039983104 15
32166259978141696 0
32166562546843648 15
32167017280700416 5
32167642680795136 52
32168528970780672 15
32168534079442944 3
32169319936819200 15
32169533791801344 15
32169588636520448 15
32169852475019264 15
32169956334370816 15
32170108776357888 15
32170114539323392 15
32170230868348928 15
32170314901233664 15
32170710541533184 2
32171765954248704 15
32172010373124096 9
32172035278905345 15
32172449223155712 15
32172966661849090 15
32173197512155136 21
32173448935510016 13
32173514224050176 20
32173851894882304 18
32173987261845504 3
32174043541016576 3
32174153079455744 42
32174180023672832 8
32174541832720384 15
32174687102435328 5
32175018792325120 9
32175817584803840 13
32176138549723137 15
32176468926660608 15
32177033324793857 12
32177494555770880 20
32178035096559616 10
32178088645238784 8
32178887425261568 15
32179723903696896 15
32180109024694272 8
32180134077267968 8
32180589050208256 8
32180867052863488 20
32180894043209728 15
32181931550441472 15
32181966761631744 18
32182011959443458 2
32182148651810816 13
32182260631343104 15
32182301358034944 9
32182941257826304 15
32183983034859520 5
32183988537794561 5
32184158461624321 15
32184523814862848 15
32184546560577536 20
32185014267420672 8
32185283025833984 42
32185629123026944 8
32186155772420096 8
32186438732746752 10
32187009527193600 9
32187105849384960 66
32187638798618624 12
32187896484073472 12
32188146699472896 15
32188470751404032 15
32188504712683520 15
32189154683002880 14
32189228423053312 66
32189250879361025 0
32189317849808896 13
32190585423003648 1
32191004668854272 4
32191056279764992 20
32192451028451328 3
32193105998389248 20
32193442645807105 12
32193810171699201 15
32193817339760640 13
32193819302694912 43
32194564567597056 2
32194616442757120 15
32194662563315712 15
32195043292876802 52
32195313305387008 15
32195619250507777 1
32196591137849346 67
32196794796478464 8
32196883719921664 15
32196887037616128 15
32196934097707008 15
32197440866095104 15
32197783146467329 42
32198774788980737 15
32200266950508544 8
32200466834132992 3
32201393800482816 1
32201590077136897 15
32201682758672384 15
32201728073928704 18
32202094458970112 22
32202496063578112 15
32203309838241793 15
32203319598387201 2
32203596640559104 20
32203633047109632 11
32203710893395968 15
32203718459916289 8
32204577008787456 8
32204599884513280 10
32204732583903232 15
32204767321133056 20
32204788955357184 4
32204806542069760 15
32204945306419200 1
32205570236747776 20
32206030679056385 15
32206096986808320 1
32206510473871360 4
32207793826045952 43
32208068011888640 15
32208404537671680 15
32209070626701312 13
32209447271010305 14
32209676934316032 3
32209681455783936 3
32209889547784193 14
32210480881737728 14
32211573246267392 11
32211663692234752 20
32211683082502144 4
32212481833177089 2
32212892514254848 15
32212972076015616 2
32214140856573952 10
32214149454897153 43
32214255461736449 11
32214460051496960 14
32214989334913024 13
32215613426376704 7
32215923481907200 8
32217759785951232 10
32218912527482880 2
32219376232960000 15
32219487591735296 15
32220434179031040 52
32221861890752512 15
32222576415608832 4
32222674335830016 3
32222795526045698 15
32223168466784256 15
32223989719896064 22
32224257488461824 42
32224707801518080 15
32226040524832769 58
32226125136531457 12
32226149392187393 42
32226525818396673 52
32227161003790336 10
32227406911639552 3
32228931012657154 15
32229056204247041 15
32229101687279616 10
32231670002225152 20
32232085791973376 3
32232405725085696 3
32232627092066305 2
32234256910524416 15
32234888664973313 20
32235148397256704 8
32235353691660289 15
32235678934769664 4
32236013988347904 3
32236285401763840 15
32236451890470912 52
32236618538549249 10
32239299902574592 1
32240494700396544 42
32240795943702528 15
32241489786445824 15
32241730048753665 11
32242968895168512 41
32245224117895168 3
32245463973371904 3
32246224383909888 14
32246374158303232 20
32247496864432129 5
32247603320070144 8
32250441588805633 4
32250817016758272 2
32251061175582720 20
32252677811343360 42
32252735009062912 4
32253721475809280 5
32253921909014528 41
32255086369439744 4
32255757789433856 10
32256116758945792 15
32257572643807232 2
32259044290854912 15
32259101832515584 15
32259419114835970 12
32259469517787136 15
32259605820088320 11
32259772392677378 3
32260375730716673 15
32261097926950913 13
32261457110372352 13
32264229474009089 15
32264316807811073 10
32264970028716033 2
32265124903387136 8
32266142080831488 8
32267168536072193 2
32269154350272512 9
32269216266584065 15
32270582997327872 3
32271723462131712 15
32273091673464832 67
32273288306630656 15
32273316047757312 4
32273492078497793 42
32274380876681217 5
32275892562567168 15
32276249082597376 2
32276276173611008 11
32276842450784256 8
32277447273619456 2
32277710415863808 8
32277896026390528 11
32278704373633026 13
32279145685721088 4
32280794751827968 8
32281431338127361 4
32282022927925248 15
32282429179822080 14
32282626836406273 42
32284249633587201 42
32285246074388480 2
32287551872049153 5
32288498534842368 14
32289704808292352 10
32290528389238785 20
32291019328323584 42
32292941246500864 8
32293372370616320 2
32294422049722368 20
32295707524210689 3
32298450523525122 8
32299519139913728 0
32300117314772994 3
32302142257631232 15
32304192970293248 22
32305490633424897 8
32305784004022272 5
32306560973672448 42
32308949000654850 43
32310658305368064 0
32310855982911488 43
32310866670002176 21
32313438164230144 8
32315077310816258 12
32316351397765120 3
32318204227354624 15
32318476093751296 8
32319320507813888 8
32320632876179456 20
32320909322747904 15
32321344582455296 14
32321759147462656 9
32321882065739776 12
32322298098749440 13
32322398623633408 8
32322432266145792 8
32323030373892096 15
32323634810851328 0
32324277558575104 13
32326379521445888 43
32326398043496448 15
32326470424600577 0
32329356214804480 18
32330718071750656 1
32330870056554496 1
32330899370545152 13
32331185988308992 12
32332612391407616 4
32332659891904512 12
32333407627247616 9
32334592753008640 8
32334727037849601 3
32335549335343104 52
32337766540902400 13
32338805360959489 0
32339316797603840 20
32339365061468160 15
32341313076596736 8
32342810979999744 13
32343016765128705 0
32344622126604289 15
32345239410708480 2
32346710864830464 14
32347566460903424 52
32348602307190784 9
32349572198039552 13
32350953285877760 12
32352332100411392 20
32352461289168896 2
32354244535259136 3
32358168994516992 3
32358330819158016 8
32360324594143232 5
32360739788300288 11
32362555506692096 20
32362555540250626 20
32364431514013696 12
32364471187939328 4
32365178037215232 1
32366607409881088 8
32366607661535232 8
32367555838480384 1
32368185458040832 4
32368651625566208 2
32368654012129280 2
32374459507679232 2
32375570511691776 20
32375641584181248 1
32375816482463745 22
32379259720826880 15
32381251092480000 2
32382025805594624 1
32383733122203648 8
32383831071793152 4
32385356867309568 14
32386038231990273 18
32386624440504320 15
32388471939141632 12
32389730960150529 42
32389732767895552 4
32390056433950721 12
32390622216196096 1
32391346161459200 67
32391662521024512 15
32394666049536000 6
32397526409674752 2
32398862891098112 8
32400138295050240 14
32400229357588480 4
32400871241293824 15
32401917023887360 14
32403731752419329 58
32403820008968192 13
32405562306072576 5
32406885936140288 5
32407655679008768 0
32408032746930176 3
32408210883223552 2
32408857124802561 13
32409118752903168 0
32411503025979392 1
32413436684009472 11
32416611696640002 0
32416923580899328 2
32418660022747137 5
32419070112432129 6
32419223628152832 0
32421023961841667 0
32421632173678593 3
32422211587416064 13
32423693359521792 15
32424162014273536 43
32425136569188352 14
32425707497857024 22
32425833100476416 15
32425915698909184 17
32426037904146432 10
32427225965928449 0
32428282754375681 2
32428648606732290 42
32429191945261056 8
32429606371852288 7
32429674562850816 2
32430378786492416 43
32431000168439809 9
32432257314586624 11
32434141525970945 9
32436350045130752 3
32437571808141313 3
32438095613788160 1
32439099205877760 14
32439432820822017 20
32441667235610624 15
32441769618579456 15
32442437133672449 13
32443364628500480 4
32444500798341122 42
32444935978352640 4
32445143827087360 5
32446564383334401 13
32448141357744128 2
32448306118397952 8
32448408966926337 20
32449926772293632 13
32452049270476800 9
32452086373294080 9
32452276824051712 9
32452930514722818 41
32453332115128320 4
32453406425616384 1
32453609195048960 58
32454920107982848 22
32455126887178241 9
32455150438195200 15
32455748332032000 15
32456451314163712 43
32457937586757632 22
32458800380252160 20
32460723665768449 12
32460968856391680 52
32461016214278144 5
32461993034129408 15
32462481175613440 11
32462489392254976 11
32462887561732096 43
32463077777612801 2
32463160648671232 12
32465053630341120 15
32465144185356288 8
32467247280685056 1
32468216378822656 43
32468575297994752 15
32468950860173312 15
32469924240695297 4
32470427972407297 14
32470573246316544 15
32476378754453504 14
32477041165074433 15
32477194018095104 8
32477919116791808 15
32477959696683009 1
32478647419928578 3
32479664446382080 15
32480302999797760 14
32481036822650880 43
32481830930219008 11
32482477326991360 52
32482950582894592 13
32485126906580992 14
32485414145097728 13
32485452514594816 17
32485501529227265 13
32485887937875968 42
32486048210616320 13
32486108361138179 41
32486358001917952 42
32487334716903424 13
32488312107175936 4
32489590547808259 42
32490444080287744 8
32490845986881536 2
32490992099655680 42
32491591830609920 67
32492654612713472 12
32495223036706816 2
32496019627319296 18
32496492233105409 8
32497597759361024 12
32498147473235968 15
32498659710996481 15
32498937633972224 10
32499327989448705 20
32499549176078336 14
32499598308155392 15
32500332932112384 12
32501093334257666 1
32502388946370560 8
32502862957256704 58
32503347730714624 12
32503415393226752 41
32503468220489728 13
32503714556149760 12
32504904018829313 13
32505923503128576 13
32506008127406081 20
32506210196389888 10
32506890034348032 42
32510440902754304 7
32512309221924864 20
32513750305083393 9
32513835105525760 2
32514099929686016 22
32514539840864257 3
32515257507258368 8
32516157156098048 9
32517331745771521 1
32517750123401216 4
32518041971462144 22
32518201636032512 12
32518340215832576 15
32518976617578497 3
32519623433785346 12
32521219844608000 11
32521616311189505 1
32521637987360768 1
32522014338064384 42
32523618894225408 20
32524320248958976 15
32524328532713473 15
32526150886498304 42
32527114225852416 13
32527253346721793 52
32527914905894912 9
32528214312095744 17
32528566885285888 20
32528615723769856 9
32528974961713152 9
32530826499465216 14
32531206918635520 13
32531341983621121 10
32532358276063232 2
32532987211948032 15
32533397763006464 11
32534533177872385 9
32536229392162818 10
32536411848581121 1
32536700076953601 22
32539186095456257 13
32539271038504960 17
32539852436148224 1
32541042939006976 7
32541261583880192 4
32542184527888384 42
32542836058488832 5
32542852458221568 1
32543000177418240 5
32543743814930432 22
32543744620232705 22
32543772990513152 17
32544483153289217 22
32545364183613440 3
32545371230052353 12
32546986045476864 41
32547066970382338 14
32547255554670592 20
32547648300912640 9
32547752923635712 8
32547997975842816 1
32548073955659777 4
32548214951383041 22
32549095893639168 1
32549389721403392 14
32549644701536256 42
32550052694065152 20
32550327760723968 13
32551173739249664 9
32552060062793728 8
32552976216231936 42
32553030586998784 42
32553351690321920 42
32554592159928321 8
32554726071476224 42
32555090397110272 3
32556150570356736 1
32556180526080000 8
32557812051607552 12
32558020877619200 41
32558360511385600 8
32559316766556160 9
32559715070251008 11
32561105142288385 1
32561115527389184 13
32561350819454976 9
32561534420910081 15
32563233118224385 15
32563258921586688 14
32563914822656000 13
32564097077739520 9
32565512042971137 66
32566470160420864 8
32566717867630592 22
32566872377401344 1
32566881835552769 42
32567659467898880 13
32568228005814273 17
32568841573769216 13
32569953873825792 9
32571023085805569 17
32571563756756992 13
32571982134378496 20
32573114793598977 9
32573928836702208 17
32574072579690497 20
32574099448406018 42
32576023623106560 17
32576758632939520 2
32576807236538369 3
32577799575310336 5
32578983597973505 42
32579076275306496 13
32579490752241664 15
32579712551231488 5
32579809141854208 58
32580790646738944 20
32582639261061120 11
32583035073335298 42
32583036797194240 42
32583055008858112 5
32583055604453376 10
32583736054775809 42
32583994583289857 42
32584414005301249 9
32585018849103872 2
32586132818501632 66
32586965681438721 15
32588014437793792 42
32589356615077891 42
32589548072476672 20
32590382617337856 9
32590493133049856 9
32591873214251009 42
32591908677091328 9
32592002486902784 43
32592052722077696 42
32593636973617152 3
32594589843980288 1
32595644770164736 42
32595979823751168 1
32596167107813377 5
32598618133237764 12
32598740564975619 6
32598917954674688 2
32599155926892545 10
32599255730364416 5
32599987665768448 3
32600562843262976 20
32604199921385472 3
32604546417041408 1
32606382687522816 14
32607857698410496 1
32607943580975104 13
32608656830758912 42
32608830621745152 13
32610048588906496 9
32612222928683009 12
32612319343157248 8
32615879359332354 52
32616580173139968 8
32617196756668417 42
32617341409820672 12
32617804536487936 10
32618858405695488 12
32619011673952256 58
32619047283589120 42
32621134683840512 66
32622381050626048 14
32622886317461504 20
32623125245984768 4
32623133387128832 42
32623902945447936 15
32624529519939584 66
32625095549657088 0
32626170595909632 8
32626861703954433 20
32626867303350273 9
32627792780726273 15
32628163238432768 20
32628194586660864 42
32628832993288193 20
32628884600000512 6
32630996998295553 20
32631085309370368 3
32633259359739904 14
32633901344096256 8
32634200716738560 1
32634315103805440 42
32634966525353984 20
32634973206880257 1
32635181449871360 42
32638038530072576 22
32638110730821632 10
32640046532132864 1
32641918215135232 3
32642524065562625 18
32642741691219968 20
32644680751521792 42
32644795054694400 12
32644963787341824 42
32645230331174913 5
32646199903264768 22
32647533733875712 9
32648627402842114 42
32648645903912960 42
32648771586228224 13
32649534156836864 9
32649847471349760 42
32650628815654912 14
32650743685058560 42
32652039993430016 5
32652240711852032 66
32652314498048000 1
32652838865731584 12
32653828419485696 14
32655479444344832 15
32655642380472321 20
32656041728548864 7
32658323484442624 1
32659011685842944 42
32660209772011521 3
32661582395740160 43
32662285939900416 42
32663964911403008 15
32664801981243392 20
32665088959713281 5
32666774717595648 20
32669769278693376 42
32670047541399554 14
32670101241069568 13
32670450282659840 9
32671832142258176 42
32672486919241728 52
32672688711409664 1
32673518244069376 2
32674086261886976 67
32674139747651584 42
32674978201604098 4
32675819839029249 8
32680771063910400 22
32682961971187712 14
32683388909391873 4
32684276013076480 8
32685391781830656 9
32690125683040257 0
32691067497222144 20
32691374054707200 5
32692752131035138 17
32693141245009920 1
32693255556567040 1
32693336259174400 11
32694249845694464 67
32695014534422528 8
32697231014371329 42
32697478650265600 42
32697974966460416 6
32699047206719488 42
32699071542067201 13
32700049083338754 2
32700084705558528 9
32703842235715584 42
32704325104963584 9
32708871931830274 8
32712112321077248 0
32713173651947521 13
32714324560576512 8
32716421565775872 42
32716620598091776 9
32716748293677056 0
32716860831043584 0
32718181986467840 42
32718912571310082 8
32721677703970816 8
32723611248758785 12
32723685072703488 0
32724723393634304 42
32725671826432000 0
32725982058123264 0
32726292407255040 18
32728329236783105 0
32728390058381312 3
32728506228019200 0
32729574290751489 42
32730058242138112 0
32730889012125698 0
32732520713814016 1
32732996893147136 20
32733290972577792 1
32735489010176000 9
32735966103863296 14
32736242768547841 20
32737771848212480 12
32739183097286656 5
32739416388673536 0
32740126257844224 9
32740444290940930 67
32742702810406912 17
32746460852260865 2
32747158964805632 0
32747814962335744 1
32748448079937536 8
32750424545034240 0
32750791861211136 66
32750991669460992 0
32753762095333376 8
32754321351249920 0
32754814647533569 43
32754929391108096 8
32755469902680065 0
32755776867016705 42
32755833590779904 42
32756322470469632 1
32758299401129984 18
32759096687984640 22
32759104686526464 15
32762036203036673 14
32762750287486976 20
32762860497014787 20
32763921383297024 1
32764359809695744 12
32765383786102784 4
32766364376637440 12
32766378477879297 12
32767369885523968 5
32767579571355649 8
32767607757078530 14
32769247159525376 14
32771758243184640 22
32771917148585984 1
32772606314684416 1
32773497323261953 14
32773731143127040 18
32774014975868929 8
32775913162678272 42
32776355909214208 0
32776483508330496 8
32777293533282304 11
32777734392389633 41
32778015167479808 3
32778112353701888 5
32778967383539712 10
32779746492293120 58
32782428774858753 8
32783121615167488 1
32783518912225280 42
32785311725518849 13
32785784809455616 42
32786191061356545 7
32787312802799617 8
32787317097762816 8
32787361368637440 7
32789286902300672 0
32789374424846336 9
32790975910772736 0
32791702833987584 22
32792717511630848 13
32792903831003136 0
32793336188239874 20
32794574992711680 13
32794842719322112 8
32794899619250176 18
32796533900451840 14
32797389341331456 8
32798407022084096 10
32799169760464897 20
32800470338637825 1
32801008442679297 15
32801515966042112 12
32802119442505729 11
32802198995869699 3
32802313693302785 42
32804963172229122 14
32805658713653248 9
32806689522581504 42
32807392949313536 43
32807589309845504 67
32808300818989056 5
32809302070661120 52
32809421763514369 0
32810840948215808 42
32811143571443713 0
32811196818128896 0
32811380801282049 42
32813321736429569 8
32814328939810816 11
32815181562122240 5
32817904802070528 14
32818491241271296 9
32819113487245313 18
32819265786609665 0
32820274516729856 42
32820438912475136 42
32820448949444608 42
32821429326053377 13
32821536830263297 0
32822741665054721 41
32824614375653376 9
32825347099598848 0
32825636556898304 13
32826659358908417 18
32827170921381889 42
32827533816762368 41
32828539896070145 8
32828627708026880 8
32829036996599809 8
32829044051419136 8
32830826009853953 43
32831284094967808 42
32831523480666112 8
32832049077297152 42
32832168187142144 11
32833336619573248 8
32833577678798848 20
32833578924515330 20
32833667453685760 8
32834152877264897 8
32834412047503362 8
32834447380324352 17
32834693879566339 42
32835054786842625 13
32835108230664193 8
32835165491298306 42
32835320386945025 42
32835480282206208 14
32835516311277568 8
32836131963801600 8
32836362507919361 8
32836561682833408 8
32837151003512833 8
32837517698928642 0
32837905013547008 8
32838223872925696 8
32838307066945537 0
32838336674529281 0
32838337605672961 0
32838733879312384 1
32839461746253824 8
32839486538780672 8
32839502988840960 8
32839602939101184 8
32839649596542976 8
32839696568549376 0
32839697902338049 0
32839702402826241 0
32840303744389120 11
32840371721474049 8
32840409264689153 9
32840637665517568 8
32840886542929920 0
32840912618917888 42
32840965274214402 41
32841247840272384 14
32841976655126529 20
32842241034686464 42
32842296898625536 4
32842301768204290 9
32842545159471105 20
32842781365899264 5
32842985490087936 8
32842998391767040 20
32843023188496384 8
32843599590727680 10
32843888242720768 8
32843907947560960 12
32844133928271872 8
32844335699460096 14
32844375390158848 8
32844589622624256 8
32844629854388224 8
32844658656673792 8
32844872352272384 8
32845501657255936 9
32845525027913728 2
32845652463456256 8
32845655978287104 8
32845657710530560 8
32845811939287040 8
32845854834434049 11
32846004181012480 0
32846379348922368 42
32846572110741504 8
32846572618260480 8
32846811597115392 8
32846877556740096 20
32847119559696384 8
32847330155692033 8
32847697350230016 9
32847872579862528 8
32848374961012736 8
32848515637968896 8
32848894010335233 0
32849314497691648 58
32849548187537408 18
32850005043716096 42
32850055085948928 42
32850290940059648 11
32850791035314176 17
32851252316475392 9
32851708795158528 8
32851764847841281 0
32852168373440512 8
32853237392474112 2
32853405043003392 20
32853964890308608 13
32854190313181184 8
32854345624064001 42
32854520908226560 0
32854747455164417 8
32855541566939136 43
32856990996762624 0
32856991055478784 0
32857146622222336 8
32857293158612992 8
32857568577585152 11
32857593827295232 67
32857880319234049 8
32857916847423489 67
32858627899396096 67
32858841427214336 67
32859038362378240 8
32859807799058432 58
32859951646904320 67
32860162742026240 42
32860450408370176 43
32860783574523904 67
32861072859856896 8
32861106095525888 8
32861286341545985 43
32861603745501186 8
32861696347344896 67
32862009091432448 67
32862139320373248 67
32862240021422081 8
32862614614712320 8
32862652640272386 8
32862680058568704 67
32862799671599105 43
32862970534952960 4
32863166773858305 0
32863253134581760 67
32863397951315969 20
32863528662605824 43
32863725941694465 67
32863779674923008 67
32864282798460928 4
32864407402840064 67
32864629428330496 8
32864634478272512 13
32864648239775745 67
32864706699984896 67
32864814447460352 9
32865088826245120 67
32865205914443776 67
32865779661676544 8
32865828227522560 67
32865855435968512 2
32866373495431168 13
32866434518351872 9
32866825050005504 67
32866875406819328 0
32866953563475968 8
32867176574615552 43
32867563620794368 67
32868020711849984 6
32868156535996416 4
32868464456638465 8
32868599072821248 8
32868605276200960 2
32868815901556736 67
32868823149318144 12
32869001784729601 12
32869077961678848 8
32869082793512961 67
32869647145508864 67
32869715546214400 8
32869874661335040 0
32870213976330240 41
32870373456355328 67
32870559788302336 42
32870870846279681 20
32871708100665344 41
32871838174416897 67
32872860015919104 52
32872962348548096 22
32873069701767168 67
32873160231620608 67
32873375311335424 14
32873876161560576 15
32874117065609217 20
32874160988356608 66
32874329540800512 67
32875018413154304 4
32875034338918400 67
32875201129611264 67
32875236080750592 43
32875274123083776 67
32875358302773248 8
32875425801707520 67
32875568244465665 2
32875983597998080 67
32876419369402368 67
32876528131899392 67
32876636042956800 13
32877208276041728 41
32877357576486913 22
32877575688691712 67
32877605967364096 8
32877609662554112 67
32877989695856641 6
32878285792743424 67
32878857941950464 67
32878960060669952 52
32879343399084032 67
32879724002803712 4
32880243987451904 17
32880320118267905 8
32880765935034368 1
32880949976891392 4
32880962538831872 1
32881720126607360 11
32882155105296385 5
32882899099328512 8
32883174077890561 8
32884248822153216 12
32884712519245824 41
32885051863601152 5
32885061296586752 9
32885692325437441 13
32886070056058881 42
32886403880718337 6
32887042283143168 20
32887217307258880 8
32887565853925376 15
32887965952770048 4
32888100904501248 13
32888561208393728 8
32889589886623744 0
32890758176444416 8
32891557921161216 42
32892263629586432 5
32892731252543488 8
32893223353450496 41
32893387413659648 42
32893504556371969 18
32893550928601088 20
32894495481667585 42
32894647919448064 10
32894858888749056 8
32895561510166528 12
32895689990086656 20
32896132807917568 20
32896271031205888 8
32896570001203200 4
32897322320924673 8
32898416442867712 41
32898621896654849 8
32898755506208768 6
32898983349194752 9
32899374300266497 13
32899560472846336 2
32900499128717312 58
32901093134442496 8
32901765418455040 66
32901840341442560 8
32901908855263232 18
32901989503336449 8
32902241920749570 20
32902260132413440 4
32902274934120448 15
32902469604347904 20
32902659610513408 5
32902783447334912 8
32903161928744961 20
32903540347375616 8
32904243903991809 5
32904280612544512 20
32904540592275456 22
32906643637276672 8
32906663576997888 17
32906783844466688 8
32908306074836994 10
32909406471454720 42
32909670372868097 8
32910909026336769 14
32911162915946496 8
32911355287830528 13
32911447176515584 8
32911735597826048 52
32911860223180800 41
32913746317803520 20
32914041718448129 43
32915045482496000 66
32915329218777090 41
32915729091141632 15
32916946257190913 8
32918942691360769 14
32919087927529472 20
32919399258132480 8
32919462151720960 42
32921017177341953 52
32921526181306368 14
32922195944542208 41
32922476715442176 9
32923297532346368 52
32923765524406272 9
32923988728479744 22
32924110325551104 14
32924742709157888 11
32925036524339200 14
32926959214272512 8
32926988167553024 8
32927516771491841 11
32927841762938880 8
32928093517651969 8
32928903798456320 52
32929221038841856 8
32929834636288000 2
32931947571318784 8
32932239301943296 8
32932355026980864 8
32932670358953984 8
32933129052372992 9
32933688203288576 20
32934250877554688 20
32934511155093504 15
32934634908024832 20
32934974877339648 11
32935839075934208 8
32936669128695808 43
32936792768389121 20
32940057354567680 14
32940672042401792 8
32941334444642304 14
32941744098119681 18
32942425047564288 9
32942884751679488 8
32943628636655617 18
32944662108966912 8
32944923422498816 8
32944947531358208 8
32945457676156929 67
32945505914847232 4
32946289448587264 8
32946504725430272 8
32946541794697216 20
32947243380113409 1
32947539808362496 66
32947946504847360 8
32948186985271296 8
32948356061863936 4
32948762015961088 41
32948857402822656 0
32949854242086912 20
32951685714280449 66
32951788327927809 14
32951974898962432 22
32951988413009920 8
32952592745103360 8
32953740646416384 10
32954702568103936 12
32954991371091970 8
32955007670157314 8
32955194161500160 15
32955696215498752 66
32955753920733184 9
32958185207758849 13
32960719381069824 8
32960860989161473 8
32960876420009985 8
32960879351832576 8
32960914013560832 8
32960940525752320 8
32960957906948096 8
32961230150832128 5
32961827973369856 42
32963730954264576 20
32963753171492865 6
32964361152630785 14
32964812291969024 1
32965124474019840 43
32966521948995585 42
32966629486755840 8
32966732238819328 8
32968345825312768 8
32969751617609728 14
32969804566503424 9
32970349112987648 8
32970422945325057 8
32970564121395200 22
32971154184478721 8
32971357931180032 8
32972003593953280 22
32973061993005056 15
32975029859782657 42
32975355983691776 8
32975515304329216 9
32975599303659521 18
32976933977329665 9
32977594907492352 12
32980113121353729 58
32980142808629248 8
32980463521894404 14
32980629217873920 41
32982215709167616 3
32982403324706816 20
32982837644754944 18
32983061868060673 18
32984314597613568 15
32984547339534336 17
32985770763489280 14
32986475041660928 10
32987812550676481 43
32988046022410240 13
32988215619092480 9
32989162416119808 8
32989744296108033 14
32991748946927616 13
32992651179466753 8
32993104919269376 8
32993365960163329 14
32993491789287424 13
32993577059491840 9
32993716935467008 20
32994048167903232 42
32994325797277697 13
32995320765878273 8
32995950695813120 20
32996781209948160 9
32996913221476352 4
32997301727268864 8
32998133591965698 14
32998890277961728 8
33000143494057984 1
33001812164354048 8
33004878599028736 14
33005455504576512 15
33006050965721088 20
33006471935426560 20
33006984714260480 8
33008783655436288 13
33012076888719360 10
33016417318076416 8
33016622826397696 43
33017304308514816 8
33017368460398594 1
33017924159541248 12
33019114461073408 20
33019941376491520 8
33020717851222017 8
33021011054039040 1
33022957970268160 8
33023689993752576 8
33023755638808577 42
33028273755652096 20
33028701973118976 18
33029128483508224 20
33030044649529344 41
33030215693238272 14
33030516215255040 0
33032755994435586 0
33034489114402818 14
33035131195228160 0
33035159171235840 1
33035848345722880 4
33040639432065024 43
33044326971871232 0
33044519750475776 1
33045549959610369 0
33046669725532160 13
33046753750032384 5
33047429204934656 1
33047430375149569 0
33048215674691585 4
33049449739583488 13
33049596343099392 1
33051552528736256 12
33052640904482816 8
33052691491987457 0
33054214678650880 22
33054628148940800 12
33057376915427328 1
33059260178894848 3
33059386054148097 15
33061293061574656 14
33062564845846529 67
33066062450794496 20
33066381851230208 66
33068047145107456 12
33068107408871424 0
33069508205740032 1
33069539939844096 13
33070870536650752 0
33070881286660096 0
33072026629439488 9
33073776681811968 20
33076720277917696 0
33077980318138368 3
33078825092911104 12
33078989929062400 18
33080792800301056 1
33081231440617472 20
33081846153613312 2
33082505233956864 17
33083294539063296 3
33083559656824832 8
33084558140252160 18
33084736515604480 41
33084942892146688 41
33085052841627649 0
33086601374474240 13
33087437659963392 15
33088678054068224 12
33088815753072640 14
33090345373794305 0
33093432729673728 14
33093613642584065 13
33093699894247424 12
33093923828146176 0
33094107148591104 12
33094359847014401 12
33095080994672641 4
33096213754552320 13
33098439319359488 3
33098964886626304 22
33099095195254784 43
33099156532760576 11
33099335671484416 15
33100682055647232 11
33100895784800256 0
33101876715204608 0
33102606633017344 20
33103695960875008 11
33103779331051520 0
33104835880419328 43
33105969328168961 13
33107726003339264 12
33108761853825024 0
33108934369738753 8
33110703292289024 8
33112297215893504 8
33112692348829696 1
33113792476872704 0
33113895233134592 1
33114843795951616 2
33116220215525376 8
33116468107288577 22
33116689084186625 52
33117503727075328 11
33118020138176512 8
33121268509184001 14
33121277527076864 14
33121286028791808 8
33122153138233344 8
33122802781392896 0
33123173713059840 12
33123225126838272 20
33123634197299200 1
33124365134471168 8
33125941806895104 6
33129665346408448 11
33130584670736384 43
33132476125675520 58
33132972735467520 15
33133383215218689 4
33133626308698113 66
33134238165377025 8
33134673743843328 8
33134807743471616 0
33135385701785600 0
33135652363051008 8
33136404745687041 66
33136673336328192 13
33137816556806145 18
33137927806521344 0
33138186045624320 9
33138285811339264 13
33138938495377408 0
33139579418710016 13
33140503004315650 8
33140845918027776 41
33140945583079424 10
33141025404878848 58
33141343194714112 18
33142206025965568 0
33143822955323392 14
33145262734057472 0
33145274914312192 1
33145936930668545 6
33146965940240384 8
33148017498394624 41
33149238988771328 22
33149532485189632 18
33150095704727552 22
33150242681528321 20
33152938675277824 43
33152956752732160 4
33153068040192000 20
33153383825154048 13
33153781575196672 52
33154492828491777 9
33155383396663296 8
33155576850550784 7
33156000403947522 10
33156793634922496 66
33157201300291584 4
33158778220183553 10
33158966397763585 12
33159468443242496 10
33160018362638336 13
33160332792827904 10
33160334923538433 10
33160338631299073 10
33160581808660480 5
33160731314618368 10
33161061280514048 10
33161186291744768 5
33161211214299136 43
33161991631671297 67
33163577296687104 52
33163747698675712 0
33164098782896128 14
33164809033752576 18
33164886141829120 20
33167128383197184 12
33167627409047552 4
33170798608916480 18
33170849318051840 10
33170854179246081 10
33170858331607040 10
33170924563857408 20
33171377213145088 9
33171898514800640 4
33172362551627776 8
33172815595180034 13
33172829084065792 20
33172841666977792 13
33173520401825792 12
33173593487572992 20
33174545892380672 9
33175237004627969 8
33175811968212993 8
33176032039141376 18
33176111395381249 22
33176392325660672 10
33177101439864832 0
33177277130870785 20
33177670900514816 10
33177836948819969 10
33178627365404672 20
33178793958973440 14
33180586386399234 20
33180961285873664 52
33181045662679042 18
33181395174178816 52
33181834305081345 8
33182153823100929 10
33182477581287424 8
33183533715427328 0
33184104878972928 20
33186099350212608 12
33186100151320576 0
33186177775304705 4
33186778764541952 8
33187764048498689 18
33188138117496834 18
33188392669810688 13
33188416405372929 0
33188770152976385 12
33189170650292225 8
33189554643017728 52
33189744468824064 15
33191028164919296 66
