306428048864051200 4
306428589937684480 27
306428732518842368 12
306429709816827904 4
306433610494386176 31
306433698578964480 7
306433786642587648 31
306434533262254080 31
306435883807145984 36
306437322466021376 31
306437800608288769 39
306438060659318785 39
306440996672110592 16
306441990701195264 31
306442162692820993 13
306443022537719808 4
306443970425274368 1
306444570223341568 4
306445966918160384 27
306446457647550464 2
306448932299489281 29
306448982635327489 20
306454087107493889 31
306454204522823681 31
306454913360220161 2
306455307645771776 27
306455961961377793 31
306456213619617792 5
306458566607372288 29
306458939917225984 31
306459132851023872 4
306459195748806657 27
306459304813273088 29
306460244316405761 27
306460886044905472 39
306461020266844161 4
306461653606731776 4
306462794482589696 29
306463864000753664 29
306463905960579072 4
306464103105441792 15
306464279253630976 29
306466292532117506 25
306466384802635777 7
306467164951568384 29
306467647262961664 23
306469543117717504 29
306469744419143680 29
306469887042273280 29
306469949952622592 29
306469996102574080 29
306471208231239680 7
306471367606423552 11
306473812885635072 29
306473921941762049 12
306474693727232000 29
306474878247243776 4
306475029258960897 4
306475377373622272 4
306475423536123904 4
306475612271431680 38
306476069425410048 23
306476950250205185 4
306477050900930560 4
306477478740889601 29
306477847827058688 29
306478808310087680 25
306479101907193856 24
306480112755417088 29
306481975034789888 40
306482402845421568 29
306483078128353280 7
306484059603877889 4
306486559379701760 29
306489013081079808 29
306489919050760194 29
306491860996743170 24
306492053913731073 28
306492225917947905 7
306497691075112960 24
306498349572431874 20
306498873881415682 31
306500014740480001 31
306500836807286784 5
306501231059288064 31
306504674603827200 23
306506541039763457 24
306506683654488064 29
306507086303469568 31
306507090531319808 31
306508269122371584 34
306509447692443649 27
306511150609223680 2
306515609124995072 3
306518306083450881 27
306518742270099456 29
306520273224613890 15
306521674088579074 34
306522592641167361 7
306522672341344257 4
306523028861353984 31
306523368587411458 29
306524299722895361 17
306525096670015491 29
306525188944711682 29
306526405271896064 24
306526463983747072 23
306526585652146176 29
306526841475325952 35
306527147693047810 29
306527437074882560 29
306527722312695809 29
306527726473474049 24
306529865589485569 29
306530356335616001 23
306531245502894081 29
306531476193820673 27
306531836891394049 9
306533439115493378 7
306534026326462464 28
306534802260127744 24
306535452393996288 13
306535750177009664 31
306536832341000192 27
306536907830091776 24
306536953938055169 25
306537025249607681 29
306538690417676289 24
306539202089205761 28
306540099699630080 10
306540137419010048 29
306540661702807552 9
306541236360200194 27
306542607889215489 29
306543077621895168 13
306543824212209666 31
306544101061443585 29
306544205914861568 29
306545195749613568 29
306545556455555073 29
306546013664063488 29
306546374344851457 28
306548253418213378 29
306548517646770176 29
306550430249414656 23
306550816129564673 38
306551327826259968 24
306555027198193666 34
306556663001923584 20
306557329875271680 10
306557396996718592 31
306558433002389505 20
306563667477008384 0
306563860406624257 29
306565869478240258 6
306566196650708993 23
306567488487972865 16
306568172155322368 4
306571384996380672 29
306573058540437504 31
306573515711201280 2
306574962750283777 0
306575692546576385 27
306577017963425792 4
306577076650135552 27
306577508676022272 21
306578041356824577 24
306578834084474880 27
306579442266939392 4
306579475829760000 6
306579647796240384 4
306579819741720577 4
306580130111823872 27
306580163695611904 29
306580742509568000 29
306580893491937280 29
306580927054741504 29
306581505835143168 29
306581912686821377 29
306583116485644288 2
306584374743281665 6
306584890667843585 24
306585859552071680 6
306586258015141888 27
306589714088075265 24
306590666199293952 4
306591341482217472 4
306591446339833856 4
306593040196329474 29
306593770001022976 28
306594046825086976 44
306595816812986369 36
306597393879691264 4
306597515527065600 7
306597922340995073 28
306601676280844290 27
306605459517874179 23
306605727940767745 29
306606013182783488 31
306608148083527681 6
306608911442640896 27
306609746088165379 6
306609934865416192 4
306610463322537984 23
306611922940329985 27
306612392714964993 31
306613768459280384 7
306614624097275904 29
306615144169996288 31
306618168250626049 31
306621729231499266 38
306621905375469570 6
306623088194383872 6
306623897695043584 6
306632936420155392 6
306634467324329984 26
306635452985786368 19
306636170215960578 31
306636535107837952 4
306638078620102657 19
306639643087093761 31
306639710229508096 36
306640486163152897 27
306648581174071296 31
306649919131885568 31
306650871234707457 23
306652515418656768 4
306653769511342081 27
306654302192148482 39
306655476588892161 39
306657666028158976 27
306658865607491584 4
306659419234652161 29
306668004991721472 29
306671410749796352 29
306682370470342657 2
306687592387182592 24
306688947164172288 4
306689072976494593 15
306690750685532160 39
306691425989451777 27
306701051904540672 27
306703065157873664 28
306706277994745856 31
306707188167110656 27
306707636945031168 19
306709109154123777 9
306711424401559552 12
306711441187160065 27
306712133272477696 20
306717627810713600 24
306719162925998080 40
306720605741412353 27
306720890983432192 29
306721067127431168 21
306723864707203073 29
306724133159460864 27
306726054154862594 6
306732932792471552 20
306733700375248896 29
306736695099936768 27
306737060000169984 6
306743326302949376 25
306743645074247680 31
306745171809280001 13
306746266510061568 27
306747877114380288 27
306751157051727872 43
306752406950121472 6
306753715602341888 10
306754357330837504 10
306755758228402176 27
306755909198176256 2
306755921772675072 27
306756102127747072 27
306757486252290050 27
306758551613886467 21
306760875258286080 39
306760912994459648 34
306761202414022656 6
306763832242622467 27
306765279302664193 27
306769012203851776 27
306769192550551552 27
306770127901298688 39
306771742708359168 27
306773932118265858 6
306775458840735745 4
306775559516594176 27
306776742306123776 4
306777597969305600 27
306777736381333504 6
306778680091361280 6
306780777218199553 11
306781486080741376 4
306781561569820672 27
306782085841039360 24
306782245224583169 27
306784447271952384 6
306784581456101376 4
306784904425906176 27
306785718146052096 4
306787450376839168 23
306787521688379393 9
306788066926944256 6
306790864544468992 6
306792412251037697 27
306792420614475776 2
306794245132533760 29
306794412921479169 27
306796388417671170 27
306797848073224192 0
306801606152814593 31
306802226909831168 27
306802721816735745 26
306803623621455873 4
306807306216148994 2
306807406883651584 2
306807696261271552 4
306807964696715264 38
306811433419673600 24
306811701829963781 27
306811857023401987 28
306815690625650690 31
306817095725895680 27
306818228183773184 4
306818702119165952 6
306819964629835777 26
306820157551038465 26
306820576973037568 28
306821029957885953 24
306822334382235649 27
306822577685426176 24
306825282986336257 15
306827300471705600 6
306828692984840192 28
306830815302656001 2
306830999831056384 7
306831691891212290 20
306833587699851264 27
306833600282759168 7
306834409800216576 27
306836255302361089 29
306840281842601985 6
306841695327223809 11
306842496418324482 27
306842769060675584 27
306842831945863168 23
306843796656758784 6
306843922477510657 7
306844710994079744 34
306848687227805697 25
306850750800228354 26
306851036021284865 20
306851656765689856 29
306854462784430082 27
306856434098925568 24
306857717530759168 11
306858313159696384 6
306858447348064256 4
306863610548875265 19
306869037978247169 35
306870833140338689 12
306871978168553472 25
306872150156001280 24
306874071138836480 10
306878319968808961 26
306879632769179649 20
306880979157540864 2
306881029493370880 13
306881696404492289 13
306881939665719297 13
306882199720968192 13
306882237444526080 38
306883961324466176 28
306885425140736000 31
306886809261072384 26
306887815873060864 27
306888726020243457 13
306890961601040384 17
306894551946235905 21
306894866514853888 20
306895634068279296 21
306895852172095488 10
306899484418392066 29
306901187310010368 20
306902877618712576 28
306904693735583745 13
306906014966493184 14
306906761556791296 27
306907927577513984 34
306908493787561984 13
306908837716303872 27
306908862903099392 29
306915917705666560 29
306916764942491648 38
306919411569291264 25
306919617098547200 21
306919856148729857 21
306920535655342080 21
306922733470621696 24
306923983373209601 29
306924692206399488 21
306925199713005568 21
306926072136601600 13
306926709670813696 19
306928978793463808 10
306932866875539456 21
306933231792578560 21
306934234222841857 0
306935073092014082 39
306936650162917377 20
306939959481364480 36
306941008053141505 39
306942140519436288 13
306942304088911873 39
306944149582663680 10
306945420460978176 7
306948142555865088 20
306948394205728768 24
306950596202737664 0
306951254712668160 20
306952936624361472 24
306954022965878784 39
306955402896105473 36
306955566473961473 39
306956464050798593 13
306960826126979072 34
306961019056578561 20
306961111335448576 27
306962738708635648 14
306968128406036480 44
306971936846663680 27
306971941019983872 5
306972620526612481 27
306973237080911873 28
306973832663662594 27
306974067548901379 14
306976609271955456 27
306978379268231169 5
306981579547373569 5
306981604708995072 1
306982108017086464 5
306983085281538048 25
306983903191785472 10
306984846901796866 5
306992535081979904 21
306993000645525504 39
306993625563271168 24
306993772393295873 20
307002928542150656 20
307003188601577472 27
307009861714067456 10
307011606573883392 39
307022130057469952 27
307023388382224384 26
307029906305478657 0
307032037020270592 4
307033710555963393 35
307035124023828480 25
307037560901861379 4
307045525897760769 7
307046494802935809 24
307049443377688577 6
307055546094215168 37
307065247510962176 24
307067785090039808 4
307068657488515072 27
307071719317831681 25
307073900364308482 0
307076064612589568 7
307077549392003072 39
307079575249235968 28
307080191824515072 27
307083811513044992 2
307084558099173376 23
307086684590309377 44
307091323494752256 15
307093299011932162 28
307097002582372353 27
307098734829912064 7
307100471280144384 4
307106796273819649 2
307107895189848064 27
307107903574265857 31
307110692790620160 13
307110759891103745 31
307112181797888002 28
307114635444776961 4
307117311398137857 1
307117462422421504 31
307117642777505792 31
307118011846914048 34
307127277081206784 2
307129005134446593 27
307131370721902592 35
307134805873672192 20
307135019749634049 4
307136391299612672 25
307142502383763456 25
307144196920336384 28
307146717671866371 0
307150274458443776 27
307151847309860866 21
307152036045144065 20
307158759506055168 5
307158784701235203 5
307161016062599169 4
307161129304592385 9
307161242550816768 5
307161242554998785 5
307163360657559554 24
307163893334159360 27
307164086288912385 13
307165332001411074 28
307166250562355201 24
307166443487760384 37
307169949930119169 31
307175335416442880 9
307178082693963777 27
307181526209138688 24
307182008549924866 5
307183841481728000 27
307184680321548288 23
307188442616451072 2
307191902934032384 21
307192657879396352 27
307194050396688385 27
307194264327168000 10
307194935382261760 9
307196063662624769 21
307196747338350592 26
307196797682585600 26
307197904983048192 26
307198236324675585 13
307199213568151552 26
307200916480720896 26
307202619363975171 20
307203445646053376 21
307203667956748288 13
307204733276401664 26
307205085618900992 26
307209330241978368 19
307210991177957376 26
307211171545628672 39
307211972670287872 2
307212664730423296 27
307212849271406592 2
307215089025560577 2
307216364098162689 9
307216854819160064 2
307217152635719681 39
307217240720302080 39
307217840501555200 39
307219291739127808 3
307220046684491777 2
307221112054489088 27
307224488477597696 27
307226463965433856 27
307228020081569792 24
307233262957371393 24
307233762075361280 21
307236236714721280 9
307237360800759809 2
307238530994814976 27
307239013335576579 13
307240145789276163 13
307240598769901568 28
307240816907272192 28
307242335220162560 4
307242393936203776 5
307242700116221953 5
307244822446608384 25
307245954896130049 27
307250212135641088 10
307252263150288896 13
307253500465774593 9
307253689217843200 20
307255371125358592 13
307258848207593472 16
307261188641792000 2
307261444490133504 37
307261754851864576 10
307262639841619968 20
307266276319961088 4
307267480076836864 29
307272672641945600 9
307273763140030464 25
307275516384264192 29
307275566711730178 29
307275600245178368 29
307278204920537089 25
307278641111384064 10
307282487283961856 27
307284072760242177 24
307287809876705280 34
307288199942774786 27
307288355144613890 27
307288929734914049 38
307289462436683778 6
307289672156073984 27
307290011886317568 24
307290016055435264 23
307290154467467265 2
307292868215701505 24
307299377754558464 20
307303609803100160 2
307304280895930368 24
307305258185539584 20
307305748923314176 36
307310102577307648 11
307315446124802048 1
307320982622838784 0
307325436969492480 25
307326439399776256 24
307327664157511680 7
307332118504144896 10
307335725613973504 25
307335901766381568 10
307336224711000065 21
307340209295593473 27
307341958353920000 27
307343942234554368 19
307345074692440064 27
307349038309732352 10
307352926454693888 32
307355988284035073 5
307356453830803457 28
307356843905282049 37
307360182604820481 10
307361814180679680 28
307364469183483906 10
307369338757865473 20
307378020971327488 0
307379371528822784 13
307379732234764288 19
307380759835062272 10
307381804225163264 10
307382307550007296 19
307385931420274688 5
307386229199089664 5
307386392785342464 5
307388573810819072 10
307396861784883200 13
307397608350035968 5
307397646123954176 5
307397692240297984 10
307402142384267264 10
307402884801249280 5
307403522348036096 5
307403534922551296 5
307403539116863488 5
307403929157783552 27
307405611086258177 10
307407506920067073 10
307408635200413696 28
307409448899588096 10
307410191257841664 10
307413009846915073 23
307415710970306561 11
307416122024677376 20
307416801489342464 10
307420106609278978 20
307421599789887488 5
307424758105001984 10
307431003394281472 10
307431250866601984 39
307432563683778561 25
307433402544570368 11
307435323552567296 5
307444202877370368 5
307445154996961280 27
307446019006803969 10
307446551675031553 5
307448715973627904 11
307450615968186368 5
307450649514213376 11
307451429663158273 2
307454147576348672 31
307455359746969600 5
307456261518147585 21
307458291565486080 5
307459025568669696 5
307459268817326080 5
307459713409355776 5
307461353378025473 5
307461647004471296 5
307461957353611265 5
307462120944066560 5
307462808801513472 10
307464444605255680 5
307465186980282368 27
307465811923173376 5
307465828713000960 28
307466998923812864 0
307467506434572289 5
307469041541468160 10
307472413770276864 5
307472690581733376 37
307475395937198080 2
307475555295559680 11
307478914941476864 5
307479455989895169 5
307479607022612480 5
307479900607107072 25
307480206774521859 5
307480689123680256 5
307481142125268992 11
307481150518079488 5
307481830003728384 27
307482706588090368 25
307484015210942465 5
307484619199107074 36
307485877473513472 5
307486527624200192 25
307486879941554176 5
307488347935358976 10
307488465363300352 13
307488599576809472 5
307488834491392001 5
307489383928438784 25
307489904005369857 25
307490721923989505 10
307491908907855873 10
307492995215790082 2
307493204918407170 4
307493443997925376 0
307494886838530048 10
307495490826678272 19
307495641846788096 7
307496547812270080 10
307497109853200386 27
307497546044035072 11
307497638310326272 10
307497910965243904 10
307498288440016897 11
307498389086535681 10
307498925953273857 5
307499441873645570 2
307499680936386560 5
307501107003916288 5
307501656474542080 5
307501765530632192 5
307502029746630656 5
307502096842883072 5
307504093344186368 5
307504563097837568 5
307505599095111682 11
307506161123483648 5
307506551231492096 9
307506593140969472 5
307506693816852481 5
307507339756457984 19
307507549471657984 19
307507721438109696 5
307509260751892480 5
307509596292018176 5
307509969580855297 13
307510535803502592 19
307510921696264193 10
307511496299147264 5
307512431620534272 5
307512972685758465 25
307513232732606464 28
307513329222553600 10
307513723453575169 5
307513899614363649 0
307514012894130178 26
307514210026397696 11
307514499420782592 28
307514730115919872 11
307515594138324992 13
307516781134757888 11
307516814655643648 34
307516953076051970 5
307519343858688000 10
307519746507698176 5
307520199488315393 20
307521873007226880 11
307523122926596096 5
307523135496941570 19
307523861124112384 2
307524586730311680 5
307525303952097280 31
307525966635339777 13
307527120081526787 5
307529737331425280 5
307530643296903168 5
307530790101741568 5
307533013087031296 4
307533386363330560 10
307534795657846785 11
307535051527188480 5
307535986840182784 5
307536062354440193 5
307537433870872576 9
307539078033833986 5
307539791065526272 5
307539799441567744 27
307539908522827777 10
307540059509370880 10
307540575404572672 9
307542198608596993 2
307544274776510464 37
307544882950594560 7
307544937484926977 5
307547953172717570 5
307548049654300672 5
307549156946358273 10
307549358293917696 13
307551811961778176 10
307553875542552576 5
307554114617892864 9
307554278195724288 13
307557230985740289 5
307557365186699264 10
307557482627215360 19
307557520413687809 10
307558518637080576 43
307558921286057984 5
307559709806845952 2
307559764341161984 0
307560531903004672 1
307561484018393088 23
307561714679959552 10
307562306101981184 10
307562712953679874 2
307562822013964289 32
307563027505504256 5
307563811831951360 23
307565820911947778 5
307567737738260480 23
307568475902193664 10
307568555598168064 23
307568815674372096 20
307570443039145984 23
307570598236811264 11
307571369976135683 23
307571617440100352 5
307571948811059200 19
307572900888715264 11
307573156766433280 11
307575501373992961 10
307575685935951872 5
307576268923236352 11
307576554161045504 23
307577489461485568 5
307577774695120897 27
307577934087069697 10
307578894586892288 5
307578995220824065 5
307581469876944897 10
307582073865121792 13
307582275158155264 13
307582514237681665 23
307582556180733952 9
307583395037327360 16
307583952888147969 35
307584821138452481 5
307585630601371648 10
307587392213221376 10
307587807482875906 5
307588801511956480 11
307591670399107072 27
307592068874772480 10
307592580563099649 21
307592869999427584 2
307592941277433856 10
307594191192616960 5
307595403346464769 11
307595491422662656 10
307596464505380864 36
307596636455063552 27
307597542437289984 9
307597580177653760 10
307598603608788993 13
307599513781141505 5
307600201642811392 10
307601006924029953 5
307601933890383873 46
307603519337271297 10
307603859054919680 23
307605280923987968 23
307605616497655809 5
307606107231227905 5
307606417571971073 28
307606899916939264 10
307607118050115585 5
307608611230724096 10
307610095980797952 5
307610326663327745 10
307610414743707648 10
307610469299023873 10
307610678989041664 20
307611165545095168 28
307611874365669377 10
307611937288638464 21
307612037977092096 21
307612314801160193 13
307613061387280385 10
307613187208007680 10
307614705541853184 5
307615133360857088 11
307615334687469568 5
307615615693225984 21
307615707976327168 10
307615959626158080 10
307616026743427072 28
307617154998607873 10
307617444409798656 10
307617448608272384 10
307617616372060161 21
307618048381186048 2
307618950164905984 5
307619726102777856 13
307621722599854080 19
307622246900441089 10
307622288830918657 10
307623685546708992 25
307624226607755266 24
307624713134419968 5
307625598161915906 5
307625635906469888 27
307625816232194048 5
307626743190138880 20
307627141628059648 5
307627787588620288 6
307627900797071360 5
307628135715840000 10
307628148269404161 10
307629117166202881 27
307629251375538178 19
307629373014548481 10
307629901517832192 21
307630274794119168 38
307630518067929088 10
307630648095539200 5
307632187409321984 25
307633915437412352 5
307634058056331265 10
307634095784095746 10
307634242605686785 10
307637153465266176 10
307639158309023744 5
307641955926552578 23
307642039816814592 5
307642882876125184 5
307643235189264384 19
307643428118863872 19
307643830797225984 19
307644459926044673 19
307644564787851265 19
307644682215759873 24
307644967420055552 19
307645290406629376 19
307645823087439874 9
307647555305619456 23
307649769910726657 11
307650470380453888 19
307651569254559747 5
307651577651544064 25
307652986941894656 20
307653163127824384 5
307653297345540096 5
307654769521090561 2
307654941512695810 1
307655067308277760 5
307655289627365376 5
307655558058627072 5
307655801345024001 10
307656073949618176 10
307656350790463488 2
307656531153924096 31
307656816349835265 0
307658565374582784 5
307659093844324352 23
307663321694351360 2
307664747795447809 13
307664756146331648 5
307665343382441985 10
307665787953491968 23
307665926361346048 5
307666459063119873 28
307667260154191872 23
307668702994767872 5
307670162633523201 19
307671055999320064 5
307671173439823872 39
307672213648191488 5
307673048285331456 19
307673513865641984 21
307674004590821376 2
307674419856293888 9
307676806419451904 5
307677511049949184 5
307678920315113472 25
307681092972969984 6
307682250617659393 2
307684104500023296 5
307685325013135361 5
307686524596658177 27
307687065674469376 36
307687136990228481 25
307687170506903553 5
307689389310484481 5
307690291090046976 10
307690341413289985 11
307690865705508866 13
307695965991735296 10
307696913912836096 19
307697681445318657 2
307702462939291648 27
307702764933373952 19
307703834485080064 19
307704484606398464 10
307705407340687360 19
307706535621058571 24
307708272075481088 4
307708364354355200 4
307708624405417984 5
307709161272127489 9
307710574727397378 2
307713481401065474 41
307715016520503296 23
307715725345304577 5
307717025587920896 5
307717163995762688 5
307719420543905792 5
307730552214147073 21
307732653573038080 9
307732926186004480 5
307737355375243264 32
307741629350035456 5
307744905130819584 5
307745853043511297 29
307746981302923264 5
307749686608011264 5
307749921505820672 5
307750001180803072 5
307750483559333890 5
307750873629618176 5
307751112700723200 5
307751666353061888 5
307753482482499584 5
307753633448083456 5
307754967245135872 5
307759673283579904 11
307762332459753473 23
307762458288852992 27
307763372634550273 5
307763951469486081 27
307769110434029569 20
307773212496908288 25
307774391079555073 13
307775934587625472 20
307778258219438080 2
307783794709110784 5
307789633176092672 5
307793173181235202 5
307796155331395584 5
307797002576621568 27
307798084686065664 19
307800001503961088 5
307803809919430656 19
307804992717324288 5
307814236984315904 11
307816967442661377 11
307819165270560768 24
307829068013920256 5
307829290341396480 5
307829374189699072 24
307830326300901377 27
307832171819839488 23
307833786635259904 11
307833992131006464 5
307834461893062656 11
307836462592847872 23
307837800571613185 10
307838064812769280 5
307839365059575808 5
307844251402764290 23
307849196487188481 5
307851746619817984 5
307851826328383488 19
307852476449697792 5
307854980436606977 13
307861120889266176 23
307864430182543360 21
307866107929296896 21
307869165568540672 10
307871577305919488 27
307875956167680000 20
307879433245712384 36
307880519532679170 10
307882406977875969 5
307883124203872258 2
307883182949285888 5
307883543625871362 19
307884181172658176 5
307884273472516097 27
307885523366711296 16
307885934400122882 11
307886680982036480 23
307887175930884096 1
307889847677374464 1
307891055657893888 5
307891319869693954 1
307891454108397568 1
307892704010977281 19
307892779516833792 1
307893136036872192 0
307893597380956161 1
307894083920207872 1
307894599823802369 1
307895711314374656 1
307898622173908992 1
307899473605062656 28
307901533020889088 1
307902648680599552 1
307904263512809475 1
307904481612406785 9
307904506761449472 5
307905203032715264 1
307905307886108672 1
307905895092854784 1
307906410992263169 1
307906914300334081 23
307906998186426369 1
307907660894855168 1
307908990472429569 5
307909107912941569 1
307909498016780288 19
307910664012328960 1
307912287203753984 5
307912480133361664 1
307913235124854784 1
307913558103048192 1
307914334019936256 1
307915902693818368 1
307917005787365376 5
307917173559554048 1
307919128101007361 5
307919186825474048 1
307920097002000385 5
307920252208046082 1
307920440951726081 1
307920642265739265 1
307920902325153792 5
307921640522670081 24
307921946690072576 25
307921976071176193 2
307922286424498176 1
307923267879063553 1
307923335008907266 1
307923427266805761 1
307923477623631874 5
307923779605106690 1
307923829915783168 1
307923997696344064 24
307924043842064384 5
307924534558867457 10
307924538778337280 1
307925071450746882 5
307925805449764864 1
307926866600284160 1
307926870802972672 1
307926937903439872 5
307927541891600384 5
307927952945991680 38
307928485614219264 10
307928594670292992 24
307929026687799296 1
307929349624049664 1
307929370620731393 5
307930712789643264 1
307931622941020161 5
307931828482875392 10
307932059161206784 27
307932503749050369 5
307933124510244865 5
307933518758047744 1
307933787201892352 39
307933858505035776 1
307934638674964480 34
307934697361657857 1
307934982595309568 24
307936073126907907 1
307937528521060352 1
307938434520055810 1
307939260789563392 1
307940070269284352 5
307940296791035904 24
307940959474294786 1
307940980462612480 1
307943413150535680 44
307943614468739073 1
307948110741663744 1
307949562008576001 5
307949792695316480 1
307949801067139074 5
307955723436965888 5
307958030304161792 1
307958068036108288 1
307958277738745860 26
307959770931949569 5
307960995647717377 24
307961566098235392 1
307962979561914369 5
307963747144724481 1
307963877159759873 4
307964120404205568 1
307965877834354689 27
307966527930507265 5
307967828189921280 21
307969988252295168 1
307970197950713857 1
307972152508964864 5
307973129798553600 23
307973146567401473 28
307973972845277185 5
307975692514103296 24
307975990288728064 1
307975990297104385 1
307978020327653377 1
307978037125844992 1
307978058088984577 5
307978657874444288 5
307978829857689600 5
307978834018443264 5
307979815510765568 1
307981103136915456 5
307981342237405185 41
307982269153439744 5
307982361453289473 1
307982378209521664 1
307983808492351488 1
307984911581720576 5
307985607836180482 5
307985918197919747 1
307986081792528385 1
307986220221349889 35
307988506117029888 5
307988535464562688 5
307989181395767296 5
307989835711393794 1
307992096428675072 1
307992973054967808 1
307993048514691072 5
307993539281813504 5
307995317662515200 1
307996294914404352 1
307997586789371905 1
307997863592472577 1
307997934908219392 5
307997976855449600 5
307998366913142784 1
307999415493345280 23
308000262751141888 23
308001185489629185 1
308002481516990466 1
308003332964896768 1
308004159225991168 5
308005119755173889 5
308005757272608768 1
308006583546310656 5
308007149785718784 5
308007804097142785 23
308008030597951488 1
308008319988137984 1
308009662186397696 5
308010505216356353 4
308011415409684480 5
308011750945595392 7
308012698837323778 23
308012698837323779 23
308018008838787072 21
308018784780840960 10
308019858510061568 5
308020642861682689 19
308020965806338049 10
308021016171536385 5
308022555451719680 23
308025575358988289 1
308028209402896386 1
308031300588154882 1
308034249175465984 11
308035629105696768 5
308037596251054082 5
308038405739130880 5
308039194280857600 5
308040188314132480 5
308040586785615872 4
308040754528399360 26
308042822358020096 5
308044630073692161 1
308044957233606656 1
308044974027599873 1
308047847109062657 5
308048291722055681 1
308048946037669888 24
308049805865791488 1
308051114492841984 5
308052662191001601 1
308054771909148672 1
308054872555667456 1
308059435987791872 1
308059545043873792 20
308059922522853377 5
308061294056046592 26
308062904681385984 5
308063252800237568 5
308063747715518465 21
308064666255519744 36
308065748385951744 5
308066360762716160 1
308067270918287361 4
308067719742386176 26
308068206256459777 1
308071658193833984 4
308072987783987200 1
308073973441241088 5
308079337956065280 1
308079358931779585 1
308080214540447744 27
308080487207927808 5
308081560949780480 1
308083507090046976 27
308088229867970560 1
308089370722856961 1
308089391677583360 1
308089702060290048 1
308089781756243968 21
308090234757840897 1
308090599653928960 5
308091576909967360 23
308092424192937985 1
308094932378345472 23
308097172124086273 25
308097880974041088 23
308097956475723776 23
308100082975264769 5
308100183651131392 5
308101093819314176 5
308101630656655360 5
308102024950607872 5
308102444364218368 4
308104667353710592 1
308106202485768192 25
308106500277149696 5
308107745968656384 1
308110107361828864 5
308111218860777472 1
308111835419246592 5
308117275448340482 5
308120781878075392 23
308122262467395585 1
308122400862654464 5
308129547973443587 29
308130130985889792 1
308132194554097664 5
308132362338828288 1
308135025726078976 25
308137353577377792 5
308142231523581952 1
308143972155551744 5
308151786143899648 4
308152079766147072 1
308153686201364480 24
308162859131625472 25
308167879713492994 5
308172808024911873 1
308175244911337473 24
308175945334939648 1
308176918447001603 5
308180932395937793 5
308182064837050369 23
308185877455200256 5
308188150788935681 13
308189144834789376 13
308189845279346688 5
308192760316440577 23
308193125229285376 2
308193460761026561 5
308193523667173377 5
308195813778141184 2
308197944484585472 6
308202990223904768 5
308207008350363648 1
308208627372658688 21
308210024067526656 5
308211655672729602 1
308211672441577474 27
308213689893412865 5
308214629434281985 5
308215032083275776 27
308216273593044992 5
308219012481945600 23
308221172531728384 9
308223018021302275 24
308223512940773377 4
308224985137303554 1
308227162010439680 5
308227845665210369 28
308229162676654083 1
308230869775155200 20
308235382842089473 23
308235970032058370 1
308238952173805568 5
308239648449257472 5
308239791055581184 6
308241619772141569 10
308242215359094786 27
308242546696540160 23
308244610289913859 2
308244627062943745 23
308245574975647745 5
308246044762845188 4
308246388678983681 41
308248607474200576 28
308250150978088963 27
308250226471346176 8
308253594518425600 1
308260594790830080 5
308260699644235777 24
308260708041240576 3
308261161009299456 0
308261559489163265 1
308264159940837376 10
308264386450038784 5
308265611186798592 44
308267968385675264 11
308269717389451264 4
308273823625666561 26
308275354555011072 11
308275400683950081 5
308276688335278081 4
308277388805025792 5
308278005371908096 2
308278626128891904 1
308279779541532672 35
308281801183481856 20
308283374064246784 1
308287991988776960 1
308291762651271169 2
308293612351942657 1
308294337953923073 1
308294669320728577 1
308298012172632064 5
308298863628922880 41
308299677302943744 5
308301413765750785 1
308301451522895873 10
308303842271977473 1
308308334371536896 10
308310888702685185 27
308312616734978048 11
308315045236965376 28
308315791856648192 5
308318371345227776 5
308320871150403584 36
308321307328667648 1
308322628559568897 5
308324222378328064 3
308325782663610369 27
308326273418153984 24
308326650905497603 24
308330874544480256 24
308332464194084864 42
308333579899908096 1
308333630231568384 9
308333890244837378 42
308333932200464385 42
308334565532000256 39
308334787855253504 42
308335802847469569 42
308335878374297600 24
308336079696707584 42
308336490709123073 42
308336562020691969 5
308336734012317696 42
308336868221673472 42
308336931136233473 42
308336985662185472 42
308337010807021568 42
308337249894944768 42
308337262465257472 42
308337459601739780 42
308337530925883393 42
308337849701392384 42
308340122980589568 35
308341523899088897 42
308341809103372288 42
308342249513689088 42
308342509535383552 42
308342664724619265 42
308343235183529984 42
308344728330571776 42
308345063887499265 42
308345160335519744 42
308345588175482880 1
308346259276722176 42
308346284425768961 42
308346829693657088 42
308346829706248192 42
308346875830996992 42
308347400123199488 42
308347404296540161 1
308347605631528960 42
308348427710889985 42
308348666773643265 42
308348926849867776 42
308349157540786176 42
308349203648741376 42
308349224624455681 42
308349434360639489 42
308349463704006656 42
308349597917532161 42
308349602116018177 42
308349811827032064 42
308350151569833984 42
308350323548889090 42
308350562611654656 42
308350759731347457 5
308350948475011072 42
308351351161765889 42
308351590207741953 10
308351711867715584 42
308351820919627776 42
308351850288144385 42
308352366170746880 36
308352454238556161 27
308352471036735488 42
308353016300445696 42
308353054032396289 42
308353343430991872 42
308353372782723074 42
308353557361479680 42
308353561559977985 42
308353788023037953 42
308353855131897857 42
308354052289359873 42
308354090042277888 42
308354337476861952 42
308354425574019074 42
308355272806637568 42
308356157804785664 42
308356518535901185 42
308356921184894976 2
308358389199687681 42
308358770889732096 42
308360821875036160 42
308361157427724288 42
308361161622028290 42
308362055017168896 42
308362424124317699 42
308362768061460481 42
308363225215422464 42
308363640472485888 42
308363640472498176 23
308363917288144896 24
308363934048595969 28
308364726801399808 42
308365305581801473 42
308365712458653696 42
308365792125259776 21
308366018609303553 42
308366312214781952 42
308366329021349889 1
308366693921595392 13
308366735835271168 42
308366844899766272 24
308366857495248896 42
308366932984344576 23
308367968964845568 27
308367981560356866 1
308368929464655872 42
308369562833932288 42
308369810260115456 42
308370082919231488 42
308371030806777857 42
308372201034379264 42
308372628853374977 42
308373908120297473 42
308374528864698368 42
308375254491873280 1
308375300608229378 42
308375451624144896 42
308376240132345856 42
308376311464865792 42
308376881873424384 42
308376881877614592 42
308377175462125568 42
308377485849026560 42
308377741705764864 42
308378324730798080 42
308379956298252289 42
308379977257189376 42
308380421849239552 42
308381805969555456 42
308381843730857985 42
308383135568101376 42
308383412413157376 42
308384406463184897 27
308384423252992001 42
308384565838348288 42
308384901382672384 42
308385119503273986 42
308385660572684288 42
308386558132776960 42
308386721702223872 42
308387053064826880 42
308387690578071552 42
308388139368599552 42
308389716460457984 42
308389842281193473 42
308390987326164992 42
308391511588995073 5
308392065274880001 39
308392455340961793 42
308393084473987073 42
308393340305547264 42
308393625526603776 42
308393671676538880 42
308393852048400384 42
308394363715719168 19
308395533930729474 27
308395718480130048 42
308396569932210176 36
308396867752980480 1
308398230884986880 42
308401364009099267 42
308403264033026048 42
308404987921309696 42
308405277303128064 1
308405281518411776 42
308406275555872768 24
308407064068239360 42
308407529648570368 42
308408938930511872 42
308409035420467200 42
308409488392744960 42
308409677123813376 42
308409752629686273 27
308410247574335488 24
308410708935180288 42
308412210483441664 42
308412445368664065 42
308413225525997568 42
308414903255977984 20
308415704372236288 5
308415830201360385 42
308415922446667777 36
308416325099872256 1
308416408977547265 42
308417340121415682 42
308417872798027776 42
308418061562703873 42
308418095091970048 42
308419642806894592 42
308420796219531266 42
308420863328407553 42
308421605745377281 42
308421727367606273 42
308422746583486464 0
308423656751636480 42
308423946171187200 24
308423958745710592 5
308425133134065664 24
308425141539459074 42
308425569371058177 42
308425770664071168 42
308425791648169985 42
308427477775163392 42
308427993678770176 42
308428165649424384 42
308428262084857857 20
308428836729651200 42
308429746889428993 42
308430376039239680 42
308432909398859777 1
308434813608677378 42
308436243866349568 42
308436566827737088 42
308439075025739778 41
308439548969504768 42
308441537073782784 42
308441998430449664 42
308442984104464384 42
308444041060679680 42
308444322108407808 42
308446276645687296 42
308446427615469568 42
308446595391844353 42
308446641520783360 42
308446993863286784 42
308447174230953984 42
308448294089150464 42
308452249330405377 0
308455478919319553 42
308455852212375553 23
308456003245072384 23
308456112271814656 25
308456594608386049 42
308456787575721984 25
308458188452290560 42
308458599485681664 1
308461246125047808 42
308461288034553856 42
308461573247205376 42
308463439716683776 42
308464136000532481 42
308464324710653952 42
308465138414006272 42
308465683673530368 11
308466702889398272 28
308467067793850368 42
308467252351606784 1
308468300919238656 42
308468581924999170 1
308468674229059584 42
308469164958429184 42
308469274018717696 42
308469282373779456 42
308469349507813376 1
308469521474273280 5
308469873774841856 42
308470653936361472 42
308471257911922688 1
308478119776489472 42
308478799262121984 42
308479097078685696 28
308479801725952000 42
308480313431031808 42
308480456008019969 42
308480909018030082 42
308481181639385088 42
308481508782522368 21
308483169739493376 42
308485115875561472 11
308485203981127680 42
308485908607430656 42
308486017655136256 4
308486202196111360 42
308487129145675776 42
308487892529975296 1
308488555225817088 5
308488693625282561 5
308489259852115968 21
308489637352046592 4
308490648175132672 25
308490782380290048 42
308491004711948288 5
308491013079564288 5
308491407360917504 42
308491419922874369 42
308492925682188290 28
308494544700334080 42
308494645346848769 42
308494834107305984 42
308495219979083776 42
308495794581950464 42
308497480687955968 1
308502731969146881 28
308505143706533889 25
308505311445143552 42
308505382777679872 1
308505382786043904 1
308507672842477570 27
308507995824865280 35
308508151018295296 8
308508159406923776 35
308508687885021186 1
308508847243407361 24
308508939555856384 34
308509312815362048 1
308510097162764288 5
308511590334996480 42
308511615517609984 42
308513473569116160 42
308514358584025088 42
308514543120830464 35
308514664780800001 27
308515495219458048 1
308516145336565761 24
308516384424488960 42
308517663687180288 8
308520985580142592 21
308521606320365568 42
308522046718099458 42
308522826892193792 23
308524571697496066 42
308525968392323072 23
308533321011433472 42
308533945996308480 42
308534084378980352 42
308534298313641984 42
308534323454300161 42
308535049094066176 28
308535141372936192 42
308535304925626368 42
308536076694343680 1
308536231875211264 27
308537880215707648 1
308538886865440771 42
308539704737923072 42
308540375830786049 35
308542724640997376 42
308543722906320896 42
308543903273979905 28
308544356246237185 42
308544486278041603 42
308544591127277568 42
308544796639768576 42
308544922456297472 42
308545987838881792 11
308547137053016064 25
308548105937244161 23
308548588277997568 35
308548697363468289 35
308549410361593856 35
308549712359866368 42
308549930472046593 1
308550467359756288 42
308550567993675776 35
308552505787301888 1
308552824537624577 43
308553583694082048 19
308553613075165185 42
308553738895912961 19
308554359648698368 43
308554686804406272 23
308554858762473472 42
308555290779979776 1
308555638907207680 42
308555915739672576 42
308556339351785476 42
308556372906225664 1
308557530538323968 27
308558197428477952 35
308558402970324992 43
308559199883907073 42
308559430553837568 27
308559493464223744 42
308561225736925184 42
308561548673155072 42
308561745822236673 42
308562777637781505 42
308563025089150977 10
308563863954141184 23
308564182704463872 42
308564275000123392 42
308564686046109697 42
308564845425471488 42
308564862181703680 42
308565894001467393 0
308567089361338369 35
308569513677426688 5
308571766035464193 5
308571992502714368 42
308572084768997376 36
308572462277341185 42
308574911755071488 42
308575457014595585 42
308575834497757184 42
308576161640886273 10
308577076015939584 42
308577642251186176 42
308578363658891264 42
308578413982126080 42
308578627900026880 42
308578799866478592 27
308578904703119362 11
308579135406628865 42
308579563208859649 42
308579722600792064 42
308579806482677762 28
308580985077891072 42
308582822199832576 27
308582939636137984 42
308585846305615872 42
308586618044940288 42
308586672587698177 5
308587733717250048 1
308587977020407808 42
308588060898103296 24
308588291584835585 1
308588652294979585 42
308589843447943169 42
308590061572743168 42
308590384513155072 42
308591143698968576 42
308591718331191297 7
308592607519469568 42
308593186329206785 42
308593953886842880 21
308594805338939392 27
308594901807943681 5
308595052794486784 1
308595283460235265 24
308595640013840384 20
308595728069062656 42
308596717941567488 23
308596831175192577 11
308597770695106561 2
308597825237823489 27
308598831853998081 42
308599104483766273 1
308599242920980480 20
308600811578081281 5
308600970944856065 42
308601373589651457 42
308601700745371651 42
308601906299805697 42
308602745156423680 42
308602887758548993 11
308602900349849600 27
308603156206600192 1
308603969884782592 42
308604062138523649 4
308604833907236864 42
308605282689355776 42
308605320463273984 42
308605412733747201 24
308605911826583552 42
308606780076879872 42
308607803487043584 42
308608906584797184 1
308609380541165568 42
308609464427225089 23
308610311685033984 23
308611653841334273 1
308611934872293376 42
308612555612516352 23
308612660491063296 42
308613469966565376 42
308613570659221504 42
308613730034384897 42
308615898493747200 44
308616594718867457 42
308616808645152768 42
308617320358621184 42
308618247303995393 42
308618540913684480 23
308618658345807872 42
308619182608621568 5
308619182642167808 5
308620029874802688 42
308621153960882177 1
308621632103120896 1
308621816656715776 35
308622143808229377 1
308622428995739650 42
308622462575325184 42
308623360168968192 1
308623477571727360 1
308623959950237696 42
308623976710680576 1
308624031224045568 1
308625469878706176 1
308625981575413760 42
308626103206027265 42
308626199704371201 42
308626476507488256 42
308626694602911747 42
308627676086812673 1
308627801920122880 1
308627856433496064 1
308628175229972481 1
308628842120114177 42
308630326882734080 42
308630897329045504 42
308631379665633280 42
308631467720855554 43
308631681651314689 42
308632507912450048 27
308632784761679872 42
308632818299322369 42
308633011228921857 42
308634693161594880 25
308634768659079168 42
308635410391777280 6
308635536199938050 42
308635536233467904 2
308635771110313984 42
308636362482020353 1
308637905985892352 42
308638187008434177 41
308638254108913664 42
308639285907701761 2
308641248867135488 4
308641840251412480 13
308641924154290176 42
308642628797358081 42
308642792371019777 42
308643702539177984 42
308643887080173568 23
308644000322170880 13
308644470080028672 21
308645766111559680 42
308645808058806272 42
