298913684791640064 167
298913798037860352 10
298914439791521792 10
298916314641211392 309
298916906025488384 241
298918432773111809 10
298918483096391681 236
298918495670919169 10
298918600524300288 235
298918676021796864 235
298920106296221696 240
298920701853847554 5
298921624617488384 235
298921632989343744 112
298921708490997761 10
298922379583827968 10
298923017147400192 10
298923067466448897 10
298923281371762688 112
298923742753587201 10
298923977643016192 10
298924535456096257 10
298924539675566080 156
298927429534228480 10
298929124033036288 235
298929480548888578 112
298930910793981953 6
298930982097141760 238
298931888091963393 10
298932315902586881 10
298933167346311168 10
298933523853754368 4
298933825852026881 112
298935277081198592 235
298935495180840960 235
298935717487325184 16
298937126756691969 10
298938557010165761 269
298938607358586881 10
298939114877755392 112
298942856180142080 235
298942856180142081 10
298943493726941184 10
298945414705606656 13
298945536352976897 112
298947134395408384 112
298949529309417474 10
298949600641941504 10
298949814538883073 10
298950754067156992 13
298952142394372096 236
298954042380537856 167
298955506205208576 10
298955715912036352 10
298957347492093953 235
298957758567424000 10
298958324773289984 5
298959276901277696 235
298961936090005505 167
298962661683642368 10
298964012257910786 112
298964058412032002 112
298964486193307648 16
298967598387826689 5
298968881832275968 10
298971532644995073 10
298971901726973953 10
298972040139005952 10
298972400882708481 18
298975118762336256 112
298975311712903168 261
298975500456570880 236
298977396265189376 18
298978541335367680 112
298979585700270081 18
298980969828982784 112
298980969837391872 292
298980986597814274 0
298981317956218880 13
298981527688212480 157
298982379115147264 112
298982479778422785 10
298982978879635457 112
298985222836453376 10
298987181572235264 292
298990142755053569 10
298992239919628288 10
298992596418715648 236
298992940360011777 236
298993926050824192 122
298994609701392384 112
298994999784243200 5
298996069302407168 167
298996073509302272 167
298999210848694273 167
298999856796680193 11
298999923871989760 11
299000309752135680 167
299000968262082560 10
299003346445037568 167
299003887514431488 11
299007771423170560 10
299008782254616576 235
299010699034771457 10
299011378516201472 112
299012519362715649 240
299014071280357376 16
299015291827003392 11
299015350526304257 167
299015509926617090 167
299015577014517760 13
299016877261336576 235
299016894059540481 112
299017837752770560 126
299019179921653761 10
299020882821664768 10
299027203658760192 69
299032178086535168 16
299032392012800000 235
299033218252959744 112
299036007465095168 79
299037139939762177 10
299038297559293954 167
299039727825346560 16
299039790748295169 16
299039807512907776 16
299041741103845376 79
299042328281247745 240
299042512851570688 0
299044857484288000 10
299045771809009664 11
299046405144731648 156
299046530978029568 18
299049022398795777 236
299049265672630272 18
299051434119413760 16
299051610292768768 112
299052897965064192 16
299054588261171200 10
299056345682964481 0
299056404399005696 62
299056521831137281 10
299056588927418368 167
299059940201492481 10
299060758061408256 10
299062372893609984 167
299064390320287744 6
299065854140743680 10
299067749970362368 10
299068307800223744 10
299070593733623808 16
299079309497356288 10
299080454529765376 11
299082677515075584 167
299084371988725760 10
299085303136808960 10
299087140241948673 10
299087626777022464 10
299088474022219777 11
299089820385431553 18
299090558620688384 269
299091103855046657 10
299091703632101376 10
299093238764171264 67
299093742080626688 10
299093939196141569 235
299094392201957377 167
299096879420018688 10
299097022034767873 10
299097122693853184 10
299098682958159873 11
299099123389448192 11
299099622486462464 16
299101337973571584 167
299104596939374593 240
299107717501562880 11
299110640918872064 18
299113207858085889 112
299114067673620480 235
299115523109691393 140
299116114506551297 10
299119163769774082 11
299122015871311873 309
299126885487611904 10
299128076657364995 10
299130136056442880 10
299130631001079808 10
299130819736371200 122
299130953954099200 270
299134183547224064 16
299134569452556288 235
299134586192027648 239
299134611391401984 10
299135127290785793 10
299138424009527296 235
299141246776119297 112
299141498442768385 10
299141620077588480 269
299146573546405888 10
299147303355285504 10
299147638882832384 10
299147735335063552 10
299150650409902080 10
299151883501723649 3
299153116631269376 236
299156438528450560 16
299156526613032962 235
299157013160685568 5
299157025726812161 15
299158674100854786 112
299158833484402688 126
299160347623948289 167
299162285384011777 18
299162314739953665 18
299162692252479489 156
299163040354553857 126
299163216515309568 13
299164223152480256 126
299166118977880064 18
299166148363157504 10
299166366454398977 112
299166722957639680 11
299166760706379776 16
299167960294096896 18
299170132951977984 16
299170141323792385 16
299170258772717569 16
299171114410729472 5
299172259468288001 10
299172880208510976 241
299174151091007489 167
299176625734565888 140
299177246462193664 112
299177552675749888 16
299179226190471168 236
299181289804800000 18
299181923144704002 292
299182208332214273 16
299183118483603456 18
299186373280284673 238
299187279266713602 112
299188260712886273 18
299188545938137089 18
299188944371863552 309
299190915728289794 167
299192719258054656 126
299193008665026560 16
299193050629029888 167
299194417946963968 18
299195588178767872 62
299197450428768256 10
299199916696297474 167
299200713605664768 167
299201451803176962 16
299202911412555776 67
299203980989456384 18
299204022915702784 236
299205205726216192 239
299209400030220289 16
299210251469725696 10
299211811738243072 16
299211828498673664 62
299212428309299200 18
299212663169372161 18
299212877095632897 18
299213380403744769 18
299213833392779264 18
299214168941273088 240
299215578231607297 235
299215641137795072 16
299215964078223361 269
299216089919922177 10
299217167872827393 10
299218098999934977 240
299218551980568577 238
299218849797136385 3
299219411796111360 156
299219806081650691 157
299220091294347264 269
299220812727214081 235
299221592838393856 11
299222519787970562 10
299223337677250560 9
299225292235489280 62
299226076574527488 156
299228458914037760 236
299228760908120064 167
299230010835881984 112
299230618988969985 269
299231759856459777 167
299231982154571777 112
299231998915010561 18
299232212816101376 13
299232506413211648 112
299233387254804480 261
299233521472532481 18
299234221921284096 167
299234695860875264 18
299235144651374592 239
299235224334774272 239
299235287274491904 69
299236121920016385 240
299236436484448256 0
299237015310987264 241
299238298776379393 240
299241322865381377 112
299241780052901888 10
299243805868175360 167
299245831733780481 238
299245861098106880 12
299248084062457856 236
299248277029793792 12
299248432214851585 15
299248788705517568 18
299248885199687680 235
299249799545372673 12
299250193809956867 235
299250323850158080 167
299250802000789504 69
299252123206553600 240
299253985464971264 12
299254237135781888 8
299254555894480896 12
299254723641495552 240
299254878830747649 12
299256539800301569 12
299256980189626370 5
299257168933298176 62
299257454154358785 235
299258066539540480 241
299258817315741696 235
299259454820610049 16
299260411126091778 12
299261216449245184 238
299262839628128257 10
299263288418635776 112
299264135672250369 238
299265381405700096 238
299266157339365376 13
299266417361051648 17
299268883636969472 12
299269340799307777 167
299269835739770880 12
299273933553823744 12
299275556753653760 235
299275883913560065 241
299276139761897472 12
299276668240015363 240
299277104447647745 10
299277465170366465 16
299277758796816384 13
299278274691997696 12
299279600058507264 156
299279612662403072 156
299281059701473281 235
299281957295112192 235
299282007605784577 235
299282380907225089 240
299283312021733378 238
299283790180790273 112
299287246295683073 235
299287325979054080 12
299287871242776577 241
299290433945747458 241
299290782072971265 12
299293500011343872 167
299294213026226176 238
299295307764748288 235
299296834462023680 10
299297446834622464 235
299298528969240577 18
299298633831034880 167
299299992777146368 236
299300215079448576 240
299300663861575680 167
299300949095235585 292
299300986848165888 239
299301297201483776 17
299301452394950657 240
299301972505403394 167
299304157712629761 167
299306858865373184 240
299307035034525696 17
299309098627891201 17
299310432408182784 3
299310948320178178 235
299312466645643265 17
299315671098093568 156
299316199571980288 240
299316199580368896 240
299316472184971264 11
299316602225188864 167
299316975501451265 17
299317373981306880 67
299318552584921088 17
299320070910394368 156
299320603591180288 238
299320972706734080 240
299322126119346177 15
299325120873390080 241
299325913580044288 15
299326131667099648 240
299326718869647360 126
299327192842776576 238
299327201231380481 240
299327402562183168 261
299327763280707584 17
299330518909083648 17
299331429081427968 167
299331949196091392 14
299332267942232066 269
299332737725259776 17
299334390289424384 17
299334599996227584 112
299334801306025984 17
299334901960933376 236
299335313023709184 17
299337464705855488 17
299338001547423744 17
299338983027126272 238
299339238875484160 238
299341302485635072 12
299343068283428864 17
299343252828594177 269
299343638704582657 67
299343705800855552 126
299343831650934784 17
299345517740183552 270
299346444719108096 62
299347845578895361 239
299349535900192769 62
299350714520580098 261
299351066837929984 62
299353432408596480 167
299353440793001986 167
299354288067592192 17
299354564891660289 167
299355055625211905 235
299355097543110656 10
299355290481074176 235
299355575693754369 240
299356926280597504 17
299357521859182592 240
299358142603616257 13
299358289404256256 167
299359107301908480 112
299359916794195968 238
299360642421366784 235
299363838489399296 17
299364178198663168 17
299369911849992192 17
299370297721774081 17
299371442762563585 241
299371874750693376 235
299372059304284161 270
299372562612359169 240
299373556674994177 17
299374416498921472 167
299374424921088001 22
299375452492013568 126
299376983438131201 69
299377272824147968 236
299378782781972482 112
299379051225829376 17
299382037570281473 17
299383694311976962 13
299384197628456961 17
299386345116286977 126
299389411148324864 240
299389897683369985 17
299395845223227392 235
299396763750629376 16
299398458262028288 17
299401700471623680 235
299406234510032896 112
299408742678675458 17
299409891926343680 17
299410776937078786 17
299412270113492993 17
299412655964307456 17
299415768137871360 17
299416103698964480 17
299416799966019585 17
299416829330341888 17
299417487823470592 235
299417953399619585 17
299419043897679872 17
299419735949455360 17
299426560082063360 17
299427411534176256 112
299428745335435264 18
299428774708142081 112
299429131198808065 17
299434940314054656 17
299436131487977472 17
299437775680311297 17
299439025591308288 236
299445526737334272 112
299449842667761664 16
299451193267208192 17
299455601480695808 14
299457019130290176 17
299458378088996864 17
299459313427161088 17
299462530458349568 16
299463826489896960 17
299464195605405696 236
299464438845693952 240
299465793639432195 17
299470684160139264 13
299470805794975744 126
299471690805690368 17
299472584209203201 238
299474350019588096 12
299475889316564992 167
299480419160711168 240
299482797326860288 235
299484584121335808 12
299487725634080768 12
299488145077047296 10
299489487250145280 236
299490204463534080 239
299490519032135680 16
299493350208315392 157
299494071632805889 140
299495761933135872 16
299497796141203456 16
299500266603024388 67
299500514062766080 240
299500572791435265 10
299500740559388672 69
299512396534382592 240
299515617772441601 236
299515949101510658 16
299519476498567168 69
299521200391081984 236
299521233920352259 18
299521917617057792 240
299521921798787072 236
299525189165789184 240
299526992695545856 240
299528196460797952 18
299528532034453504 235
299530138448715777 235
299532000728068096 238
299532504015179777 238
299534504698200064 19
299538086629609473 13
299539214922571777 238
299539349123526656 240
299539403657863168 16
299540745826750465 239
299540984927227904 240
299541253341728771 238
299542423569321984 236
299550447268683776 14
299551189643714560 12
299554167595352064 238
299554171789647872 238
299554486383427584 167
299557376229523456 238
299558064133140481 239
299558550659792896 62
299558789739319296 240
299559993496186881 240
299560207405707264 238
299562564604555265 79
299562719810572288 238
299562883354861568 167
299563701248339969 240
299563759997968387 240
299564623986835456 238
299564733063888896 12
299564938593177601 240
299566725366697984 156
299566733730136064 12
299568268862189568 67
299568390492798977 79
299569707487477760 236
299570386994094080 240
299572354110091264 235
299574614844137472 167
299574803600404480 140
299575512429387777 16
299576749740675072 240
299578574258720768 238
299579664794529792 157
299580608483586048 238
299583636804628480 157
299583955563323394 69
299584349811126272 238
299585239020355584 236
299589705933156352 240
299590163141636096 235
299591555621199872 236
299591983436021760 167
299592109294501888 238
299592251879866368 0
299592960734003200 0
299594508436402178 18
299598866293071872 236
299600560796086272 238
299601227682041856 240
299604595712335872 238
299604855767592960 240
299607414288826368 238
299608643215712256 10
299609561759899648 238
299609788260696064 240
299611931541663744 236
299615094063632385 238
299617015050694657 238
299619422589554688 238
299620651533221888 167
299621393904066560 10
299621876244832257 238
299622278889619456 238
299624111829831683 238
299625382678769664 238
299626066367090689 238
299626594861998080 238
299628331270291456 5
299628641686536192 239
299628817817931776 238
299629950305198080 241
299630797521039360 12
299631342809919489 238
299632001311457281 167
299637026075054080 1
299639219687653376 14
299639471341719552 238
299639475565391872 238
299639731396964352 238
299640616386695168 239
299641123897503744 238
299641421705641987 167
299642315113373696 156
299644487729299456 238
299646052225675265 167
299648333939617793 241
299648455566053376 238
299648619143892993 238
299649709675524097 235
299650225553960961 235
299651852943892481 270
299653102833893376 238
299653341938589696 238
299653539054112768 69
299657087418499072 62
299658467344523264 240
299659415286583296 62
299660371566923777 5
299660396728573952 5
299663093674426370 5
299663647335133187 69
299663924150812672 69
299665757061652480 238
299667543851925504 157
299667954885349376 238
299669003465547776 238
299670232371441666 238
299673373905137664 13
299674166624411649 238
299675248792571906 12
299675840176865280 236
299678218334662656 238
299682068701523968 16
299682555240792064 167
299682605589225472 236
299683821912195072 238
299684178449035264 79
299684199399559169 238
299684694327439360 238
299686523073355776 238
299686581764255744 238
299688074957430784 6
299688532119781376 62
299689022853365760 156
299693288481517568 5
299693573677383684 238
299693951164755969 238
299694047663116288 238
299694865544011776 238
299695104606756865 238
299695696016191488 238
299697176576139264 238
299697885451280385 238
299700028723847168 238
299700490093096960 240
299702486594363392 238
299702494974599170 238
299703631639371777 238
299704147547144192 238
299704650838446080 238
299707817558941696 236
299708509598142466 238
299708580909678593 238
299710258639683585 69
299710652874911744 261
299710678070083585 238
299712594875387904 239
299713647633108992 238
299714318700797952 238
299715472130199554 240
299716835308363776 236
299717682557751296 235
299719007957815298 238
299721075741302784 238
299722619228397570 238
299725819499134978 238
299726188614647808 69
299726809367453696 240
299729040724615168 238
299729149759741952 238
299731431465287680 238
299732559737282562 292
299732803006910466 239
299732865942429697 269
299735852274298881 236
299738305933750273 69
299739312591863808 236
299744198930882560 238
299744630931599360 236
299750708503277569 238
299754139452309505 238
299755041219301376 238
299760346992877568 238
299762897146482689 16
299764235137851393 241
299768853066551296 238
299773408076496896 241
299779737281236992 238
299784707518898176 16
299786729190219776 269
299797571470254080 1
299798175424847872 10
299798720675991552 3
299799475667468288 16
299805058273513472 16
299808745062539264 67
299809030275203072 11
299811093872791552 239
299813312676376576 18
299816752009850881 16
299824339509997568 239
299828261167452161 0
299832086364299264 16
299832203809013760 239
299832614871785472 239
299834443571552256 241
299835089519529984 69
299835802555412480 18
299839434818457600 69
299843008361295873 292
299843989836795904 236
299850360951021569 240
299852902716022785 239
299855775801683968 239
299858606965268480 238
299859022205575169 167
299859655537094657 238
299860062384562177 238
299863975695355905 167
299864931967311873 238
299865242358403072 238
299865963778691072 238
299866454499655680 6
299868664902062080 238
299871265378951168 240
299871777088212992 69
299872603370311680 238
299873886802157568 8
299874054599495681 235
299876055269920768 167
299880308277399552 240
299882334130409472 238
299883860873854976 292
299885542798155778 238
299886780113645568 13
299887199518863361 236
299889149870215168 238
299889720320720896 238
299890030711824385 238
299890236224307200 69
299890441741017088 238
299891628703879168 238
299891683246632960 238
299892123669508096 238
299892970918907904 240
299893000279052288 235
299893189005950976 238
299894359220969473 238
299894434697469953 238
299894535377522688 238
299894640239341570 238
299895953031323648 238
299897249100619777 241
299897706271363073 9
299897848886067202 236
299898561921970177 238
299899061039947776 235
299900101227339777 240
299900910736404480 5
299902072529223682 238
299902424875950080 238
299904094204723200 238
299904341656088577 235
299904635253161984 69
299904681411477504 69
299906271027539968 18
299906824705028096 238
299908494025437184 69
299908544331931649 238
299909068636700673 69
299910385648168960 238
299913065812619264 238
299914802237681666 69
299914827411910656 69
299915469148786690 238
299916723254091776 0
299916765188734978 69
299916928754003968 1
299917352387092480 240
299917423673499648 0
299917775995031552 69
299917939589672961 157
299918270935482368 239
299919466299523072 238
299920812671115264 17
299921366352789504 69
299924159742476289 238
299925543846047745 14
299926043005960192 5
299926500172513280 69
299926797963907072 238
299926999286304771 69
299928442114301952 238
299928823808524291 69
299928911909892097 238
299931067748589568 69
299931424285413376 238
299932833558962177 238
299934129594720257 167
299934666461437952 69
299934754566987776 238
299936868483624960 6
299939485720907776 238
299939976475447296 292
299940056142073858 238
299940391719956480 238
299941238956765184 269
299941939413921792 156
299944690864754688 238
299945122873876480 69
299945756197015553 239
299945848475897856 69
299946376970788865 69
299947048071991296 238
299947970793717760 270
299948130210807808 238
299948855808651265 69
299950105690259456 112
299950160220397568 236
299951003300667392 238
299951431090323456 238
299951737299664898 238
299953763161100289 238
299954388108210177 239
299954895614787585 235
299955872862457859 239
299956963381506048 238
299957043090034688 167
299957563183755264 238
299957584138481664 238
299957680632647680 239
299957684831154177 238
299958498521919488 239
299958506881183744 238
299958636908802049 236
299958934733746177 238
299960037827309568 239
299961698780082176 69
299962571191103488 238
299962810258051072 240
299963271618895872 69
299963808506605570 79
299966593528627201 62
299969542111780865 240
299972536828043264 67
299972868186460161 238
299975103754682368 238
299976122991534081 238
299977070891646976 112
299977729405763584 238
299977859412418562 238
299977934935060480 0
299980371813101568 238
299980384375033856 238
299980506030817280 238
299980543758585856 69
299980556349865984 69
299981034517303297 123
299981240046587904 69
299981516853899264 239
299981869179604992 238
299982544470933505 238
299982825480912897 238
299983685292269569 238
299983974720233472 238
299984897458724865 15
299985677586677760 69
299985803449344001 69
299985807610093568 238
299986155754110977 236
299986159956811776 69
299986495488536577 238
299987946738688000 239
299987997070348288 241
299988668158988288 270
299988726845693952 292
299989171462881280 69
299990505255735296 238
299991264399609856 238
299991696438083584 238
299992292012462080 69
299992392679952384 238
299993193800413184 238
299993328026525697 235
299993378341388288 238
299993470607687680 240
299994833785864192 238
299995915899510784 238
300000462541819906 240
300001477534048256 238
300001687270211584 238
300001796292759553 167
300002014396567552 238
300002479985270784 238
300002484187967489 238
300003310474252288 69
300003339834363904 238
300004212216041472 240
300004409365131264 69
300004430349217793 238
300004669424562176 69
300004723916951552 238
300004736537604099 238
300006787531280384 167
300006955290853376 238
300007429255593985 167
300007823536947200 18
300009358660628481 261
300010944082350080 238
300011816501788672 69
300012684743700480 238
300013083185786880 69
300014081442717696 69
300014404395732992 112
300015394243112960 238
300015473926492160 238
300016941932879872 240
300017667568439296 238
300018061828825088 167
300018313478688768 238
300019697611579392 238
300020272239624194 236
300022155452760064 238
300022344196452354 238
300022407127764992 167
300023103365476352 236
300023459910676481 238
300024235840114688 236
300024705581215746 236
300025011782184960 69
300025603191631872 261
300028325303304193 238
300028845392814080 240
300030049137078273 69
300030804120186880 269
300031122874699777 238
300031181586587649 69
300033970815524865 18
300034507678040064 69
300034994238271489 238
300035015184629761 69
300035845652631552 69
300038416781959169 238
300039532483579904 238
300039809278291969 69
300042011300478977 238
300044460753043456 112
300049007407939584 69
300049699463917570 69
300051922449231872 238
300055470801047552 238
300059430224019456 238
300060910813327360 238
300062232040062977 238
300064157242376192 270
300064861868675072 238
300065436475727872 238
300069995709333505 238
300071606313701376 69
300072583582318592 238
300074265481445376 156
300075460870672385 236
300077457359376385 238
300077843226980352 79
300078547886809089 238
300078635971395584 235
300081504871133184 122
300082289218555908 238
300082893173166080 238
300083916579147776 238
300084730303488000 238
300084935799238656 69
300085036458319873 238
300085149712928768 5
300086424798101504 235
300086588354994176 238
300088735855411200 238
300088920375427072 238
300090203840864257 269
300091793490468867 112
300099393577684992 236
300100177891557376 238
300100207247499265 69
300100282753368064 238
300102090519367680 167
300105752129961984 69
300110617514233856 69
300118867714392065 235
300120381858148353 69
300120679662116864 269
300122931999154176 261
300122961363496961 236
300124349682311168 238
300129579970998272 112
300134428586430464 167
300136383123701760 69
300141542121816064 122
300145518326206465 62
300151851721035776 6
300161465074216960 18
300170411524620288 236
300172181508354048 69
300174710690435072 5
300180846936211456 292
300189923435216896 10
300193719263563776 261
300194092560834560 0
300195904512724992 18
300208122520289280 69
300208458072997889 167
300215953269084160 122
300220487324278784 292
300221854667399169 69
300223654028001280 69
300225075880267777 69
300226124468854785 238
300226413880033281 12
300227403739971584 69
300230469772009472 69
300234617938653184 238
300235725213954048 69
300239068082630656 238
300240011809402880 238
300240263459270656 69
300242520003186688 238
300243153359867906 238
300243602133622784 69
300243711193923586 69
300243837031432192 69
300243975405715456 69
300250325611335680 238
300251382571757569 69
300253785907929088 18
300255560090136576 69
300257548194443264 69
300260631024648194 69
300261268542070785 269
300262048674234369 238
300262170321637377 69
300262468121403392 69
300263587979616256 13
300263759954468865 235
300264783385616385 238
300265005683720192 69
300266196828299264 69
300266662404423680 69
300267702604414976 62
300269124473462784 238
300269996897095680 238
300270068208660481 69
300272987410673664 69
300273000014557187 239
300274220557037568 238
300274514149920768 236
300275101369262081 69
300275386577743876 69
300275785028206592 69
300276477071601664 69
300277932528640001 69
300279467618742273 239
300280717538127872 238
300282261046169600 69
300282793697611777 69
300282823070343170 69
300282974048485377 238
300282995015831552 238
300287269024169984 69
300287529062641664 238
300288183369887745 238
300289672356167682 157
300292134408441856 69
300292646126116864 69
300292943913308160 69
300296869773471744 238
300298321027809280 69
300298652382015488 238
300301181555703808 238
300302330757267456 236
300302913769730050 69
300303551312302080 16
300305329709785088 167
300306856444833792 238
300308236345700352 69
300308362195775488 69
300309037482921986 269
300310631314227200 261
300312388702461953 69
300312405492252672 238
300312418079363072 69
300312782983794689 69
300315182104727552 167
300317153461157888 69
300318696965017601 13
300320513098670080 62
300320857010622466 69
300323205812461568 167
300323407147442177 69
300326921995182080 238
300329438544015360 239
300331107885408257 236
300331393119055872 236
300331955151589376 69
300332701741899779 238
300333901300260865 18
300337248367419392 69
300338636665282560 241
300341845320429568 62
300342256370585600 69
300343363654283265 236
300344668061855745 69
300347268551278593 69
300348493279686657 69
300349772554960897 261
300350611419963392 235
300352243004239872 10
300353161535832064 122
300357854957821953 69
300363152363773952 69
300367166316871681 238
300368936321572864 238
300369452233547776 236
300369938772811776 235
300370270093451264 13
300373067727765505 238
300380885910421505 240
300390130122891264 238
300392600588922880 238
300392659296608256 235
300393414271332352 69
300394920026464256 239
300394982936825857 269
300395930866311168 69
300396903940624384 236
300397151400374272 238
300402167813120001 236
300402687890051072 33
300408836718735360 240
300409444926377984 69
300417984499970050 240
300424997384646656 240
300425123205378048 69
300428625465995264 292
300436485574885376 236
300441669743017984 157
300445314597412864 112
300446782620577792 238
300448711987822593 309
300455699677339649 241
300481482076610560 238
300486947258896384 16
300491527443058688 236
300498179609214976 239
300512524116299776 292
300516345131458561 0
300519012700418048 62
300524394005012480 236
300527095124226049 62
300536465224519680 236
300548393820889088 62
300550709059919872 6
300551380152770560 292
300552114151776256 241
300559101874823168 16
300560171434930176 235
300562268574339072 62
300562381803753472 238
300563916944179202 235
300575988142727168 240
300577863004983296 157
300581839201001472 112
300589548323352576 235
300595701384093696 240
300598054359277568 236
300598771581059072 0
300602110259630080 167
300607135056797697 236
300612155621904384 15
300612214354767872 240
300624386224955392 12
300624684007960576 12
300624751129419778 69
300625782936576000 12
300626454021029888 12
300626659529338885 12
300627594875895809 12
300627984921014273 12
300628488262676482 12
300628966375563265 236
300630069481717761 240
300630077878714369 240
300631675929522176 16
300632418300346368 12
300633743717199875 69
300635056504975361 12
300636138656387073 240
300636734239145984 269
300637413708034052 12
300638168695324675 62
300638814601371649 235
300638877524303872 12
300639498285510656 167
300640026771984385 12
300640282611945474 12
300640320373276672 12
300640328745111552 12
300640593003020288 12
300641100526403584 12
300641478013759489 240
300641628996124673 12
300642581086359552 12
300644057506533377 12
300646582473330688 238
300647006085455872 69
300647534584541185 12
300649375892381699 12
300649631711363072 236
300649791115894786 12
300649984049684481 12
300650252485152770 236
300650395108253696 12
300650789377015809 69
300653087847231489 12
300653113021440000 235
300653431759192064 13
300654119646031873 62
300657340863086592 12
300659022758035456 270
300661979775909888 12
300662520824344576 6
300662915072151554 309
300667004547919872 156
300669898596691969 235
300672268370063360 12
300673904186380289 9
300674080313573376 167
300674206159470592 15
300674646540443649 235
300675393134948354 12
300678543048839170 12
300678589194579969 12
300681000936144896 18
300682829656883201 12
300684192780541953 292
300686147342966784 240
300686516454293504 12
300686977810968576 12
300687086883835905 12
300688131265552384 12
300692593988235266 12
300694326214815745 12
300695811019395075 12
300696209461501953 12
300700819035136001 12
300701087466389504 12
300701666263592960 12
300701674635411459 12
300702408638623744 12
300702731629367298 12
300702966510391297 12
300703700509401089 235
300705617314738176 240
300705717969616896 69
300705847984672770 239
300708901446352896 235
300710625301114880 240
300711829074747393 12
300711833264852992 12
300712965739524098 112
300714073014812672 12
300714572157947905 12
300715696214642688 240
300715733971787776 240
300716333748871169 12
300719152329535488 3
300722348359815168 16
300727729677025284 240
300728526573817856 235
300731890422386688 261
300733702370107393 12
300733916254457856 3
300734713205764097 12
300736873242951681 235
300738152522461184 239
300741432476594177 239
300742908871589888 12
300744607547944961 167
300746302042542080 12
300749779128954881 62
300750131446284288 236
300754036326539264 69
300761288303333376 236
300762085204295680 12
300771778249244674 235
300776048050708480 239
300776144532295680 6
300776165499604992 239
300776173892423680 239
300776220021379073 239
300776240988692480 239
300776257749123072 239
300776261977001985 239
300776266158706688 239
300776350040612865 239
300776408769257472 239
300776551350419456 239
300777138582327297 238
300777339883753473 236
300782029132423168 235
300783220314750978 112
300784226939326465 235
300785862726262787 69
300786085003423744 122
300786588328284160 12
300786932257013760 13
300788324799508480 0
300790212219531264 67
300790287716978688 67
300790799409500160 69
300791726342295552 261
300792728818696194 112
300792791733260289 112
300792863007055872 112
300795237004099586 112
300798672113897473 235
300799418720997377 239
300801205481906176 156
300805240419127297 12
300822466400501760 239
300823108145799170 12
300823787635613696 241
300825360466063361 261
300826115440783360 3
300827872879316992 69
300827960968110080 239
300830783722106880 12
300837037408415744 240
300837880471887872 13
300838903903047681 235
300844704596119552 12
300851176440750080 6
300853063881719808 12
300854791914016768 79
300855165194473472 241
300858017354743808 12
300864757563551744 69
300864975679918080 167
300870499582476289 235
300871984357732352 239
300872273768898560 235
300873066513326080 241
300873406230982657 239
300877172720160768 12
300878871413280769 292
300880901448024065 5
300882931512119296 240
300884353368612864 12
300885926224211969 292
300886911902416896 167
300901134770520064 12
300904691569655808 15
300916427228069889 240
300917110870274049 241
300920000741535744 3
300924488671961088 126
300926019605520384 126
300933498020171776 167
300934458519977985 112
300935163184033792 12
300935238677299200 126
300937142878748672 126
300938833179058177 126
300940150182137857 126
300943119770324992 126
300943950225747968 69
300946479395262464 126
300950178796535808 126
300952678568185857 241
300955971126181888 5
300956885459283970 126
300957191635079168 12
300957317497749504 238
300957783044526080 239
300958106014339072 13
300959548871692288 235
300963042726916097 240
300967597736869888 240
300969480975171584 235
300969854264045569 167
300970747642404864 126
300971372602089472 126
300971678773686272 126
300972073055031296 235
300976397357289473 240
300976426725806080 167
300978892993343488 12
300983141810728960 156
300985515807752193 126
300986413359448064 235
300992658682286080 16
300994198000259072 16
300996362252738560 167
301000543961227264 167
301001206686420993 235
301001340912549889 126
301004054606270465 236
301005791069085696 126
301013282100228096 269
301013546312028162 126
301013563118612480 261
301014066422493184 4
301015068840173568 235
301016100651548674 235
301018281706389504 167
301018415898972161 126
301018478838706176 238
301021117030748160 241
301021209301241858 12
301021624558301185 126
301021674889957376 62
301024170475675649 122
301024531223564288 12
301026397688823808 239
301028931027484672 236
301029165916909568 79
301033934815363072 12
301036023578779649 112
301036845666533376 79
301037772616122369 12
301037961380786179 126
301038192050724864 140
301038535975260160 12
301039546794119168 12
301039773303312384 126
301040729592049664 140
301043049063124993 12
301044017943150592 235
301044185702744064 235
301048417759678464 240
301049164358365185 14
301049969639579648 126
301052666614804480 12
301053065048510464 261
301054612763443200 12
301055107695529984 69
301055829115813888 239
301057678803877889 3
301057808797954048 236
301058677027258369 62
301058886750851072 236
301062724543213568 4
301065815741054976 240
301066637837205504 126
301070567900073985 12
301071159288545281 12
301071884907327488 240
301074544070889473 13
301076267959218177 235
301082026734387200 12
301082345488936960 239
301082404192395267 235
301083201122729984 240
301084300055552001 126
301085398950625280 126
301087630320357377 292
301088611762307072 10
301088762769854465 236
301088884400455681 236
301089496773033985 12
301090557944541184 238
301092407628423168 6
301092743185305600 239
301092797711273985 235
301093024195309571 5
301094907421016064 269
301096274793484288 236
301097801482375168 112
301099349193138176 112
301101190513565696 235
301109608464936960 12
301112548655263744 10
301116050899103744 126
301116587774210048 13
301120597537218561 12
301122124272242688 239
301123105751973888 12
301125546811731969 4
301126733808164864 112
301129254580670465 269
301129531404742656 269
301129544000221184 167
301143087399464960 167
301143259357540353 18
301145100682133504 241
301145968873713665 236
301146442830065665 126
301150070903013376 126
301150679106457600 126
301153304740773889 236
301155632571117569 10
301157952021217280 240
301160774800396288 269
301161445851287552 269
301163970847453184 236
301164658704932864 12
301167359840878592 12
301168202912759810 236
301169477964398592 235
301175626822475777 11
301175966548504580 167
301176318857474049 11
301176771859062785 5
301178013352091649 126
301179129049513984 16
301180546745237505 11
301181150725013506 0
301182924911439872 239
301184250319888384 126
301184627769499648 11
301185735065739264 11
301187471541141504 11
301188373316521984 292
301188713038376960 11
301188721447952384 12
301189241533239296 11
301189270864007168 14
301190025855504384 239
301190730498572289 11
301195813982437376 11
301198657724751872 11
301199790207799296 240
301202608750751744 112
301205385392574466 123
301206769500315648 11
301207306408976384 11
301207457399717888 11
301208661139783680 112
301209214787919872 240
301210477298606081 11
301211592979267584 11
301212196929691650 11
301212880638988288 235
301214126347272192 11
301214562529710080 11
301216047330103298 269
301216588386934784 11
301217645334765568 11
301217678918578177 11
301218039611936768 235
301221483143905280 240
301224062649237505 157
301227007038087168 235
301230333116956672 11
301230849024724992 11
301231411040505856 11
301231738221383681 11
301232023408885760 11
301233021686800384 11
301234032480514048 15
301234703590125568 167
301235303383957505 11
301236653937270785 11
301236893029388288 11
301238142923571200 236
301239317307736065 112
301240089068044288 11
301240932106399744 11
301242777600135168 241
301244937670885376 241
301245537477328896 11
301246695109435392 11
301249920525029377 11
301250683896737793 11
301250864247619584 126
301252248346955777 11
301252458074734592 69
301253401805717504 3
301254928519794688 18
301256966955741185 240
301257977766232064 11
301258015531741185 11
301259177362337792 126
301259663872241666 11
301260171399806976 11
301260326597435392 11
301261912040153091 11
301262562132099073 69
301263593943494656 11
301264470548815872 11
301267289116901376 126
301267977016332289 11
301268195090776065 11
301270124474818561 11
301270682325635073 11
301271374381600768 126
301271890285195264 235
301273563791495168 11
301276596277485568 112
301277351281577984 11
301278236283924481 126
301278383050985472 126
301279070929432577 240
301279356142104577 112
301280517976887297 112
301281851748794368 167
301282061472395265 112
301284028613550080 11
301284401906585600 112
301285358178537473 112
301285769228713985 11
301285895049457666 11
301286276743716865 11
301286486463090688 13
301286851363356672 11
301286926852448256 112
301287522460389376 22
301288290001240065 112
301289430881292290 112
301290059993346048 11
301290529767968768 11
301291028881739776 11
301291238592761856 112
301292136190603264 11
301292236845481984 112
301292412997890048 112
301292501090856963 112
301292765344591872 112
301292777935863808 112
301293692260593664 112
301293704864477184 11
301293721620713472 11
301293990051995648 112
301294006833410048 112
301294405288075266 112
301294459830824960 112
301295617441927168 112
301296217265164288 112
301296728936701952 11
301298113073778689 112
301298377327525888 11
301300159898345472 11
301301028110864384 11
301301292352040960 112
301301749514379264 112
301302965891907584 112
301303024586985473 112
301303095915339776 126
301304337433493504 112
301304526173007872 112
301304706502905856 112
301305000099971072 112
301305130127605760 112
301305453114175491 112
301305708949950464 112
301305855746383873 112
301306325537796097 112
301306371662548992 12
301306430378614784 126
301306887549382656 11
301307097281347584 239
301307344724316160 112
301307814490550272 126
301308460438548480 12
301308833723187200 112
301310331064565760 112
301310343655849984 112
301310389784825856 126
301310448509276162 13
301310515618119680 11
301310637244551168 112
301310725354319872 11
301311446766202881 112
301311564185747457 11
301311589389303809 112
301312461766791168 112
301312482776055808 16
301313598456750080 112
301314089190318080 112
301314139526144001 112
301314919666708480 112
301315569754443776 240
301315628487303169 69
301316169531543553 112
301316211478769664 112
301316219879948291 112
301316819661225984 112
301317490758262784 112
301317553660256257 126
301319004889427968 112
301319063634862080 112
301319285928779776 112
301319390777987072 112
301319441118019584 69
301319558550155265 112
301320095425236993 11
301320170914328576 240
301320657466187776 112
301321852826030080 236
301321869620043776 11
301322209346072576 112
301322452598927360 112
301322742043643905 112
301322742043664384 67
301322888823312385 11
301323123721113603 112
301323161465671681 112
301323627041804288 112
301324650447773696 112
301325044678811648 112
301325317316939776 167
301325724172832769 69
301326055531241472 126
301327494164914176 112
301327544488177664 112
301328404324679680 112
301328643395825664 11
301329209647845376 112
301329591308521473 112
301329712943357952 112
301329842970955777 112
301330090439102464 112
301330149155164160 112
301331080294854656 239
301331143234576384 112
301331260645707777 11
301331914969718784 11
301331990479773696 11
301332388917690369 112
301332544123715585 112
301333135524786176 11
301334452502659072 112
301334691590586368 112
301335165546946560 112
301335496901132289 112
301336004395155457 112
301336520311308288 112
301336918786985984 112
301337086542348288 112
301337405296893953 112
301338210620022784 126
301338701341028353 269
301338982376169472 112
301339007529385985 235
301339083022688256 112
301339091411296256 112
301339510866866177 112
301339632472301568 112
301340106437046272 240
301340198720110592 112
301340672672284672 112
301340999815397376 235
301341062763536386 112
301341180166283264 112
301341637358010368 112
301342656578064386 11
301342685938192384 11
301342954382053376 241
301343084392890368 112
301343604503351296 11
301344032305594369 112
301344078468100096 269
301344225264549889 112
301344254595305474 11
301344489505710080 112
301344887947800576 112
301345059918467072 112
301345236070846465 112
301345298981195776 112
301345303167123456 112
301345806487801856 12
301346032984412161 112
301346284651044864 112
301346636968370176 112
301346800563011584 112
301347538731151360 112
301347693945561088 112
301347765248724992 112
301347891077857280 112
301348461494800384 112
301348654445391872 112
301348717330591744 112
301349258416758784 112
301349417817079808 12
301349568791076864 112
301350063714738176 12
301350147596636160 9
301350751576399873 112
301351129059557376 11
301351523349327872 12
301351561081286656 112
301351829529300994 112
301352009859231744 112
301352991330549760 112
301353079444492288 112
301353104589340672 112
301353398199001089 12
301353477899165696 112
301353549172973568 112
301353725354729472 112
301353767310344193 112
301353989583282176 62
301354115433373697 112
301354287399829504 13
301354564211335168 11
301354815877947392 112
301355990262108160 236
301356829122912256 112
301357839966949376 12
301358250987757570 112
301358590751551488 112
301358796280852481 112
301358829818490880 112
301359005991858176 112
301359219876192257 5
301359333147566080 112
301359500919701504 112
301359547052875777 112
301360784355762177 112
301360947941998593 112
301361057010683904 112
301361090552528896 112
301361291858149376 112
301361358992179200 112
301361488998854656 12
301361572872347648 11
301361681945198592 112
301361694519750657 292
301361929413337090 112
301362072032251905 112
301362101379813376 241
301362235597549568 112
301363070272417792 112
301363279962439680 112
301363456131612674 11
301363531629068288 112
301364047528472576 11
301364097872695297 11
301364265632280576 12
301364274041847808 112
301365272248479747 112
301365498749276160 309
301365574259331072 112
301365930754203650 112
301366111147028480 112
301366438281752576 112
301366664765796353 112
301367008694525952 112
301367168090656768 112
301367264576425984 112
301367780463214593 11
301368069866008576 112
301368212468154369 12
301368552202575873 112
301368665473970177 126
301368711598710785 12
301369042940338176 112
301369219092713472 11
301369273631272961 11
301369357504761856 112
301369378497241088 12
301369521116176384 112
301369718214901761 112
301369936343859201 112
301370506752430080 12
301371358187769856 112
301371454656757761 112
301371517604872192 112
301371567915532289 112
301371827958206464 112
301372276769714176 11
301372314510041089 112
301372360626405376 112
301373069463789568 112
301373472146333696 126
301373644079247360 18
301373778330525696 112
301373887361474560 112
301373992206487553 112
301374084493758464 112
301374105477869570 112
301374784955117568 112
301374944313487361 112
301375527325945856 112
301375795773988864 112
301375812551200768 112
301375867093921792 112
301375921603100672 112
301376382976536577 112
301376877904420865 112
301376945009078272 112
301376999543435264 112
301377326686547968 67
301377339261063169 11
301377502843109377 112
301377519624544256 112
301377553170587648 112
301377985209057280 112
301378144600997888 112
301378740196360193 112
301379029569769472 112
301379197367099392 112
301379314795028480 112
301379314816004096 235
301379323175260160 112
301379730018553856 112
301380128494194689 112
301381458088570880 236
301381692986380289 112
301382632476930048 112
301383005799329793 112
301384482177568768 112
301384746401923072 12
301384830288031744 112
301384859685892097 112
301384981287141376 112
301384989705113601 112
301385170047602689 126
301385170051805184 11
301385279116296192 112
301385774010617856 11
301385803391696896 112
301385828557533184 11
301386398966108160 11
301386684182953984 112
301387032331177984 112
301387229463453696 12
301389142057697280 112
301389632782872576 112
301389880234225664 112
301390249328799744 12
301390408733298688 112
301390626828734464 112
301390681363079170 112
301390685569949698 112
301390790406569984 112
301390886883950592 112
301391222419910657 240
301391486652657664 112
301391784477589505 112
301392082239639552 13
301392094856089601 112
301393181168259073 112
301393294393487361 112
301393327973093377 112
301393520894300160 112
301394150039908352 112
301394447856455682 112
301394980512096256 239
301395190227275776 11
301395676762349568 112
301395790033723392 112
301395840365375490 112
301395890697023488 126
301395903279927297 112
301396092023611392 11
301396188484235265 112
301396305916350465 12
