298913684791640064 136
298913798037860352 137
298914439791521792 137
298916314641211392 139
298916906025488384 138
298918432773111809 137
298918483096391681 140
298918495670919169 137
298918600524300288 138
298918676021796864 138
298920106296221696 59
298920701853847554 2
298921624617488384 138
298921632989343744 101
298921708490997761 137
298922379583827968 137
298923017147400192 137
298923067466448897 137
298923281371762688 101
298923742753587201 137
298923977643016192 137
298924535456096257 137
298924539675566080 104
298927429534228480 137
298929124033036288 138
298929480548888578 101
298930910793981953 138
298930982097141760 22
298931888091963393 137
298932315902586881 137
298933167346311168 137
298933523853754368 2
298933825852026881 101
298935277081198592 138
298935495180840960 138
298935717487325184 5
298937126756691969 137
298938557010165761 9
298938607358586881 137
298939114877755392 101
298942856180142080 138
298942856180142081 137
298943493726941184 137
298945414705606656 139
298945536352976897 101
298947134395408384 101
298949529309417474 137
298949600641941504 137
298949814538883073 137
298950754067156992 139
298952142394372096 139
298954042380537856 140
298955506205208576 137
298955715912036352 137
298957347492093953 138
298957758567424000 137
298958324773289984 2
298959276901277696 138
298961936090005505 136
298962661683642368 137
298964012257910786 101
298964058412032002 101
298964486193307648 5
298967598387826689 2
298968881832275968 137
298971532644995073 137
298971901726973953 137
298972040139005952 137
298972400882708481 136
298975118762336256 101
298975311712903168 13
298975500456570880 140
298977396265189376 136
298978541335367680 101
298979585700270081 136
298980969828982784 101
298980969837391872 178
298980986597814274 3
298981317956218880 139
298981527688212480 139
298982379115147264 101
298982479778422785 137
298982978879635457 101
298985222836453376 137
298987181572235264 142
298990142755053569 137
298992239919628288 137
298992596418715648 140
298992940360011777 140
298993926050824192 59
298994609701392384 101
298994999784243200 2
298996069302407168 136
298996073509302272 136
298999210848694273 136
298999856796680193 104
298999923871989760 104
299000309752135680 136
299000968262082560 137
299003346445037568 136
299003887514431488 104
299007771423170560 137
299008782254616576 138
299010699034771457 137
299011378516201472 101
299012519362715649 140
299014071280357376 72
299015291827003392 104
299015350526304257 136
299015509926617090 136
299015577014517760 139
299016877261336576 78
299016894059540481 101
299017837752770560 14
299019179921653761 137
299020882821664768 137
299027203658760192 21
299032178086535168 5
299032392012800000 138
299033218252959744 101
299036007465095168 41
299037139939762177 137
299038297559293954 136
299039727825346560 5
299039790748295169 5
299039807512907776 5
299041741103845376 138
299042328281247745 59
299042512851570688 16
299044857484288000 137
299045771809009664 3
299046405144731648 104
299046530978029568 136
299049022398795777 140
299049265672630272 136
299051434119413760 5
299051610292768768 101
299052897965064192 72
299054588261171200 137
299056345682964481 3
299056404399005696 80
299056521831137281 137
299056588927418368 136
299059940201492481 137
299060758061408256 137
299062372893609984 136
299064390320287744 136
299065854140743680 137
299067749970362368 137
299068307800223744 137
299070593733623808 72
299079309497356288 137
299080454529765376 104
299082677515075584 136
299084371988725760 137
299085303136808960 137
299087140241948673 137
299087626777022464 137
299088474022219777 3
299089820385431553 136
299090558620688384 177
299091103855046657 137
299091703632101376 137
299093238764171264 41
299093742080626688 137
299093939196141569 138
299094392201957377 136
299096879420018688 137
299097022034767873 137
299097122693853184 137
299098682958159873 0
299099123389448192 104
299099622486462464 5
299101337973571584 41
299104596939374593 59
299107717501562880 104
299110640918872064 136
299113207858085889 101
299114067673620480 138
299115523109691393 176
299116114506551297 137
299119163769774082 174
299122015871311873 43
299126885487611904 137
299128076657364995 137
299130136056442880 137
299130631001079808 137
299130819736371200 59
299130953954099200 138
299134183547224064 5
299134569452556288 138
299134586192027648 20
299134611391401984 137
299135127290785793 137
299138424009527296 138
299141246776119297 101
299141498442768385 137
299141620077588480 9
299146573546405888 137
299147303355285504 137
299147638882832384 137
299147735335063552 137
299150650409902080 137
299151883501723649 1
299153116631269376 139
299156438528450560 5
299156526613032962 27
299157013160685568 2
299157025726812161 9
299158674100854786 101
299158833484402688 138
299160347623948289 136
299162285384011777 136
299162314739953665 136
299162692252479489 104
299163040354553857 138
299163216515309568 139
299164223152480256 138
299166118977880064 136
299166148363157504 137
299166366454398977 101
299166722957639680 104
299166760706379776 5
299167960294096896 136
299170132951977984 5
299170141323792385 5
299170258772717569 5
299171114410729472 2
299172259468288001 137
299172880208510976 138
299174151091007489 136
299176625734565888 91
299177246462193664 101
299177552675749888 5
299179226190471168 139
299181289804800000 136
299181923144704002 59
299182208332214273 72
299183118483603456 136
299186373280284673 155
299187279266713602 101
299188260712886273 136
299188545938137089 136
299188944371863552 139
299190915728289794 136
299192719258054656 59
299193008665026560 5
299193050629029888 136
299194417946963968 136
299195588178767872 80
299197450428768256 41
299199916696297474 136
299200713605664768 139
299201451803176962 5
299202911412555776 20
299203980989456384 136
299204022915702784 140
299205205726216192 142
299209400030220289 5
299210251469725696 137
299211811738243072 5
299211828498673664 80
299212428309299200 136
299212663169372161 136
299212877095632897 136
299213380403744769 136
299213833392779264 136
299214168941273088 91
299215578231607297 138
299215641137795072 5
299215964078223361 9
299216089919922177 137
299217167872827393 137
299218098999934977 5
299218551980568577 155
299218849797136385 1
299219411796111360 104
299219806081650691 176
299220091294347264 9
299220812727214081 78
299221592838393856 3
299222519787970562 137
299223337677250560 13
299225292235489280 80
299226076574527488 104
299228458914037760 20
299228760908120064 136
299230010835881984 101
299230618988969985 177
299231759856459777 136
299231982154571777 101
299231998915010561 136
299232212816101376 139
299232506413211648 101
299233387254804480 176
299233521472532481 136
299234221921284096 136
299234695860875264 136
299235144651374592 138
299235224334774272 139
299235287274491904 155
299236121920016385 5
299236436484448256 2
299237015310987264 138
299238298776379393 5
299241322865381377 101
299241780052901888 137
299243805868175360 136
299245831733780481 155
299245861098106880 42
299248084062457856 140
299248277029793792 42
299248432214851585 139
299248788705517568 136
299248885199687680 78
299249799545372673 42
299250193809956867 78
299250323850158080 136
299250802000789504 140
299252123206553600 59
299253985464971264 42
299254237135781888 42
299254555894480896 42
299254723641495552 5
299254878830747649 42
299256539800301569 42
299256980189626370 2
299257168933298176 80
299257454154358785 138
299258066539540480 138
299258817315741696 138
299259454820610049 5
299260411126091778 42
299261216449245184 155
299262839628128257 137
299263288418635776 101
299264135672250369 155
299265381405700096 155
299266157339365376 139
299266417361051648 22
299268883636969472 42
299269340799307777 3
299269835739770880 42
299273933553823744 42
299275556753653760 78
299275883913560065 138
299276139761897472 42
299276668240015363 59
299277104447647745 137
299277465170366465 5
299277758796816384 8
299278274691997696 42
299279600058507264 104
299279612662403072 104
299281059701473281 138
299281957295112192 138
299282007605784577 78
299282380907225089 59
299283312021733378 27
299283790180790273 101
299287246295683073 78
299287325979054080 42
299287871242776577 138
299290433945747458 143
299290782072971265 42
299293500011343872 139
299294213026226176 155
299295307764748288 78
299296834462023680 137
299297446834622464 78
299298528969240577 136
299298633831034880 139
299299992777146368 139
299300215079448576 12
299300663861575680 139
299300949095235585 176
299300986848165888 142
299301297201483776 22
299301452394950657 12
299301972505403394 139
299304157712629761 139
299306858865373184 5
299307035034525696 22
299309098627891201 22
299310432408182784 1
299310948320178178 78
299312466645643265 22
299315671098093568 104
299316199571980288 5
299316199580368896 5
299316472184971264 3
299316602225188864 139
299316975501451265 22
299317373981306880 20
299318552584921088 22
299320070910394368 104
299320603591180288 155
299320972706734080 5
299322126119346177 80
299325120873390080 138
299325913580044288 139
299326131667099648 12
299326718869647360 14
299327192842776576 155
299327201231380481 12
299327402562183168 176
299327763280707584 22
299330518909083648 22
299331429081427968 136
299331949196091392 22
299332267942232066 9
299332737725259776 22
299334390289424384 22
299334599996227584 101
299334801306025984 22
299334901960933376 140
299335313023709184 22
299337464705855488 22
299338001547423744 22
299338983027126272 155
299339238875484160 155
299341302485635072 42
299343068283428864 22
299343252828594177 9
299343638704582657 20
299343705800855552 14
299343831650934784 22
299345517740183552 190
299346444719108096 80
299347845578895361 142
299349535900192769 80
299350714520580098 12
299351066837929984 80
299353432408596480 136
299353440793001986 136
299354288067592192 22
299354564891660289 136
299355055625211905 78
299355097543110656 137
299355290481074176 78
299355575693754369 12
299356926280597504 22
299357521859182592 12
299358142603616257 139
299358289404256256 136
299359107301908480 101
299359916794195968 155
299360642421366784 78
299363838489399296 22
299364178198663168 22
299369911849992192 22
299370297721774081 22
299371442762563585 138
299371874750693376 78
299372059304284161 190
299372562612359169 12
299373556674994177 22
299374416498921472 136
299374424921088001 11
299375452492013568 14
299376983438131201 155
299377272824147968 140
299378782781972482 101
299379051225829376 22
299382037570281473 22
299383694311976962 27
299384197628456961 22
299386345116286977 14
299389411148324864 59
299389897683369985 22
299395845223227392 138
299396763750629376 22
299398458262028288 22
299401700471623680 59
299406234510032896 101
299408742678675458 22
299409891926343680 22
299410776937078786 22
299412270113492993 22
299412655964307456 22
299415768137871360 22
299416103698964480 22
299416799966019585 22
299416829330341888 22
299417487823470592 78
299417953399619585 22
299419043897679872 22
299419735949455360 22
299426560082063360 22
299427411534176256 101
299428745335435264 136
299428774708142081 101
299429131198808065 22
299434940314054656 22
299436131487977472 22
299437775680311297 22
299439025591308288 140
299445526737334272 101
299449842667761664 5
299451193267208192 22
299455601480695808 16
299457019130290176 22
299458378088996864 22
299459313427161088 22
299462530458349568 5
299463826489896960 22
299464195605405696 140
299464438845693952 59
299465793639432195 22
299470684160139264 139
299470805794975744 138
299471690805690368 22
299472584209203201 155
299474350019588096 42
299475889316564992 139
299480419160711168 12
299482797326860288 138
299484584121335808 42
299487725634080768 42
299488145077047296 137
299489487250145280 140
299490204463534080 142
299490519032135680 5
299493350208315392 75
299494071632805889 176
299495761933135872 5
299497796141203456 5
299500266603024388 20
299500514062766080 59
299500572791435265 137
299500740559388672 72
299512396534382592 12
299515617772441601 42
299515949101510658 80
299519476498567168 155
299521200391081984 139
299521233920352259 136
299521917617057792 59
299521921798787072 140
299525189165789184 12
299526992695545856 12
299528196460797952 136
299528532034453504 78
299530138448715777 78
299532000728068096 155
299532504015179777 155
299534504698200064 10
299538086629609473 139
299539214922571777 155
299539349123526656 12
299539403657863168 5
299540745826750465 142
299540984927227904 12
299541253341728771 155
299542423569321984 140
299550447268683776 12
299551189643714560 42
299554167595352064 155
299554171789647872 155
299554486383427584 139
299557376229523456 155
299558064133140481 142
299558550659792896 80
299558789739319296 12
299559993496186881 59
299560207405707264 155
299562564604555265 138
299562719810572288 155
299562883354861568 139
299563701248339969 59
299563759997968387 12
299564623986835456 155
299564733063888896 42
299564938593177601 12
299566725366697984 4
299566733730136064 42
299568268862189568 20
299568390492798977 138
299569707487477760 140
299570386994094080 59
299572354110091264 138
299574614844137472 136
299574803600404480 9
299575512429387777 139
299576749740675072 12
299578574258720768 155
299579664794529792 75
299580608483586048 155
299583636804628480 20
299583955563323394 155
299584349811126272 155
299585239020355584 140
299589705933156352 59
299590163141636096 78
299591555621199872 140
299591983436021760 139
299592109294501888 155
299592251879866368 16
299592960734003200 16
299594508436402178 136
299598866293071872 140
299600560796086272 155
299601227682041856 12
299604595712335872 20
299604855767592960 12
299607414288826368 155
299608643215712256 137
299609561759899648 155
299609788260696064 59
299611931541663744 140
299615094063632385 155
299617015050694657 155
299619422589554688 155
299620651533221888 139
299621393904066560 137
299621876244832257 155
299622278889619456 155
299624111829831683 155
299625382678769664 155
299626066367090689 155
299626594861998080 155
299628331270291456 2
299628641686536192 142
299628817817931776 155
299629950305198080 138
299630797521039360 42
299631342809919489 155
299632001311457281 3
299637026075054080 139
299639219687653376 176
299639471341719552 155
299639475565391872 155
299639731396964352 155
299640616386695168 142
299641123897503744 155
299641421705641987 139
299642315113373696 104
299644487729299456 155
299646052225675265 139
299648333939617793 138
299648455566053376 155
299648619143892993 155
299649709675524097 138
299650225553960961 78
299651852943892481 21
299653102833893376 155
299653341938589696 155
299653539054112768 155
299657087418499072 72
299658467344523264 59
299659415286583296 80
299660371566923777 2
299660396728573952 2
299663093674426370 2
299663647335133187 155
299663924150812672 176
299665757061652480 155
299667543851925504 14
299667954885349376 155
299669003465547776 155
299670232371441666 155
299673373905137664 139
299674166624411649 155
299675248792571906 42
299675840176865280 140
299678218334662656 155
299682068701523968 27
299682555240792064 139
299682605589225472 140
299683821912195072 155
299684178449035264 138
299684199399559169 155
299684694327439360 155
299686523073355776 155
299686581764255744 155
299688074957430784 3
299688532119781376 78
299689022853365760 104
299693288481517568 2
299693573677383684 155
299693951164755969 155
299694047663116288 155
299694865544011776 155
299695104606756865 155
299695696016191488 155
299697176576139264 155
299697885451280385 155
299700028723847168 155
299700490093096960 12
299702486594363392 155
299702494974599170 155
299703631639371777 155
299704147547144192 155
299704650838446080 155
299707817558941696 140
299708509598142466 155
299708580909678593 155
299710258639683585 178
299710652874911744 155
299710678070083585 155
299712594875387904 142
299713647633108992 155
299714318700797952 155
299715472130199554 59
299716835308363776 140
299717682557751296 138
299719007957815298 155
299721075741302784 155
299722619228397570 155
299725819499134978 155
299726188614647808 72
299726809367453696 12
299729040724615168 155
299729149759741952 155
299731431465287680 155
299732559737282562 20
299732803006910466 142
299732865942429697 9
299735852274298881 140
299738305933750273 155
299739312591863808 2
299744198930882560 155
299744630931599360 140
299750708503277569 155
299754139452309505 155
299755041219301376 155
299760346992877568 155
299762897146482689 139
299764235137851393 138
299768853066551296 155
299773408076496896 57
299779737281236992 155
299784707518898176 5
299786729190219776 177
299797571470254080 139
299798175424847872 137
299798720675991552 1
299799475667468288 80
299805058273513472 22
299808745062539264 140
299809030275203072 13
299811093872791552 139
299813312676376576 136
299816752009850881 5
299824339509997568 142
299828261167452161 16
299832086364299264 5
299832203809013760 139
299832614871785472 139
299834443571552256 138
299835089519529984 155
299835802555412480 136
299839434818457600 57
299843008361295873 142
299843989836795904 139
299850360951021569 12
299852902716022785 139
299855775801683968 139
299858606965268480 155
299859022205575169 139
299859655537094657 155
299860062384562177 155
299863975695355905 139
299864931967311873 155
299865242358403072 155
299865963778691072 155
299866454499655680 20
299868664902062080 155
299871265378951168 12
299871777088212992 155
299872603370311680 155
299873886802157568 10
299874054599495681 138
299876055269920768 139
299880308277399552 59
299882334130409472 155
299883860873854976 142
299885542798155778 155
299886780113645568 139
299887199518863361 140
299889149870215168 155
299889720320720896 155
299890030711824385 155
299890236224307200 27
299890441741017088 155
299891628703879168 155
299891683246632960 155
299892123669508096 155
299892970918907904 59
299893000279052288 176
299893189005950976 155
299894359220969473 155
299894434697469953 155
299894535377522688 155
299894640239341570 155
299895953031323648 155
299897249100619777 138
299897706271363073 20
299897848886067202 140
299898561921970177 155
299899061039947776 138
299900101227339777 140
299900910736404480 2
299902072529223682 155
299902424875950080 155
299904094204723200 155
299904341656088577 138
299904635253161984 155
299904681411477504 155
299906271027539968 136
299906824705028096 155
299908494025437184 155
299908544331931649 155
299909068636700673 155
299910385648168960 155
299913065812619264 155
299914802237681666 155
299914827411910656 155
299915469148786690 155
299916723254091776 16
299916765188734978 155
299916928754003968 59
299917352387092480 139
299917423673499648 16
299917775995031552 155
299917939589672961 78
299918270935482368 139
299919466299523072 155
299920812671115264 80
299921366352789504 155
299924159742476289 155
299925543846047745 72
299926043005960192 2
299926500172513280 155
299926797963907072 155
299926999286304771 155
299928442114301952 155
299928823808524291 176
299928911909892097 155
299931067748589568 155
299931424285413376 155
299932833558962177 155
299934129594720257 139
299934666461437952 155
299934754566987776 155
299936868483624960 140
299939485720907776 155
299939976475447296 142
299940056142073858 155
299940391719956480 155
299941238956765184 9
299941939413921792 104
299944690864754688 155
299945122873876480 155
299945756197015553 139
299945848475897856 155
299946376970788865 155
299947048071991296 155
299947970793717760 80
299948130210807808 155
299948855808651265 155
299950105690259456 25
299950160220397568 140
299951003300667392 155
299951431090323456 155
299951737299664898 155
299953763161100289 155
299954388108210177 25
299954895614787585 138
299955872862457859 138
299956963381506048 155
299957043090034688 139
299957563183755264 155
299957584138481664 155
299957680632647680 138
299957684831154177 155
299958498521919488 142
299958506881183744 155
299958636908802049 140
299958934733746177 155
299960037827309568 20
299961698780082176 155
299962571191103488 155
299962810258051072 12
299963271618895872 155
299963808506605570 136
299966593528627201 80
299969542111780865 59
299972536828043264 20
299972868186460161 155
299975103754682368 155
299976122991534081 155
299977070891646976 101
299977729405763584 155
299977859412418562 155
299977934935060480 16
299980371813101568 155
299980384375033856 155
299980506030817280 155
299980543758585856 155
299980556349865984 155
299981034517303297 72
299981240046587904 176
299981516853899264 142
299981869179604992 155
299982544470933505 155
299982825480912897 155
299983685292269569 155
299983974720233472 155
299984897458724865 178
299985677586677760 155
299985803449344001 155
299985807610093568 155
299986155754110977 140
299986159956811776 155
299986495488536577 155
299987946738688000 142
299987997070348288 143
299988668158988288 21
299988726845693952 59
299989171462881280 155
299990505255735296 155
299991264399609856 155
299991696438083584 155
299992292012462080 155
299992392679952384 155
299993193800413184 155
299993328026525697 27
299993378341388288 155
299993470607687680 12
299994833785864192 155
299995915899510784 155
300000462541819906 59
300001477534048256 155
300001687270211584 155
300001796292759553 139
300002014396567552 155
300002479985270784 155
300002484187967489 155
300003310474252288 155
300003339834363904 155
300004212216041472 12
300004409365131264 155
300004430349217793 155
300004669424562176 176
300004723916951552 155
300004736537604099 42
300006787531280384 139
300006955290853376 155
300007429255593985 139
300007823536947200 136
300009358660628481 13
300010944082350080 155
300011816501788672 155
300012684743700480 155
300013083185786880 155
300014081442717696 155
300014404395732992 101
300015394243112960 9
300015473926492160 155
300016941932879872 59
300017667568439296 155
300018061828825088 139
300018313478688768 155
300019697611579392 155
300020272239624194 140
300022155452760064 155
300022344196452354 155
300022407127764992 139
300023103365476352 176
300023459910676481 155
300024235840114688 140
300024705581215746 140
300025011782184960 176
300025603191631872 13
300028325303304193 155
300028845392814080 59
300030049137078273 155
300030804120186880 143
300031122874699777 155
300031181586587649 155
300033970815524865 136
300034507678040064 155
300034994238271489 155
300035015184629761 176
300035845652631552 155
300038416781959169 155
300039532483579904 155
300039809278291969 155
300042011300478977 155
300044460753043456 101
300049007407939584 155
300049699463917570 155
300051922449231872 155
300055470801047552 155
300059430224019456 155
300060910813327360 155
300062232040062977 155
300064157242376192 80
300064861868675072 155
300065436475727872 155
300069995709333505 155
300071606313701376 176
300072583582318592 155
300074265481445376 104
300075460870672385 140
300077457359376385 155
300077843226980352 138
300078547886809089 155
300078635971395584 138
300081504871133184 138
300082289218555908 155
300082893173166080 155
300083916579147776 155
300084730303488000 155
300084935799238656 155
300085036458319873 155
300085149712928768 2
300086424798101504 138
300086588354994176 155
300088735855411200 155
300088920375427072 155
300090203840864257 9
300091793490468867 175
300099393577684992 140
300100177891557376 155
300100207247499265 155
300100282753368064 155
300102090519367680 139
300105752129961984 155
300110617514233856 155
300118867714392065 138
300120381858148353 155
300120679662116864 9
300122931999154176 176
300122961363496961 140
300124349682311168 155
300129579970998272 175
300134428586430464 136
300136383123701760 12
300141542121816064 138
300145518326206465 155
300151851721035776 20
300161465074216960 136
300170411524620288 140
300172181508354048 155
300174710690435072 2
300180846936211456 142
300189923435216896 137
300193719263563776 176
300194092560834560 16
300195904512724992 25
300208122520289280 155
300208458072997889 139
300215953269084160 59
300220487324278784 142
300221854667399169 155
300223654028001280 155
300225075880267777 155
300226124468854785 155
300226413880033281 142
300227403739971584 155
300230469772009472 155
300234617938653184 155
300235725213954048 155
300239068082630656 155
300240011809402880 155
300240263459270656 155
300242520003186688 155
300243153359867906 155
300243602133622784 155
300243711193923586 178
300243837031432192 155
300243975405715456 176
300250325611335680 155
300251382571757569 176
300253785907929088 136
300255560090136576 72
300257548194443264 155
300260631024648194 155
300261268542070785 9
300262048674234369 155
300262170321637377 155
300262468121403392 155
300263587979616256 139
300263759954468865 138
300264783385616385 155
300265005683720192 155
300266196828299264 72
300266662404423680 72
300267702604414976 155
300269124473462784 155
300269996897095680 155
300270068208660481 178
300272987410673664 155
300273000014557187 142
300274220557037568 155
300274514149920768 20
300275101369262081 155
300275386577743876 176
300275785028206592 155
300276477071601664 155
300277932528640001 178
300279467618742273 155
300280717538127872 155
300282261046169600 176
300282793697611777 155
300282823070343170 176
300282974048485377 155
300282995015831552 155
300287269024169984 155
300287529062641664 155
300288183369887745 176
300289672356167682 78
300292134408441856 176
300292646126116864 155
300292943913308160 155
300296869773471744 155
300298321027809280 155
300298652382015488 155
300301181555703808 155
300302330757267456 140
300302913769730050 155
300303551312302080 5
300305329709785088 136
300306856444833792 155
300308236345700352 155
300308362195775488 176
300309037482921986 9
300310631314227200 176
300312388702461953 155
300312405492252672 9
300312418079363072 155
300312782983794689 176
300315182104727552 139
300317153461157888 155
300318696965017601 139
300320513098670080 78
300320857010622466 155
300323205812461568 139
300323407147442177 176
300326921995182080 155
300329438544015360 142
300331107885408257 140
300331393119055872 140
300331955151589376 155
300332701741899779 155
300333901300260865 136
300337248367419392 155
300338636665282560 138
300341845320429568 155
300342256370585600 155
300343363654283265 140
300344668061855745 155
300347268551278593 155
300348493279686657 176
300349772554960897 13
300350611419963392 138
300352243004239872 137
300353161535832064 143
300357854957821953 155
300363152363773952 155
300367166316871681 155
300368936321572864 155
300369452233547776 143
300369938772811776 138
300370270093451264 139
300373067727765505 155
300380885910421505 139
300390130122891264 155
300392600588922880 155
300392659296608256 138
300393414271332352 155
300394920026464256 142
300394982936825857 42
300395930866311168 176
300396903940624384 140
300397151400374272 155
300402167813120001 143
300402687890051072 139
300408836718735360 59
300409444926377984 176
300417984499970050 42
300424997384646656 42
300425123205378048 155
300428625465995264 142
300436485574885376 140
300441669743017984 79
300445314597412864 25
300446782620577792 155
300448711987822593 178
300455699677339649 138
300481482076610560 155
300486947258896384 139
300491527443058688 140
300498179609214976 139
300512524116299776 142
300516345131458561 16
300519012700418048 80
300524394005012480 140
300527095124226049 80
300536465224519680 140
300548393820889088 80
300550709059919872 20
300551380152770560 178
300552114151776256 138
300559101874823168 139
300560171434930176 138
300562268574339072 80
300562381803753472 155
300563916944179202 78
300575988142727168 59
300577863004983296 78
300581839201001472 25
300589548323352576 138
300595701384093696 59
300598054359277568 140
300598771581059072 16
300602110259630080 139
300607135056797697 140
300612155621904384 9
300612214354767872 59
300624386224955392 75
300624684007960576 75
300624751129419778 155
300625782936576000 75
300626454021029888 75
300626659529338885 75
300627594875895809 75
300627984921014273 75
300628488262676482 75
300628966375563265 140
300630069481717761 12
300630077878714369 12
300631675929522176 139
300632418300346368 75
300633743717199875 155
300635056504975361 75
300636138656387073 12
300636734239145984 9
300637413708034052 75
300638168695324675 80
300638814601371649 78
300638877524303872 75
300639498285510656 136
300640026771984385 75
300640282611945474 75
300640320373276672 75
300640328745111552 75
300640593003020288 75
300641100526403584 75
300641478013759489 12
300641628996124673 75
300642581086359552 75
300644057506533377 75
300646582473330688 155
300647006085455872 155
300647534584541185 75
300649375892381699 75
300649631711363072 140
300649791115894786 75
300649984049684481 75
300650252485152770 22
300650395108253696 75
300650789377015809 72
300653087847231489 75
300653113021440000 78
300653431759192064 139
300654119646031873 80
300657340863086592 75
300659022758035456 21
300661979775909888 75
300662520824344576 20
300662915072151554 178
300667004547919872 104
300669898596691969 78
300672268370063360 75
300673904186380289 13
300674080313573376 136
300674206159470592 9
300674646540443649 78
300675393134948354 75
300678543048839170 75
300678589194579969 75
300681000936144896 136
300682829656883201 75
300684192780541953 190
300686147342966784 59
300686516454293504 75
300686977810968576 75
300687086883835905 75
300688131265552384 75
300692593988235266 75
300694326214815745 75
300695811019395075 75
300696209461501953 75
300700819035136001 75
300701087466389504 75
300701666263592960 75
300701674635411459 75
300702408638623744 75
300702731629367298 75
300702966510391297 75
300703700509401089 78
300705617314738176 12
300705717969616896 155
300705847984672770 2
300708901446352896 78
300710625301114880 12
300711829074747393 75
300711833264852992 75
300712965739524098 101
300714073014812672 75
300714572157947905 75
300715696214642688 42
300715733971787776 12
300716333748871169 75
300719152329535488 1
300722348359815168 22
300727729677025284 12
300728526573817856 78
300731890422386688 176
300733702370107393 75
300733916254457856 1
300734713205764097 3
300736873242951681 78
300738152522461184 142
300741432476594177 143
300742908871589888 75
300744607547944961 136
300746302042542080 75
300749779128954881 80
300750131446284288 140
300754036326539264 155
300761288303333376 140
300762085204295680 3
300771778249244674 138
300776048050708480 142
300776144532295680 20
300776165499604992 142
300776173892423680 142
300776220021379073 142
300776240988692480 142
300776257749123072 142
300776261977001985 142
300776266158706688 142
300776350040612865 142
300776408769257472 142
300776551350419456 142
300777138582327297 155
300777339883753473 140
300782029132423168 138
300783220314750978 101
300784226939326465 78
300785862726262787 176
300786085003423744 59
300786588328284160 75
300786932257013760 139
300788324799508480 16
300790212219531264 140
300790287716978688 20
300790799409500160 176
300791726342295552 13
300792728818696194 101
300792791733260289 101
300792863007055872 101
300795237004099586 101
300798672113897473 138
300799418720997377 142
300801205481906176 104
300805240419127297 3
300822466400501760 142
300823108145799170 3
300823787635613696 138
300825360466063361 13
300826115440783360 1
300827872879316992 155
300827960968110080 142
300830783722106880 3
300837037408415744 12
300837880471887872 139
300838903903047681 138
300844704596119552 75
300851176440750080 139
300853063881719808 3
300854791914016768 138
300855165194473472 138
300858017354743808 3
300864757563551744 155
300864975679918080 139
300870499582476289 78
300871984357732352 142
300872273768898560 78
300873066513326080 138
300873406230982657 178
300877172720160768 3
300878871413280769 142
300880901448024065 3
300882931512119296 12
300884353368612864 3
300885926224211969 142
300886911902416896 139
300901134770520064 75
300904691569655808 8
300916427228069889 12
300917110870274049 138
300920000741535744 1
300924488671961088 91
300926019605520384 91
300933498020171776 136
300934458519977985 25
300935163184033792 3
300935238677299200 91
300937142878748672 91
300938833179058177 91
300940150182137857 91
300943119770324992 91
300943950225747968 176
300946479395262464 91
300950178796535808 91
300952678568185857 138
300955971126181888 2
300956885459283970 91
300957191635079168 3
300957317497749504 155
300957783044526080 142
300958106014339072 139
300959548871692288 78
300963042726916097 12
300967597736869888 59
300969480975171584 138
300969854264045569 136
300970747642404864 91
300971372602089472 91
300971678773686272 91
300972073055031296 138
300976397357289473 12
300976426725806080 139
300978892993343488 3
300983141810728960 22
300985515807752193 91
300986413359448064 78
300992658682286080 5
300994198000259072 5
300996362252738560 136
301000543961227264 139
301001206686420993 138
301001340912549889 91
301004054606270465 143
301005791069085696 91
301013282100228096 143
301013546312028162 91
301013563118612480 13
301014066422493184 13
301015068840173568 78
301016100651548674 138
301018281706389504 139
301018415898972161 91
301018478838706176 155
301021117030748160 143
301021209301241858 3
301021624558301185 91
301021674889957376 80
301024170475675649 15
301024531223564288 75
301026397688823808 142
301028931027484672 140
301029165916909568 138
301033934815363072 3
301036023578779649 101
301036845666533376 136
301037772616122369 3
301037961380786179 91
301038192050724864 42
301038535975260160 3
301039546794119168 3
301039773303312384 91
301040729592049664 42
301043049063124993 3
301044017943150592 78
301044185702744064 78
301048417759678464 12
301049164358365185 138
301049969639579648 91
301052666614804480 3
301053065048510464 175
301054612763443200 75
301055107695529984 80
301055829115813888 142
301057678803877889 142
301057808797954048 140
301058677027258369 80
301058886750851072 140
301062724543213568 11
301065815741054976 12
301066637837205504 91
301070567900073985 3
301071159288545281 3
301071884907327488 12
301074544070889473 139
301076267959218177 78
301082026734387200 3
301082345488936960 175
301082404192395267 78
301083201122729984 12
301084300055552001 91
301085398950625280 91
301087630320357377 140
301088611762307072 137
301088762769854465 176
301088884400455681 176
301089496773033985 3
301090557944541184 155
301092407628423168 20
301092743185305600 138
301092797711273985 78
301093024195309571 2
301094907421016064 177
301096274793484288 176
301097801482375168 101
301099349193138176 101
301101190513565696 78
301109608464936960 3
301112548655263744 137
301116050899103744 91
301116587774210048 139
301120597537218561 3
301122124272242688 142
301123105751973888 75
301125546811731969 139
301126733808164864 101
301129254580670465 177
301129531404742656 177
301129544000221184 139
301143087399464960 136
301143259357540353 104
301145100682133504 138
301145968873713665 176
301146442830065665 91
301150070903013376 91
301150679106457600 91
301153304740773889 140
301155632571117569 11
301157952021217280 12
301160774800396288 177
301161445851287552 177
301163970847453184 176
301164658704932864 3
301167359840878592 3
301168202912759810 143
301169477964398592 78
301175626822475777 174
301175966548504580 136
301176318857474049 174
301176771859062785 2
301178013352091649 91
301179129049513984 22
301180546745237505 174
301181150725013506 16
301182924911439872 2
301184250319888384 91
301184627769499648 174
301185735065739264 174
301187471541141504 174
301188373316521984 59
301188713038376960 174
301188721447952384 3
301189241533239296 174
301189270864007168 12
301190025855504384 142
301190730498572289 174
301195813982437376 174
301198657724751872 174
301199790207799296 12
301202608750751744 25
301205385392574466 3
301206769500315648 174
301207306408976384 174
301207457399717888 174
301208661139783680 101
301209214787919872 12
301210477298606081 174
301211592979267584 174
301212196929691650 174
301212880638988288 78
301214126347272192 174
301214562529710080 174
301216047330103298 9
301216588386934784 174
301217645334765568 174
301217678918578177 174
301218039611936768 138
301221483143905280 12
301224062649237505 176
301227007038087168 138
301230333116956672 174
301230849024724992 174
301231411040505856 174
301231738221383681 174
301232023408885760 174
301233021686800384 174
301234032480514048 139
301234703590125568 140
301235303383957505 174
301236653937270785 174
301236893029388288 174
301238142923571200 140
301239317307736065 101
301240089068044288 174
301240932106399744 174
301242777600135168 143
301244937670885376 143
301245537477328896 174
301246695109435392 174
301249920525029377 174
301250683896737793 174
301250864247619584 91
301252248346955777 174
301252458074734592 72
301253401805717504 1
301254928519794688 15
301256966955741185 59
301257977766232064 174
301258015531741185 174
301259177362337792 91
301259663872241666 174
301260171399806976 174
301260326597435392 174
301261912040153091 174
301262562132099073 72
301263593943494656 174
301264470548815872 174
301267289116901376 91
301267977016332289 174
301268195090776065 174
301270124474818561 174
301270682325635073 174
301271374381600768 91
301271890285195264 138
301273563791495168 174
301276596277485568 25
301277351281577984 174
301278236283924481 91
301278383050985472 91
301279070929432577 72
301279356142104577 25
301280517976887297 25
301281851748794368 139
301282061472395265 25
301284028613550080 174
301284401906585600 25
301285358178537473 25
301285769228713985 174
301285895049457666 174
301286276743716865 174
301286486463090688 139
301286851363356672 174
301286926852448256 25
301287522460389376 3
301288290001240065 25
301289430881292290 25
301290059993346048 174
301290529767968768 174
301291028881739776 174
301291238592761856 25
301292136190603264 174
301292236845481984 25
301292412997890048 25
301292501090856963 25
301292765344591872 25
301292777935863808 25
301293692260593664 25
301293704864477184 174
301293721620713472 174
301293990051995648 25
301294006833410048 25
301294405288075266 25
301294459830824960 25
301295617441927168 25
301296217265164288 25
301296728936701952 174
301298113073778689 25
301298377327525888 174
301300159898345472 174
301301028110864384 174
301301292352040960 25
301301749514379264 25
301302965891907584 25
301303024586985473 25
301303095915339776 91
301304337433493504 25
301304526173007872 25
301304706502905856 25
301305000099971072 25
301305130127605760 25
301305453114175491 25
301305708949950464 25
301305855746383873 25
301306325537796097 25
301306371662548992 41
301306430378614784 91
301306887549382656 174
301307097281347584 142
301307344724316160 25
301307814490550272 91
301308460438548480 41
301308833723187200 25
301310331064565760 25
301310343655849984 25
301310389784825856 91
301310448509276162 139
301310515618119680 174
301310637244551168 25
301310725354319872 174
301311446766202881 25
301311564185747457 174
301311589389303809 25
301312461766791168 25
301312482776055808 5
301313598456750080 25
301314089190318080 25
301314139526144001 25
301314919666708480 25
301315569754443776 12
301315628487303169 140
301316169531543553 25
301316211478769664 25
301316219879948291 25
301316819661225984 25
301317490758262784 25
301317553660256257 91
301319004889427968 25
301319063634862080 25
301319285928779776 25
301319390777987072 25
301319441118019584 72
301319558550155265 25
301320095425236993 174
301320170914328576 12
301320657466187776 25
301321852826030080 140
301321869620043776 174
301322209346072576 25
301322452598927360 25
301322742043643905 25
301322742043664384 140
301322888823312385 174
301323123721113603 25
301323161465671681 25
301323627041804288 25
301324650447773696 25
301325044678811648 25
301325317316939776 136
301325724172832769 176
301326055531241472 91
301327494164914176 25
301327544488177664 25
301328404324679680 25
301328643395825664 174
301329209647845376 25
301329591308521473 25
301329712943357952 25
301329842970955777 25
301330090439102464 25
301330149155164160 25
301331080294854656 142
301331143234576384 25
301331260645707777 174
301331914969718784 174
301331990479773696 174
301332388917690369 25
301332544123715585 25
301333135524786176 174
301334452502659072 25
301334691590586368 25
301335165546946560 25
301335496901132289 25
301336004395155457 25
301336520311308288 25
301336918786985984 25
301337086542348288 25
301337405296893953 25
301338210620022784 59
301338701341028353 9
301338982376169472 25
301339007529385985 78
301339083022688256 25
301339091411296256 25
301339510866866177 25
301339632472301568 25
301340106437046272 59
301340198720110592 25
301340672672284672 25
301340999815397376 138
301341062763536386 25
301341180166283264 25
301341637358010368 25
301342656578064386 174
301342685938192384 174
301342954382053376 143
301343084392890368 25
301343604503351296 174
301344032305594369 25
301344078468100096 177
301344225264549889 25
301344254595305474 174
301344489505710080 25
301344887947800576 25
301345059918467072 175
301345236070846465 25
301345298981195776 25
301345303167123456 25
301345806487801856 3
301346032984412161 25
301346284651044864 25
301346636968370176 25
301346800563011584 25
301347538731151360 25
301347693945561088 25
301347765248724992 25
301347891077857280 25
301348461494800384 25
301348654445391872 25
301348717330591744 25
301349258416758784 25
301349417817079808 3
301349568791076864 25
301350063714738176 3
301350147596636160 13
301350751576399873 25
301351129059557376 174
301351523349327872 3
301351561081286656 25
301351829529300994 25
301352009859231744 25
301352991330549760 25
301353079444492288 25
301353104589340672 25
301353398199001089 3
301353477899165696 25
301353549172973568 25
301353725354729472 25
301353767310344193 25
301353989583282176 57
301354115433373697 25
301354287399829504 25
301354564211335168 174
301354815877947392 25
301355990262108160 140
301356829122912256 25
301357839966949376 3
301358250987757570 25
301358590751551488 25
301358796280852481 25
301358829818490880 25
301359005991858176 25
301359219876192257 59
301359333147566080 25
301359500919701504 25
301359547052875777 25
301360784355762177 25
301360947941998593 25
301361057010683904 25
301361090552528896 25
301361291858149376 25
301361358992179200 25
301361488998854656 3
301361572872347648 174
301361681945198592 25
301361694519750657 140
301361929413337090 25
301362072032251905 25
301362101379813376 138
301362235597549568 25
301363070272417792 25
301363279962439680 25
301363456131612674 174
301363531629068288 25
301364047528472576 174
301364097872695297 174
301364265632280576 3
301364274041847808 25
301365272248479747 25
301365498749276160 191
301365574259331072 25
301365930754203650 25
301366111147028480 25
301366438281752576 25
301366664765796353 25
301367008694525952 25
301367168090656768 25
301367264576425984 25
301367780463214593 174
301368069866008576 25
301368212468154369 3
301368552202575873 25
301368665473970177 91
301368711598710785 3
301369042940338176 25
301369219092713472 174
301369273631272961 174
301369357504761856 25
301369378497241088 3
301369521116176384 25
301369718214901761 25
301369936343859201 25
301370506752430080 3
301371358187769856 25
301371454656757761 25
301371517604872192 25
301371567915532289 25
301371827958206464 25
301372276769714176 174
301372314510041089 25
301372360626405376 25
301373069463789568 25
301373472146333696 25
301373644079247360 136
301373778330525696 25
301373887361474560 25
301373992206487553 25
301374084493758464 25
301374105477869570 25
301374784955117568 25
301374944313487361 25
301375527325945856 25
301375795773988864 25
301375812551200768 25
301375867093921792 25
301375921603100672 25
301376382976536577 25
301376877904420865 25
301376945009078272 25
301376999543435264 25
301377326686547968 21
301377339261063169 174
301377502843109377 25
301377519624544256 25
301377553170587648 25
301377985209057280 25
301378144600997888 25
301378740196360193 25
301379029569769472 25
301379197367099392 25
301379314795028480 25
301379314816004096 138
301379323175260160 25
301379730018553856 25
301380128494194689 25
301381458088570880 140
301381692986380289 25
301382632476930048 25
301383005799329793 25
301384482177568768 25
301384746401923072 3
301384830288031744 25
301384859685892097 25
301384981287141376 25
301384989705113601 25
301385170047602689 91
301385170051805184 174
301385279116296192 25
301385774010617856 174
301385803391696896 25
301385828557533184 174
301386398966108160 174
301386684182953984 25
301387032331177984 25
301387229463453696 3
301389142057697280 25
301389632782872576 25
301389880234225664 25
301390249328799744 3
301390408733298688 25
301390626828734464 25
301390681363079170 25
301390685569949698 25
301390790406569984 25
301390886883950592 25
301391222419910657 139
301391486652657664 25
301391784477589505 25
301392082239639552 25
301392094856089601 25
301393181168259073 25
301393294393487361 25
301393327973093377 25
301393520894300160 25
301394150039908352 25
301394447856455682 25
301394980512096256 78
301395190227275776 174
301395676762349568 25
301395790033723392 25
301395840365375490 25
301395890697023488 9
301395903279927297 25
301396092023611392 174
301396188484235265 25
301396305916350465 3
