31891416334467072 17
31891489755766786 17
31891608743968768 2
31892141500268545 2
31892944822738944 0
31893406716272640 7
31893656415764480 17
31894141499609088 17
31894757206659073 17
31895869330554880 17
31896412782338049 7
31896461222346753 28
31896783059685376 17
31898485158580225 17
31899295359696896 0
31899706770595840 3
31899750827565056 0
31899864044404736 14
31900325413654529 6
31900518032875520 17
31901442537164800 17
31902382870765570 2
31902990348591105 6
31903192153333761 17
31903266149236736 2
31905638472753154 17
31905766772318208 7
31906281207898112 7
31906716899610625 17
31907297047351297 17
31908204975759362 17
31908313906024449 17
31908842551902209 7
31909454689603585 7
31909514391322624 7
31909514722672640 17
31909573883330562 7
31909632570040320 28
31909739608670209 7
31910226554785792 17
31910248801370112 17
31910297069424640 2
31910487927029760 17
31910949946400769 17
31911101734064128 9
31911131589120001 7
31911196265291777 17
31911367371923456 28
31911793978777601 7
31912267737989121 17
31912309945270272 7
31912372620759040 17
31913223418548225 7
31914293402279937 2
31915121051697152 3
31916020599881731 7
31916218080301056 50
31916717202481153 17
31917162071326720 7
31917506109120514 28
31917626607271937 17
31918976959250434 7
31919063512915968 19
31920245581029376 7
31920331648147456 7
31920568794095616 2
31921290449264641 7
31923312800038912 17
31923326783848448 7
31923473320247296 2
31924949920784385 7
31925027234385920 16
31925084725714944 7
31925408349814784 7
31925509738729472 7
31925980771647488 13
31926616586199040 7
31928055475740672 17
31928400390135808 32
31928970073079810 17
31930351655845888 7
31932082661892096 7
31932133563961344 7
31932548758114304 9
31932725992624128 3
31932814320467969 28
31932981165830144 16
31933013126287360 7
31934835266162689 7
31935117324713984 3
31935550227222528 22
31936128210702336 7
31936368590454784 17
31936905016770560 5
31937455267512320 7
31938113550942208 0
31938349388275713 7
31938590585921537 14
31938809184657409 7
31939514960183296 28
31939750990450688 17
31939983820464128 13
31941477105934336 2
31941649013678080 2
31942473911635968 17
31944049254469632 45
31944219123781632 9
31944362699001856 2
31946003187761153 16
31946294800945154 17
31948309669093376 28
31948701928783872 13
31948737517453312 6
31948959979151360 14
31950003094159361 7
31950180282540034 29
31950890885713921 5
31951211326345216 7
31951627434860544 6
31952695237545984 17
31953183160926209 13
31954209892999168 15
31954382132088832 17
31955197479624704 7
31955651777265665 0
31956136651395072 0
31956542429331457 17
31962183629803520 12
31962626091130880 15
31963150043582464 22
31963355287650304 7
31964816943874048 9
31965255663878144 22
31967815900602368 5
31968771442745345 22
31969110816464896 0
31969296829652992 0
31970634506440704 7
31970701963427840 28
31972581246500864 9
31973799763116032 17
31974158791348224 17
31975149032972289 7
31975198404120576 7
31976830982426624 7
31977435603935232 7
31977856250679296 4
31978796466835456 28
31980706628370432 9
31980922177851392 12
31981307084935168 7
31983916797665280 14
31984587735306240 8
31985413878976512 0
31985783346827264 3
31987981896126464 8
31988594251931648 7
31990111352655872 7
31993955721678848 15
31994239214682112 13
31994378763370496 9
31995130252632064 3
31999423072444416 0
31999893501386752 7
32000446595862529 28
32001652256940032 7
32002660995432448 7
32002758282313728 22
32002959994785792 3
32003703108018176 9
32004338545070081 28
32004778745659392 12
32005451423948800 11
32005795331710978 28
32006104867151872 28
32006797342539776 8
32006887113236480 14
32008658833379328 14
32008904330186752 14
32009279766532096 7
32009372351598592 6
32009413480939520 0
32009428471386112 28
32010074356453376 9
32011690711187456 19
32013060256309248 7
32013578198323200 9
32014002468954112 19
32014615982374913 4
32018548863799296 15
32020840128188416 13
32021404710866945 13
32021419126685696 13
32021981738045440 3
32023113004744704 12
32023330148057088 27
32023614383460352 16
32025187096469504 14
32025840774549504 3
32025914548162561 15
32028454333456384 9
32030003176673280 13
32030007710715904 13
32030730859057153 13
32032807379279872 13
32033963497226240 3
32035003382628352 13
32035884199059456 13
32037136878276608 7
32039222638546945 1
32039490805571584 63
32040803245232128 32
32041815846682624 38
32044092665892864 50
32044429313310721 7
32045661830520834 13
32046396894875648 1
32047904289984512 11
32048065389002754 14
32048115817119744 32
32049576701595650 8
32049956604870656 13
32050638644846592 22
32051083962490880 3
32051147413913600 30
32051234642857984 30
32051296697585664 15
32051482060660736 3
32051512800706561 9
32055212776628224 3
32055659021213696 3
32058405627633664 13
32058877105287168 17
32060945521975296 10
32061012618256384 7
32061721996693504 13
32061774131896320 3
32061794818195457 9
32062051329245184 19
32062081977032704 13
32062413691944960 16
32063376137912322 9
32063514499612672 15
32064376613638145 3
32064428279074816 10
32066019971309568 6
32066035607666688 27
32066160736342016 3
32067284000313345 9
32067497486196736 36
32067759944765440 7
32067782887604225 7
32068265530363904 22
32068607802347520 7
32069361833349120 4
32069409224790017 13
32069950923345920 13
32069978479927296 19
32070403065118720 17
32071340101996545 3
32071645627678720 13
32072427328507904 3
32072628525080576 28
32072634145447936 13
32073194290552832 13
32073505923145728 16
32074317076365312 13
32074344947523584 15
32074807814127616 7
32075751360569345 13
32075783669293056 63
32075889814544385 7
32075949373652992 0
32076232518537217 13
32076233890070529 13
32077785010806784 5
32078629051568129 13
32078931918065664 5
32079019507716096 3
32079489756303360 13
32080564265680898 27
32080604065431552 22
32080708583292928 19
32081765766004736 13
32082186182070272 50
32082875343962114 50
32083435711373312 3
32083866302816257 22
32083890650746881 13
32084860180889600 13
32086794547761152 13
32087811939110912 17
32088049496096768 13
32088588510302208 3
32088902076469248 8
32089628848693248 13
32089657487392769 7
32089754623287296 36
32090048786604033 16
32090306165870592 9
32091245538975744 13
32092382186962944 13
32092672982261760 13
32092677973479425 13
32093179519967233 32
32093212243927042 13
32093457002528768 13
32094511660277760 10
32095579853033473 15
32095929670569985 13
32096649790623745 14
32096749866721281 12
32097939581046786 13
32098412904058880 27
32098567388667905 13
32098612259328000 13
32098734112247810 13
32099983079510016 3
32101029315092480 0
32101045404434433 19
32102088683036672 13
32102173357645824 13
32102808354295808 12
32103220427886593 2
32103224093712384 50
32104371575595008 11
32104875970002944 27
32105666432729088 7
32106405552984064 12
32106739146956800 13
32106740191338497 13
32107393106051072 50
32107789086105600 10
32107889409658880 2
32109255058259968 13
32109864398360576 13
32110049685929985 7
32111217799598080 13
32111361064566784 3
32112385082789889 7
32112416762372096 0
32114105087164418 28
32115584934084608 13
32115934919397377 6
32116131632250880 0
32117224449769473 13
32117461922877440 13
32117684309073920 0
32117741028638720 10
32117905948676096 3
32118073733419008 12
32118758168338433 13
32119250613182464 30
32119441147830272 13
32119823391526913 3
32119984075317249 12
32120039515627520 19
32120148257144832 13
32120647572267008 19
32120919547707392 12
32121313149583360 28
32121426790055937 19
32122661534437376 22
32123252109221888 7
32123732440907776 12
32124496466935808 13
32126443693547520 1
32126774691233795 1
32127637971275776 0
32128725269090304 4
32128917364019200 14
32129079801024512 32
32129250249146368 7
32129382935957504 15
32130399643639809 13
32133144727527424 7
32133217544835072 10
32133341700427776 32
32133606025469952 7
32133833901998080 15
32133843280465920 12
32134134579068928 3
32134993337647104 1
32136051426336768 1
32136918514802688 12
32137106998427648 13
32137481402982401 32
32138511679229953 3
32139860399628288 10
32140620344590336 16
32141320868864000 6
32141373209575424 50
32141543015972864 4
32142153454985216 1
32143176928210944 33
32143344977051649 12
32144113251909633 38
32144132784787456 13
32144887243603968 3
32145215988965377 13
32145847726641152 27
32146780384661505 38
32147760174080000 30
32147942655655937 9
32147955532173312 4
32148462778716160 13
32148652013125633 4
32149826720239616 10
32150815032479744 14
32151178506674176 36
32151547181793280 3
32152216747905024 14
32153025518772225 13
32153644442853377 12
32154408145911809 5
32154944098279424 28
32155456298291200 9
32155482143588352 50
32156039994417152 19
32156100233007104 6
32156768477913088 13
32157610933223424 3
32157818681294848 13
32157944434921472 13
32158624998498304 13
32158869769691137 13
32159768051191808 13
32160236940824576 13
32160280121184256 14
32160649618395136 38
32161176976625664 5
32161424880963584 7
32161973722419200 13
32162187199913986 13
32162503664345088 13
32164900881047553 13
32165187846938624 0
32165284794077184 0
32166220039983104 0
32166259978141696 3
32166562546843648 0
32167017280700416 15
32167642680795136 15
32168528970780672 0
32168534079442944 7
32169319936819200 0
32169533791801344 0
32169588636520448 0
32169852475019264 0
32169956334370816 0
32170108776357888 0
32170114539323392 0
32170230868348928 0
32170314901233664 0
32170710541533184 30
32171765954248704 0
32172010373124096 0
32172035278905345 0
32172449223155712 0
32172966661849090 0
32173197512155136 10
32173448935510016 8
32173514224050176 4
32173851894882304 3
32173987261845504 7
32174043541016576 7
32174153079455744 45
32174180023672832 13
32174541832720384 0
32174687102435328 1
32175018792325120 0
32175817584803840 11
32176138549723137 0
32176468926660608 0
32177033324793857 9
32177494555770880 22
32178035096559616 1
32178088645238784 13
32178887425261568 0
32179723903696896 0
32180109024694272 13
32180134077267968 13
32180589050208256 13
32180867052863488 4
32180894043209728 0
32181931550441472 0
32181966761631744 13
32182011959443458 12
32182148651810816 8
32182260631343104 0
32182301358034944 9
32182941257826304 0
32183983034859520 38
32183988537794561 38
32184158461624321 0
32184523814862848 0
32184546560577536 4
32185014267420672 13
32185283025833984 17
32185629123026944 13
32186155772420096 13
32186438732746752 19
32187009527193600 2
32187105849384960 2
32187638798618624 28
32187896484073472 10
32188146699472896 0
32188470751404032 0
32188504712683520 0
32189154683002880 9
32189228423053312 32
32189250879361025 2
32189317849808896 38
32190585423003648 9
32191004668854272 0
32191056279764992 4
32192451028451328 7
32193105998389248 6
32193442645807105 10
32193810171699201 0
32193817339760640 38
32193819302694912 33
32194564567597056 12
32194616442757120 0
32194662563315712 0
32195043292876802 63
32195313305387008 0
32195619250507777 5
32196591137849346 9
32196794796478464 50
32196883719921664 0
32196887037616128 0
32196934097707008 0
32197440866095104 0
32197783146467329 28
32198774788980737 0
32200266950508544 13
32200466834132992 7
32201393800482816 3
32201590077136897 0
32201682758672384 0
32201728073928704 3
32202094458970112 8
32202496063578112 0
32203309838241793 0
32203319598387201 12
32203596640559104 9
32203633047109632 30
32203710893395968 0
32203718459916289 1
32204577008787456 13
32204599884513280 19
32204732583903232 0
32204767321133056 22
32204788955357184 27
32204806542069760 0
32204945306419200 5
32205570236747776 14
32206030679056385 0
32206096986808320 5
32206510473871360 4
32207793826045952 33
32208068011888640 0
32208404537671680 0
32209070626701312 8
32209447271010305 32
32209676934316032 7
32209681455783936 7
32209889547784193 14
32210480881737728 14
32211573246267392 13
32211663692234752 9
32211683082502144 27
32212481833177089 12
32212892514254848 0
32212972076015616 12
32214140856573952 19
32214149454897153 33
32214255461736449 13
32214460051496960 14
32214989334913024 8
32215613426376704 15
32215923481907200 8
32217759785951232 0
32218912527482880 6
32219376232960000 0
32219487591735296 0
32220434179031040 0
32221861890752512 0
32222576415608832 4
32222674335830016 7
32222795526045698 0
32223168466784256 0
32223989719896064 17
32224257488461824 17
32224707801518080 0
32226040524832769 8
32226125136531457 8
32226149392187393 9
32226525818396673 27
32227161003790336 19
32227406911639552 7
32228931012657154 0
32229056204247041 0
32229101687279616 19
32231670002225152 9
32232085791973376 7
32232405725085696 10
32232627092066305 6
32234256910524416 0
32234888664973313 9
32235148397256704 13
32235353691660289 0
32235678934769664 6
32236013988347904 7
32236285401763840 0
32236451890470912 15
32236618538549249 0
32239299902574592 12
32240494700396544 28
32240795943702528 0
32241489786445824 0
32241730048753665 15
32242968895168512 1
32245224117895168 2
32245463973371904 2
32246224383909888 14
32246374158303232 9
32247496864432129 6
32247603320070144 13
32250441588805633 27
32250817016758272 12
32251061175582720 15
32252677811343360 28
32252735009062912 27
32253721475809280 9
32253921909014528 13
32255086369439744 27
32255757789433856 9
32256116758945792 0
32257572643807232 12
32259044290854912 0
32259101832515584 0
32259419114835970 63
32259469517787136 0
32259605820088320 13
32259772392677378 7
32260375730716673 0
32261097926950913 8
32261457110372352 15
32264229474009089 0
32264316807811073 19
32264970028716033 12
32265124903387136 13
32266142080831488 13
32267168536072193 22
32269154350272512 29
32269216266584065 0
32270582997327872 7
32271723462131712 0
32273091673464832 15
32273288306630656 0
32273316047757312 27
32273492078497793 28
32274380876681217 1
32275892562567168 0
32276249082597376 12
32276276173611008 10
32276842450784256 13
32277447273619456 12
32277710415863808 13
32277896026390528 30
32278704373633026 8
32279145685721088 27
32280794751827968 13
32281431338127361 27
32282022927925248 0
32282429179822080 14
32282626836406273 28
32284249633587201 28
32285246074388480 12
32287551872049153 22
32288498534842368 29
32289704808292352 19
32290528389238785 17
32291019328323584 28
32292941246500864 13
32293372370616320 12
32294422049722368 32
32295707524210689 7
32298450523525122 13
32299519139913728 0
32300117314772994 7
32302142257631232 0
32304192970293248 17
32305490633424897 13
32305784004022272 0
32306560973672448 7
32308949000654850 33
32310658305368064 3
32310855982911488 33
32310866670002176 10
32313438164230144 13
32315077310816258 28
32316351397765120 33
32318204227354624 0
32318476093751296 13
32319320507813888 13
32320632876179456 14
32320909322747904 0
32321344582455296 16
32321759147462656 9
32321882065739776 28
32322298098749440 38
32322398623633408 13
32322432266145792 13
32323030373892096 0
32323634810851328 3
32324277558575104 15
32326379521445888 33
32326398043496448 0
32326470424600577 3
32329356214804480 3
32330718071750656 5
32330870056554496 5
32330899370545152 27
32331185988308992 28
32332612391407616 6
32332659891904512 28
32333407627247616 9
32334592753008640 13
32334727037849601 7
32335549335343104 27
32337766540902400 50
32338805360959489 3
32339316797603840 22
32339365061468160 0
32341313076596736 13
32342810979999744 15
32343016765128705 3
32344622126604289 0
32345239410708480 30
32346710864830464 14
32347566460903424 0
32348602307190784 15
32349572198039552 50
32350953285877760 28
32352332100411392 4
32352461289168896 12
32354244535259136 7
32358168994516992 7
32358330819158016 16
32360324594143232 15
32360739788300288 6
32362555506692096 4
32362555540250626 4
32364431514013696 28
32364471187939328 6
32365178037215232 5
32366607409881088 13
32366607661535232 13
32367555838480384 3
32368185458040832 3
32368651625566208 12
32368654012129280 12
32374459507679232 6
32375570511691776 10
32375641584181248 5
32375816482463745 17
32379259720826880 0
32381251092480000 12
32382025805594624 3
32383733122203648 13
32383831071793152 27
32385356867309568 16
32386038231990273 3
32386624440504320 0
32388471939141632 28
32389730960150529 28
32389732767895552 12
32390056433950721 28
32390622216196096 3
32391346161459200 16
32391662521024512 0
32394666049536000 3
32397526409674752 12
32398862891098112 13
32400138295050240 14
32400229357588480 6
32400871241293824 0
32401917023887360 14
32403731752419329 50
32403820008968192 15
32405562306072576 15
32406885936140288 0
32407655679008768 3
32408032746930176 7
32408210883223552 12
32408857124802561 8
32409118752903168 3
32411503025979392 3
32413436684009472 45
32416611696640002 3
32416923580899328 12
32418660022747137 22
32419070112432129 6
32419223628152832 30
32421023961841667 3
32421632173678593 7
32422211587416064 0
32423693359521792 0
32424162014273536 33
32425136569188352 14
32425707497857024 17
32425833100476416 0
32425915698909184 16
32426037904146432 19
32427225965928449 3
32428282754375681 12
32428648606732290 28
32429191945261056 13
32429606371852288 0
32429674562850816 12
32430378786492416 33
32431000168439809 16
32432257314586624 45
32434141525970945 9
32436350045130752 7
32437571808141313 7
32438095613788160 5
32439099205877760 14
32439432820822017 22
32441667235610624 0
32441769618579456 0
32442437133672449 29
32443364628500480 27
32444500798341122 33
32444935978352640 6
32445143827087360 22
32446564383334401 2
32448141357744128 6
32448306118397952 16
32448408966926337 22
32449926772293632 50
32452049270476800 32
32452086373294080 9
32452276824051712 19
32452930514722818 36
32453332115128320 6
32453406425616384 3
32453609195048960 36
32454920107982848 17
32455126887178241 29
32455150438195200 0
32455748332032000 0
32456451314163712 33
32457937586757632 17
32458800380252160 4
32460723665768449 28
32460968856391680 0
32461016214278144 0
32461993034129408 0
32462481175613440 15
32462489392254976 45
32462887561732096 33
32463077777612801 6
32463160648671232 28
32465053630341120 0
32465144185356288 13
32467247280685056 3
32468216378822656 33
32468575297994752 15
32468950860173312 0
32469924240695297 27
32470427972407297 14
32470573246316544 0
32476378754453504 32
32477041165074433 36
32477194018095104 4
32477919116791808 0
32477959696683009 5
32478647419928578 2
32479664446382080 0
32480302999797760 17
32481036822650880 33
32481830930219008 15
32482477326991360 15
32482950582894592 10
32485126906580992 14
32485414145097728 15
32485452514594816 33
32485501529227265 15
32485887937875968 9
32486048210616320 15
32486108361138179 10
32486358001917952 17
32487334716903424 10
32488312107175936 27
32489590547808259 17
32490444080287744 13
32490845986881536 6
32490992099655680 17
32491591830609920 15
32492654612713472 28
32495223036706816 12
32496019627319296 50
32496492233105409 4
32497597759361024 28
32498147473235968 0
32498659710996481 9
32498937633972224 32
32499327989448705 14
32499549176078336 14
32499598308155392 0
32500332932112384 28
32501093334257666 32
32502388946370560 13
32502862957256704 16
32503347730714624 28
32503415393226752 15
32503468220489728 2
32503714556149760 28
32504904018829313 15
32505923503128576 15
32506008127406081 30
32506210196389888 19
32506890034348032 28
32510440902754304 11
32512309221924864 14
32513750305083393 29
32513835105525760 12
32514099929686016 17
32514539840864257 2
32515257507258368 16
32516157156098048 36
32517331745771521 5
32517750123401216 27
32518041971462144 19
32518201636032512 28
32518340215832576 0
32518976617578497 7
32519623433785346 28
32521219844608000 15
32521616311189505 3
32521637987360768 5
32522014338064384 28
32523618894225408 6
32524320248958976 0
32524328532713473 0
32526150886498304 33
32527114225852416 15
32527253346721793 15
32527914905894912 19
32528214312095744 14
32528566885285888 6
32528615723769856 36
32528974961713152 19
32530826499465216 9
32531206918635520 19
32531341983621121 19
32532358276063232 12
32532987211948032 0
32533397763006464 15
32534533177872385 19
32536229392162818 9
32536411848581121 5
32536700076953601 28
32539186095456257 15
32539271038504960 16
32539852436148224 5
32541042939006976 11
32541261583880192 29
32542184527888384 28
32542836058488832 0
32542852458221568 5
32543000177418240 22
32543743814930432 17
32543744620232705 3
32543772990513152 33
32544483153289217 17
32545364183613440 7
32545371230052353 63
32546986045476864 38
32547066970382338 14
32547255554670592 19
32547648300912640 36
32547752923635712 13
32547997975842816 45
32548073955659777 30
32548214951383041 17
32549095893639168 3
32549389721403392 14
32549644701536256 17
32550052694065152 9
32550327760723968 15
32551173739249664 36
32552060062793728 4
32552976216231936 33
32553030586998784 28
32553351690321920 9
32554592159928321 13
32554726071476224 28
32555090397110272 2
32556150570356736 5
32556180526080000 13
32557812051607552 28
32558020877619200 2
32558360511385600 13
32559316766556160 29
32559715070251008 19
32561105142288385 5
32561115527389184 11
32561350819454976 29
32561534420910081 0
32563233118224385 0
32563258921586688 14
32563914822656000 45
32564097077739520 36
32565512042971137 17
32566470160420864 13
32566717867630592 17
32566872377401344 3
32566881835552769 17
32567659467898880 10
32568228005814273 7
32568841573769216 50
32569953873825792 36
32571023085805569 16
32571563756756992 0
32571982134378496 12
32573114793598977 36
32573928836702208 16
32574072579690497 17
32574099448406018 17
32576023623106560 32
32576758632939520 10
32576807236538369 7
32577799575310336 15
32578983597973505 28
32579076275306496 15
32579490752241664 36
32579712551231488 22
32579809141854208 36
32580790646738944 6
32582639261061120 2
32583035073335298 45
32583036797194240 45
32583055008858112 1
32583055604453376 32
32583736054775809 33
32583994583289857 28
32584414005301249 9
32585018849103872 6
32586132818501632 32
32586965681438721 0
32588014437793792 28
32589356615077891 45
32589548072476672 9
32590382617337856 0
32590493133049856 29
32591873214251009 33
32591908677091328 9
32592002486902784 10
32592052722077696 28
32593636973617152 7
32594589843980288 5
32595644770164736 17
32595979823751168 3
32596167107813377 0
32598618133237764 28
32598740564975619 10
32598917954674688 6
32599155926892545 17
32599255730364416 38
32599987665768448 7
32600562843262976 22
32604199921385472 2
32604546417041408 4
32606382687522816 14
32607857698410496 5
32607943580975104 3
32608656830758912 17
32608830621745152 6
32610048588906496 9
32612222928683009 15
32612319343157248 4
32615879359332354 0
32616580173139968 4
32617196756668417 17
32617341409820672 50
32617804536487936 15
32618858405695488 29
32619011673952256 3
32619047283589120 28
32621134683840512 32
32622381050626048 14
32622886317461504 9
32623125245984768 30
32623133387128832 17
32623902945447936 27
32624529519939584 2
32625095549657088 17
32626170595909632 13
32626861703954433 17
32626867303350273 29
32627792780726273 15
32628163238432768 9
32628194586660864 17
32628832993288193 22
32628884600000512 12
32630996998295553 10
32631085309370368 7
32633259359739904 14
32633901344096256 4
32634200716738560 5
32634315103805440 33
32634966525353984 4
32634973206880257 5
32635181449871360 9
32638038530072576 4
32638110730821632 9
32640046532132864 5
32641918215135232 7
32642524065562625 14
32642741691219968 17
32644680751521792 29
32644795054694400 3
32644963787341824 33
32645230331174913 22
32646199903264768 17
32647533733875712 2
32648627402842114 17
32648645903912960 17
32648771586228224 38
32649534156836864 36
32649847471349760 17
32650628815654912 14
32650743685058560 28
32652039993430016 32
32652240711852032 32
32652314498048000 3
32652838865731584 10
32653828419485696 14
32655479444344832 15
32655642380472321 4
32656041728548864 11
32658323484442624 3
32659011685842944 28
32660209772011521 2
32661582395740160 33
32662285939900416 17
32663964911403008 27
32664801981243392 9
32665088959713281 1
32666774717595648 19
32669769278693376 28
32670047541399554 14
32670101241069568 6
32670450282659840 9
32671832142258176 33
32672486919241728 16
32672688711409664 3
32673518244069376 13
32674086261886976 15
32674139747651584 33
32674978201604098 9
32675819839029249 13
32680771063910400 17
32682961971187712 19
32683388909391873 6
32684276013076480 13
32685391781830656 19
32690125683040257 3
32691067497222144 9
32691374054707200 22
32692752131035138 16
32693141245009920 3
32693255556567040 5
32693336259174400 15
32694249845694464 27
32695014534422528 14
32697231014371329 17
32697478650265600 45
32697974966460416 6
32699047206719488 28
32699071542067201 15
32700049083338754 6
32700084705558528 0
32703842235715584 33
32704325104963584 29
32708871931830274 4
32712112321077248 3
32713173651947521 2
32714324560576512 13
32716421565775872 45
32716620598091776 19
32716748293677056 3
32716860831043584 3
32718181986467840 45
32718912571310082 4
32721677703970816 4
32723611248758785 9
32723685072703488 3
32724723393634304 50
32725671826432000 3
32725982058123264 3
32726292407255040 28
32728329236783105 3
32728390058381312 7
32728506228019200 3
32729574290751489 17
32730058242138112 3
32730889012125698 3
32732520713814016 3
32732996893147136 9
32733290972577792 3
32735489010176000 27
32735966103863296 14
32736242768547841 4
32737771848212480 28
32739183097286656 22
32739416388673536 3
32740126257844224 19
32740444290940930 27
32742702810406912 32
32746460852260865 6
32747158964805632 3
32747814962335744 3
32748448079937536 13
32750424545034240 3
32750791861211136 32
32750991669460992 3
32753762095333376 4
32754321351249920 3
32754814647533569 19
32754929391108096 4
32755469902680065 3
32755776867016705 45
32755833590779904 45
32756322470469632 3
32758299401129984 3
32759096687984640 45
32759104686526464 9
32762036203036673 17
32762750287486976 9
32762860497014787 4
32763921383297024 3
32764359809695744 28
32765383786102784 6
32766364376637440 10
32766378477879297 10
32767369885523968 22
32767579571355649 4
32767607757078530 17
32769247159525376 14
32771758243184640 45
32771917148585984 5
32772606314684416 5
32773497323261953 14
32773731143127040 3
32774014975868929 4
32775913162678272 33
32776355909214208 3
32776483508330496 4
32777293533282304 32
32777734392389633 38
32778015167479808 7
32778112353701888 22
32778967383539712 13
32779746492293120 29
32782428774858753 4
32783121615167488 3
32783518912225280 45
32785311725518849 27
32785784809455616 28
32786191061356545 17
32787312802799617 4
32787317097762816 4
32787361368637440 17
32789286902300672 3
32789374424846336 9
32790975910772736 3
32791702833987584 9
32792717511630848 3
32792903831003136 3
32793336188239874 9
32794574992711680 50
32794842719322112 4
32794899619250176 3
32796533900451840 14
32797389341331456 4
32798407022084096 1
32799169760464897 22
32800470338637825 3
32801008442679297 17
32801515966042112 10
32802119442505729 36
32802198995869699 7
32802313693302785 33
32804963172229122 14
32805658713653248 36
32806689522581504 17
32807392949313536 33
32807589309845504 19
32808300818989056 38
32809302070661120 27
32809421763514369 3
32810840948215808 33
32811143571443713 3
32811196818128896 3
32811380801282049 15
32813321736429569 4
32814328939810816 45
32815181562122240 22
32817904802070528 14
32818491241271296 15
32819113487245313 28
32819265786609665 3
32820274516729856 33
32820438912475136 17
32820448949444608 17
32821429326053377 3
32821536830263297 3
32822741665054721 17
32824614375653376 29
32825347099598848 3
32825636556898304 3
32826659358908417 3
32827170921381889 17
32827533816762368 32
32828539896070145 4
32828627708026880 4
32829036996599809 4
32829044051419136 4
32830826009853953 12
32831284094967808 45
32831523480666112 4
32832049077297152 17
32832168187142144 15
32833336619573248 4
32833577678798848 9
32833578924515330 4
32833667453685760 4
32834152877264897 4
32834412047503362 4
32834447380324352 45
32834693879566339 17
32835054786842625 15
32835108230664193 4
32835165491298306 17
32835320386945025 17
32835480282206208 14
32835516311277568 4
32836131963801600 4
32836362507919361 4
32836561682833408 4
32837151003512833 4
32837517698928642 4
32837905013547008 4
32838223872925696 4
32838307066945537 4
32838336674529281 4
32838337605672961 4
32838733879312384 3
32839461746253824 4
32839486538780672 4
32839502988840960 4
32839602939101184 4
32839649596542976 4
32839696568549376 4
32839697902338049 4
32839702402826241 4
32840303744389120 36
32840371721474049 4
32840409264689153 36
32840637665517568 4
32840886542929920 4
32840912618917888 17
32840965274214402 19
32841247840272384 32
32841976655126529 4
32842241034686464 28
32842296898625536 6
32842301768204290 6
32842545159471105 22
32842781365899264 1
32842985490087936 4
32842998391767040 22
32843023188496384 4
32843599590727680 1
32843888242720768 4
32843907947560960 10
32844133928271872 4
32844335699460096 14
32844375390158848 4
32844589622624256 4
32844629854388224 4
32844658656673792 4
32844872352272384 4
32845501657255936 36
32845525027913728 4
32845652463456256 4
32845655978287104 4
32845657710530560 4
32845811939287040 4
32845854834434049 36
32846004181012480 38
32846379348922368 17
32846572110741504 13
32846572618260480 4
32846811597115392 4
32846877556740096 4
32847119559696384 4
32847330155692033 4
32847697350230016 6
32847872579862528 4
32848374961012736 4
32848515637968896 4
32848894010335233 3
32849314497691648 36
32849548187537408 3
32850005043716096 33
32850055085948928 28
32850290940059648 15
32850791035314176 10
32851252316475392 15
32851708795158528 4
32851764847841281 3
32852168373440512 4
32853237392474112 5
32853405043003392 4
32853964890308608 15
32854190313181184 4
32854345624064001 28
32854520908226560 4
32854747455164417 4
32855541566939136 3
32856990996762624 3
32856991055478784 3
32857146622222336 4
32857293158612992 4
32857568577585152 15
32857593827295232 15
32857880319234049 4
32857916847423489 15
32858627899396096 15
32858841427214336 15
32859038362378240 4
32859807799058432 36
32859951646904320 15
32860162742026240 17
32860450408370176 3
32860783574523904 15
32861072859856896 13
32861106095525888 13
32861286341545985 3
32861603745501186 4
32861696347344896 15
32862009091432448 15
32862139320373248 15
32862240021422081 4
32862614614712320 13
32862652640272386 4
32862680058568704 15
32862799671599105 33
32862970534952960 8
32863166773858305 4
32863253134581760 15
32863397951315969 4
32863528662605824 28
32863725941694465 15
32863779674923008 15
32864282798460928 3
32864407402840064 15
32864629428330496 4
32864634478272512 15
32864648239775745 15
32864706699984896 15
32864814447460352 36
32865088826245120 15
32865205914443776 15
32865779661676544 4
32865828227522560 15
32865855435968512 6
32866373495431168 45
32866434518351872 9
32866825050005504 15
32866875406819328 3
32866953563475968 4
32867176574615552 3
32867563620794368 27
32868020711849984 6
32868156535996416 6
32868464456638465 4
32868599072821248 4
32868605276200960 13
32868815901556736 15
32868823149318144 15
32869001784729601 9
32869077961678848 4
32869082793512961 15
32869647145508864 15
32869715546214400 4
32869874661335040 3
32870213976330240 4
32870373456355328 15
32870559788302336 17
32870870846279681 4
32871708100665344 19
32871838174416897 15
32872860015919104 9
32872962348548096 17
32873069701767168 15
32873160231620608 15
32873375311335424 15
32873876161560576 0
32874117065609217 22
32874160988356608 32
32874329540800512 15
32875018413154304 6
32875034338918400 15
32875201129611264 15
32875236080750592 1
32875274123083776 15
32875358302773248 4
32875425801707520 15
32875568244465665 6
32875983597998080 15
32876419369402368 15
32876528131899392 15
32876636042956800 8
32877208276041728 45
32877357576486913 28
32877575688691712 15
32877605967364096 4
32877609662554112 11
32877989695856641 29
32878285792743424 15
32878857941950464 15
32878960060669952 0
32879343399084032 15
32879724002803712 6
32880243987451904 15
32880320118267905 4
32880765935034368 5
32880949976891392 27
32880962538831872 5
32881720126607360 0
32882155105296385 1
32882899099328512 4
32883174077890561 4
32884248822153216 3
32884712519245824 3
32885051863601152 1
32885061296586752 36
32885692325437441 27
32886070056058881 17
32886403880718337 4
32887042283143168 15
32887217307258880 4
32887565853925376 0
32887965952770048 6
32888100904501248 38
32888561208393728 4
32889589886623744 3
32890758176444416 4
32891557921161216 33
32892263629586432 1
32892731252543488 4
32893223353450496 17
32893387413659648 17
32893504556371969 3
32893550928601088 2
32894495481667585 17
32894647919448064 1
32894858888749056 4
32895561510166528 29
32895689990086656 9
32896132807917568 9
32896271031205888 4
32896570001203200 6
32897322320924673 4
32898416442867712 45
32898621896654849 4
32898755506208768 50
32898983349194752 36
32899374300266497 15
32899560472846336 6
32900499128717312 45
32901093134442496 4
32901765418455040 2
32901840341442560 4
32901908855263232 3
32901989503336449 13
32902241920749570 22
32902260132413440 6
32902274934120448 19
32902469604347904 22
32902659610513408 0
32902783447334912 4
32903161928744961 63
32903540347375616 4
32904243903991809 3
32904280612544512 9
32904540592275456 17
32906643637276672 4
32906663576997888 32
32906783844466688 4
32908306074836994 1
32909406471454720 17
32909670372868097 4
32910909026336769 9
32911162915946496 4
32911355287830528 3
32911447176515584 4
32911735597826048 0
32911860223180800 15
32913746317803520 9
32914041718448129 38
32915045482496000 32
32915329218777090 36
32915729091141632 15
32916946257190913 4
32918942691360769 14
32919087927529472 22
32919399258132480 4
32919462151720960 28
32921017177341953 1
32921526181306368 14
32922195944542208 29
32922476715442176 9
32923297532346368 0
32923765524406272 17
32923988728479744 17
32924110325551104 14
32924742709157888 15
32925036524339200 14
32926959214272512 4
32926988167553024 4
32927516771491841 15
32927841762938880 4
32928093517651969 4
32928903798456320 27
32929221038841856 4
32929834636288000 6
32931947571318784 16
32932239301943296 4
32932355026980864 4
32932670358953984 4
32933129052372992 0
32933688203288576 9
32934250877554688 4
32934511155093504 50
32934634908024832 9
32934974877339648 13
32935839075934208 4
32936669128695808 13
32936792768389121 4
32940057354567680 32
32940672042401792 4
32941334444642304 14
32941744098119681 3
32942425047564288 9
32942884751679488 4
32943628636655617 3
32944662108966912 4
32944923422498816 4
32944947531358208 4
32945457676156929 30
32945505914847232 7
32946289448587264 4
32946504725430272 4
32946541794697216 36
32947243380113409 13
32947539808362496 2
32947946504847360 4
32948186985271296 4
32948356061863936 7
32948762015961088 19
32948857402822656 4
32949854242086912 22
32951685714280449 32
32951788327927809 14
32951974898962432 17
32951988413009920 4
32952592745103360 4
32953740646416384 38
32954702568103936 28
32954991371091970 4
32955007670157314 13
32955194161500160 17
32955696215498752 32
32955753920733184 9
32958185207758849 15
32960719381069824 4
32960860989161473 4
32960876420009985 4
32960879351832576 4
32960914013560832 4
32960940525752320 4
32960957906948096 4
32961230150832128 15
32961827973369856 33
32963730954264576 4
32963753171492865 4
32964361152630785 2
32964812291969024 5
32965124474019840 3
32966521948995585 45
32966629486755840 4
32966732238819328 4
32968345825312768 4
32969751617609728 14
32969804566503424 9
32970349112987648 4
32970422945325057 4
32970564121395200 17
32971154184478721 8
32971357931180032 4
32972003593953280 17
32973061993005056 36
32975029859782657 45
32975355983691776 4
32975515304329216 27
32975599303659521 38
32976933977329665 29
32977594907492352 28
32980113121353729 36
32980142808629248 4
32980463521894404 14
32980629217873920 10
32982215709167616 2
32982403324706816 9
32982837644754944 3
32983061868060673 3
32984314597613568 36
32984547339534336 14
32985770763489280 17
32986475041660928 50
32987812550676481 33
32988046022410240 2
32988215619092480 9
32989162416119808 4
32989744296108033 17
32991748946927616 0
32992651179466753 4
32993104919269376 4
32993365960163329 16
32993491789287424 27
32993577059491840 2
32993716935467008 4
32994048167903232 28
32994325797277697 15
32995320765878273 29
32995950695813120 9
32996781209948160 9
32996913221476352 0
32997301727268864 4
32998133591965698 14
32998890277961728 4
33000143494057984 3
33001812164354048 16
33004878599028736 14
33005455504576512 27
33006050965721088 10
33006471935426560 6
33006984714260480 4
33008783655436288 2
33012076888719360 4
33016417318076416 13
33016622826397696 38
33017304308514816 4
33017368460398594 3
33017924159541248 28
33019114461073408 22
33019941376491520 4
33020717851222017 4
33021011054039040 5
33022957970268160 4
33023689993752576 4
33023755638808577 45
33028273755652096 9
33028701973118976 3
33029128483508224 4
33030044649529344 19
33030215693238272 32
33030516215255040 3
33032755994435586 3
33034489114402818 14
33035131195228160 3
33035159171235840 3
33035848345722880 30
33040639432065024 33
33044326971871232 3
33044519750475776 3
33045549959610369 3
33046669725532160 17
33046753750032384 22
33047429204934656 3
33047430375149569 3
33048215674691585 4
33049449739583488 27
33049596343099392 5
33051552528736256 28
33052640904482816 4
33052691491987457 3
33054214678650880 22
33054628148940800 28
33057376915427328 3
33059260178894848 7
33059386054148097 22
33061293061574656 16
33062564845846529 27
33066062450794496 9
33066381851230208 17
33068047145107456 28
33068107408871424 3
33069508205740032 5
33069539939844096 1
33070870536650752 3
33070881286660096 3
33072026629439488 9
33073776681811968 9
33076720277917696 3
33077980318138368 7
33078825092911104 28
33078989929062400 3
33080792800301056 5
33081231440617472 6
33081846153613312 6
33082505233956864 16
33083294539063296 2
33083559656824832 4
33084558140252160 3
33084736515604480 36
33084942892146688 36
33085052841627649 3
33086601374474240 1
33087437659963392 17
33088678054068224 9
33088815753072640 14
33090345373794305 3
33093432729673728 14
33093613642584065 45
33093699894247424 28
33093923828146176 3
33094107148591104 28
33094359847014401 28
33095080994672641 6
33096213754552320 1
33098439319359488 7
33098964886626304 6
33099095195254784 38
33099156532760576 16
33099335671484416 17
33100682055647232 15
33100895784800256 3
33101876715204608 3
33102606633017344 1
33103695960875008 13
33103779331051520 3
33104835880419328 14
33105969328168961 8
33107726003339264 28
33108761853825024 3
33108934369738753 4
33110703292289024 4
33112297215893504 4
33112692348829696 5
33113792476872704 3
33113895233134592 5
33114843795951616 6
33116220215525376 4
33116468107288577 4
33116689084186625 50
33117503727075328 36
33118020138176512 4
33121268509184001 14
33121277527076864 14
33121286028791808 4
33122153138233344 4
33122802781392896 3
33123173713059840 9
33123225126838272 6
33123634197299200 3
33124365134471168 4
33125941806895104 50
33129665346408448 15
33130584670736384 33
33132476125675520 29
33132972735467520 17
33133383215218689 6
33133626308698113 32
33134238165377025 4
33134673743843328 4
33134807743471616 2
33135385701785600 3
33135652363051008 4
33136404745687041 32
33136673336328192 27
33137816556806145 3
33137927806521344 3
33138186045624320 9
33138285811339264 2
33138938495377408 3
33139579418710016 3
33140503004315650 4
33140845918027776 19
33140945583079424 33
33141025404878848 3
33141343194714112 3
33142206025965568 3
33143822955323392 14
33145262734057472 3
33145274914312192 5
33145936930668545 1
33146965940240384 8
33148017498394624 9
33149238988771328 45
33149532485189632 3
33150095704727552 6
33150242681528321 9
33152938675277824 28
33152956752732160 7
33153068040192000 22
33153383825154048 32
33153781575196672 15
33154492828491777 9
33155383396663296 4
33155576850550784 0
33156000403947522 0
33156793634922496 12
33157201300291584 16
33158778220183553 0
33158966397763585 28
33159468443242496 0
33160018362638336 1
33160332792827904 0
33160334923538433 0
33160338631299073 0
33160581808660480 10
33160731314618368 0
33161061280514048 0
33161186291744768 0
33161211214299136 33
33161991631671297 17
33163577296687104 0
33163747698675712 0
33164098782896128 14
33164809033752576 3
33164886141829120 22
33167128383197184 3
33167627409047552 6
33170798608916480 3
33170849318051840 0
33170854179246081 0
33170858331607040 0
33170924563857408 22
33171377213145088 12
33171898514800640 63
33172362551627776 4
33172815595180034 1
33172829084065792 22
33172841666977792 1
33173520401825792 28
33173593487572992 4
33174545892380672 10
33175237004627969 4
33175811968212993 4
33176032039141376 3
33176111395381249 8
33176392325660672 0
33177101439864832 3
33177277130870785 63
33177670900514816 1
33177836948819969 0
33178627365404672 22
33178793958973440 14
33180586386399234 9
33180961285873664 15
33181045662679042 3
33181395174178816 16
33181834305081345 4
33182153823100929 0
33182477581287424 16
33183533715427328 3
33184104878972928 22
33186099350212608 28
33186100151320576 4
33186177775304705 8
33186778764541952 8
33187764048498689 3
33188138117496834 3
33188392669810688 38
33188416405372929 3
33188770152976385 28
33189170650292225 4
33189554643017728 1
33189744468824064 0
33191028164919296 32
