30394131587006464 3
30394202042925056 6
30396111764066304 12
30398100472336385 3
30400409612853249 3
30401574056493056 4
30402208474333184 6
30404278992510976 20
30404296335958016 0
30404459720871936 0
30405193854091264 6
30405450293846016 30
30406089992310786 15
30406773076664320 59
30406955428216832 30
30407444110778369 2
30407494970900482 6
30407607617323008 13
30408437502312449 15
30408707682607105 4
30409874428919808 37
30410134425436161 12
30410295151169538 19
30410427095588864 6
30410542388609024 14
30410847616499712 6
30411347749507072 14
30411467085844481 5
30412963919699969 12
30414963528962048 9
30416908838772737 4
30417452680609792 33
30418069784367104 2
30418510702186496 33
30419324359417857 2
30419457826357248 37
30419510313877504 37
30419535756533762 58
30420445060669440 14
30421875943284738 13
30422510541479936 11
30422846366814209 2
30423259409289216 28
30423743528439808 28
30424035380699136 1
30424818289475584 9
30424834911510530 92
30424957825589248 5
30425952878075904 1
30427146451165184 3
30428029847080961 30
30428075191701504 14
30428482223734785 14
30429182278246400 59
30429664170213377 3
30429676585353216 8
30429702262886401 15
30430409875521536 4
30430799341817857 0
30431564932325376 2
30431589796151296 6
30432405177245697 2
30433013120634881 0
30433695596814338 6
30436694226378752 16
30437370604036096 0
30438372140908544 28
30439179359879168 30
30439920199798787 12
30440791239299072 6
30440960940834816 6
30441473379934208 30
30442043301953536 7
30444102684254208 13
30447887317995520 19
30448953891749888 4
30450989928554496 1
30452220143079424 19
30453671854612480 19
30455347827183616 11
30456490821156864 3
30458775651487745 15
30459074709557248 12
30460023981215744 6
30461512313208833 11
30463111500664832 6
30463763110957056 15
30464679839006720 11
30467526097895424 6
30467978906574849 37
30468165997690880 10
30468336726839296 1
30470388030906368 95
30471649639796736 11
30472788686929920 11
30472790909915136 24
30473143420190720 6
30473227012673536 14
30473698460827648 6
30475778487488512 30
30477678087770113 59
30478670644649985 11
30480639975227392 2
30481155169984512 4
30481547861688320 11
30483070356295680 19
30483402603888640 6
30483897565319168 9
30484140813975552 19
30484142076465153 45
30485744480944128 14
30486017530142721 45
30486674869846017 1
30488264842412032 13
30489791292252160 14
30490739947343872 11
30491845029011457 69
30494588875571200 3
30494895642775553 4
30496069259370496 9
30497056829210624 2
30497269086158848 11
30497840182591488 6
30499716567408641 9
30500268705583104 11
30502858264674304 19
30505402755981312 4
30505596528623616 2
30506925409968128 59
30507036248641536 11
30509900467544064 1
30510620902162433 2
30511580726697984 19
30512734403567617 19
30513117570015232 12
30514003763535872 19
30514793148321792 6
30515000489541632 59
30515437863178240 59
30515965208829952 3
30516341437890560 28
30517151785820160 7
30517355016622080 59
30517481307111424 7
30517822215954433 13
30519207938494464 1
30519362016247808 28
30519843119702016 33
30521128367689728 1
30521472812318720 4
30521804636295168 4
30522327510818816 37
30522653617954816 6
30522904919674880 1
30522982673686529 33
30523230930345984 3
30523878992252928 59
30524726552043521 3
30525698133196800 3
30526250707591170 59
30526264926281728 6
30526334815965185 0
30526954549547008 19
30527259790020608 0
30527280530857984 2
30527799424983041 3
30530005184286720 59
30533114522505217 59
30534154814750722 19
30536204508209152 59
30536217355358208 28
30536477695807488 59
30538645840596992 13
30538724529938432 30
30543224477065216 3
30544174625333249 7
30544903666663424 4
30545019244912640 1
30545151508094976 3
30545481935360000 30
30546563214348288 4
30547340561481728 13
30548386033696769 13
30548764452200448 12
30550652635582465 69
30550707274776576 2
30550858202615808 92
30551131616706560 33
30554037510213632 58
30555539452723200 16
30558796480774144 12
30561539077439488 13
30562259365269505 33
30562965165965312 13
30563119608635393 13
30564289693614080 11
30564389102813184 13
30565841099563009 58
30565953972477952 14
30566403673165824 9
30567532691726337 12
30567972326080512 0
30569342814916608 11
30570299074289664 58
30571851667210240 12
30572012694933504 6
30573100659638272 14
30573254447988736 4
30573552751087616 9
30574540144775168 4
30575014923210752 14
30576362389504000 2
30579096920526849 13
30579313057202176 4
30581002782908416 10
30581469411803137 6
30581701998546945 14
30582751925112832 2
30583068972548096 4
30583328172154880 33
30585243689811968 30
30586103354359808 13
30587022007603200 4
30587270037774337 3
30587682639847424 4
30587685898817536 13
30588669546987521 6
30589582479196160 15
30589797806379008 9
30589863128473600 11
30590163398696962 12
30591435266854912 9
30592623563509760 9
30592728618246144 9
30595032692035584 30
30595216985559040 6
30595305447628801 0
30595338775568384 6
30595496607219712 9
30596907529146368 30
30596941884686336 9
30597380348837889 6
30597453803683840 19
30597951457853442 11
30598702481539073 13
30598852146888705 13
30599022376919043 19
30599622661505024 2
30600106524807168 6
30600631047688192 9
30601061328756736 9
30601504758964224 9
30601574359236608 4
30601638104272896 14
30604010075455488 6
30604291001556992 0
30604356764049408 9
30605376395157504 45
30606523621187584 30
30607467759013889 9
30608387918004224 11
30608814784905217 9
30609760164249600 33
30610163136208897 9
30610832643596288 24
30612864184098816 9
30612876720869376 10
30612914654154753 58
30614030007664641 3
30614420178608128 30
30614560461291520 9
30614953798930432 10
30615506033577986 6
30615587910586368 6
30615948226465792 4
30616053729988609 13
30617632570875905 19
30617750103658496 13
30618672548544512 19
30618896893476864 14
30619096106143744 9
30619675389853697 6
30619741349478400 9
30620268149866496 19
30620671297986560 13
30621101021204481 2
30621165881917440 3
30621207644610560 19
30623517682704385 1
30623652437295104 1
30623689372340224 1
30625618529878016 13
30625784481714178 19
30626856424177664 28
30628460376363008 13
30631313245470722 13
30631645262385152 0
30632759630241792 11
30633192612438017 1
30633266906136576 1
30633267564650497 1
30633783929606144 0
30633937722155009 4
30634433082036225 19
30635254607773696 13
30635609009684480 4
30635802346131456 4
30635932134670337 0
30636685423280128 0
30636864566206464 13
30636957327425536 13
30637090941181952 19
30637444080607233 11
30638299320160256 4
30638368878497792 19
30638928268632064 37
30640030691098624 0
30640574671355905 0
30641734190895104 33
30642168938889216 6
30642236995674112 6
30642254842433536 6
30642412799922177 6
30642989122461696 19
30643478249603073 4
30643688136773633 7
30644248546119680 13
30644328925757442 8
30644440372617216 6
30645241832800256 6
30646843612336128 14
30646884209000448 19
30647283783565315 13
30647647756881920 13
30647808595857408 13
30648625222656000 4
30648899844706305 19
30649439165087744 10
30649612721197056 12
30650131585966081 58
30650358351007744 13
30650642112450560 6
30650789974245376 3
30651305655533568 19
30651755398168577 28
30651873035821058 3
30652307230162946 13
30652426038022145 69
30652469818163200 28
30652616639782912 13
30652775805231104 4
30653164818534400 3
30654010809651200 7
30655398331551745 28
30655509635792898 2
30655752150458368 28
30655803581009920 6
30656014466416640 19
30656300463427584 4
30656489479737344 1
30657495219306497 19
30658222981386240 1
30658825623179265 33
30658867457167361 0
30659286824648704 9
30660131339378688 1
30661460132634624 9
30661645986430976 13
30661896084398081 8
30662708818870272 14
30662992135725058 9
30663550510825472 6
30665425624760320 9
30665945395503104 14
30666356126912512 11
30667222271660032 81
30667277003137024 12
30667873680625664 4
30667917641129984 10
30668107966062593 7
30668394940334082 3
30670049274499073 13
30670377176801280 4
30670629837479936 4
30671913017671680 6
30672144434204672 1
30672774355746816 3
30673075070566400 30
30674081439285248 6
30674139169693696 24
30674320539787264 13
30675536665649153 30
30676047032754176 0
30676488235782144 11
30677307916029953 28
30678113146896384 33
30678791273586688 3
30679835969851392 13
30679899958153216 24
30680440994009088 9
30681449719930880 30
30681793300537345 24
30681838317993984 1
30681987794608129 9
30682519665909760 19
30682713602129920 30
30682863334596608 13
30683314293571584 4
30684138470121472 1
30684726008221696 4
30685454885986304 11
30685769240682496 16
30685922668322817 1
30686640804462593 16
30686906152914944 1
30687382806200320 19
30687510287876096 4
30687676050968576 13
30688418593767425 30
30690244298801152 6
30690750979121152 4
30690905920905217 4
30691049823272960 1
30692826006159361 1
30692963696779264 6
30692965663899648 7
30693301371797504 13
30693949492432896 1
30693955515457536 13
30694014181179392 1
30694279877754880 1
30694308940087296 1
30694341957656577 1
30694362178392064 1
30694599844429824 9
30694625152864256 11
30694705004027905 1
30695206714089472 1
30696004445544448 1
30696271408799744 4
30696903955976192 13
30697038798651393 6
30697835959689216 37
30698289095507968 15
30698291976998912 15
30698300843761664 1
30700109821902848 14
30700392937426944 81
30700828272631810 14
30701010049572864 45
30701401030000640 30
30702025264074752 7
30702141668589568 30
30702222312472576 14
30702331435683841 11
30704132692123648 2
30704571940605952 1
30705239468277760 4
30705516032303104 1
30707908433940480 19
30708356368834560 4
30708440749842432 24
30709282534072320 3
30710163916718080 1
30710400962007040 7
30710955126034432 13
30711295409917952 24
30711690580463616 4
30711726592753664 8
30712242315988992 1
30713349721292800 3
30714203610284032 15
30714235914813440 1
30714733577379840 4
30714909889138688 4
30715531464019968 9
30717644617285633 45
30717679631343616 11
30717788247035904 19
30718627057500160 4
30719112057458688 3
30719835499397120 28
30720214500900864 69
30721287810711552 45
30722018458468352 14
30722713739862016 33
30723301865168898 11
30723400687165441 19
30723587551797248 59
30723941496520705 4
30724717266599936 4
30724724736655361 11
30725193940865024 6
30725724151218176 4
30725780250038272 11
30726678577676288 24
30726960552345600 30
30727022598692865 45
30727039271047169 6
30727184507211776 45
30727342653444098 7
30727849589608448 10
30728757538988032 13
30728915328696320 4
30730850555400192 4
30730965840035840 15
30731514387898368 28
30731833859645441 8
30732007998754817 16
30733025167806464 37
30733728082825216 15
30733920714629120 14
30734117633007616 13
30738531445903360 11
30738883704524804 81
30739970184450048 33
30740770164051969 6
30740860484194305 15
30741349401624576 15
30741431043760128 8
30741828105928705 16
30742243136503809 1
30742388892762113 11
30743339112341504 8
30744276954517504 45
30745569156665345 37
30746843432357889 15
30747420539224065 15
30747501699010560 8
30747642342408192 37
30749550717173761 13
30749631398805504 8
30751177817722880 11
30752379854917632 4
30752754582421505 28
30752887374090240 8
30753110859186177 1
30753435431206912 9
30754443725115393 28
30754794272464896 1
30755448344805376 15
30755499901198336 3
30755695221547009 8
30756756170743808 19
30757517512417280 69
30758000822063104 3
30759655357546497 5
30759670763233280 19
30760799676923904 2
30761666429849601 4
30762024019431424 6
30762245684207616 5
30763473105321985 7
30764163454214144 8
30764349832306689 8
30764363740618753 28
30764752242221056 8
30765010984636416 45
30765094837166080 4
30765413604265984 45
30766283096072193 45
30766415304728576 14
30767162398347264 1
30767633527742465 8
30768499169169410 8
30768650319306752 45
30768879231832064 14
30769192563113984 8
30769389959651328 4
30769474357432321 45
30769480061685760 45
30769590342520832 14
30769661930905601 8
30769994920890369 8
30770321975939072 8
30770417580904448 8
30771167350493184 8
30771207527735296 37
30771299412353025 8
30771878641532928 20
30772067800449024 45
30772936331755520 1
30773099582464000 8
30773173859393536 19
30773571605241856 4
30773824219783169 1
30774027257647104 11
30775368881283072 20
30775556672851968 15
30775875972632576 6
30775893412548608 10
30776915782533120 6
30777394444902400 45
30777895618088960 8
30778510737940482 8
30779211341893633 6
30779809588051968 8
30780680245870592 45
30783565595680768 15
30784370889461760 4
30784787199303680 11
30784884444237826 8
30786145579180032 28
30786150633308160 8
30786465180942337 1
30786660539043840 4
30786779879575553 4
30786975921340416 45
30787730694733825 8
30788420263481345 15
30788874045235200 45
30789460249550848 16
30789479836950528 8
30790504476053505 7
30792108231098368 14
30792302746148865 92
30792615909662720 8
30793840872923137 8
30793871919157248 1
30794679930851328 11
30794765645651969 19
30794785610530816 8
30795007745069056 4
30795493609050114 0
30795816356544513 45
30796220553236482 8
30796264580849664 11
30797038568341504 15
30798171567292416 1
30798218992287745 3
30798300072378368 8
30799302041280512 12
30799400179597312 14
30799418651316224 1
30799516428935168 8
30799530383380480 6
30799946957455360 1
30800704616538113 1
30800937832415232 1
30800973278478337 45
30801558824296448 20
30802679919804416 14
30802764497948673 1
30803091490086912 11
30804602349690881 37
30804962472632320 3
30805240047472641 0
30806167512948736 8
30806290825478144 8
30809053655470080 14
30809380861517824 45
30809400276946944 1
30809856231342080 19
30810435741556736 14
30810599508152322 6
30810994859053056 8
30811039540969472 45
30811245200277504 19
30811330365628416 30
30811692007034880 4
30812119582638081 45
30812570696818688 4
30812919910375424 45
30813082452238336 92
30814181259218945 14
30814638606123008 13
30814672844234752 19
30814936187801601 30
30815462040272897 8
30815506499899392 19
30817335593926656 1
30818430751875072 15
30820829377855488 1
30821047011905536 30
30821340269252609 8
30821805958635520 1
30821876708147201 4
30824505316220928 6
30825725640577024 8
30826402152452097 4
30826476634902528 8
30826845066764288 13
30827081088638976 8
30828059540062208 30
30828837197578241 8
30829574321348609 4
30829945810845696 14
30831823445561344 10
30832275302129664 37
30835299768602624 8
30836390203756544 45
30837239881670656 4
30837766195515393 13
30838167116447744 1
30838480187686913 11
30838682105683968 2
30841105708744704 15
30841242736660480 8
30841911602315264 1
30843661369475072 13
30844978678734848 1
30845288147066880 7
30846724134150144 1
30846813036617728 8
30848387767083009 3
30848491068588034 45
30848811400175616 6
30850469203025920 8
30853143038267392 8
30853353982394369 11
30853481984172033 2
30855995433426944 6
30856188946022400 2
30859094680145920 4
30859325845020672 30
30861237927542784 37
30862456993615872 2
30862580280983552 15
30863974702518272 1
30866478949466112 13
30867592214220800 33
30868827214446592 1
30869360079806464 1
30869628771115008 8
30873156688285696 4
30877629548597248 10
30879660090855424 19
30880212254199808 45
30881939376316416 6
30882016325009409 6
30882540759810048 8
30883051328241664 1
30883172178726912 11
30884120213065728 2
30885547757019137 13
30886602393788416 19
30887092338827264 19
30887683228172288 6
30888289225408512 19
30888675101384704 11
30889281832615937 33
30889954028552192 15
30889992091860992 13
30893229247303680 14
30894590957461504 9
30897152850919424 19
30897264503296000 4
30898468339847168 45
30899786374709248 2
30899867677102080 14
30900163576864768 2
30900201635979264 33
30900281470357505 45
30901455317630976 13
30901599693963264 16
30901618283126784 15
30901994185039872 9
30902834127966208 2
30906004711415808 2
30906101285261312 11
30906776094244864 14
30907638732554240 1
30907702188179456 1
30908718753255424 9
30909554422194177 28
30909763394994176 2
30909778985222144 16
30909954219053056 19
30911885272424448 6
30912007314083840 45
30914542103957506 8
30915093449416704 45
30917381039591424 19
30918262418046976 4
30918931124322304 11
30919347245416448 2
30920494291099648 0
30922563710357505 20
30922877704339456 6
30922899971899392 0
30924642650689536 3
30925155819593730 13
30925397151449088 2
30926810753540096 2
30928608558059520 59
30929131730378752 7
30930536184684544 14
30931191146221568 30
30932402738044929 45
30933644491100161 8
30933944996200448 4
30937150102966272 19
30940485400928257 37
30941177725329408 19
30941202039701504 6
30943433900171264 45
30944520879210496 2
30945164574859265 13
30947181829562368 28
30947664312934400 30
30949399253229569 9
30950381580189696 2
30950530419261440 19
30950664595046401 8
30950817078968320 10
30951279899451393 11
30952121918558209 2
30953552272687104 9
30953903105249280 45
30954320551747584 13
30955137207898112 15
30955643955318784 13
30958344684445696 1
30958583155793920 13
30958635953692672 11
30959520830197760 11
30960624460636160 2
30960864022503424 13
30964881050046464 14
30965007487336448 11
30965261251117056 19
30965474883801088 8
30965491879120896 4
30965554693021696 9
30965603900588032 9
30965801007714304 9
30965883492900864 9
30965912911745024 9
30965919140290560 9
30965997460520960 9
30966243016052736 9
30966287513423873 9
30966333579468800 19
30966722299170816 19
30967193713774592 9
30967515932790784 13
30967993412354048 45
30968591931154432 3
30968784990773248 9
30969612254318593 2
30969685075828736 9
30970130141810690 1
30972398136205314 9
30972462355189760 9
30973115597062144 1
30973373026668544 9
30973853450637314 13
30974100771966977 19
30974941620862979 9
30975093987344384 20
30975935201157120 9
30976917108690944 8
30978068348669952 9
30978683426570240 4
30979001044439040 9
30979125250363392 9
30979854593691649 1
30980749117095937 9
30981257949085696 81
30981650468835329 13
30982361281728512 8
30982428747108352 19
30982438305927168 15
30982557902307328 13
30983170572685312 7
30983191900721152 13
30984078123601920 2
30984263960633344 11
30984556509138944 7
30984641087283200 1
30985168126746626 28
30986508492087297 58
30986862751387648 9
30986944829718528 7
30986955508424704 7
30987245456461824 58
30987549543497728 11
30987991069491201 45
30988086536052736 45
30988222540554241 45
30991621130555392 13
30991683206250496 8
30993728348880896 8
30994784835346432 7
30994802350751744 3
30995050531913728 13
30995353041895424 37
30996863431745536 12
30996955274420224 45
30997096152694784 13
30997594171768833 13
30997718914568192 8
30998150332289025 8
30998595251478528 13
31000008140529664 24
31000463302205441 19
31000764365152256 24
31000791112220673 45
31001570321633280 1
31002172166504448 2
31003042060963840 10
31004787692535809 13
31006409738948610 19
31006950024028160 24
31007791548207104 7
31007837429698560 9
31008096289558528 0
31008319246172160 15
31009872048824320 13
31009999022981120 13
31010185665323008 45
31010364237815808 28
31010708799885312 13
31011128637128704 13
31011134693711872 45
31011164343238656 4
31011836841164800 1
31012102047006721 45
31012345664765952 11
31012396382298112 11
31012699076825088 7
31012906489348097 13
31013162908123136 7
31013541624414208 4
31013576655249408 13
31013591524057088 13
31013667185098752 13
31013827193606144 13
31013841781395456 13
31013859800129536 30
31013951194013697 13
31014334557589504 45
31014687294357505 9
31014876402950144 4
31014946573647872 19
31015040563814400 45
31015267429523456 13
31015788127191040 13
31016423132233728 13
31017281295224833 7
31017491043975168 8
31017840668573696 2
31018159435681792 24
31018234127843328 13
31018244877852672 13
31018698110148608 37
31018836186628097 8
31019356867526656 7
31019360352993280 13
31019396239466496 13
31019648199688193 8
31019797906989056 13
31020198379130880 13
31021244371435520 7
31021529835765760 45
31021687252193280 15
31021967737884673 13
31022047308021760 13
31023781514321921 19
31023837533446146 7
31023870030913537 13
31024106895843330 13
31024114823077888 13
31024641724125185 2
31025236015058945 13
31025621903609856 33
31025641658785792 13
31025643072258048 1
31025916150816768 13
31026158963265536 19
31026201132802048 45
31026341839114241 13
31026545933942784 7
31027421830447105 45
31028061164019712 30
31028767937789952 13
31029060939288577 6
31029504864423936 13
31030035276111872 13
31030124962914304 13
31030150850158593 30
31030487795367936 13
31030494665637892 4
31030924468559872 9
31031718513213440 13
31031759911002112 13
31032997956288515 7
31034134478458881 13
31034174752169984 4
31034679394045952 14
31035097440329729 9
31035749952397312 7
31036127410388992 2
31037174539354113 45
31037520846262272 13
31037694935040001 0
31037925034565632 13
31038184691335168 13
31038272813662208 2
31038670572093441 19
31039496002736128 8
31039534988795905 4
31039688655507456 2
31040417793310720 13
31041352833695744 6
31041984353280000 45
31042306303852544 58
31042449660973056 30
31042518963453952 13
31042778481819648 10
31043176684851200 7
31043823626878976 13
31044465690939392 13
31045108283482112 13
31045240588603392 9
31045366132514816 13
31045393429037056 13
31046395154669568 13
31046551061139457 13
31046593557831680 14
31046849024499712 10
31048071110467586 7
31048166426025986 45
31048353655558144 13
31049104964452352 13
31050271983411200 13
31051246827737090 9
31051852053221376 13
31052423128686592 13
31052452727885824 59
31052570369728512 19
31052725697384449 1
31052864197496832 7
31053474338709504 45
31053656509911040 19
31055301985697792 13
31055459574087681 14
31055778429276160 2
31055989058830337 10
31056295876362240 2
31056912183205888 13
31057351620431872 15
31057439944089600 13
31058203127062529 9
31058541116657664 11
31058594338181121 10
31059718105468928 45
31059921093009408 12
31061904994603009 14
31062559175999488 45
31063615565987840 81
31065622423011328 13
31066063718322176 28
31066504539676673 24
31067024973103104 10
31067596199563264 3
31068538898747392 3
31068571312324608 13
31068858617954304 69
31069597247475712 10
31070296945459200 6
31071789631143937 1
31072009869852672 59
31072039590690816 45
31072347490361345 6
31072348505374721 6
31072366792544257 8
31072472556118017 59
31072897015480320 45
31073305100296192 4
31073318543032320 33
31074798310268929 9
31075092746215424 7
31075146924036096 13
31075313429516288 13
31076061462659072 13
31076332137881600 13
31076425310142464 20
31078625642029056 13
31079228757770240 30
31079386023198721 13
31080347219263488 30
31081790139531265 20
31082026941554688 24
31082325320138752 1
31082773166956544 6
31083514283692033 30
31083518196977664 45
31083523758620673 33
31084250191101952 30
31084675116048384 3
31085134354583552 7
31086604953059328 24
31086874403540992 30
31087044226711552 4
31087418727735296 10
31087671757512704 1
31087921217937408 45
31087996493111296 69
31088441139666944 4
31088604361003008 7
31090208116056064 13
31090279184343040 2
31091019378335744 4
31091400284049408 11
31091994977632256 37
31092826821369857 13
31094703621414912 13
31094934228439040 14
31095346109095937 0
31095382507266048 1
31096345146163200 16
31097874544599040 13
31098415081332736 9
31098607977369601 13
31099222732316673 20
31099423782084608 1
31099538177531904 45
31100236550119424 30
31100738906099714 16
31101132273098752 3
31101134374436864 10
31101259872215040 7
31101750245068801 13
31102256325599233 7
31104992857300992 1
31105170322489344 9
31105781336121345 1
31106823008288769 0
31107918388535296 30
31108442777198592 13
31109802788659200 45
31110638814109697 14
31110803671224321 1
31111680507256833 13
31111880143540224 15
31112518961201152 45
31113395839180800 13
31114000670400512 11
31114540473122816 7
31115816892112897 2
31115844079587328 4
31116011696553984 45
31116681023586305 45
31116779371630592 13
31117215788965889 4
31117687467802624 14
31118228382031873 28
31118649196544000 6
31119405844795394 7
31119543506046977 15
31119573893775361 3
31120562348625920 6
31121223412883456 7
31122825305657344 11
31123228814483456 13
31124672380674048 10
31124991944687616 15
31125701058895874 7
31125930910949377 33
31128320552738816 19
31128517605326848 45
31129009882402817 45
31129345066012672 7
31129479409569792 45
31130243469152256 92
31130387040174080 20
31131371611103232 13
31131445204357121 45
31131687672881153 14
31132710705565696 11
31133324697141249 14
31135430875291649 45
31135460042477568 45
31137005664468992 14
31139501162102784 11
31139661069942785 1
31140736409796609 14
31143839632728064 16
31144464038764544 20
31144800455495681 1
31147431294926848 13
31147614292418560 15
31147677928394752 3
31147902940217346 14
31149429419413504 14
31150167855996928 1
31150854518087680 59
31152254899724288 15
31153333771177984 11
31155431632019457 4
31155803561926656 28
31156154063134721 19
31156659652927488 45
31157697839628288 7
31160647492304897 19
31160749384540161 11
31160987822333952 45
31162151691358208 7
31162181697413120 45
31164008929173504 45
31164377784651776 6
31167200224092160 45
31167797417484289 6
31168112128692224 10
31168737197424640 14
31171333400305664 15
31173198477266945 2
31175122647785472 37
31175267573571584 13
31175455365144577 4
31175798983491584 45
31176393446391808 45
31178972884635648 6
31180229808488449 14
31180699922866177 28
31182195607470080 15
31183953457057793 19
31185246959439872 15
31185471144992768 13
31185639047172097 8
31186539111260161 28
31187010144182272 2
31187069468413952 11
31187141350400000 19
31188443958611969 14
31191421952204801 45
31192640489783296 9
31193526230323200 15
31193849732796416 4
31193943542603777 1
31196853986926592 13
31198473860685824 11
31198665850753025 6
31198962056695809 14
31199726539902977 3
31200356755046400 3
31201613666320385 6
31201852355772416 16
31203980398821376 6
31204939556454400 13
31205944025161728 4
31206369348558848 33
31206920995999746 3
31206941996875776 30
31206989136666625 58
31207938504790017 7
31208344513417217 13
31209867557470208 45
31210617436119040 13
31210659614031872 3
31211512802574336 14
31211938725761024 4
31213116251447296 15
31214698540048384 4
31214716097400833 2
31216070039699456 3
31216127501672448 45
31218888129650688 6
31219949385023488 28
31220608494739456 11
31220914683121664 10
31221921399963648 10
31222767160401923 0
31222961499283456 37
31223664930193409 2
31225212070535168 19
31226577924653056 15
31227454337056768 13
31228067758215169 15
31228698111770624 19
31228836662214656 13
31230245910618112 19
31230268593414144 4
31230480170876928 13
31234119782367233 30
31235101018820608 45
31235152201912320 45
31235518612119553 1
31237205229830144 13
31239223256293376 2
31239414566879232 7
31240250109984768 15
31240623314964480 9
31241976984641536 6
31243779268677632 24
31244303820918784 14
31244843439095808 2
31246627213676545 15
31247389662646273 2
31247776054517760 37
31249687239467008 37
31249821952118784 37
31249887840436224 3
31254361870958592 15
31255257963044864 3
31256160044589057 11
31256750145409024 11
31259521435308032 1
31260408840986624 15
31260417296695296 15
31260439643947009 15
31260442315726848 15
31260442705793024 15
31260461554999298 15
31260794079416320 2
31261786745339904 6
31263364470538240 0
31263743979552768 45
31263929590091776 11
31264716974194689 2
31265066254864384 45
31265161838858240 45
31265427015335936 0
31268819217424384 13
31269345250246656 11
31269520672825344 15
31271537130602496 2
31273563319173122 13
31274798323601409 15
31275425594347520 0
31276298647113728 45
31276607888957440 45
31280039735595009 0
31280399111950336 11
31280613415723008 3
31283912407785472 45
31283916992155649 45
31284810353741825 4
31284921209200641 19
31285491366100993 45
31286090224635904 6
31286109472292864 45
31287055673729024 14
31289241761746944 7
31290428993052672 15
31290850642235392 0
31291004959072256 0
31292040750829568 14
31293731701260288 13
31295548401131520 11
31296654984355840 4
31296678459875328 4
31299916881993728 11
31299921579610112 13
31300012923166720 19
31300161028235265 33
31301399597817856 0
31303419125825536 13
31303874081984512 3
31304742340661248 12
31306557291503616 15
31312198722658305 45
31313035649875969 2
31313048425725952 37
31314236164542464 37
31315354999324672 19
31315497316257792 15
31315702530965506 9
31316259006054401 3
31318938021265408 45
31319628084936704 4
31319916309127168 14
31324492491923456 11
31324914770255872 13
31329095719591936 11
31330125442191360 0
31330499074981888 33
31330501872586753 11
31331264925540352 9
31331279676903424 45
31331500536369152 2
31331870423650304 9
31338264753340416 45
31340035500408832 4
31340071860834304 45
31340540746268672 0
31340983396335616 0
31343165118087169 33
31343482496880640 13
31345998840209409 9
31347221337219072 13
31347593162268672 45
31348236769820672 9
31352119541891073 28
31352723509092352 37
31354920925929473 0
31355051209396224 13
31359062411055104 15
31359592764014592 4
31360085192089600 14
31361239879778304 11
31362489916592128 33
31363167950999552 2
31363349748912128 14
31365951563763712 28
31366458361520130 11
31367523815395329 45
31367888132636672 10
31368070408708096 45
31368638988558337 28
31370453759033344 45
31370691341193217 0
31371147513692160 11
31372058491359232 20
31372223163932672 2
31372703940214784 24
31373776805437440 11
31375726355685377 20
31377104851435520 33
31377999555207168 45
31378267915161600 13
31378604751331328 13
31379582183538689 13
31380634714775552 24
31381838840733696 16
31381901876920320 14
31382407521239041 0
31382608390660096 13
31382773830782976 19
31384843216486400 28
31386765759614977 4
31387358490267648 30
31387404828934144 13
31387551839293441 11
31389209428234242 13
31389468770435073 14
31389896627195904 2
31393500272529408 19
31394346062315520 59
31394628003434497 4
31394797096800256 13
31395475361890304 4
31395755189075968 19
31396276645924864 14
31396671703220224 13
31396975362445313 13
31397676553605120 1
31397693683142658 2
31398370350206977 45
31398611271024641 9
31399339309932545 13
31400130095616001 10
31402465458917377 13
31405044901355520 13
31406410256355328 13
31407484170145792 13
31408746303332353 1
31409578230943744 13
31409606391500800 6
31410105647894528 13
31411367932067840 24
31413608780931072 19
31413650270986241 14
31414231677009920 45
31414777767010304 13
31414860923277312 13
31415047490117634 19
31415088246169600 19
31415194911506432 3
31416044081913856 13
31416196981067776 28
31417341728260096 33
31418086171082752 19
31418487326908416 13
31418997807259649 13
31419091105357824 7
31420193662042112 11
31421122289336321 45
31421364304875520 0
31424021111246849 13
31424967899873280 7
31424975139250176 13
31425369449963520 13
31425604452614146 4
31426539723689984 13
31426798810046465 13
31426832662265857 10
31427033556848641 15
31427759045611520 0
31428420801925120 19
31428493468237824 6
31428546798813184 13
31431335247609856 10
31431536888782849 15
31432727026733056 13
31432945419952128 14
31433327906922496 4
31433632128172032 45
31434793199599616 9
31435262596747264 15
31437204932788225 28
31437237254094848 14
31437407396040705 45
31441099969003520 13
31442088453210113 2
31442614079197185 9
31442910696177665 33
31443107291598848 59
31447361003720704 19
31448339769724929 13
31449595846336512 3
31450065537073152 8
31450267119525888 0
31450686512173056 7
31452420420665344 9
31452422190665728 3
31452522002513920 3
31452799485087744 14
31453275672805376 45
31455723212775424 3
31455815084802048 3
31456126100836352 13
31456453080383488 19
31456542574252032 20
31456595212767232 13
31457280905973760 9
31457316683386880 33
31457406059810816 0
31458812468658176 45
31459972197908480 11
31461069528502272 13
31464165482692608 2
31464675170328576 0
31464809216090112 9
31467121900789760 45
31467184836317184 2
31467302188748800 19
31467680355586048 7
31467720469905408 9
31468490040803328 14
31468756320391168 33
31469968528769025 11
31471387839303680 15
31471733798076416 24
31473669091893248 13
31473705490063360 28
31476880397836288 13
31477961861373952 9
31481606854152192 4
31482127098839040 58
31484405264424960 11
31485497012396032 4
31488592257744896 15
31491223910879234 13
31492039682039808 4
31492400543178752 45
31493461895020544 33
31494358188425218 14
31494433346158592 24
31495605129838592 6
31496694457704448 6
31498848211828736 1
31501865678016512 5
31503072236670976 45
31503592129040384 16
31506974361260032 4
31507810986496001 2
31508580809052161 11
31508627588120576 15
31508788771037184 9
31523385842335744 3
31524647337988096 9
31527343109443585 15
31528624356069376 14
31528642743894016 45
31528807936565248 2
31532143444230144 8
31533473051185152 14
31533605201121280 9
31535593183772673 3
31536020499468289 28
31537684090462208 14
31539440006463488 10
31540846591479808 2
31541787378065409 11
31542354045308929 33
31546173600829441 4
31546270132740096 0
31547140597620738 11
31548936007196673 19
31549322411646976 33
31549597696393216 15
31549742353747968 11
31553007199985664 11
31553156345233408 2
31554061517979648 15
31555900334407680 45
31557043903012864 13
31559113523597312 14
31559175330856960 9
31559868326350849 19
31562402864570368 13
31562758805782528 9
31562782507802625 13
31563924398669825 2
31565204835794944 15
31568963183845376 33
31569527422586881 4
31570912188825600 0
31574200246341633 9
31574865592979456 11
31575391466426368 33
31577262197317633 9
31579382669639680 11
31580700553519104 0
31582344502575104 28
31582648186961921 45
31585147258146816 10
31585270302253056 0
31587174298165248 0
31587601542545408 11
31587866031165440 0
31588307586519040 20
31588433650515969 1
31588589909315584 0
31589908644626432 20
31590126110904320 11
31590322957975552 28
31590445049970688 10
31591003676737536 4
31591444397424640 4
31591858408787968 45
31592177809227776 7
31592707545636865 37
31593201001299970 7
31594108174737408 0
31594123525881856 0
31594358910226432 0
31594475058892801 33
31595126736289793 3
31595212220399616 45
31596255645798400 33
31599782774439936 45
31600749309861889 0
31609210277990401 2
31609386329710593 69
31610154927521792 9
31612106658816000 33
31613004512493568 9
31615062405808128 3
31615359102492672 3
31617061889249280 19
31617379486142464 14
31619459839954944 0
31622713848107008 11
31622888691867648 6
31627404900311040 13
31627673281232896 33
31628886605299712 9
31629001239830528 4
31629044269191168 9
31629235835637760 9
31629248502435840 4
31629662966784000 37
31631535366995968 9
31632553471377408 9
31632894636068864 9
31633604350058496 3
31634565726470144 3
31636328948965376 5
31636393063096320 45
31637593485484032 13
31638843664891904 11
31639213241794560 9
31639242950053888 19
31640927348981761 2
31642136910757888 14
31643428668313600 9
31643748362362880 9
31644368326631424 9
31647223557128192 9
31647814786228224 19
31648201748520961 9
31648402789896192 11
31648931624525824 9
31650454555328512 2
31650972241502208 9
31651067670302720 9
31652021882851328 9
31652159686705152 4
31653032269709312 9
31653095016497153 9
31653409140514816 2
31653516321759232 9
31653948410560512 9
31654224773251072 9
31654912601358336 2
31655045367861249 9
31655251593404416 0
31655260195921921 0
31655267053604864 0
31655567781011456 9
31656691342770176 11
31657587443245056 3
31657763553677312 9
31657852259016705 9
31658343235854336 9
31658757616308224 9
31659605524226048 9
31660595627425792 14
31661116648067072 13
31661587676798976 9
31662105904021504 4
31663375410798592 9
31664292503756800 9
31664959955927040 13
31665631019405312 0
31665824276156416 9
31666932327383040 9
31668642445791232 3
31668993525813249 14
31669571555430400 13
31669649288470529 9
31670225099300864 6
31672576916856832 9
31672753975197696 9
31672985840517120 11
31673221942091777 9
31673243798609920 9
31673636943306752 9
31673673651855360 9
31673680954138624 9
31673744418152448 9
31673993819856896 9
31673999100477440 9
31674021217046528 9
31674306199035905 9
31674396498202624 9
31674409378910209 9
31674451988848641 9
31674849906659328 19
31675031993982977 9
31675229210152960 9
31675360097599488 9
31675432579375104 9
31675539873857537 9
31677899845148672 9
31677930400645120 0
31678562608091136 9
31679285982920704 9
31679425338679296 14
31679542569472000 9
31679701269348352 13
31679783616118784 4
31680131110010880 9
31681152569835520 9
31681793237188608 59
31682953595584513 33
31683709740519424 13
31684419873935361 9
31684842953375744 2
31685731671875584 33
31686032277639169 9
31686265921343489 3
31686276293853184 10
31688182005235712 59
31688661296742400 14
31689430863450112 10
31689854869835776 15
31689881163931648 28
31690834835415040 9
31691436936138752 58
31692185296441344 9
31692655704412161 15
31693234325426177 13
31694473117306880 3
31694530558296064 14
31694965050449921 13
31695509810839552 58
31695880826396672 3
31696221231915008 33
31697432387526656 2
31699819923767296 14
31700342240444418 81
31700382858092544 19
31702927013838848 15
31703050271850498 19
31707233054101504 14
31708419303931905 13
31709059719634945 33
31711079461552128 14
31711154204053504 13
31715048300744704 15
31715391927484418 13
31716826710802432 20
31717825269731328 11
31718977201774592 24
31719526622040064 7
31720687227895808 1
31720767683043328 45
31721475786416129 81
31722157654417409 10
31724837294571520 33
31724937890762752 45
31726486222274560 13
31726872656084992 45
31728925046476802 15
31729684089675777 15
31729824913424384 14
31730063380582401 0
31730139196817408 10
31730185619378176 28
31730879315316736 3
31731638631137281 11
31732480914489344 11
31735139432144896 13
31735455657500672 15
31735910097756161 28
31736465394241536 3
31736590074118145 81
31737924319969280 4
31737979026280448 11
31740806834425856 11
31744066563604480 69
31744449365155840 19
31745086442184704 30
31745096726609920 30
31745508766646273 11
31746913468424193 11
31747239311314944 7
31749443879440384 30
31749813007548416 3
31751008367419392 1
31751433325903872 69
31752954860011520 1
31753400517398528 37
31754236366688256 37
31757312548937728 20
31759478898561025 13
31760140914925569 13
31760876486795264 33
31762855594303488 4
31763145265520640 13
31763149904412672 13
31763182657740801 13
31763804341673985 11
31764477875585024 33
31765042370187264 4
31767856039329792 11
31768073216204800 14
31769205439205376 11
31769395265019904 11
31769479050432512 16
31769523052875777 28
31770091230076929 15
31771605050855424 13
31773184512495616 6
31774912318283777 11
31776820869206016 81
31776979199991808 14
31777091523444736 10
31777427092938752 7
31777476736716800 7
31777488208142336 81
31777782535028736 15
31778373868978177 13
31778698306781184 15
31780127859802112 13
31780569960415232 3
31781089181704192 14
31781229795745792 14
31781548416049152 13
31783210920706048 4
31785455397638144 4
31786830126911488 81
31787064592699392 3
31787173657190400 3
31787373297668096 11
31789024293167104 3
31789477273804800 7
31789696912723969 11
31790456400510979 10
31791078399025153 20
31792129172840448 15
31793296351174656 14
31793298611904512 13
31793758529921024 4
31795576903303169 3
31795708822552576 3
31800150301081600 30
31801180061433856 11
31802123293294592 19
31803411594739713 3
31803419240960000 3
31803439788855297 3
31803718215139328 15
31804215198224384 3
31806612809187328 3
31807173218537472 20
31807230709866496 14
31807594473459712 3
31808292451786752 6
31809671195009024 3
31810488266399744 3
31810603328741376 81
31811055877365761 30
31811254737702913 3
31811330562334720 7
31811864388177920 14
31812598013894656 0
31814327216377856 14
31816947943346176 4
31816986417700864 30
31817694814670850 33
31818985011945472 33
31820162705399808 11
31820266728329216 33
31821748101976066 4
31821797401821184 13
31824265858777088 13
31824638501724160 4
31824794554994688 3
31824817023885312 37
31825453668900864 4
31826421026398208 13
31827324445917184 13
31828141269848064 4
31830108431982592 7
31831410260058113 20
31836139568500736 33
31836755116171264 3
31837272005419008 13
31838446431510528 13
31839368880590850 2
31839946834714624 13
31840187944280064 3
31841010615058432 8
31841332263649280 3
31841375750193152 24
31841982963777536 4
31842252955324417 3
31844361520025600 13
31844731885457409 14
31845325505306624 6
31845403099926528 11
31845404345630720 3
31845488307208192 13
31845789533736960 3
31846049488310272 30
31847913957105665 10
31849548460597249 13
31849691155013632 11
31849694669840384 10
31849942708391936 3
31851486715576320 15
31852394992115712 10
31853087438143490 45
31853505325047808 14
31853848926621697 15
31854246383058944 3
31856209573187584 4
31857122555723776 3
31858497041735680 11
31858896867954688 81
31859055030964224 3
31861291236724738 4
31861590575816705 10
31861702156877824 11
31862468191977472 15
31864469529305088 58
31865568277569536 3
31865841687470080 10
31866849633243136 13
31868819316146176 13
31869348700229632 19
31870844829442048 15
31871158500458496 30
31872613319970816 28
31872977108738048 15
31873295653539840 1
31875281820061696 13
31876829782478848 10
31877108653367296 81
31878654489264128 15
31879597431726080 4
31879763714904064 14
31880216670380032 0
31881538727575552 15
31882212055973888 14
31882977344491520 14
31883171909869570 3
31883368232656896 14
31883562986766336 0
31883690422308864 0
31884272092585984 0
31885326528020480 14
31885627276394496 6
31885657626378240 3
31885777986129920 11
31885796969545728 45
31885983020482560 3
31886068898861056 2
31887568748417024 10
31888385719144448 0
31888462969839617 14
31889401910923264 13
31890053449908225 19
31890241614782464 14
31891056119255040 81
