301396402376933376 31
301396620480770048 15
301397023154905088 31
301397304181673985 31
301397492912775169 31
301397505491484672 31
301397899751874560 84
301398013023240194 31
301399233557299200 28
301399376172036097 28
301399661372129280 28
301400189841846272 31
301400399561240576 31
301400496042807296 31
301400663814975488 28
301400743498379264 31
301400789635698688 28
301401141953056768 31
301401238405255168 31
301401473319829506 31
301401666228473857 31
301401808838987776 31
301402337325481984 28
301402714821259265 31
301403004219822080 31
301403331396509696 31
301403746607435776 31
301404778402037762 85
301405877326462976 31
301405894086893569 31
301406061875843072 83
301406376465416193 31
301406498062495744 31
301406762312024064 28
301407185957707776 31
301407274025492480 31
301407441793470465 31
301407727031291904 28
301408754619011072 31
301408872046927872 25
301409341800579072 28
301409509593735169 31
301409668960514049 31
301409970979737600 31
301410205839802368 31
301410558148767744 31
301411124417552384 31
301411258610114560 31
301411367649427456 31
301411380236529664 31
301411577389805570 6
301411602551410688 31
301411606733148160 31
301411879371280385 31
301411933893033984 28
301412269424779266 31
301412621763096576 31
301412797932265472 31
301413049603067904 31
301413515133067264 31
301413645177479168 31
301414156899319808 31
301414702137880576 31
301414756676407297 31
301414974771851264 31
301415939449163777 31
301416023343632384 31
301416119821012995 31
301416350499368961 85
301416446972538880 1
301416820282372097 31
301416954474921984 31
301417159987437568 49
301417403261272064 31
301417449419599873 31
301417646556065793 31
301417747215183874 31
301418162430296065 15
301418166633000961 31
301418527334748160 31
301418791605264385 31
301418892264345600 31
301419437515481089 31
301419471065718785 85
301420226048827393 31
301420410577244161 31
301420658045370368 31
301420821623226369 31
301421215908761600 31
301421253661700096 31
301421874414489600 31
301422440611987456 31
301422826504740864 31
301422872650448896 85
301423476642832384 31
301423732457619457 31
301423975752417281 31
301424357429870594 31
301424378380443650 31
301425259192655873 85
301425485706063874 51
301425536037711875 87
301426362315591680 85
301429596119785472 87
301430367880097792 85
301431030584328193 28
301431747780943872 88
301431798120988674 28
301434272772943875 28
301436214718918656 28
301438341218435073 28
301439192666365952 28
301439427564163072 101
301439549203161090 88
301439582740824064 83
301439997972709376 85
301440102826143744 101
301440656486846465 28
301441306629140480 11
301447560336379904 28
301450131423780865 28
301450798322286594 85
301450873819779072 85
301451452642127874 28
301451511362379776 85
301451712659603456 83
301452010463571968 85
301452538941681664 51
301453176509444096 85
301453579141652481 28
301453717536903168 8
301453965009231873 85
301454145364299777 28
301456565494505472 51
301456640979394560 28
301458306143240192 1
301458507465633792 85
301458696196726785 28
301459639931908097 85
301460050944339970 85
301460902404837376 85
301461397311717376 7
301461422494318592 85
301462190043586564 85
301463767089287170 85
301464123609317377 85
301465071551393793 85
301467659428581376 85
301468166935154688 60
301468947092480001 84
301471342010703872 85
301472268943491072 85
301472818397339650 85
301472885518770176 85
301473795707899904 87
301474974277967872 15
301477822222970880 28
301479705478049793 28
301479743193231360 14
301485862707933184 49
301487552999878657 101
301500475671449600 15
301502119813464065 83
301503197778952192 28
301504921637908480 38
301504942601031680 85
301509292064907265 15
301509350785159168 61
301509480846327808 83
301509933818585088 15
301510109954195457 15
301510177084035073 87
301511473115561984 83
301511552819924992 28
301512475554242560 85
301515315106418689 85
301515403203575808 85
301519190643322882 85
301519417127350274 87
301519547163357184 28
301522273444179969 15
301523003253092352 25
301526505509515264 85
301526820065509376 14
301527478604800000 28
301529751900782593 28
301530242625978368 28
301531169588129792 28
301532306227724288 28
301533283504750592 83
301534185263362048 28
301537209385906176 85
301542771024617472 15
301543240774066178 28
301550249447661568 85
301551490974224387 85
301552753451343872 49
301556343775584256 83
301562471653715968 28
301562601668743168 15
301568633098887168 83
301574165381664768 28
301582553998053377 83
301594943972077568 8
301596596523630592 87
301604381147680768 28
301611469525643264 84
301612736201256960 15
301616712393031682 15
301617047949959168 60
301617052123291648 8
301620843799273472 28
301621993021796353 7
301623331025715200 15
301624924848668672 84
301637910422253568 85
301638157873602560 28
301657367785902080 15
301659578209275904 85
301660618371518464 1
301665567641849856 51
301666511360249857 85
301675235525152768 83
301684085489815552 28
301685574505488385 87
301691803046932484 2
301696165114683392 61
301696261566889985 84
301696588739399680 51
301698010579079169 83
301703136035348481 85
301704151056924672 87
301704193004167169 15
301704566301421568 85
301704671133831171 61
301705249964576769 15
301707330339356673 17
301707904979963904 14
301707997221097473 14
301709851137019904 88
301710354440937472 85
301710958420688896 83
301712858427834368 86
301715265958330369 28
301720005513457664 85
301720294924623874 88
301721171546750977 15
301722618585821184 85
301723402916470784 61
301732731040169985 15
301733611860815872 87
301737038615560192 87
301737546126336001 25
301738867319525376 28
301739186086633472 115
301742432465330176 15
301743875293315073 84
301745578197516290 84
301749638287994880 15
301750191952908289 15
301751437627625472 88
301753878729342977 15
301754562379923457 84
301758135956295680 83
301761315221946368 15
301769091469946880 14
301769833853366272 28
301771301855580160 11
301771406742532096 15
301772165886382082 84
301773000561274880 61
301773403193499649 124
301775206752600064 15
301776389546332161 83
301777240994217985 88
301778335715975168 15
301778339889307649 6
301778407010734081 83
301779338133659648 101
301779417838002178 85
301782232211783681 83
301784018993692673 15
301786225218576384 14
301789979087081473 85
301790788596146176 83
301791514231717888 44
301791677784416258 87
301792441151938562 15
301792558584041472 14
301792625709678592 103
301794131443871744 14
301797008757383168 83
301801932857696256 3
301802251616415744 85
301802838852505601 28
301803505734283265 2
301805632233799680 3
301806999572709376 85
301807398039986176 14
301807733584297986 83
301809100919042048 85
301810900292222977 15
301811361669840896 85
301811416179040256 15
301811634274447360 85
301812141806206977 28
301813702091489280 84
301814679360118784 14
301814876475621378 14
301815484649717760 83
301816029930217472 85
301819553120399360 51
301820052246781954 15
301820740146176000 60
301823067947159553 42
301826113037008897 83
301828147249291264 1
301829950812610560 14
301830718366023681 14
301831347524231168 85
301831389467258880 15
301831989265321984 87
301832127673159681 14
301832131867471872 51
301835432755331072 15
301835705401872384 85
301839920681611265 12
301840344314683392 14
301842089124171776 14
301843322262147073 14
301843326456434689 14
301843716526731264 14
301844601512275968 15
301846199542112256 85
301846644155105280 87
301850041545543681 83
301850452557963264 103
301851014619873281 85
301851861848322048 15
301852516189102081 85
301852587462893569 14
301852772041621504 14
301852868493840384 14
301852927230889984 14
301853006889107456 14
301853174686445568 14
301853631861366784 14
301854407799230464 85
301854701413089281 61
301856127463858176 14
301856437842362368 85
301856702091907072 102
301856785973772288 14
301857423516377088 14
301858618884632577 1
301858719547924480 14
301858979611570176 14
301859252224552961 83
301859537437204481 14
301859873002491905 15
301860699255226368 14
301860846051663872 83
301861198385799169 14
301862465057218560 14
301862867727155201 14
301863685616451584 14
301863765312430080 14
301863828197629952 14
301864113431273473 14
301864339915296768 14
301865149436923904 14
301865254265180160 83
301865367536537601 85
301865791131893760 84
301865816306106368 14
301866168631832576 14
301866403517042688 7
301867028476727298 61
301867242361065473 14
301867691159990272 87
301868811039170560 83
301869041730080768 14
301869113037447168 14
301870425858777089 14
301871126303371266 83
301871298274017280 14
301872137126412289 14
301873445740896256 85
301873609343897602 15
301874339140206592 14
301874339144425473 14
301874376876384256 14
301874762773311488 14
301874825683689474 7
301875018621665280 85
301875312197775362 14
301875664519323648 14
301875748426350592 11
301876495025070081 14
301876763443744769 14
301877384213299201 14
301877472268541953 14
301877547761823744 14
301877648450273280 85
301879296807555072 14
301881519805435904 14
301882182505480192 83
301883482739728384 14
301883554021904384 85
301883658866941953 14
301884770370064385 83
301889757384962049 14
301891355439947776 83
301892596928749568 85
301893809103568896 14
301894798934175744 14
301895545528659969 61
301896313082093569 14
301896367633207297 14
301898359902441473 1
301898947125981184 14
301899639165186048 85
301899660149284865 14
301900398363561984 7
301901170102915072 14
301901547573506048 14
301901639852388352 14
301901996380811265 14
301903128830291968 85
301904546496651265 85
301904575873548289 83
301904861077839872 14
301904936587890688 14
301906429764325376 14
301906748506259457 85
301906874352164864 83
301908933759614976 15
301909676138844161 14
301909797777846272 14
301911232225615872 6
301911471326117888 14
301912536666763265 14
301913014821593088 14
301913664942927873 14
301913811735158784 14
301914608661303296 14
301916475114024960 14
301917007778021376 14
301919616656101376 14
301921067864322048 88
301922502337261569 85
301923861287555074 28
301925736137228289 87
301926080082755584 84
301927887831969792 116
301929133531869184 84
301929146093809664 28
301929146093817857 28
301929146102210560 28
301929146114797568 28
301929276134006784 28
301941364109742081 115
301941494124789760 87
301942853075079168 14
301944925073842176 14
301944971198607361 14
301954123207700482 61
301954857210896384 83
301956476182859776 14
301957013066358785 88
301958120375197696 14
301958590116290560 87
301960985072250881 14
301965317784096768 14
301973114991022081 51
301973660246355968 83
301976512377278465 25
301977296716320768 85
301980903817756673 30
301981260316831744 15
301981906239635456 14
301982124381196288 116
301983634326433792 14
301989942530301952 85
301993776149315584 28
301994786951397376 28
301995114140676097 84
301995919447056384 14
301996712162107392 14
301998016569675778 1
302005931217149954 14
302006547809198080 8
302007546036764672 14
302007852216758272 15
302009592873902080 84
302011538997399552 15
302011820032524290 14
302014068166897664 14
302014676357754880 87
302019956990681089 14
302021185896599552 15
302021781487771649 14
302021919929143296 14
302022540694544384 14
302022859457458176 14
302023295656660993 14
302024344215879682 14
302024428131336192 0
302024834945257472 14
302025619301089281 14
302025686401548289 14
302026432975081472 14
302027800347566081 85
302029016678944768 14
302029310288617472 14
302029448709029888 14
302029893271691264 102
302030862155923456 14
302030958650085376 14
302031558414577664 14
302032279839047680 87
302032321773707264 14
302032372113760257 14
302033378759286784 83
302033752031379457 14
302033886265892864 14
302034351821041665 14
302038801985966081 14
302039770865999872 14
302040517473095682 14
302042119697211393 14
302044590125481984 14
302044590125506561 9
302045886152839168 85
302046439813574656 14
302046670512865281 14
302047651992567810 15
302047903625654273 15
302048306283036672 15
302048931225956354 6
302051661717848066 14
302051905008455680 85
302053251371651072 85
302053314282020865 14
302054501270032385 14
302054803264139264 15
302058636841201664 14
302058800452628480 14
302059907715317760 15
302060033548632064 14
302061438636265472 14
302062105534812161 6
302063531602350081 7
302063640641671169 14
302064290796556288 14
302066379551551488 14
302066689909063681 85
302068476695150592 14
302070544495431681 14
302071169421557760 14
302072721339207682 1
302072813605515264 14
302073446932819969 102
302073585374216194 15
302077116948815873 25
302077498622083072 14
302077662208344064 14
302079172149407745 15
302079272850432003 87
302080405299937280 14
302080707268849664 85
302081604870864896 85
302081634205843456 1
302081852330622977 14
302082204668919809 10
302082380825522176 15
302083475534651392 85
302083878183641089 14
302085677548437505 85
302085866262777856 85
302086445085126656 87
302089024590471168 87
302090316440272897 14
302091268555685888 14
302091495043895297 14
302091771863764993 14
302092195484299264 85
302092556206997504 15
302092640097300480 61
302092690428919808 15
302093910950432768 14
302094535893348352 83
302094582022299648 14
302095131488694273 14
302097622901075968 14
302099128664600576 60
302099321598377984 3
302100152095739904 14
302100957364359168 14
302101154517643264 14
302101620102152193 14
302102140162285569 83
302102727364841472 15
302103356531425280 14
302105004871909376 25
302106695184814080 44
302107877999534081 85
302107898971041794 14
302107945087422465 85
302108234515369984 14
302108511322636288 15
302109899645661184 85
302110151295528961 15
302111472492888064 14
302111770288476164 14
302112235872997376 15
302112588198719488 83
302112957293273088 87
302114031030902784 85
302114148475600896 15
302116291760754688 14
302117294178455553 85
302117461963206657 15
302117558427975680 85
302118711878373377 85
302118791549186049 25
302119433307033600 85
302120167301840897 14
302120884506857473 15
302123547889917952 85
302124063785107456 15
302125888319930368 85
302126999802085376 61
302127155016519680 14
302127461171351552 25
302127490531475456 14
302127704440967168 14
302127834502135808 85
302127939351367680 14
302129029841047552 85
302132825686163458 85
302133933007581184 14
302134180446355456 25
302136466375602176 85
302137452007669761 83
302137569456562176 30
302138274087055360 15
302138378969817088 15
302139314308018176 15
302140983624228864 85
302141004608319488 14
302141067522879488 87
302141361098981376 84
302141835084713984 85
302142422278885376 14
302142900421152768 85
302143848333840384 15
302143969968664576 25
302144624301047808 14
302145370870382592 14
302145693844398080 85
302145710588063745 25
302146784350838784 83
302147073749442560 85
302147585450340358 14
302147669332205568 85
302149623911428097 17
302150546620563456 15
302151414862454784 83
302151851070066688 15
302152639578263552 10
302153587499364352 15
302153889501814784 14
302153910481715201 14
302154015309983745 101
302154195702800384 14
302155177148944384 14
302155202331557888 15
302157442085711872 15
302157777613246464 15
302159094637264897 85
302159203680780288 14
302159954457006080 85
302160944337928192 87
302161082720587777 15
302161476997771264 85
302162529759682561 85
302164731777662978 85
302164849205579776 85
302164891148636160 85
302165398671990784 15
302167218987352064 85
302167869108654080 85
302168175313842176 15
302168338891677696 14
302168779272630273 14
302168968016302080 85
302169211294322688 85
302169987240579072 83
302170675110608897 14
302171958567636992 85
302174462571327489 115
302174785524359171 14
302174861005037568 85
302175649534185472 15
302175708279631873 85
302175771177394176 85
302175943131267072 15
302176719081713664 85
302176777835520000 85
302176882667974657 85
302176912040677377 85
302177125941776386 7
302177163690520577 85
302177717342838788 88
302177813790863362 85
302177847383048192 85
302178048688676864 15
302178170319278080 85
302178250023653376 15
302178421977526273 85
302178736537759744 85
302178954658340864 61
302179063701848064 85
302181081153675265 85
302181232186359809 85
302181345432584192 85
302181597053063170 85
302181810983555072 15
302181890658545664 85
302181899055542272 61
302182020698763265 85
302182192681996288 85
302182251377070081 85
302183044108918785 85
302183371247845376 85
302183631303106560 85
302184323354853376 85
302184365310488576 85
302184713446121474 85
302185078354743296 85
302185799762448384 85
302186592473346048 85
302187951440404482 85
302188047930388480 15
302188073087807488 83
302188295381733377 88
302188542841475072 15
302189117465309184 85
302189377491181568 85
302190468043780096 83
302191470461460480 85
302191558541864961 85
302192057659826177 85
302193940923285504 85
302194259686195200 85
302194280661938176 85
302195740246171648 85
302196478468833281 85
302196914655461377 85
302197279589281793 85
302199787778895873 85
302199926190911488 10
302200500806361088 85
302200735691595777 85
302200869884157953 85
302201767481974784 49
302202438570610688 85
302203579429703680 15
302204531515740160 14
302205190050807808 85
302205919838732289 84
302206083437568000 14
302206511223025664 85
302207840829964290 15
302208159580307457 15
302209136890871808 85
302210919436541952 14
302211762487451650 11
302212156777168897 14
302212441985654784 79
302212580380909568 14
302214052598398977 15
302214748848656384 86
302215063425671170 15
302218024583303168 15
302218028802768896 85
302219073184493569 15
302219933029392384 85
302221409390837760 85
302222764155211777 85
302223342981763073 13
302224001500057600 85
302225314287845376 15
302226035737513985 86
302229600883331074 15
302230129348849665 85
302230171308670976 85
302230292951867393 15
302231773549563904 85
302233207976386560 14
302233581286195200 15
302236450181742592 14
302238236938489856 14
302239809836032000 28
302242368327925761 83
302244138349375489 15
302245337899364352 84
302247254687883264 1
302249528017436672 15
302249658032455681 15
302250245239234560 15
302250303976259584 85
302250626929262592 14
302251604189515776 15
302251608413184000 83
302252967359303680 83
302253982351499264 15
302254963856375808 101
302255060304408576 115
302255160963497984 83
302256951952293888 15
302257052607213569 15
302257174237835264 15
302257539142262784 15
302259015528890369 15
302259019719000064 14
302259384627638272 15
302262270317170689 1
302262417126199296 15
302265290199269376 15
302265508307275777 14
302265655124705280 15
302266229756928001 83
302266745652125696 14
302267022446833664 15
302267928433283073 15
302268238811779072 14
302269094449774593 15
302269572587859968 0
302269698408591360 14
302271854301822976 15
302272932225351680 15
302273586549387264 85
302275360723185664 3
302276451275784192 14
302277898289704960 13
302278082851659777 15
302279504716509184 85
302280163226443776 61
302284407836921856 15
302286186230210560 25
302287218016407552 15
302287394185568256 13
302287520023076864 15
302287876559876097 13
302287981413277697 14
302288518271602688 14
302290183422877696 85
302290300859195392 13
302290380521631744 13
302290497991479296 13
302291072602746880 13
302291588493750272 14
302291689169645569 13
302292012105887744 13
302295086551666688 13
302295933805281280 13
302296122540584960 15
302296692970102784 14
302297137583116288 13
302297154347749376 13
302297716371910656 13
302298383270432769 13
302298655904387072 13
302299473806241793 13
302299624792813568 13
302301117956648960 13
302301122138349568 13
302301331857739776 13
302301495460765696 13
302301587731251200 14
302302791483944960 13
302302795674050560 13
302303546441871360 13
302304339182108674 85
302304746029588481 13
302305069007794176 13
302306054635675648 13
302306084020953089 13
302306776093704192 13
302306880938721280 13
302307342286983169 13
302307371684876288 13
302307614946099200 13
302307711389929472 13
302307887584268289 13
302308231487827969 13
302308390879768576 13
302308567044734976 13
302309238129172480 13
302309728850161664 13
302309728858542080 85
302309946974953472 13
302310378975678464 85
302310399942983680 13
302311410770255872 13
302311729541550080 15
302312790725623808 85
302314086748811264 84
302314980135563264 13
302315047231823872 13
302315064013225984 13
302315361813028864 87
302315365990551552 13
302315550577676288 13
302315907080925185 13
302316116775157761 13
302316930465923072 13
302317345702035457 13
302317542851084288 13
302318469809045505 103
302318985700077569 3
302319707095191552 13
302319950364803073 13
302320294310322177 13
302320415932563456 13
302321082852069376 13
302321091228098560 13
302321376453345280 13
302321766511046656 13
302322668278005761 13
302323263864987648 13
302323746247684096 13
302323880427675648 15
302324153074208768 13
302326921323220992 13
302328045379915777 13
302328942986162176 13
302328980705521665 13
302330176111509504 13
302330280960729088 13
302332789146124288 13
302332843680464896 15
302333544104075264 13
302333611229732865 13
302333976134180865 13
302334135500943360 13
302334450086322176 13
302334735303196672 14
302334777250443264 13
302335075037614080 13
302335200879316992 13
302335259578621952 13
302335947440263170 13
302336987627675648 13
302337834889658368 13
302338233373696000 13
302338560516833280 13
302338598244593664 15
302339613295509504 15
302340183704076289 15
302340577964474368 13
302341702033764352 13
302341806895546368 13
302342222156804098 13
302342645756342272 14
302342763213635584 14
302343329440473088 13
302343379755360257 13
302344046674857985 13
302344382194012160 101
302344625463644160 13
302344667431837697 13
302344839373135872 15
302345372045565952 13
302345690812657664 13
302345846035451904 14
302345929921548288 85
302345971835219968 15
302346009609138176 13
302346907181780993 13
302346991063670784 13
302347175613050880 15
302347360149856257 13
302347632771223553 13
302347670536724480 13
302347787973058561 14
302347943170691072 13
302348651999682560 13
302349432161193984 13
302351181156585472 13
302351453803147265 13
302351529292230656 13
302351952929505280 115
302352087122059265 13
302353429307719681 13
302353655825309696 87
302355941725175808 13
302356105269489664 13
302357443277635584 13
302358529581408256 13
302359116792352768 13
302359137776455680 85
302359657844981761 14
302359863365865472 13
302360924545769472 13
302361239126941697 13
302362551918944256 13
302363101376962560 13
302363139125682176 15
302363533402861568 13
302363894121381888 13
302364514844807168 14
302366469394669568 13
302367421531037696 13
302367450882789376 13
302367538954764289 13
302367899664936960 13
302368138761211904 13
302368482677374976 13
302368675611156480 9
302369191523147776 14
302370294612496384 13
302370512728911872 13
302370877624971264 13
302371531915395072 13
302371716498337794 13
302371850699292672 13
302374065287618560 13
302374077862129664 13
302374543438274560 13
302375013225476096 28
302375231291523072 13
302375583650828288 13
302375977890242560 13
302376212771262464 13
302376527348256769 13
302376661578559488 13
302376837714149376 13
302377110369075200 7
302377211011407872 13
302377227818004481 15
302378641290059776 13
302379505304076289 13
302380037976510464 15
302380042162413569 13
302380465782939648 13
302380507730157568 13
302380788782080001 13
302380855874183168 13
302382240007090177 13
302382353240702976 13
302382453887234048 115
302382709773316096 13
302383397634969600 13
302383414412193794 13
302384869818908672 13
302384970494771200 13
302385406685638656 13
302385930977824768 13
302387126341869570 103
302387206029455360 13
302387210253119488 14
302387407393783808 13
302387801645785088 14
302388040716918784 13
302388166558633984 84
302388791497330688 83
302388913148932096 13
302389462565015552 15
302389580039081985 13
302389605175533568 13
302389621973741568 13
302389621986308096 13
302390569890615296 13
302390787998621697 13
302391199044599808 13
302392440546025473 13
302392444727750657 13
302393870799470593 13
302394520933384193 15
302395342983421954 13
302395439452401664 13
302396014067855361 13
302396056023486464 13
302396576117178368 13
302396722942988288 13
302396777464733699 13
302396966212599809 15
302397171695759361 13
302397456912617472 13
302398056706498561 13
302398081884909568 13
302398480335380481 85
302398673277550592 85
302399692493430784 13
302399717667647488 28
302400107716943873 13
302400141271384065 85
302400296481591297 13
302400418099638273 28
302400606855892993 13
302400963380129792 15
302401533805469696 13
302401726709903360 13
302402410419220480 13
302403366720524288 13
302403479933169666 15
302403572216233985 13
302403580630011906 15
302404373319929856 13
302406101394141184 15
302406462083309568 13
302406575342112768 13
302406642455175168 13
302407200276615169 15
302407674262347776 13
302408051732926464 17
302408366330896384 13
302408760587067393 13
302409247130546176 13
302409310049292288 13
302410161476218882 13
302410295685570560 13
302410446672101376 15
302410631242457088 115
302410836754968576 13
302410861929168896 115
302413013615513600 13
302413156192509953 83
302413168804765698 13
302414284489625600 13
302414984930021377 85
302414993297649664 115
302415026856267778 13
302415433699577856 13
302416482300735490 13
302416520036880384 13
302417082073616384 13
302417220502429696 83
302417228886839298 13
302417581187420160 13
302418147439427584 13
302418533298610176 15
302418646569992193 13
302419921609048066 4
302419992941580289 13
302420232012722176 13
302420550767239168 13
302421221868445696 13
302421628720140288 13
302422203335577600 13
302422232691523584 13
302422283006377984 15
302422949888159744 13
302423121858801664 13
302423163814436865 13
302423209955958784 13
302423285440856065 13
302423419650183168 84
302423876854497280 14
302423893644304384 115
302424040432345088 13
302424040440725505 13
302424061395484672 15
302424560538615808 13
302424677974958080 83
302424954803212289 13
302425407788032000 61
302425672020791297 7
302426921910820865 13
302426934506291202 13
302426959667937280 13
302427479753252865 13
302427655922413569 13
302427790140112896 13
302428280869498880 13
302428574449815552 13
302428784190169088 28
302428821926313985 13
302428830323310592 13
302428922602196992 13
302429132292227073 15
302429367206830080 15
302429602079453184 13
302429979575209984 13
302430076044201984 13
302431204278427648 85
302431493685399552 13
302431787303444480 28
302431942509473792 13
302432038974279680 13
302432278024441859 13
302432382890418176 13
302432554882064385 13
302432911389515776 13
302433347580350464 13
302433381151567873 25
302433431453847552 13
302433678938759168 13
302434459083476992 85
302434513596862465 13
302434660418457600 13
302435260203941888 85
302435910295879680 13
302436363280723968 13
302436413624967169 13
302436765963264000 13
302437692870885378 13
302437705474777088 13
302437906813947905 13
302437982277865472 13
302438263317225473 13
302438376546643969 13
302438540141268992 85
302438540145467392 85
302438888264310784 13
302438925996285953 83
302439186072481792 13
302439651631841280 13
302440394027855874 13
302440503054573568 11
302440612119060480 13
302440842797412352 85
302440901517643776 13
302441648116334593 13
302441698435420160 13
302441790726868992 13
302441908167393280 15
302441992053460993 14
302442277257768960 13
302442277274533888 13
302442352759410690 13
302442377908469760 85
302442755412606978 87
302442851868999680 13
302442864456126464 13
302442910614441984 13
302442990297808897 13
302443455844589568 13
302444202455883777 13
302444793835958272 14
302445792080302080 13
302446513517379584 13
302446614180687873 13
302446840681467904 8
302447641764179969 14
302448249942450176 28
302448719717089280 13
302448723886211072 13
302448803611541504 13
302449520808173568 13
302449655030091776 13
302449822798073856 14
302450003161542656 13
302450196112109569 13
302450204488105984 115
302450368082747394 13
302450384864157696 15
302450523251015680 13
302450674241781760 13
302450942685638656 49
302451739590799361 15
302451886412419072 13
302451970281717761 13
302452070957600768 85
302452293251526656 13
302452448428179457 13
302453081805844481 13
302454281368371200 13
302454293955493888 13
302454298137206784 13
302454461719252993 13
302454814028206082 15
302455086678958080 13
302455116043280384 85
302455204115259392 85
302455455777701890 115
302455560635310081 13
302455665463529473 13
302455816492032000 13
302456382689513473 13
302456382697914369 13
302456877650948096 13
302456894428168192 13
302457104126586880 13
302457108316688384 14
302457242526023680 13
302457796186750976 13
302458710528258048 13
302458958021537792 13
302458999960371200 13
302459398406688769 13
302459822052356097 13
302459905913274369 13
302460061089943552 13
302460069499502592 11
302460170146025473 13
302460258243211264 115
302461717852585984 13
302462242161557506 13
302462393127141377 13
302462661591961601 13
302463076828057601 13
302463475261771777 13
302463567532261376 13
302463735312838656 13
302464330908192768 13
302464330929172480 14
302465010372861955 13
302465790509211648 13
302465819877732353 13
302466348364206081 13
302466524541767680 13
302467447259267072 2
302467447284453376 13
302467564712382465 15
302467694760955904 13
302467946410803200 15
302468676194545664 13
302469913535213570 4
302470685295509504 85
302471045972119552 13
302471289275314177 13
302471444456161280 13
302471515750944769 15
302471528346447873 13
302471545123639296 13
302471566086787074 13
302471599632822272 13
302471603831320577 13
302471960359755777 13
302472232993710080 13
302472316850421762 7
302472946008608768 85
302473793245437954 13
302474015564513280 13
302474304975671299 13
302474606957174784 13
302474720182407168 13
302474917327273984 13
302475076719226881 13
302475248681496576 13
302476733473517568 13
302478142751260673 13
302478381847543808 83
302478553809833984 15
302478717379309569 103
302479224873295873 115
302481007465095168 13
302481351385419778 6
302481695326732289 13
302483616313790464 85
302483784102715392 13
302483872162148353 14
302484027359764480 13
302484430012956672 15
302484740378865664 13
302484765574066176 13
302484941722243072 1
302485675742228481 85
302486229386158080 13
302486573298110464 87
302487177294651392 13
302487265362460673 13
302488204894953472 13
302489370911444992 13
302492407591739392 28
302492583723167744 51
302492868935835648 13
302493133189558273 13
302493506474233856 83
302493544222969856 13
302494093701967872 13
302494236287303680 13
302495863694032896 85
302497549800054784 13
302497646252273664 61
302497646256484353 13
302498657104695296 61
302498900349161473 13
302499248505774080 85
302501542769082368 61
302501945413865472 13
302502717182578688 87
302502780097134592 84
302505581883817984 13
302507154739458048 13
302509335798505473 13
302509851710468096 13
302510216577171457 13
302510363386208256 30
302511449727721474 13
302512053715877888 13
302512288580112388 85
302512846418362369 13
302513119064907776 13
302513634955894784 13
302513727222190080 13
302513970483458050 13
302514679337586688 13
302515606291365888 13
302516705203220481 15
302516747137863680 15
302517200126873601 13
302518340969189377 13
302518592610631681 13
302518785565413376 13
302519272083709952 13
302521394426683392 13
302521411187126272 13
302521453134364672 87
302521587335327744 13
302525727142723586 13
302525907506184193 13
302526683427241986 83
302527060914606081 85
302527069299044352 15
302527312598028288 85
302529531359674368 103
302529678147743745 85
302530026274951168 13
302530051478532096 13
302531771130593280 13
302531855004098562 13
302531905360908289 28
302532287013199872 13
302533566292717569 13
302533570474414081 13
302533759226482690 13
302534249960050688 13
302534254137602048 13
302534610661806081 13
302535919301455872 13
302537106268508161 13
302537580229038080 83
302538570084794368 13
302540272984809472 84
302541636141977600 13
302542219125071872 85
302542978294104064 84
302545855603408898 13
302546279219748865 13
302547982115536896 83
302548279911120896 60
302548388971438081 85
302548665774510080 13
302549315887448064 13
302550955864510464 13
302551639540236288 13
302554747502739456 13
302555418624937984 15
302555984822407168 15
302556555264540673 85
302556978893430786 13
302557322817982464 87
302559021515284480 13
302559357051224064 13
302560443388530691 13
302560518902775808 13
302561978520588288 13
302562876080664577 13
302563622654201856 13
302563681407995904 13
302564969029980160 5
302566093103435777 85
302566814523748353 13
302567418528661504 13
302568710378487809 116
302569289192464384 13
302569452749336576 85
302570052555792385 51
302570501342130177 3
302571382150152192 13
302572317450588160 13
302573437333934080 13
302574074872344578 83
302574213288587265 28
302574431404969984 13
302574871777533952 13
302574980862967808 115
302575006024609793 15
302577119932841985 13
302579435180269568 13
302579540054654976 13
302579774939885569 15
302581247136382976 87
302581926609448960 13
302582354432634880 83
302583323325263873 15
302586171257663488 9
302587152699621377 13
302587530207965184 84
302588314546999296 15
302588385837600768 14
302589870625415168 28
302589975478816769 85
302592252969107456 13
302592471077093376 83
302592680817467394 13
302594933167095808 28
302595159625986048 13
302596422111465472 13
302597428748627968 13
302602583539859456 13
302603267240763393 13
302603573399789568 85
302603971871268864 13
302604521333473280 38
302605020443066368 13
302605515366727681 115
302606371017334785 13
302606438142988288 87
302606496850653185 13
302613899809787906 13
302613916582813696 87
302614398923599872 13
302617146184323073 15
302617297187651584 13
302617800491548673 13
302618026988146690 115
302619151049031680 10
302620178674503680 13
302620426134224896 13
302621646680903680 87
302627946496139265 87
302627992646062080 85
302628701475049473 10
302628768588107778 38
302632782528659456 13
302633294271479809 13
302635013927759872 13
302635047457013760 13
302635752129433600 13
302635852759187456 13
302637723422949376 14
302640122573246465 83
302640382624296960 13
302640634299314178 14
302643213779496960 13
302643922604269569 85
302644098786025473 51
302646091067834368 13
302649429733826561 13
302649949844283393 13
302651216515719168 87
302652151828709376 13
302652453847965696 13
302652520931672065 85
302652617404866560 85
302652789375508481 115
302653900866084864 115
302654009934749696 115
302654177681739778 115
302654878143090689 115
302654962020786177 13
302655360496451585 85
302657063371284480 13
302658028061208576 13
302660972445831169 13
302661198950825985 13
302662776017522689 103
302664004956991488 115
302664126575017984 13
302667511382560768 13
302667935015661568 28
302668358644543488 13
302671642763595776 13
302672422908342272 115
302673458893029376 13
302673488253165568 13
302674020954939392 83
302674343891181568 13
302676701098430466 13
302676743045668864 13
302676881440919552 13
302677539971813376 13
302678223634956288 13
302682791248818176 115
302683273581191168 115
302684439589306368 103
302685777576488960 115
302687220438020096 86
302688180900089856 13
302688885559930880 13
302689556640178176 115
302689661501992961 115
302692761088430080 13
302696468844781569 13
302698888962400257 60
302700591858212864 13
302701841781772289 13
302702315733909504 16
302702986805780480 13
302703301366001664 13
302703641108811776 85
302705822151110656 13
302707655082905600 28
302709701878087680 14
302709802553966592 13
302711652237852672 13
302711778075365376 13
302711828394438656 13
302712625307979776 13
302717117436936192 13
302717574616068096 13
302717662667096064 13
302718614769922048 13
302719206191927297 13
302719256494223360 13
302719294247161857 13
302719738843394049 13
302721802453536768 13
302723446608121856 13
302723966735380480 13
302725061436121088 13
302725736723259392 13
302725875118534657 115
302726739140960257 6
302729599681454080 13
302733525520633856 103
302737430417641474 13
302739762463272960 101
302739976381136899 30
302741528282034179 13
302741620531539969 13
302741620539916288 13
302741620539916289 13
302744678208528384 83
302746523677122560 15
302747932954861568 86
302748318835027969 86
302748801200959489 15
302749182857474048 15
302749681996414978 5
302749853958688769 83
302750919316078592 13
302753222005760000 13
302753293271191552 13
302753389773717504 13
302753658192412672 13
302757764407631873 25
302758724920016896 13
302759052084129792 83
302762642374799360 13
302763196039692288 13
302766505362345984 15
302767914619129856 13
302769558794665987 28
302771425276723201 86
302772314477580288 15
302772478021877761 13
302773182673338368 85
302774298345631744 13
302775808324407297 13
302776164823465984 13
302776303243898881 13
302776718496763906 83
302776756211941376 13
302778316497248256 15
302778735940214784 13
302782309504000000 85
302782317875851265 83
302783815242371073 87
302784264037101570 13
302787573342949376 25
302787892101652480 13
302789121053696001 13
302789284623155201 115
302791457251663873 13
302791734079934464 83
302792245810167808 13
302792312914849792 13
302795894842093568 85
302796142289252352 83
302797656432984064 13
302798503682400258 115
302798696628748290 13
302799518724931586 115
302803767559073792 15
302806967808835585 115
302808125428350976 87
302808393842847745 13
302808490341179393 83
302809635390361602 116
302810998518194177 85
302812185514614784 15
302812936282456065 13
302815247352356865 88
302815826162118656 115
302816098808647681 115
302816732131753984 83
302817466147557376 28
302819072565993473 88
302819278095265793 88
302820121121026048 84
302821320687775745 88
302822121812398082 88
302824537752494080 28
302824969744822273 13
302824990724739072 13
302825817015209985 13
302826446139830272 13
302826634891894787 11
302826764898541568 13
302827939328819200 13
302829893853519872 83
302830090998382592 13
302830682407854080 86
302830883721838592 13
302831156330627074 83
302831181534208004 13
302832892772483072 13
302833597453332480 84
302835241607913472 86
302839775625359360 13
302840748703903744 13
302843047216029697 83
302844179657150464 13
302845077254987776 13
302845278552199169 85
302846574621507585 85
302848084579328000 13
302848407519784962 84
302849636459233280 13
302851586810597376 13
302854929649913858 13
302854963208536064 83
302856078914375680 9
302856687092629505 13
302856741610201088 60
302857756635975680 60
302858033468416000 115
302861976089026563 13
302862299042041856 13
302862584254705664 86
302862588478373890 86
302862647173447680 1
302862722696101888 1
302865952276623361 15
302867005067894785 1
302868431114469376 86
302868577915129856 86
302868649251848193 86
302868787638706176 86
302868900872343552 28
302869395812782080 1
302877142688083969 1
302877490815332352 3
302877511778455552 83
302880665928609792 13
302881580253327362 38
302882087789277184 13
302882108752416769 13
302884390445383680 115
302887792030142464 3
302889251664719872 13
302895840924688386 83
302896897859919872 13
302898986652680192 13
302903482929778688 3
302904644743598080 13
302905051595300864 83
302905617809547264 3
302905802367311872 3
302906037260918784 13
302907094238130176 13
302910948782530561 85
302911707955736576 87
302914505560694784 14
302917043097858048 85
302919190606643200 13
302920469873573889 13
302922621522149376 83
302924257309097985 83
302924345389486080 13
302924668371873792 28
302928661345095680 13
302930091606958080 13
302930125132009472 13
302931001745756161 13
302931362485248000 13
302931500867940352 13
302931693814312961 13
302932142600617984 13
302932322964082688 13
302939847532896256 83
302939931423150080 13
302940514418819073 13
302945220461486082 83
302950794674704386 13
302952510136651776 13
302953214779744256 13
302953600672481281 5
302957803377659905 16
302958096962162689 13
302958721900900352 6
302960949072121856 13
302962148655652865 83
302969463509241856 13
302970092667420673 13
302977969557762049 30
302979471122763776 85
302981178212888578 15
302983204053344257 14
302983304716640256 13
302987570353164288 14
302991047426990080 103
302997573768192000 28
303000832713048064 87
303005257724723200 13
303006792823230465 103
303007262593671169 13
303008567026397184 38
303010076959068160 103
303021137363861505 83
303028259292069888 13
303045292339634177 83
303050698822668289 13
303056377876721664 101
303062891639226368 13
303066158989455360 15
303066356125929472 13
303066934948294656 13
303067035619975168 13
303067295650050048 85
303072068772175873 13
303072614056865792 13
303072882492325888 14
303076359557767168 13
303077731078402048 25
303079463359479808 83
303089298993983488 61
303098086065049600 85
303100619424681984 85
303103375078203392 15
303108081083117568 85
303112904541093888 14
303115400139395072 13
303117602161569792 13
303117627327381504 13
303127882379718656 101
303128184356995072 14
303129199399542784 15
303129295864352770 115
303130868728344577 51
303138816947003393 83
303138967929380864 101
303141643891113986 102
303142835098628099 85
303147314598531072 5
303152452612538369 60
303155350893363200 83
303159574544912385 116
303159914291929088 13
303163143889223680 85
303164070834626560 84
303164544816119808 51
303169468916449281 87
303169930294095872 10
303172614652846080 13
303173059232268288 83
303177379361198080 85
303181804339343360 38
303183775691583488 115
303186082562973696 13
303186476819177474 32
303188070658871296 85
303188607500423168 13
303189001781780480 83
303189907743072256 13
303189928722972672 87
303190289441517568 87
303199277822390272 85
303201203033108480 83
303206424924794880 13
303209075716521984 101
303212271801335808 85
303212313727602688 85
303213408432570370 85
303215144899600384 13
303215979566100480 85
303218848465829889 2
303220798800424960 85
303224556905193472 115
303226683421499393 115
303240239403651073 51
303240566555164672 7
303251140382973952 14
303252302221963264 87
303253589890039811 116
303254088982872064 61
303255015928262656 84
303255607329300480 83
303261919756820480 10
303262699893170177 5
303263320675344384 11
303265052901904384 42
303270002189008897 7
303271575027863552 15
303271814136729600 87
303282945802776576 10
303283717567295488 87
303285206528450560 51
303288150938222592 84
303288801059557377 51
303290206130429952 8
303290231317225472 5
303294287196585984 5
303294727623671808 87
303299211322093568 25
303299475538063360 11
303302000525856768 25
303302449333161984 13
303309122441465858 84
303314642145513472 8
303317011960848384 14
303323555045728256 13
303331507450294272 28
303333906604752899 12
303339665396736001 13
303343914201534464 15
303348297236627456 13
303348553118523392 115
303349165474332675 61
303349522002747392 61
303349601690341376 61
303351463969697792 12
303353800180252674 61
303353913409695744 61
303353938579685376 61
303358061614080001 61
303359269565263874 61
303362645988356098 85
303362759230373889 61
303363132506648577 61
303363610661502976 17
303364378202370049 13
303366169170149376 61
303366349558804481 61
303366840283979777 61
303384196318126081 83
303385764954271744 13
303388747116974080 61
303390777151741952 13
303395713864318977 87
303398930903859200 61
303418853831110656 83
303420766421127168 83
303421357830578176 88
303421458510667776 61
303423585031188480 61
303424121864331266 87
303426193867284480 83
303426214855593984 2
303429050209271808 7
303437749170630658 83
303439175254949888 87
303444703326633985 85
303445118550159360 7
303449426133921792 101
303450885751713792 13
303454123750223872 13
303465465123061760 31
303467713290973184 4
303469965632225280 51
303481734857621504 61
303486503777075200 13
303487103562563585 5
303487929840455680 61
303488596734799872 61
303491767624429568 61
303493101413072899 61
303494074483220480 122
303494183522541568 2
303496595259928577 14
303497920672567297 15
303506175071236096 87
303507026502381568 5
303508381258362880 25
303509513716256768 51
303517986210316289 61
303518061716185088 30
303518841856729088 122
303519315821486081 85
303521152930807808 61
303521844990967808 13
303521849176895488 2
303522608320770048 85
303529029795971074 13
303529789002756096 13
303530363584643072 13
303530921464840192 13
303530925646573568 13
303535593915310080 85
303536386634563584 83
303538425041154048 61
303538626401300480 8
303540761285251072 61
