303540765458575361 22
303540773872349185 22
303545089823760384 8
303545094001287168 4
303546247447461888 85
303550978601406464 86
303551423214395393 8
303554631831793665 146
303557135848062977 87
303558201192894467 10
303559056839303172 84
303562064172040194 8
303563548951461888 8
303563947380965378 8
303564308124688386 87
303564551373332480 87
303565121794494465 8
303565176307859456 8
303565469909123072 8
303565608358907904 8
303566258467647489 33
303566266856243200 85
303567453814943744 90
303569077044117504 87
303574068253302784 8
303574714163544064 85
303574865158492161 81
303576865833103360 11
303576920384208896 8
303582742061404160 87
303583010509443072 8
303583778054492161 87
303584767926992896 16
303588735713419264 45
303590795150241794 146
303593240395911170 16
303593404007337984 81
303596939776258048 11
303597501833965568 7
303599271826059264 22
303600664313999360 90
303602857955950592 87
303603705188581376 22
303605911421865984 22
303607299723898880 22
303607371031257088 87
303607421341937664 22
303607488454995968 22
303608193093869569 22
303609417864204288 22
303610592256729088 1
303610852278423552 22
303611384971816960 22
303614941741584384 10
303616678170857472 45
303617504478117890 45
303618133606932481 22
303622000742633472 88
303623728808480768 22
303624458613174272 17
303625008087986176 90
303625150660751360 45
303626144731770880 4
303627537223933952 17
303630708113547264 4
303632541041188864 45
303633497329909760 84
303634466218311680 84
303638564044931072 22
303639721710608385 146
303639935603326976 45
303640279515287553 2
303640799621545984 87
303641210684321793 8
303646155764551680 22
303646713581826049 29
303647598609326081 33
303648890438180865 22
303652510114123776 8
303654095556849666 16
303659313283612672 84
303660177318617089 90
303662433849970689 19
303666384884338689 8
303668716921577473 81
303671950729953280 8
303672693125967872 22
303677189415645184 113
303678472876875777 88
303681572467515393 8
303681849287397379 81
303683745091817472 88
303685762560446464 81
303689667465850882 16
303691995300384769 88
303692402143682560 8
303693522018643968 90
303693568181149696 8
303699373068533761 8
303701298254069762 87
303703147937947649 90
303704888611856385 88
303711150699323393 36
303712455136276481 81
303712912294428673 88
303715416310693888 101
303717727347023872 15
303718725616558080 22
303723968463003648 36
303724589257740288 22
303724660539916289 22
303725654606749697 101
303726459917307904 8
303726719934816256 36
303732109644808192 0
303733841888178176 81
303736593326436352 81
303740640825593857 8
303741475517243392 112
303744268915331072 8
303744591855767552 90
303746668069797888 36
303747280438165505 87
303747360129957889 36
303748769403502592 87
303748882666487808 87
303749339820466176 22
303750082220658688 33
303750275141865472 36
303750342250733569 81
303751160140017664 8
303752271643176960 36
303752271647342593 36
303752913380048896 90
303753433452793856 36
303762652549746688 2
303772370731163648 87
303777416483049472 88
303779639459983360 113
303781187187535872 36
303781694694117376 85
303787709317648384 36
303788564959875072 33
303793908503179266 36
303794151764393986 7
303794315359039489 112
303798404805439489 36
303802880119435264 36
303803303731535872 8
303804209717977088 146
303807409976127489 8
303807854555570177 146
303809339347578880 87
303809582617219072 13
303810647982997504 36
303810899624488960 146
303811021250908162 36
303811507811131392 87
303811633631883264 36
303813307146567680 112
303813978226835457 36
303814716462071808 84
303814729019842560 8
303814951305347072 36
303815014257684482 36
303817660863504384 84
303818440974667776 3
303821188256395264 113
303821452510109697 88
303825537766404096 86
303826083004948480 33
303828490539642880 22
303828696047968257 36
303829597840089088 11
303830524789669888 36
303831007117836288 36
303833162977538048 22
303838640746942464 8
303840846950838273 2
303843132842328064 22
303843418054983680 36
303843573244252161 8
303844647015419904 22
303844764451749889 3
303844898648494080 36
303846177902833664 2
303846366646530049 84
303846471516700673 36
303847524278603776 36
303847817888268288 16
303852175757553664 36
303853102728085504 22
303854537180069888 17
303854876914487296 88
303857053766660096 84
303857418633355265 19
303859469664804864 16
303860677628542977 16
303862166623252480 33
303862833479827456 36
303863353577701376 36
303863403917758465 36
303864112771891200 19
303865450725519360 86
303865547211292672 19
303865832415576066 8
303865844990107648 146
303865844998471680 11
303867266871721984 36
303867577250217984 36
303868357386596352 17
303869020111781890 10
303869909291651073 146
303870416815009793 87
303870425191026688 87
303871658316406784 2
303872098726735872 6
303872337802047488 36
303872513946030081 113
303872824328740864 16
303872895636103169 112
303873038221467649 36
303873067619340288 87
303873411522887680 88
303874174886244352 9
303874288153399296 146
303874871136505856 146
303874921472348160 2
303875219272122369 36
303875491914448897 146
303876364338081794 36
303876607590936576 81
303876842467770368 146
303879631667347456 36
303880235668086785 36
303880273425219584 84
303881074537287680 10
303882156642545664 146
303882412520267777 36
303883343647363073 146
303883662410256384 146
303883809210900480 8
303884190905147393 146
303885189120147457 36
303889333117657088 36
303890163564699648 36
303890394259812352 36
303890754995122177 146
303890788553719808 146
303890826281496576 87
303891019219488769 36
303891765793013760 90
303893149938483200 112
303893154120220672 33
303894018167816194 9
303895620387758080 9
303895830098763776 36
303895897211809792 9
303896698294501376 36
303897889481056256 33
303898183111696386 8
303898661258133504 101
303900389294624768 146
303900619998126080 146
303901018457001986 33
303902276739821569 81
303903874773827584 36
303903979602067456 36
303906366194597888 2
303907108557053952 8
303909599990386688 90
303911143511035906 2
303911852331646976 22
303911923639017472 8
303912020112207872 146
303912628290482176 3
303915618795655168 36
303916482822279168 13
303916503802212354 33
303917904720715777 88
303919368516018176 146
303921176273641472 146
303922791084867584 146
303924774982258688 81
303924875658158080 8
303927115391328256 81
303928218522636288 33
303928499541004288 87
303929309037465601 36
303930038821220352 45
303930043044864000 36
303930890277515264 36
303930928013668352 90
303931024491032576 146
303932140180082689 36
303932580561031168 36
303933759168860161 36
303934778401505282 146
303937257222594560 87
303937404040011776 50
303937525645463552 36
303937655668879361 36
303939773825970176 38
303941757723353089 87
303941900333887488 87
303942034560000002 87
303942156186431488 16
303942290399956992 87
303943481578098688 87
303945964593496064 87
303946455356420097 36
303946883154460672 2
303947151577333762 90
303947503919828995 113
303947680088985603 36
303950226018938881 36
303951324909805568 45
303951584986034176 87
303951928897978368 36
303952407061217280 33
303952851644841984 15
303953405284581376 9
303953724060098560 146
303953841517383680 87
303954105737564161 36
303954432914243585 8
303955296945049601 3
303955573752352768 45
303955867370393600 36
303956928525135873 36
303959692542087170 36
303961374487375872 33
303963391918211072 87
303963639419912194 36
303964939616391170 90
303965254189187073 0
303965501653123073 2
303965950447861760 8
303966009197469696 36
303966457979600896 87
303966567044091907 30
303968899051974656 87
303970509664706560 36
303971138835447808 112
303974490080149505 87
303976658514354177 36
303980148179496961 2
303981251298217987 16
303983210038194178 146
303985353306566656 22
303987949601685505 36
303990449398497280 36
303990533259399169 2
303990822666375168 155
303992131322802176 87
303992693363712000 45
303992957583888386 33
303995641942667264 33
303997634228654080 17
303999353905876993 87
303999534256758785 87
303999689454411776 88
304003707572453377 36
304004848452513793 87
304007125934411776 36
304007201457070080 7
304007335645442049 36
304007541166338049 33
304008405197127680 36
304012255576604672 36
304014256268005377 36
304014797320622080 87
304016491823628288 90
304016491832037376 36
304016630252462080 16
304017330684432384 146
304017431368708098 36
304020627419955200 36
304022535811514368 13
304023492112826368 87
304024578424975362 33
304024968512040960 146
304025564098990080 9
304029460624195585 7
304029766791622656 19
304030429487439872 146
304032648270053377 7
304032799281790976 88
304033365517025280 11
304033927536988161 36
304034770587906048 2
304038776164999169 33
304039120089513985 101
304040470667984897 36
304041456321040384 13
304042345496715264 2
304042806895337472 16
304043255677452289 2
304043633164832768 33
304044186804576257 2
304044631421751296 2
304044912414965760 90
304045587718881280 13
304045801607409664 90
304046992798150657 3
304049073193881600 84
304051363262914560 17
304053825323540480 9
304053900804247552 9
304054781608083458 146
304055394010005504 13
304058585854398464 33
304063195398684673 36
304065883934953472 13
304067410665799681 146
304068618621165569 36
304069000311230464 36
304070459954192384 36
304074306130944001 87
304076357145600000 33
304078248747360256 84
304079448339275778 146
304080102650679297 36
304081121858187264 50
304085542637813760 2
304085848842989568 36
304086977089765376 17
304088713561001985 29
304090059915808768 33
304090282197123072 36
304090559050575872 13
304092341629771776 36
304098188464369664 13
304100713464750081 85
304102013669621760 87
304102156280156160 13
304102156288532481 13
304102479241543680 13
304102898676142080 13
304102949020385280 13
304102990942441473 13
304103414571364353 8
304104488334143488 13
304104605783035905 113
304105306202468352 13
304105394307989504 155
304107910873628672 13
304108183490809857 13
304108275765493760 13
304108821054357504 6
304112923058532353 13
304114336543166464 13
304117704586059776 13
304119998878715904 8
304121181655670786 13
304121341022449664 90
304123081662808064 13
304124562268893184 13
304124600021835776 87
304124667122302976 13
304125317222645761 13
304126370005532673 36
304127477301784578 84
304128966300680194 13
304131281522925568 13
304139095544840192 3
304140647433138176 3
304142727795310592 3
304142740357279745 3
304143252083331072 13
304143612785082369 3
304144950759677952 146
304145261167513600 13
304146074845736960 2
304146427179851776 36
304146838221643777 3
304147911959269376 13
304150055261196288 13
304150864724127744 36
304151070245011457 13
304153452634849280 2
304154308281237504 146
304154622845661184 87
304154815771078656 33
304156938097274880 3
304156967469985792 3
304157282009231360 13
304157525291433984 13
304158997496356864 3
304159714726518784 113
304159786029703168 3
304160062870548481 13
304160645853614081 13
304160872367022080 3
304162466177380352 3
304162571043368961 88
304163107901673472 84
304164454290038784 3
304164731126693888 13
304165649645723648 3
304166383669878784 3
304166643716726785 33
304166677262766080 3
304167130264379393 88
304167503561650176 13
304167847494569984 3
304168300450025472 13
304168438857875456 3
304169558749609985 13
304169793651625984 13
304170439553466368 13
304170632483074049 3
304170963858235392 3
304172771573895168 13
304173144883728384 88
304173585277280256 13
304174004716044288 2
304175229465423872 3
304175632110219265 3
304176470979379201 13
304176789746511872 3
304176819094032385 81
304178597474729984 13
304180359090798592 36
304180824650174464 87
304181730636607488 13
304182007439708160 3
304183269950373888 3
304183328645459968 3
304183538364846080 3
304183760675549184 146
304184343696396288 2
304185622933958656 13
304187426493063168 84
304187682333016064 13
304187799773515778 13
304189448155955200 113
304190840639733760 33
304191813718249472 13
304191817933524992 13
304192468038074368 4
304193269145939968 146
304194200298192897 13
304194334511747072 13
304194766525059073 36
304194787496570881 13
304195961880719360 3
304197316670271488 2
304199149551767552 13
304200357549051904 45
304200902775029760 3
304200919585808384 33
304201502573076482 113
304202463072882688 87
304203436163989504 17
304203478094450689 13
304205701075591168 3
304206611243737088 113
304206661583794176 3
304207307498205185 29
304208049894195202 33
304208532243369984 28
304217365451771905 3
304217755496886272 50
304218871185956865 88
304220825744207872 36
304222415372840960 16
304225053585846273 13
304225888273301505 81
304226077021184000 36
304226513216208896 3
304229885440843776 90
304235832972296192 33
304236030091993089 36
304236101374181377 13
304236822815449088 3
304239838520045569 87
304240018862530562 84
304241440735776769 84
304241679819481089 3
304243856646496256 13
304244288651403265 2
304248986292867074 13
304251037290729473 33
304251037324304384 33
304252173972295680 36
304252853428559873 36
304254459855396865 13
304254669553803264 30
304254908629135362 87
304257475572539392 2
304258138247401472 9
304258465432485889 81
304259576918859776 3
304260810023243776 7
304262605189558273 81
304262802317651969 3
304266468160323585 13
304267344765665280 90
304273506173087744 2
304275968237912064 84
304276496749572098 146
304278652592476160 9
304286617584144386 36
304290669302804480 9
304293219414450177 13
304293861130391552 36
304294087652155392 16
304295039734013952 38
304296662929657856 81
304297195610451968 81
304297594094493696 9
304300391691059200 3
304306200781156352 16
304310290256891904 84
304310457991311360 13
304310483178106880 3
304311967957524481 3
304312387387944960 88
304312995549413377 13
304314669110280192 101
304317663834959875 172
304318821467049985 36
304320536908017665 90
304320671134134272 101
304320943780659200 33
304321052824190977 50
304322407601164288 2
304323674264178689 84
304323732967661570 88
304324815110696962 22
304327566582493186 84
304330871694032896 13
304331316302848000 87
304332687802527744 10
304334579441995776 87
304334965322170368 3
304335435071623168 8
304337452569616384 10
304338681471320064 10
304341529403744256 10
304341567165038594 10
304344641585700864 2
304345262342676482 113
304348030570729473 10
304349108532043779 10
304350501045149697 2
304350832382586880 2
304351046308859904 1
304351172129595392 88
304352489149456384 10
304353873248804864 2
304355492254343168 10
304356800889774081 101
304357287399657472 10
304358801551798272 88
304358973526646785 0
304359871086723072 2
304359908852248577 10
304360764490260480 2
304360814809346048 27
304362786128027648 2
304362861663240192 88
304363817947774978 8
304364447072403458 10
304365223031214080 10
304366141583785984 3
304368423289384961 90
304368570077413376 88
304369778041176064 88
304370419769675776 90
304371036353347585 2
304371464159776768 10
304371724227588096 22
304373443854475266 45
304373443879636993 45
304373926207832064 10
304374383399538689 3
304377864650899457 13
304378858717712384 12
304379286524137472 101
304381962494300160 16
304383053009125376 87
304384810456055808 10
304389709365407744 3
304389910700388352 9
304390900547743744 9
304391387112153089 90
304392746062462977 36
304392934810349570 2
304393937253175296 84
304395296190898176 84
304395589808971776 2
304396906795249664 2
304397288481103872 9
304397452071550976 27
304397716300111872 2
304401189183832064 2
304401768010358784 2
304402619470864384 16
304404028731846657 10
304404859208220673 4
304407027646611456 16
304408164336553984 3
304409649095008257 86
304410399879610368 86
304410542473367553 45
304412417335640064 81
304412845150437377 2
304413319106809856 146
304414220886343680 90
304414271230590976 13
304417622458511362 146
304417819611762688 84
304417945457680384 16
304418276807680001 27
304420801761914880 13
304422659838599168 113
304422735344443392 113
304422743733043200 13
304423268016852992 17
304425952367222785 2
304427982393593856 33
304430704513654784 13
304431346258952193 88
304432394805575680 85
304432860381724673 10
304432868761939968 10
304432877179895809 9
304435330839371776 112
304444315034320898 13
304446865158578176 16
304446898717196288 2
304450707141046272 33
304451957056217088 45
304456755344179202 101
304458328203993088 2
304458395287683072 27
304458621796888576 33
304460500828295168 87
304462136623632384 87
304462371487903744 38
304466578387398656 84
304467736032055296 112
304470781075800064 87
304473113121419264 2
304476275630825472 33
304476422444027904 84
304482143441129472 3
304484064453357568 87
304487491195514880 33
304500720034537472 16
304503416980385792 81
304506181030912000 3
304510228534280192 87
304510232720207872 85
304511239336361985 13
304513227423899648 12
304513764303183872 81
304514653495623680 3
304516830368780288 146
304516922643472384 146
304516960358653952 146
304516981330169856 146
304516998119960576 146
304517186851069952 146
304520131265048576 146
304520471016255488 146
304524757586542592 101
304524883398885376 146
304527366443655169 33
304529736229593088 16
304532173116026880 3
304540154872332288 10
304542239449837569 87
304542688252928001 8
304544265294462976 27
304544504348819456 146
304544579879845888 90
304545339036274688 146
304546375041961984 12
304546601538560000 36
304548677714837504 112
304549994722123777 146
304552490320412673 45
304554193195253763 146
304554230973333504 2
304554772042760192 2
304556206473760770 32
304559008277229569 7
304559725511573504 2
304565253608464384 3
304565975003570176 146
304566293795848193 2
304567958934523904 146
304570592953253888 84
304571737989849089 14
304573528961871872 81
304581376500449281 13
304582517342732288 19
304582748042055680 146
304583586911223809 27
304584627094441984 7
304585549816164353 87
304585721778413568 81
304585755362213888 87
304585851806023680 81
304590884966649856 146
304595045716226048 63
304596144628068352 84
304596517942079488 8
304596656341516288 13
304598237585747969 146
304598891888775168 2
304599474922213376 87
304599604933033984 27
304600024371830786 27
304602268324491264 81
304602410909851649 88
304603287544557568 13
304605154001428480 27
304606445830299649 87
304607100150108160 84
304610396898197506 90
304614675071508480 19
304616713503260673 45
304619045536268289 81
304619343315075072 3
304620417069494272 81
304622124138639360 33
304624103850139648 45
304624749798105088 16
304628147175964672 19
304628495294803969 29
304628876968095744 81
304630659564072960 88
304636330267275264 36
304640038015213568 3
304643242463490048 81
304644811141566465 81
304646698578370561 29
304647872970907648 90
304647935906414594 90
304647982043758592 33
304648900600545281 33
304650498638741504 19
304652629332619265 81
304652730012667904 101
304653782745247744 87
304653875019931649 16
304654755840524288 84
304656009950023681 13
304659944207159296 87
304661097640775680 84
304663253483667456 112
304666810282811392 17
304667586237444096 81
304667703648595968 81
304667921760808961 81
304667959517933568 81
304669976952979456 22
304670039901085696 81
304673143677661185 101
304674221609598977 9
304674800423534592 90
304678457869209600 81
304678856315502592 7
304680668263219200 27
304681192551239680 22
304684317282553856 19
304687974749204481 90
304691200152178689 32
304691527295307776 81
304694077440552963 27
304697017647640576 84
304697625830125568 90
304698439533469698 81
304699534251028480 88
304699903341383680 81
304700389880655872 101
304700528275898370 81
304705808908812288 87
304707738271899650 17
304707809591840768 81
304708002550788096 90
304710108078829568 17
304710309388632064 33
304711093719293952 81
304712003879051264 2
304712142320439296 85
304712939213049856 16
304713509663567872 90
304715158025015297 146
304716953166159873 8
304717301310189570 87
304719096447127553 17
304719503323967488 27
304719826276974592 85
304719838868287489 85
304719838876692480 85
304720270873206784 112
304720337990475777 17
304721906660159490 85
304721961160937472 85
304722208641667072 85
304723164930387970 87
304723685036666880 85
304723869573472256 88
304723919917686784 17
304724670714875904 45
304727107592912896 13
304728340705730561 113
304730345608196096 19
304730458854400000 81
304730626626555907 84
304730781815828480 36
304731037647372288 9
304733856219660288 113
304734036587339777 81
304734099510292480 36
304735307465629696 17
304735357772124161 17
304737345880616960 17
304738046325186560 13
304739120079577089 17
304739799569403906 81
304740500001390592 17
304740722312085505 84
304742114791661568 88
304742412587249664 81
304742420975857664 81
304742953681842176 113
304744195174850560 81
304744790791176193 85
304749085720735744 8
304749266105159680 113
304749857497829376 88
304752436982198273 12
304752567001436160 88
304752638321389569 7
304754005668679682 81
304756488692449280 2
304757025559175168 84
304757281420091393 101
304757814088310784 84
304760179675779073 81
304760234184962048 87
304761345696489472 10
304766378873851904 85
304766777320161281 84
304767016408068096 84
304768190783840256 113
304769931415781376 16
304770292121739264 85
304771328131604481 85
304772527710957568 87
304772653548466177 81
304772921954562050 63
304773513351405568 113
304773911839637504 17
304781318946975745 90
304782531117580289 2
304793604067557379 113
304794006750105600 81
304795910968315906 101
304798536577454080 0
304800705024241666 30
304801736835600384 84
304804249219510272 88
304804261789851649 8
304805801124560896 90
304806514135269377 85
304807931810029568 87
304809689223401472 90
304811534712979458 88
304811769631739905 8
304813095002439680 3
304813740954636288 85
304814005178998784 88
304814768533946368 9
304814961467727872 8
304818920907497472 88
304826109957128193 113
304828949500936192 90
304829897384288256 33
304839217157120000 146
304854257922887681 81
304858913579343872 2
304880723955941377 2
304881021751541760 88
304887040573583361 85
304887074128027648 32
304890777715232768 13
304892094726668288 2
304894158320041984 81
304899296367616001 36
304901464814415872 8
304901611598258177 16
304901901030395904 146
304902391734620160 81
304906128859492354 3
304907055796465664 84
304908708377399296 17
304910348320903168 88
304910553850183680 2
304920917979574273 8
304922142720528384 33
304922260152676352 146
304922520203718656 2
304924936131203072 7
304925431063261185 19
304926752260640769 45
304931995136442369 87
304934817924001793 81
304939947536809984 29
304940098519179264 81
304945555325452288 81
304945639228329984 36
304946855572283392 17
304949648961970177 81
304950441706401792 81
304951913894522880 101
304954766021238785 3
304954958946635777 17
304954996699566080 112
304955206435741697 113
304955801993375744 3
304958813537193984 81
304959186800881665 81
304960159875211264 28
304960516403638274 113
304961288180727810 113
304961338491408385 36
304961493672267777 101
304964048028590080 113
304965616668901376 113
304967873221246977 88
304969387352412160 101
304969961972064258 2
304971388031217664 63
304971870384570369 33
304972453392834560 0
304975255183716352 88
304976102449872897 2
304979428524556288 88
304979915080613889 8
304980791681761281 7
304980976239513602 45
304981026562789376 84
304981949284483072 19
304985204064407554 112
304985355059347456 112
304987146039726080 85
304988605661716480 8
304988983149088769 45
304989696201740288 113
304989838774513664 17
304990321132044288 45
304991227101724672 88
304992581874483200 36
304992762221166592 17
304993814978891778 113
304994393813819392 10
304995064898285568 33
304998571311247361 17
304999846400622592 16
305001889022500864 81
305002136469663744 86
305002916647931904 36
305006641185705984 19
305008205627543554 36
305010025976455168 87
305011095528153088 19
305011858874707969 113
305013519844249602 8
305014845219164160 27
305014878802935808 0
305015407268466688 7
305015927362162688 16
305017416348479488 17
305019110838910976 19
305022562738532352 17
305023980430061568 36
305025855262961664 9
305028531233103873 84
305029164581404673 16
305029282021908480 3
305031987348000768 113
305034675917828097 19
305035300839755777 16
305035367965413378 2
305035900629434368 113
305039973323788288 2
305040375943413760 84
305043517485506560 81
305044004016361472 27
305045660766437376 9
305046705156530176 16
305048038936825856 17
305048152212402176 17
305049301447503872 36
305050899464740865 12
305051834815492096 17
305055370596986880 2
305056675021332480 85
305057039917412355 90
305057232851197952 113
305057669071392768 33
305057966858592256 2
305058143023558657 84
305058486973235200 30
305059304849956866 17
305059632009846784 7
305060386976190464 81
305061393634304001 113
305062077297483776 90
305062198923915266 113
305064971354640385 19
305066351280660480 112
305066988835844096 7
305067219522551809 36
305069006270902272 17
305072760160391168 113
305073850687836162 88
305077520708030464 113
305077768159391745 19
305083120108048385 88
305086219681935360 101
305086353912258561 17
305089113768480768 87
305090078470975489 81
305091596792258563 87
305096051130499072 15
305099427549429760 113
305101482762567680 16
305103261176852480 16
305103428944818176 16
305106314630139905 45
305106394296762369 2
305107413500043264 84
305108931846500352 87
305108965426094080 101
305110722810089474 16
305113029681491968 12
305120151622283264 0
305123985211932673 2
305127185486839808 84
305134416437587968 88
305136006091390976 19
305137398591934466 10
305137654440271873 4
305144747020935168 84
305146043073445889 85
305151248208900096 113
305153785758629888 90
305157640328204288 101
305158152024891392 81
305160731517673473 3
305164229562994688 81
305166465143828480 33
305168906195181568 16
305169115927154688 30
305173301855154176 7
305173566092095488 9
305179240960245761 85
305186337747775488 15
305190896939446272 7
305191777768443905 16
305194097205989376 13
305196378915753984 87
305202179629785088 84
305202846507335681 2
305204247421677569 16
305205765751320576 22
305207875490443264 16
305224161951895552 45
305239756378361856 19
305249499780104192 12
305270823592288256 113
305271691808997377 17
305294437515407361 9
305298921230585857 8
305300238275604480 84
305303077802635264 2
305316906401935360 9
305317132902739968 36
305319271989403648 2
305321625006514176 45
305322933629362176 27
305325072741171202 27
305333205467291648 12
305333364884373505 10
305339002012196864 81
305343116636999680 27
305344915968241664 3
305345146675949568 84
305352042103312385 50
305354462220922882 8
305360967603191809 16
305363182162161664 90
305363953930862592 10
305365451280629760 9
305383159653101568 19
305384682168672256 10
305388746453417984 45
305389136544690176 85
305391133020803075 90
305391669900099586 11
305401065145257984 5
305402784793116672 146
305409009136066560 8
305409285964304384 30
305413069243289601 3
305420375704104960 85
305423622078607360 88
305428017746944001 84
305429745770831872 45
305437094195630082 45
305440583877525505 11
305444417437827072 9
305444522333200385 84
305453586186379264 8
305453745569943553 90
305455821758791680 17
305457050689880068 88
305460318052691968 7
305461123354865664 8
305464839520780289 2
305470107558236162 45
305472036942258176 8
305472221504233472 17
305474113147924480 113
305481528643829760 81
305487291651063808 87
305487807550455808 45
305487845265657856 45
305489879498883073 27
305497756431171586 7
305497844515749888 113
305502235918471169 85
305506216329764864 84
305506535101059072 45
305513208242917376 11
305529385686020096 45
305536352416567297 2
305548192940974081 84
305555700728356866 45
305558498345889792 113
305559005844078592 2
305568979911581696 38
305569659372072961 87
305576043090157568 146
305580577149571072 9
305581395034636288 8
305590547005972480 30
305594787451527168 10
305595567587860481 10
305598335824314368 27
305601603208105984 2
305606120448356352 22
305607315820777472 10
305608414724251649 1
305610251846156288 17
305612047025057792 16
305641109336502272 84
305641247752728576 84
305644540281368576 30
305649707684864000 45
305653474165669889 90
305654501740777472 45
305663410450878464 10
305666505834651648 8
305681492103798785 19
305681508872626176 19
305685136945577984 36
305685136958169091 36
305685367619723264 36
305688819565473793 112
305690535002251264 16
305691122213203968 16
305692816707829760 16
305697841488224256 8
305699502440972288 10
305700286759071744 2
305701251453181952 16
305701654127325184 3
305704774676905984 8
305705198289047556 112
305705756131463168 81
305705877770477569 9
305706729214185473 16
305708708942475265 45
305715386270232576 84
305718192242843650 81
305718334849163264 84
305721119904763906 112
305722080400400384 81
305725792325885952 5
305725851054514176 81
305726165627310080 29
305728824841211904 19
305732100563283968 88
305732809400659970 16
305735657358241792 81
305735799952007169 19
305742569575432192 85
305745417478492160 0
305746671592153090 87
305748982649458688 81
305749645357875200 7
305750513566240769 0
305754477170929665 81
305762068886347776 88
305770772071325697 88
305774219759853568 84
305777046750109697 7
305778124656873474 2
305778355377143808 84
305784034435420161 16
305784927843147776 38
305787696087961600 90
305788820148862976 112
305790502043803649 7
305790569169448961 90
305798181822808064 90
305808222986584065 16
305808285922115585 85
305808621441277952 10
305811263882158080 17
305812916429529088 16
305813449101959169 38
305814032097632256 84
305814468301037568 45
305815202312646656 7
305815449801732096 7
305815479128305664 113
305816825516683264 7
305816888418648065 85
305816934555983872 90
305819711202017280 7
305819967029395456 19
305821762220859392 7
305822009680601088 7
305823586747297792 9
305826275283578880 84
305828091425599488 27
305831425867907072 45
305831530763276288 7
305832738722807808 113
305833262977282048 88
305833883759419392 84
305834282214100992 0
305834705834610689 7
305835909583077376 84
305840854667493376 36
305841534174101504 7
305842784059928576 7
305843169927503872 101
305844159808421888 7
305844306596466689 7
305844914770542594 3
305845950772023296 0
305846596694843392 10
305848052088987648 90
305848165372928001 7
305850090520735744 36
305850233143836672 86
305850233143840770 86
305850233148018691 86
305850233164800001 86
305850593853972480 4
305851613086633984 4
305852695187701760 7
305852711969116160 7
305853110448955392 7
305854276465463297 85
305855501198032896 29
305855622820290560 33
305855627039752192 84
305857686409474050 7
305863650713927680 7
305863873028820993 16
305864149827719168 45
305865886303125505 7
305866553180696576 8
305866922300436481 84
305869338211151873 17
305870441308893185 7
305871074657202176 7
305871477301968897 7
305871808664567809 90
305871846383960064 7
305872253227249665 7
305876611134259200 90
305878469219323904 90
305878519550984192 7
305880356639367170 7
305883208749314048 7
305883259080953857 7
305883288457867264 7
305883292660543489 7
305883317805383682 7
305883422654615553 7
305883498181443584 7
305883615600975874 7
305884412539703296 85
305884508991942656 7
305893178609893377 7
305895464501387264 7
305896181735755777 7
305896202732445697 2
305896349512105984 7
305896353702240256 7
305896391480336385 7
305896647311900672 7
305897024816041985 84
305897284858679297 7
305897628779048960 14
305897859486736384 7
305898354393624577 7
305898421498290177 7
305898471855112192 7
305898551517515776 7
305898694136455169 7
305898752835739648 7
305898790622208000 7
305898803200929794 7
305898903834869760 7
305898929034235905 7
305898987737718785 7
305899054838202371 7
305899193237655553 7
305899327467966464 29
305899973382385665 7
305901101654368257 2
305901416227155968 7
305903186244423681 7
305903391740141569 7
305903777624518657 7
305903890883297280 7
305903890895888384 7
305903911863197696 7
305903936995483648 7
305903949616144385 7
305904004125294592 7
305904012530696193 7
305904016708235264 7
305904029270151169 7
305904041865654273 7
305904046055780352 7
305904050258452480 7
305904054444376064 7
305904054469545985 7
305904092209901569 7
305904134148734977 7
305904134161313792 7
305904150904987648 7
305904150921744384 7
305904155120254978 7
305904163487895552 7
305904163517263873 7
305904176075010048 7
305904180277698561 7
305904188662091777 7
305904192864792576 7
305904209633624064 7
305904213832105984 7
305904247411720192 7
305904268358082561 7
305904280940969984 7
305904289342189568 7
305904293511299072 7
305904301908303872 7
305904306115198977 7
305904310309511168 7
305904327082516483 7
305904335458549760 7
305904356446838784 7
305904360620175360 7
305904369038155776 7
305904373224058880 7
305904373228257280 7
305904394208178177 7
305904398406676480 7
305904419348828160 7
305904419365588992 7
305904423559888896 7
305904427750002689 7
305904448729935872 7
305904503247486977 7
305904520007921664 7
305904520028905472 7
305904549363863552 7
305904557773438976 7
305904557777629185 7
305904578732359681 7
305904578753335297 7
305904582922485760 7
305904637482000384 7
305904645849624577 7
305904708785143809 7
305904721347096576 7
305904729744084992 7
305904759079047168 7
305904767476051969 7
305904801051459584 7
305904830386413568 7
305904855560638466 7
305904880739028993 7
305904884924952576 7
305904998166962176 7
305905014952558592 7
305905035936690176 7
305905094631751681 7
305905103016189952 7
305905161740623872 7
305905165960085504 7
305905174336139265 7
305905245635092480 7
305905472144285696 7
305905530856173568 7
305905535033675776 7
305905568592318464 7
305905589588987904 7
305905694408859648 7
305905702801649664 7
305905803460751360 7
305905807680233473 7
305905807684415488 7
305905837019385856 7
305905891545321473 7
305905904149209088 7
305905958658379776 7
305905962869469184 7
305906025796616192 7
305906084495912961 7
305906118033539073 7
305906218701037568 7
305906302620676096 7
305906407474094080 7
305906621383593984 7
305907074334855168 7
305907464434491392 7
305907472802144256 7
305907833541632000 7
305907846120357889 7
305907921592664064 7
305907942555807744 7
305908034830483456 7
305908080984596481 7
305908366214057986 7
305908403929235456 7
305908781433360384 7
305908844331155456 7
305909267960041472 7
305909297332764672 7
305909439951687681 7
305909632885473280 7
305909968404631553 7
305910236877828096 7
305910383670075392 7
305910387851788290 7
305910769529278465 7
305910958289743872 7
305911025398599680 7
305911130231042048 7
305911323169001473 8
305911335756124160 7
305911365124636673 7
305911721653063681 7
305912002650456064 7
305912271111069696 7
305912996725682176 7
305913307099971585 7
305913340641832960 7
305913365803450368 7
305914762506686466 7
305915626520707072 113
305915911766941697 7
305916792574971904 7
305916805128544257 7
305917706912280577 7
305917878878760960 7
305918352822509568 7
305918558364377089 7
305918814229516288 7
305919195877625858 7
305919959245144065 7
305921704088186880 7
305922052223803392 7
305922488410439681 7
305923981574295552 7
305924635889897473 7
305925327975223296 7
305925512516206592 7
305926183621623808 7
305926221357801472 7
305926615634939904 7
305927060222799873 0
305927232189251584 7
305927580308086784 7
305928087810486272 45
305928117158031361 7
305928679207346176 7
305928922493767681 0
305929631335333888 7
305929635521236992 7
305930981876047872 7
305931640385961985 7
305931652985679873 7
305933016138670080 7
305933406204751872 7
305933666234802176 7
305934358290788352 2
305934685450665984 7
305934853231226881 7
305937889890545664 8
305938695196909568 7
305940041585287169 7
305941165658742784 7
305941610233999363 7
305942029672779776 7
305942029676990464 7
305942029681176576 7
305943166358548480 7
305943321518407680 7
305944751784476672 7
305946123309289472 7
305948853834772481 7
305948950286962688 7
305953639510470656 7
305954503532888064 7
305954541277429760 7
305957397606825984 7
305958311956725760 84
305958991442370560 7
305959289237942273 7
305959998066929664 84
305961566745010178 7
305962514670297089 0
305963282215346176 7
305964527911051264 7
305964880232595456 7
305965073187348480 7
305965194813771776 7
305966172099194880 7
305972790715117568 7
305973151400083456 2
305975160501071872 7
305975470862766081 7
305976968254459904 7
305979082145951744 7
305979124118323200 146
305979782603104256 7
305979925238796288 7
305980491436277761 7
305981108007362561 101
305981976236675072 7
305983834304946177 7
305983918216212480 7
305984312443015168 7
305985151320612864 16
305988519363477504 7
305990511645302784 7
305992768180867073 7
305992956916166656 7
305993204367519744 81
305993552519888896 81
305994148090114049 7
305996517888638977 7
306006210908389376 2
306006663914213376 7
306007595062280192 7
306009771897655296 7
306010921141166081 7
306011227321143297 7
306012015837720576 7
306012145869545472 84
306013899076034560 7
306014771482882048 84
306015228674572289 7
306015652282507264 84
306017585881812992 7
306018370220859392 113
306018953216548864 86
306020224094834688 7
306020404437344256 0
306020995842576384 7
306021146820751361 7
306023520813596672 86
306024355496869888 30
306025227878543360 7
306025462780555264 7
306027098546524160 7
306028591727120385 7
306030659502215168 0
306035512349712384 7
306039723426721792 7
306043015946973184 7
306043221463683073 7
306044387476004864 45
306045398286475265 15
306045616428048384 8
306045889020047363 7
306046132302274560 7
306046560138055680 7
306047474500513792 15
306048380470165504 12
306048435000336384 15
306048585965924352 4
306050288865918977 7
306050657943691264 7
306051165467070464 19
306052788658520064 7
306054214713483264 3
306054269252030464 30
306054655128006657 9
306056341225611264 8
306057175925669888 7
306059348541595648 7
306059596026507264 87
306059621209100288 7
306059793146208258 7
306059801555787776 7
306059814147072001 7
306060191617658880 7
306060237742419969 2
306062104211898369 12
306062313948078081 112
306062519435411456 7
306063584813793280 7
306064910218051585 7
306065308668542977 81
306066466300645378 8
306067598754324481 14
306068177576673280 7
306068966089035776 7
306069431681970177 0
306072745148563456 146
306074649362567169 7
306076687811104768 14
306077266608263169 0
306077908366155776 81
306078382309920768 87
306079141495713792 146
306080961794297858 16
306082043937296384 7
306082979262906369 36
306083016999043072 2
306083327381741569 81
306083604201631744 7
306084707341316097 87
306085399363723266 7
306085537805111297 146
306085575537065984 81
306086150165131265 146
306087232312320003 146
306088498966966272 146
306089040040562689 146
306089346220580864 12
306089505595719680 146
306090529026879488 146
306090604532748288 146
306090755523481602 146
306091204309827584 84
306092554867331072 87
306093460836982785 146
306093804761526272 7
306094224187719680 146
306094610072088576 12
306096069689872386 7
306096405246787585 146
306096593969487872 7
306097965506912256 84
306100784091774976 7
306102428267335680 10
306102826722021377 7
306103363601313792 7
306104932237463553 81
306105364263337984 7
306106794512637952 7
306107968938725379 146
306107985694965760 112
306108195439538176 7
306108287680667648 7
306110607139143680 7
306110779126595584 16
306111823508299776 36
306112490394238976 146
306113920639332352 88
306117229957754881 146
306117963956768768 12
306118525989302272 84
306118697955782656 2
306118798644219904 146
306119578763808770 9
306120161759461376 7
306120660906823680 146
306120912552464384 19
306122049221427200 7
306122640588951552 146
306123110359388161 81
306125157179748352 146
306125807322034177 85
306127644402020352 85
306127812178374656 146
306127849935491072 19
306129687044825088 86
306130492338626560 10
306131226341826561 12
306131297640787969 146
306131356390408195 7
306132019073675265 85
306132480426115072 113
306132530782941184 85
306132547539197952 113
306133097022361601 9
306134007173746688 85
306136490180747264 146
306136653758603264 84
306137941439303680 12
306139245863632896 85
306139526856839168 12
306139677851787264 7
306139686269771776 7
306140361535942656 4
306140877452111872 2
306141292675624960 146
306141624042389504 33
306141645005529088 146
306141858898272257 7
306142005694697472 85
306142416736501760 81
306142777467625473 7
306144832663998464 12
306145319199047680 113
306146443272548352 8
306146472645246977 12
306146682339483649 90
306147873551171584 84
306148171329990657 112
306148959846559745 7
306149526115348481 33
306150172012969985 85
306150180393197568 85
306154009817931776 29
306155221971767298 85
306155754648383488 45
306156119552843776 3
306158267011313664 9
306158321562447872 87
306158363509661696 146
306158736769155073 7
306159210750676992 7
306160309645737984 7
306160477417897984 146
306161177875083264 7
306163518275735553 8
306163887374495744 87
306164822725234688 146
306165212791320577 12
306165489607012352 16
306165523153039361 12
306165728707481600 7
306166542389895168 7
306169205768720384 16
306170065605242880 85
306170350801154048 7
306171118367150080 2
306171521032925184 146
306171638456655873 84
306172112425603073 11
306172728975687680 85
306172733178400768 85
306173286813941760 63
306174238929321984 36
306174238941908993 36
306174243148800000 36
306174331216613377 7
306174704522235905 146
306176990405341185 17
306177112048558081 84
306180190671876096 85
306180232610709505 85
306180584911298560 7
306182048723369984 87
306182048748539904 87
306183638385565698 7
306187874624217088 7
306188646376157184 90
306189644633079808 85
306189673976442880 7
306189963400183808 146
306193490805661696 88
306194195431960576 9
306197940949635073 7
306199677378904064 9
306204748305031169 16
306206275010707456 7
306206371488100352 12
306206656696569856 7
306208602857811968 12
306211853472768000 15
306212163826106369 12
306214390988935168 12
306222154645643264 45
306223069016518656 88
306226353156534272 7
306226973926117376 7
306227200414318594 7
306229725376962560 12
306230723642273792 146
306234989224288256 2
306238197887803392 12
306238453740359680 12
306240563458482178 45
306242106970755072 36
306243172332339200 85
306243222651412480 85
306243671437750272 16
306247467308032000 146
306248939491975168 45
306250961150689280 85
306252324278530048 84
306255629394276352 85
306256380174692353 7
306256745104297984 86
306258284409663488 16
306263418208399361 85
306263455957147648 146
306263921550045184 19
306266882724462592 7
306267197305671680 16
306267855815602178 7
306268988256710656 85
306272339518173184 85
306277544641056768 63
306278622560403456 4
306282544238837761 50
306282976268931073 85
306290186285891584 155
306290542772367361 88
306294275723894785 146
306297425658781698 84
306300772704985089 85
306305268986302464 7
306309870141988865 84
306310268613431296 88
306310696415670272 3
306312944550023168 85
306318455865503744 7
306320838246924289 22
306322226574159872 81
306327989531074562 7
306333068854194178 81
306334360695611394 7
306337237971369984 146
306338756301053952 85
306342736703922178 2
306345043571138560 8
306348675846782976 88
306348789109760000 146
306348931678351360 30
306350118678962177 7
306351699919003648 30
306356804395339778 16
306361938252812288 146
306368632353607680 1
306369131479957504 7
306371085996265472 146
306374307221762048 16
306374974128680961 63
306375322239127554 36
306375926231465984 36
306379483018039296 45
306380233773293568 81
306382733591052288 146
306384654586486784 8
306388542702120963 7
306389054428180480 45
306391264805396480 87
306397166199513088 85
306398235759620097 2
306399909270151168 12
306401989661712385 81
306404254585872385 146
306406267822415873 146
306409673601458176 8
306411955319615488 88
306413599461625856 88
306413876298280960 8
306419492467113984 7
306419660264456192 7
306419790283677696 81
306420641731592193 90
306420864021311488 84
306421275050524672 8
306421434442469377 30
306422822752907264 87
306423372215099393 9
