308646340727013376 261
308647351587856384 122
308648081375776768 8
308648316273561600 8
308649318687064064 8
308649444520366080 236
308649973002674176 8
308650405032763392 238
308650509881991168 8
308650954457247744 8
308651755602866177 9
308651784937824256 13
308652581876559872 8
308653420707983364 8
308653760471769089 8
308653760471777280 270
308654490263879682 9
308654528021032960 9
308655094243655680 8
308655475933712385 8
308656331580141568 33
308656390279421954 8
308657136882298880 8
308657623400591361 236
308658072195321856 4
308659141759614977 238
308659586360020992 9
308660475548274688 8
308661356339527680 33
308661364740730880 6
308661415051403264 8
308661452800131072 22
308661624770813952 8
308663654826516480 8
308664053302185985 8
308664107807166464 8
308664418173059072 33
308664602722463744 33
308665319952625664 8
308666146255695872 33
308666163024498689 9
308666624389570560 156
308667014455635968 8
308669057081688064 8
308669614940905472 8
308669736563134464 8
308670550249705472 8
308670646752260096 235
308670680298291201 8
308670759960711168 67
308671338808242177 9
308671795953803264 270
308673356234891264 126
308674350318489600 8
308674828452380672 8
308676195799683072 8
308676573278642177 8
308676581684043777 239
308677907054727171 8
308678490079764480 240
308678901108965376 240
308679287005904897 270
308679911932063744 239
308680285225107456 8
308680490771169281 6
308680771781132291 8
308680809546653696 0
308681921016258560 33
308681975529611264 8
308682076213878784 8
308682319470936064 8
308682520818491393 167
308683212874465280 8
308684362109550592 9
308685104488792064 8
308685364560814080 0
308685914018836480 8
308686023062343680 8
308686345994387457 8
308686576685314049 8
308686643806732289 167
308686836757323776 8
308687361028521984 33
308687361032724482 33
308687361053716480 33
308687767880224768 8
308688799670628354 33
308689009402601473 140
308689953104228353 140
308690053763309568 140
308690133480259584 8
308690238342062080 140
308691769237848065 67
308691895075360769 241
308691937022574593 239
308692054454710272 0
308692486455431169 238
308692666814697473 8
308693866402430976 122
308694625567252480 122
308694793335209984 9
308694919189495809 9
308695623794839554 8
308695779000848384 8
308696844341481472 33
308697507062505473 33
308698383672016896 9
308698828264075265 0
308699885211893761 8
308701231583490048 13
308704708686655489 33
308706747105812480 8
308706940060569600 238
308707242054660097 9
308707321733844992 236
308708324185092096 69
308710295495385089 5
308712166146580480 0
308712187118096384 8
308714087137820673 8
308715211215499264 8
308715982954827776 8
308717304181571585 311
308718033994665984 4
308718310801932288 8
308718344364756992 8
308719132881321984 8
308719204205473792 8
308719636222976001 33
308722438013874176 8
308724308648288258 33
308725717942804481 238
308726707819528192 8
308726900740718592 8
308728687501651969 13
308729048211783681 8
308731057300180993 9
308731447378857985 261
308733498376732672 8
308734022685716480 239
308735117373882368 8
308735792665206785 13
308736170169364480 8
308736530879500289 8
308736929334169600 67
308737403265372161 236
308738795791073280 33
308739592700436481 8
308740150555451392 270
308741153002508290 67
308742784548999169 6
308743807984349184 67
308745854808883200 235
308751206711431168 269
308753119322460163 238
308753249354276867 5
308753354207674368 157
308755296183017473 33
308755975643492353 8
308757921821491200 5
308759687615094784 8
308764964053721088 236
308765727404478464 8
308766910202408960 241
308770651508977664 236
308773189058707456 8
308778230641487872 8
308779602149531648 8
308779937702232064 8
308781296648331264 8
308782647230988288 11
308782877921910784 11
308782898885050368 236
308783020515680256 11
308783347667197953 8
308788015923339264 8
308788619940864000 239
308793523078049792 236
308795179798769664 11
308795209167302657 67
308795221737611265 270
308796647809368065 241
308797864186892288 270
308799546102800384 241
308801047634276352 8
308801613890465793 238
308801739719602179 33
308802826035933184 239
308805153878835200 8
308805892055388160 9
308807884362350592 238
308808211530645505 16
308808425435959297 8
308808492515459073 8
308808702264233984 236
308809054589943809 67
308809104900632576 11
308811642462949377 67
308815471858302976 8
308817745150087168 8
308818152010162176 11
308821587157725184 157
308821616517869568 157
308822052738056193 8
308826108621635585 8
308828461617774592 67
308829812192075776 8
308830038688690176 236
308834069385453569 157
308834329440681985 8
308834966966525953 33
308843946992345089 67
308848522990592000 8
308849902904033280 8
308855800082874368 8
308859403015184386 238
308862632629260288 9
308866080330350593 9
308873172885856256 0
308875542688575488 8
308883709006839808 167
308884568801411072 8
308885785166360577 309
308886460466089984 33
308888842818166784 238
308889115452129281 8
308890545701388288 8
308890767986946048 126
308891082555523073 126
308891543954145280 167
308895620821835777 67
308896472240386049 69
308903883588120576 11
308905481601183744 8
308906190442749952 15
308908623151632385 8
308908879020961792 8
308911559181209600 292
308912309932261376 241
308916307137544194 13
308916831396192256 8
308922690855657472 19
308924150477619200 8
308927300387352577 8
308928609006006272 8
308929640821571585 8
308933428282281984 8
308934472638820354 8
308934619447820289 157
308935995171168256 240
308937140237123586 8
308939182846390272 8
308940533437440001 67
308941988827385856 0
308945126200332288 8
308947516953608193 241
308948787802562561 33
308951325356478464 167
308952071959351297 236
308952378114179073 8
308952537514512384 8
308953544164265984 8
308953653203582978 69
308953804202713088 67
308954332693397504 8
308954559173242880 67
308955385451122688 12
308958367609667584 33
308958539580334080 16
308960238260858880 69
308961014194503680 8
308961345536151552 9
308962855493980160 0
308962884870864896 15
308963602075885568 67
308964365472768001 69
308965414044573697 13
308965602792464384 8
308965854421323777 69
308966533923749888 0
308967465034059777 157
308971252503154688 9
308971575477149696 157
308971936183099397 240
308972053602631680 62
308972548543102977 8
308975883031560193 126
308977183257403393 4
308978596708507648 236
308979318132989952 238
308979708236812289 19
308979838222475266 6
308981176218038272 19
308981398532931584 8
308981658579771392 69
308983457944592384 167
308984200307019776 8
308984816873914368 0
308985055970226176 8
308985878037012480 67
308986003853565953 8
308986557518471169 33
308987618660610050 5
308988218479611905 238
308989048926638080 11
308989157995327489 0
308990290428047361 5
308991020249518082 11
308991938806308865 9
308993410994413568 238
308994212110663681 67
308994459570434050 67
308997924094898176 79
308999018795638784 79
309000637788585984 11
309002361634959360 79
309002592351043585 79
309003196314050560 157
309004622364827648 33
309005163438419969 33
309005989720494080 33
309006409159294979 239
309007034106380291 69
309007587767099392 14
309007642301431808 33
309007721955487744 33
309008367886684161 241
309008774750928896 5
309010423108218881 314
309011329065287680 5
309012193083539457 236
309012495111172097 8
309013220692209665 240
309013585609248768 14
309014818717835264 14
309015116551188480 126
309015166882824194 236
309016735544139778 269
309017901543874560 8
309018044150190080 5
309018186769125376 236
309020418138845184 69
309021131157950464 0
309021902926671872 33
309021999374692353 0
309023140254736384 33
309024528548376576 14
309027426820841472 8
309028349550936064 8
309029121298661379 1
309030316700483584 14
309030769664335875 14
309031570801565696 9
309031839220264960 8
309032069894397954 69
309033181414318081 0
309033252692295680 8
309033424671367168 314
309033592422547456 33
309033906999541761 67
309034540373008385 167
309035379233800192 16
309035693789827072 311
309037866447675392 62
309038772387995648 1
309039875494146048 8
309040378827378688 236
309041251225829376 235
309041838424219650 140
309041955873099776 314
309043218354405378 69
309044208210178049 157
309044946428633089 269
309047211365367808 19
309048394146512897 239
309048507401117696 33
309048939410239489 241
309049031676534784 14
309050017325412352 261
309050227032223744 157
309051527274844160 8
309051611160907777 239
309052466815709184 33
309052651344117760 14
309052718465564672 33
309053737698209794 140
309053800616960003 140
309055981655031808 67
309059139957563392 157
309059630678560768 67
309059857175175169 9
309061228729344000 14
309061618787041281 14
309061727813779459 238
309061866255163393 14
309062491206479873 9
309062608630214658 14
309062688321970176 14
309062755439226880 14
309062910611705856 14
309063283908956162 14
309063342620803074 14
309063808188571648 14
309063904657563650 14
309063984374489088 14
309064047280660480 314
309064240227024898 14
309064487695175680 14
309064789680848897 14
309064944878501889 14
309065100034195456 14
309065209111252993 14
309065255231840258 14
309065511075971073 14
309065905357336576 14
309066006037401600 14
309066937164505089 14
309068556161671168 14
309069101429583872 14
309069143347449856 14
309069906740117504 14
309070242250883072 13
309071383109971968 14
309071450223022082 13
309071836111581185 14
309071894823464960 14
309073161507459072 14
309073622889295872 15
309074516280217600 236
309074843431743488 14
309074939896557568 67
309075241865461761 14
309075862639214593 15
309076529529380865 19
309077083198455809 14
309077494240251905 14
309077792035860480 5
309080413454876672 33
309080652521824256 19
309083500483584000 5
309084993647427584 14
309086696530644992 14
309087665393901570 14
309087690559741954 6
309088084853673984 261
309088617500925954 69
309088986612256771 14
309089968100352000 14
309090878234972160 14
309092090384629760 239
309092233011920898 14
309092241400553473 14
309093218677583872 14
309094284026593282 14
309095445840400385 14
309096964195237889 14
309100319630036992 239
309100609045401600 8
309100881645826050 8
309101204619812864 314
309101238191026176 14
309102790083489792 13
309104677503512576 261
309106762055839744 67
309107584139395072 8
309108024541319169 157
309108372668547072 33
309109203174318080 69
309110184637251586 14
309111161910079489 241
309111199650439168 6
309112701228044289 236
309113124835950592 33
309113464570400769 261
309113519117316096 261
309113607164149761 14
309114064368435200 239
309114806743474176 16
309114919977095171 14
309114932580982784 67
309115096158846977 236
309119089123667968 6
309119110111961088 6
309121270182731779 14
309121555403796480 14
309124453659459584 62
309125623840919552 6
309127658086739969 14
309128404693819392 67
309128815743995904 5
309131093213327360 157
309131126767775744 240
309136399028850688 13
309136461926658048 140
309137741201944577 8
309138982724313088 8
309139863511396352 241
309139959980388352 8
309140110987890688 8
309143059579412480 8
309145542598991872 69
309146742190907393 6
309146922550181888 33
309149187461742592 14
309149334274981888 14
309152500966105089 14
309155302773772289 239
309156779147800576 236
309159677395095552 167
309162751828303873 239
309163758461284352 16
309163859153940480 14
309165683646791680 19
309169840202059776 8
309171299845042177 261
309172306465411072 236
309172411314618368 4
309175548649816064 8
309178790842626048 9
309179378078720001 261
309186197979267074 14
309186210587365376 14
309190128046329856 12
309193106014744576 8
309194490147643393 67
309195865883570176 12
309197019291996161 14
309197312905859072 14
309199410062053376 14
309199431012593664 67
309200081133907968 241
309200768991379456 8
309202249584881664 19
309203939893575680 19
309205470843904000 67
309209694508036096 3
309218389283459072 14
309219031024553984 14
309219379143397377 14
309220759052627969 6
309222654886420480 241
309224152244559872 241
309225326674841600 14
309226090017198081 33
309227356688637954 14
309234096964505600 240
309239562117455873 261
309239671177752576 14
309240560353415168 14
309240853975670784 14
309241416016621568 14
309243458634256385 14
309244943426265089 14
309245299921141761 19
309251989831823361 292
309253894075215872 14
309254820995411968 19
309255907341135872 14
309256188338507779 14
309259954831888384 4
309263243153661953 19
309268536390471680 33
309270000202551296 3
309273313698516992 14
309275943527129090 314
309287536587591681 69
309287628837117953 14
309288983605682176 238
309290371932889090 240
309290959131254784 8
309291764446015488 2
309297992958083072 5
309298160738631682 14
309300094308610049 236
309302040482435073 8
309302514422005763 14
309303248450359296 14
309303370085183489 69
309303655281070082 167
309304460579049472 240
309305165251485696 157
309307195282051072 69
309310382936309760 13
309311863550791680 14
309311888704032770 8
309312278774312961 21
309314510139842560 314
309314774380982273 14
309315055407738881 292
309317781696950272 238
309318037566259200 157
309318956106272770 6
309318993871777792 9
309319199367516161 5
309320356995399680 8
309321019716415488 8
309322064072933376 270
309322709999951872 8
309323603390889985 67
309324006056656898 292
309327193731899393 1
309328615571611651 14
309328821121851392 69
309330234589720576 69
309330616279769088 69
309330863752101888 14
309331048284688385 69
309331077657403392 69
309332595974496256 67
309334206599811073 241
309334521180983296 15
309337658491019266 67
309339235570286592 0
309339755680780288 14
309342779773952000 292
309342909780615170 140
309345279574945792 11
309346407846920192 69
309346542064640001 240
309347179582087168 157
309348970549899264 14
309353571697164289 0
309355077435523072 5
309355085853519873 5
309357417878130689 3
309357476589993984 240
309358294470893569 314
309359187861860352 67
309362757243920384 126
309363541570371585 167
309363822592937984 67
309364057478144000 311
309364091003219969 167
309364250407747584 14
309365324157960192 122
309366225895567360 292
309367219983372288 14
309368520217604096 5
309368687985565696 157
309369421967790080 8
309372177612935168 3
309372798407680000 14
309373951824519168 67
309374299947532288 7
309374715192020992 235
309375126208671745 79
309376330007449600 239
309379563815841792 5
309381275096080385 5
309381715477008384 8
309382902473445376 236
309383401591410690 240
309383649059545089 236
309385163215888385 13
309385238696574978 14
309387117744750592 13
309390418657816577 14
309391425307570176 14
309392545190920192 67
309392641630547971 239
309395342770724864 14
309395372114079745 261
309396483617202176 157
309398173917515776 157
309398807265824768 9
309399188930715648 157
309399717429776384 240
309399797138325505 157
309400833106259968 157
309400904405245954 157
309400950563553281 157
309402439516299264 33
309406415737483264 240
309406759649423360 157
309407153947557889 236
309407321698738177 2
309410127700709376 14
309410484208140288 157
309410865885634560 14
309411302089035777 8
309411910284099584 6
309412610716094464 0
309412770091241472 240
309413218902740992 14
309414263267663872 8
309414468813717508 5
309414921781792768 157
309416620487483393 8
309418528904196096 241
309419556491890688 239
309421926290452480 167
309423918563876864 14
309424463835959296 69
309424652579639296 241
309426510643748866 270
309429677355831296 22
309431015309455360 1
309431468319453184 69
309432890163339264 140
309433011823329281 236
309435033477869570 67
309436136579821569 33
309436136583987200 67
309436358865321984 240
309439953392238592 69
309441874375106560 67
309446706230079489 1
309446743957856257 21
309452053959303168 67
309453123485843456 67
309453714916265984 269
309454004293885952 19
309454281143115776 236
309455329727479808 314
309460971057995777 157
309461822489124864 157
309463311483822081 241
309464116765011968 67
309466142626422784 4
309466159403655168 4
309466411057688577 261
309467673547399169 8
309470387249504256 126
309471083508150272 62
309472346010431488 67
309473084199542784 238
309474669654859776 126
309475890193113089 261
309478972989784064 270
309479161733459968 8
309479404994707456 126
309480671703887872 157
309482559132286977 240
309482886300577794 69
309489966281547777 9
309490352161705984 9
309493833434021888 8
309495699886702593 11
309495867637895169 236
309499441184927744 236
309500296831324161 14
309507154509963264 238
309507704001540098 67
309507834008190978 69
309509457191243776 6
309515706708398081 236
309517392826990593 14
309519544483995648 14
309529870889779200 126
309532446175678464 67
309533507342987264 5
309537374508036097 8
309537559044825088 14
309539043841044480 8
309539501003378688 19
309543351382839296 14
309545775686381568 67
309547147202805761 157
309548233552707586 67
309550984999362560 14
309551253459968000 157
309553228939403264 67
309555737154166784 235
309556873827323904 19
309562355778453504 238
309572002673463296 157
309572245922123777 14
309574712185483264 126
309575320372133888 126
309576759010004993 8
309579409814351872 312
309579908911353856 14
309580265431384065 140
309581238518284288 14
309581360169877507 126
309587366409027584 157
309589354483957760 69
309590767960207360 239
309599039157047296 270
309600863649939458 11
309601325044359168 2
309605187985735681 14
309607322890665984 11
309612330910617600 8
309614792971284482 2
309619830309392384 240
309620660798369792 19
309621088617390080 79
309622162346606593 240
309628638347800576 5
309632174162837505 292
309637328933117953 0
309637500924735488 67
309638755021619201 123
309639342199021569 167
309642097852571649 79
309642425008275457 240
309642911581085699 123
309643976913334273 14
309645465912221697 235
309647634367385601 8
309647810498801666 19
309650532606300161 157
309650905907740672 14
309650905911926784 14
309652206154563585 11
309652864660279296 67
309655611912626176 5
309656496910761984 238
309658090758864896 157
309659558744322048 292
309660653466042368 67
309661907583913984 14
309663446872518658 5
309665950884569088 67
309667360179101697 236
309667838300405760 11
309676260483817472 167
309678705746276352 241
309681138455175168 236
309681494983573508 69
309683134939668480 236
309685404058128385 240
309686372929789953 11
309686670746345472 19
309687702545125376 11
309689778725593089 67
309690495934803969 292
309690911200247808 79
309692681175580672 236
309692765074255872 167
309695130649128960 14
309696917410025473 1
309700067361685505 5
309701183017209857 19
309702068032118787 11
309702378427400192 0
309702873317527552 240
309703682855940096 11
309706551726313473 269
309706761458315264 238
309706908267327490 19
309707541598859264 79
309709533876453376 19
309709571629391873 19
309711324844277761 236
309711962412027904 19
309712063045984256 236
309715691148283904 261
309718383887253504 67
309719499555364865 1
309719864480780288 11
309721013694914560 18
309722829832732672 18
309724734050951169 236
309725623255982080 157
309726139142791170 11
309726139151159296 4
309728869617909760 79
309730337628499969 67
309730979382177792 11
309733609185619968 241
309733969904140289 8
309734460646125568 9
309734510977748992 8
309734947193749504 79
309734959772487680 79
309735853134053376 79
309736201269690368 19
309736213844197376 67
309736536801431552 69
309737467957878787 79
309738843681210368 79
309740114567917568 122
309742505329565696 79
309744560542715904 241
309745210638876672 69
309745214854139904 69
309745311302156288 69
309745990771027970 3
309746594771787778 79
309746842239913984 238
309749014876803072 240
309749316845715456 8
309749878920196097 13
309750793253289984 79
309754429706477569 0
309755868348575744 67
309756820472336384 79
309759710335205376 69
309759852958343169 241
309761664914452482 241
309762906415824898 15
309763636237328384 19
309764122763984896 311
309766702269362176 157
309772209382100993 5
309773153100496896 67
309774545601060864 67
309777041211932673 157
309777590678335488 7
309778769286164480 240
309780258238902272 19
309782581891702784 67
309786214146400256 309
309786662953705472 126
309791247315369984 241
309793218655051776 6
309794913145470977 69
309796737663512576 11
309796737663528960 11
309798474122153986 4
309799476556603392 11
309801380770639873 11
309801984721039360 4
309805000429826049 11
309806090969829376 14
309806304862552064 4
309806464237719553 14
309808951485161473 13
309809190535327744 5
309811245748473857 239
309811862315364352 236
309812780876320768 69
309813477122392064 19
309813733000085505 19
309814416667447296 9
309815461049147392 11
309816060834619392 67
309817050698747904 69
309817591751397376 235
309817667253043200 261
309818178937180160 14
309818971681611777 69
309818971689975809 239
309819110102024193 157
309819714048253954 67
309822654263738368 62
309823287620431872 19
309824814347087872 236
309829868491767808 9
309831214850785280 19
309839481815576576 236
309841390236487682 19
309841583161868288 157
309845035061485568 269
309847224488165376 167
309847711044210690 240
309854719726211073 14
309857303396499457 241
309857735434989568 9
309863326425427969 122
309866858025213954 241
309869273948495874 156
309877431861379073 69
309880233690021890 236
309883333276487681 157
309883618476580865 79
309887200407994369 12
309895354130767873 19
309901523968745472 69
309902220206428160 167
309904233476542464 0
309905466593521664 13
309906737467645952 12
309907945435582465 62
309909589594353664 241
309910181003808770 67
309915436487671808 239
309917646860718080 67
309921925067579394 69
309929147646488576 5
309944599474999299 238
309960164537139200 236
309963264102658048 19
309963725492854784 21
309963985552277504 19
309964279145181184 19
309964287537991680 0
309964690166001664 19
309970323124649984 19
309971765969440768 19
309971908596744192 67
309987263905947648 79
309987935011364864 19
309989398819266560 2
309990883598692352 67
309991793783631872 67
309995245695799296 19
309998953460551681 14
310000085905846272 5
310001214190387201 67
310001977528565760 21
310003927892520960 314
310005320422420480 13
310007568540000257 79
310007887307087873 270
310010009650089984 19
310011565741068288 14
310011955798753281 14
310012282937683969 16
310014279422193664 69
310018331136626688 236
310022827426340864 235
310025427878047744 0
310032113619591168 67
310033124459438081 5
310035557155753986 9
310037977273344002 67
310038866461609986 67
310039571108855809 69
310042146394742785 67
310044847513948160 62
310045162111922177 14
310045178884919296 157
310045283738341377 157
310045304688898048 69
310046118379659264 157
310046621717118976 14
310046688809193472 14
310047347323310080 157
310050140725604352 5
310050740523659266 157
310052846043267072 241
310054813171851264 167
310054947389595648 79
310056931307974656 240
310057732424212480 167
310057761801134081 236
310058235728109569 17
310058361573998594 14
310061222068383744 69
310061574419275776 0
310061859631947776 13
310062769774944256 16
310063893877760000 157
310065697390723072 314
310067974918770689 13
310068943811395585 14
310072643191713792 69
310072836121309186 16
310075365282435073 79
310075390444056577 126
310076174799880192 16
310079404397195264 0
310079727366967297 4
310080490713538560 9
310080624956436480 3
310082248147865600 126
310083728716230656 67
310084311732846593 79
310084483682545664 126
310085284807180288 269
310086283051552769 18
310088069837631488 79
310088371810754561 79
310088879342493696 16
310090963903201280 79
310091337175293952 62
310092813574479873 79
310093090411118593 69
310094063489650688 69
310096340979957762 79
310101038596247552 69
310101344780419073 157
310101718090264576 62
310104591209467904 157
310104935125626880 14
310106034029068288 69
310106080162234369 236
310106197611147265 79
310107518812692480 269
310108496077135874 67
310114753999687680 0
310115282452619265 0
310115374752485376 269
310115873866264576 79
310116238758129664 0
310117132157460480 241
310119153824563202 269
310120693125763073 9
310123436208963584 67
310124367352836097 79
310124430246436864 241
310125998920327169 12
310126040867540992 62
310129043964051457 241
310129056580501505 5
310129182409625600 269
310129593438842880 67
310129736053571584 157
310132210680336384 69
310132391056392192 269
310132554613260288 126
310132974031085570 3
310133468988313602 126
310133938737782784 269
310136539185299457 241
310137717788901376 269
310138833469595648 269
310138997064208385 79
310141001954119680 19
310141748519247872 240
310141933093789696 13
310142407050137600 269
310143468200685568 79
310143652737454080 239
310146135786409984 269
310146697802174464 12
310147486356475906 67
310148769775763456 269
310148782362865665 269
310149445071278080 67
310154230763753473 269
310156223066562560 22
310158001459830785 311
310158638989848576 269
310158827750309889 22
310159251349831680 22
310159582716637184 67
310159666615308289 67
310159674978729984 22
310161726001803264 241
310162732651528193 16
310163038831509504 22
310166176170901505 79
310166394253754369 241
310172178219925508 22
310172232750092289 79
310173751050387456 14
310173772038680576 12
310173793022799872 67
310173927215362048 22
310175881777782784 67
310176468959371264 9
310178859721056257 62
310180956864663552 79
310185344127619072 236
310185855824306176 67
310187399323975680 241
310188384989630464 67
310188917687205888 157
310189974656016384 269
310190238884573184 22
310191434257006592 67
310195095901184000 269
310197214024720384 22
310198061274107904 67
310198065447448576 67
310198673642496000 67
310199134982373376 67
310199239844167680 67
310200506549153792 67
310200909206540288 79
310201605444206594 22
310205690692136963 126
310205824909856768 269
310206059807657985 7
310207129350991872 67
310207410365153280 7
310208404415193088 236
310210522551316481 7
310210547691945984 69
310210711257235457 7
310211768259592193 269
310212158308876288 22
310214104478515201 79
310214431609081856 79
310218697220452352 79
310218869212065792 14
310219942949691392 67
310220198781284352 239
310220844729253888 8
310221708730720256 235
310221884908261377 167
310222606303375361 236
310222711181950976 67
310223101260619776 261
310223558431346689 19
310224258863349760 67
310225059996381185 122
310227622699343872 69
310228063113850880 140
310231355659284480 126
310234803360374784 16
310234975326855168 269
310238674686205952 67
310238993461702656 67
310240289493237761 79
310240797037576192 79
310241837208186880 79
310246329311956992 67
310247654707843073 140
310248237699321856 269
310249621840613377 9
310251819630739456 79
310255196083208194 67
310255665820086274 67
310260359263027201 67
310265488875868160 292
310268492010123265 269
310271998431473664 16
310276612174254082 167
310277367148982272 16
310277664965525504 239
310280298984267776 9
310283952218832896 79
310283989975961600 238
310288658206965760 67
310289513853366273 14
310291560698892288 312
310292856701063168 16
310294647681466369 79
310300322570579968 13
310302625239298048 0
310304781124136962 62
310305259257995264 122
310308052702224384 0
310308996395458560 0
310309415830040576 67
310309663285604352 0
310310032409522176 0
310312662225547265 0
310312792248954880 0
310312888709566464 6
310313845023457282 0
310317464695214081 236
310317687014293504 0
310318114820747264 0
310318458770444288 0
310319138226704384 0
310319184359854080 0
310322892137193472 0
310322900500627456 19
310323110224220160 0
310323189920194560 0
310330840322306049 0
310330848719273985 0
310331343668125697 62
310331356225871872 236
310332027306135552 0
310333461783261184 0
310335869322145793 0
310335911244222464 261
310336670404849664 0
310337588965801985 0
310339589653032960 239
310340021649551360 0
310340835361312769 16
310341695185248257 67
310341707772338178 0
310341942670139392 269
310342366290657280 67
310343918166372353 0
310344266293592065 236
310344329224916992 0
310346581566169088 0
310347240055111681 239
310347542036627457 22
310350893310681089 0
310351073674145792 0
310351090430394370 0
310351123984838657 0
310351576982253568 269
310351870583504896 0
310354198434824192 167
310354240352710659 0
310354332644155392 167
310354559107219457 67
310355091800612864 67
310355523818123265 0
310356681429241856 0
310357956501860352 0
310358556299898881 0
310359151886884865 0
310359328064417792 19
310360171085975553 292
310360229818798080 0
310360888324521984 0
310360909308645377 0
310361920148480001 0
310362977113096193 67
310363660776267776 19
310363883074379776 0
310364176679833600 0
310364273153028096 157
310365695022092288 0
310366412210327554 0
310366898787323904 269
310367095907049472 0
310368819774382081 0
310370665272311808 0
310370673644163073 0
310370828833402880 167
310371063718629376 0
310371176948051968 0
310371206329167872 0
310371256652427264 0
310371315364265985 79
310371734794682370 269
310372024197455872 269
310374339465842688 0
310375199281389568 2
310377753616715776 0
310377808155258882 0
310379330691821568 0
310380001793028096 140
310380211478880257 0
310381721424105472 19
310382002476040192 0
310383860527529984 0
310384116367495168 0
310385118839721985 0
310387161457389568 0
310387501191811072 0
310387853525917696 22
310388843364880385 0
310388931466256385 15
310389313147924480 0
310390240055525376 62
310390827291643905 0
310391489979092992 0
310391812923736064 0
310392291074379776 0
310392643400134657 0
310392953803796481 0
310393691997081601 167
310394451136753665 0
310395034170187778 0
310395898184220672 269
310396179202576384 239
310404056092913665 269
310404735582748672 236
310405557657939968 269
310405666709831681 0
310407612896251906 241
310409361891684353 9
310412201439662081 9
310412557968097280 2
310413929518100480 15
310415078740611073 0
310416106361860096 0
310417825997156353 0
310417960210681857 67
310419554042003458 0
310420422275526657 13
310423429612462081 0
310424914375081985 4
310425426088562689 0
310425640002285569 14
310426051056631809 140
310426910884757505 269
310430908027138050 0
310431172293439489 16
310431478473424896 0
310432879383572480 4
310433206526697474 269
310434036994695172 79
310434125079248896 0
310434712277622784 0
310435144286756864 14
310436083794079746 269
310437958681493504 69
310438231281905666 13
310439971913879553 67
310440806580375553 269
310441611899326464 67
310442060685639680 126
310442400428486656 0
310442631119384576 67
310443822322679810 269
310444069757267968 269
310444682142433280 3
310444946383593473 269
310447240651100160 269
310449912439533568 269
310450600313778176 0
310451552391417856 0
310454542930165761 241
310455394399047680 269
310458808549912576 9
310459446096719872 240
310460222017789952 238
310461371290624002 0
310464005279993856 67
310464005313548289 269
310464441487605762 0
310464563130818560 239
310464730919759874 67
310465141961535489 241
310466651910979584 269
310466811286147073 69
310475560616865792 67
310475678032220160 157
310477167026921472 0
310481495527657472 239
310482858684858369 140
310484016337940480 0
310484096021307392 261
310484423160262656 14
310485060719620097 67
310485832471552001 19
310487384355651584 0
310487510184759296 67
310489531843493888 9
310491528332181504 67
310498679616323584 67
310500546073227264 67
310501422670151680 67
310501854687670272 67
310502316056915969 0
310502513210167296 79
310503385621221377 122
310504027341348865 239
310504639692959745 14
310505306625024000 269
310507852538191872 14
310507999368204289 14
310509274424025088 14
310509278622515200 13
310509710610677760 126
310512797622620160 14
310512856338685953 269
310513552597319680 269
310514722803949569 0
310515507151380480 67
310517050655260672 0
310517507834384384 14
310517642035343360 14
310518640313253888 314
310518963262074880 14
310519386865799168 122
310519391060107264 67
310519634342330368 14
310520997482737664 0
310521886675181568 167
310523124003270656 14
310524290028158976 67
310525305062313984 0
310527431545077761 14
310529725833564161 14
310529847480958976 67
310530338222923777 67
310531449721860098 67
310532355657973760 67
310532670251737088 67
310533295207243776 19
310533609759068161 14
310534633198596097 0
310534926770515969 67
310535669170708481 235
310536323503124480 22
310536411570909185 14
310536625472012289 67
310537640506163201 14
310537653076508673 67
310539326607998976 236
310539410485690369 19
310540882682183681 14
310540912033935360 14
310541499270041601 122
310541646045540353 14
310546817630756864 269
310547350290563072 79
310547694261256193 14
310548830917623808 13
310549581660291072 14
310554459665207297 67
310555730518372353 67
310556997202354176 67
310557043327107072 67
310558238741495808 67
310563896836620289 14
310564169462210562 269
310567185187741696 67
310572801331433472 167
310573665379053568 122
310577905795231745 67
310579835204427776 241
310582582444183553 14
310584557978152960 14
310585828856459264 14
310586067914997760 0
310586323780124674 269
310589754712420352 122
310591839298265088 126
310593441526583296 67
310597208003203072 269
310602987745726466 67
310604912918671360 13
310611799970029568 67
310613284749447168 236
310613788095299584 14
310614572400791552 67
310614610162118656 67
310615503561424896 67
310617437135585280 14
310619513328640001 67
310619576222224384 67
310623992811769856 269
310624705851838465 269
310626089988943872 67
310630699537408000 67
310630808585138177 241
310642917511409664 67
310643496342130688 67
310643668300226560 269
310644188393914368 67
310644599431499776 12
310646889529880576 67
310652556038791169 14
310653382329262080 14
310656431592464385 14
310664174248275968 1
310668142059847680 0
310670708978114560 67
310688568345493504 67
310688983573204992 1
310697514770776065 0
310701218345406465 62
310703273545957376 0
310709359476867072 0
310709959262339072 0
310712572338913281 0
310714719835144192 236
310718758912155648 19
310718930891182080 167
310721497801031681 314
310724706451984386 67
310744503566864385 126
310748362330750978 314
310749314420989953 19
310750170067394560 156
310751122170212352 236
310752737002389504 79
310753819116056576 5
310756721578627074 67
310756805452120064 0
310760626475646977 292
310765705769406465 292
310767719047892992 13
310769749065879552 14
310771485516128257 62
310775960838483968 269
310776363516850177 62
310779114946719746 239
310780008362803200 4
310781958714187776 126
310782906618478592 123
310785704227647488 241
310787163824480257 67
310787381957623809 67
310795191751696384 67
310796445844381696 167
310796760421380096 67
310798865932640257 239
310799222440079361 67
310800677901312000 67
310800988271439873 67
310801311232831488 123
310801806148116480 236
310802015846555648 6
310802116543389696 156
310802686951972864 67
310803626459279361 67
310804125589860354 67
310805794939600896 67
310806071772053504 67
310806080148082688 67
310807439102590976 22
310808001130950657 126
310811666940039170 126
310812187050532865 67
310813483090468864 239
310813495673360384 69
310816075182903297 167
310817278918799361 67
310817899700961280 238
310818667262775298 79
310820013638578176 67
310823448748359680 13
310825084556292097 67
310825206170136577 62
310826321838211072 2
310828062482759680 62
310828200915771392 240
310828951687798785 22
310829194944864258 261
310831258563391488 62
310835452875780096 269
310835507397525504 269
310835633214078976 239
310837235425611777 122
310838946714251264 14
310840133710667776 69
310843203928588289 236
310843904389963778 14
310844613235707904 67
310852645315305473 14
310853643551248384 69
310853702263132160 67
310854805390254080 241
310855539380854784 3
310857095455055875 241
310861507854475264 122
310866218078842880 67
310867233096216576 67
310868373963694081 67
310869267337867264 13
310870806630658049 157
310880134771113984 269
310883888673202177 122
310884069028294656 122
310884865954426880 67
310886396854403073 122
310888074605379586 122
310888200409333760 122
310889035084230656 67
310890427609915392 122
310890805084708864 67
310892147257798657 67
310892159836491778 67
310894236029571073 79
310895494316580864 269
310895662105505792 269
310898363224702976 19
310900032566075392 122
310900640735977472 122
310901106303717376 236
310901450211475456 67
310902435898081280 167
310905279627800577 67
310906567274921984 67
310908236612112384 67
310914280620969985 314
310914511311863808 22
310916042224447489 314
310917275328868352 239
310919326347718657 3
310922753106661376 67
310924065898647552 261
310925164835663872 0
310926259536420865 67
310927740134100994 314
310927769494253568 122
310927920464007168 67
310929854067515392 269
310930252534784001 5
310931062014496769 314
310931527578046465 126
310931540152557568 126
310932341281398784 14
310933209502343168 69
310936791442132992 67
310936829174104064 67
310938309775982593 240
310939790361100288 67
310939895235477504 126
310940738273828864 3
310941589734305793 67
310953090494894080 122
310954789179650048 14
310955217032187904 238
310957028967321601 14
310957611946237953 261
310958979293532163 13
310963337187958785 4
310964658389520384 314
310968928182603776 67
310970056450400257 67
310984627491835904 12
310988347835289600 167
310990424011583488 14
310993498419642368 19
310996702880464896 269
310996807733870592 241
310999647260925952 167
311002180633112576 241
311008639844499457 0
311008849584865281 122
311009625531113472 269
311011118686556161 140
311011936605188096 269
311012494435041280 19
311014746772099073 0
311015774355591168 236
311017020080668672 14
311023915503857665 9
311026285319168000 16
311027845591879680 16
311028151784448000 122
311029871411355648 9
311029972112379904 9
311031393964662784 1
311033688248942593 16
311035055600463872 1
311036309684768768 16
311036926260047872 79
311037182091620352 292
311037211455938561 18
311037739946627075 16
311038394237063169 16
311038926930448384 157
311040113935273984 16
311040394928467968 16
311040470442713088 16
311046870954823681 16
311047026123087872 67
311047948890935296 16
311050712937291777 16
311052138983849984 67
311053967704596480 69
311058937959034880 67
311059466437140481 67
311059944592011265 67
311060020076900352 67
311060892496302080 67
311061601342078976 122
311062364688617472 0
311064042422812672 126
311069063025676288 21
311071260807405568 16
311071533466542080 311
311073366364811264 16
311073458626887680 1
311074322678706176 16
311075253805797376 67
311076189139779584 126
311078496006987776 311
311078810554601472 67
311084162511671297 236
311088029647384577 9
311088797209223168 269
311092362375995394 16
311093037629591552 122
311093041828098050 122
311093104755224577 269
311093939413344257 22
311094123983679489 126
311095638131630080 22
311095893971582976 4
311095923327516673 16
311097756221583360 69
311099467526987777 236
311099677237968896 16
311100436419588098 270
311101392695746560 16
311101501764403200 16
311102554526326784 67
311102919443357696 67
311103292719628288 5
311103556965003265 67
311106803356295169 16
311107973575475203 269
311108380402016256 16
311108422357630976 311
311108812415315969 167
311110439834624001 19
311111907811655681 62
311112989946286080 240
311113107391000576 236
311113988211617793 16
311115544273227778 67
311117725323915265 236
311118132175581187 311
311118224458657792 67
311118337692278784 241
311118643859689472 241
311120267076308993 67
311120610984071168 16
311120925573656576 241
311122372625330177 16
311123127579058176 269
311123639271579649 241
311124436218675200 67
311124788544413696 67
311125455426174978 79
311126940188807168 15
311127099584954368 241
311127309325328384 167
311127464485220352 67
311127590322704384 1
311127925850271746 16
311128034918944769 16
311128253026930688 62
311128374678540288 241
311128395650064387 241
311128404000915458 241
311129318392741889 270
311129448399400960 16
311129570042601472 16
311129792315531264 241
311130459226660864 19
311130471805353986 67
311132434743848961 126
311132728349315072 15
311132946432159744 241
311133885956227073 67
311134099874136065 311
311134699651211264 241
311135106515476480 62
311135341409079297 67
311135614009483264 269
311136679375294464 241
311140689146687488 140
311140752031879168 13
311141070828359682 9
311142148739330048 122
311142492680646656 241
311143289619361793 269
311144292053823488 269
311146468880822274 13
311149182616473601 314
311150046613745664 16
311150407319711746 16
311150520574304256 16
311151342662082564 241
311152248648519680 269
311152257037135873 311
311153091695222786 9
311154450666516480 1
311154891039047680 3
311155016876568576 236
311155184652918784 236
311156325499412482 1
311156388397191168 236
311156707193651200 314
311156732363681792 241
311156799472541696 241
311156891713675265 241
311158087128072192 241
311158451994783744 241
311159295066644480 241
311159555100921856 241
311159651574104067 122
311159907439235072 19
311160201048907777 9
311160469488558081 9
311161392218636288 269
311161794888626176 241
311162017153163264 241
311162403054305281 241
311162851832242176 4
311163011207426048 122
311163174818816001 241
311163237704024064 156
311163631997960192 241
311163770376445952 241
311163770384826368 241
311164651192872961 67
311164957381251072 126
311165099966595073 241
311165720752959489 9
311165804634853377 269
311166186295525376 241
311167285198987265 167
311167771755020289 16
311168845484281856 156
311169457848479744 16
311170762289577984 9
311174050611359744 19
311174189035962368 67
311174704926953472 156
311175883526393856 126
311178211381874688 126
311178920206667777 241
311181562614009856 241
311181587775619072 123
311182284034277376 261
311182976090263554 240
311183861113569280 241
311184028881539072 14
311184330884009984 1
311185614320066560 7
311186348335828993 16
311186855846637568 19
311187182998130689 241
311187623408447489 269
311188042847227904 311
311190492316594176 12
311191255650533377 241
311193654821785600 241
311193763873701888 156
311195059880083456 122
311195089269563392 156
311195248640524288 156
311196083294457856 156
311196087522308096 156
311196334956879872 156
311196343362285568 156
311196368523907072 156
311196465009668097 156
311196557284343808 156
311196615983644672 156
311196783751614466 156
311196859257462786 156
311197102527111168 156
311197429682819073 156
311197622633365505 156
311198016864391169 156
311198432138244096 311
311198629266329600 156
311198729929621504 156
311198813790535680 156
311198973203476480 156
311199170314784769 13
311199300342394882 241
311199346471358464 67
311199652655550465 156
311200160157954048 156
311200558650359809 156
311200671867219969 156
311201271656894465 156
311201414271610880 156
311201460408946688 156
311202014069653504 156
311202458665906176 156
311203242971365376 156
311203305890136064 156
311203406570205184 156
311203482059292672 156
311203620483899392 156
311203733734301696 156
311203779859079168 9
311204283162980352 156
311204283167150081 156
311204283175555072 269
311204396404985857 156
311204492878163968 156
311204845229060096 156
311204979417440256 156
311205050724802561 156
311205172347027457 156
311205549867945986 156
311205767963353088 156
311206208348499968 0
311207022056071169 156
311207047238656000 156
311207147868409856 156
311207185638096897 156
311207651205853184 67
311208217411723264 156
311208280351465473 156
311208913666207745 311
311209651863691264 156
311209765114101761 156
311209815466725376 156
311209815475093504 6
311210469773946881 156
311210599776411648 269
311211002429595648 156
311211451253653505 156
311211522540072960 156
311211690320609281 156
311211732276240384 156
311211862291275777 156
311211958747684864 156
311212055220846593 156
311212260724965376 9
311212428530696192 156
311212487229976577 156
311213753893011456 156
311214273995079682 156
311214290780692481 292
311214945108914176 314
311215737807204352 9
311215876236001280 9
311218019529523200 241
311218518655913984 9
311219202306478080 9
311219248448032769 1
311219344933785600 156
311219374298124288 13
311219617567752192 156
311219860837384192 156
311220284462080000 240
311220473205776384 240
311220506726649856 156
311221257515450368 9
311221530132631552 156
311221685342830592 156
311221945406468097 311
311222830383648770 241
311222922662514689 156
311223581176647680 156
311224336159764481 156
311225208566595585 6
311225229533913089 269
311225313403228160 241
311225439249117184 236
311226596872830976 241
311227708363395072 156
311227980997345280 236
311228769530675200 67
311229277012115457 156
311229792924098561 156
311230103298400256 311
311230279454949378 156
311230300447449089 3
311230497554563072 156
