303540765458575361 42
303540773872349185 42
303545089823760384 177
303545094001287168 5
303546247447461888 22
303550978601406464 139
303551423214395393 177
303554631831793665 41
303557135848062977 59
303558201192894467 178
303559056839303172 138
303562064172040194 80
303563548951461888 177
303563947380965378 177
303564308124688386 59
303564551373332480 59
303565121794494465 177
303565176307859456 177
303565469909123072 177
303565608358907904 177
303566258467647489 42
303566266856243200 142
303567453814943744 20
303569077044117504 59
303574068253302784 177
303574714163544064 8
303574865158492161 78
303576865833103360 190
303576920384208896 177
303582742061404160 59
303583010509443072 177
303583778054492161 59
303584767926992896 140
303588735713419264 139
303590795150241794 43
303593240395911170 140
303593404007337984 78
303596939776258048 190
303597501833965568 1
303599271826059264 3
303600664313999360 155
303602857955950592 59
303603705188581376 3
303605911421865984 3
303607299723898880 3
303607371031257088 59
303607421341937664 3
303607488454995968 3
303608193093869569 3
303609417864204288 3
303610592256729088 9
303610852278423552 3
303611384971816960 3
303614941741584384 21
303616678170857472 0
303617504478117890 139
303618133606932481 3
303622000742633472 80
303623728808480768 3
303624458613174272 72
303625008087986176 20
303625150660751360 72
303626144731770880 42
303627537223933952 176
303630708113547264 5
303632541041188864 22
303633497329909760 138
303634466218311680 138
303638564044931072 3
303639721710608385 43
303639935603326976 139
303640279515287553 42
303640799621545984 78
303641210684321793 177
303646155764551680 3
303646713581826049 155
303647598609326081 139
303648890438180865 3
303652510114123776 177
303654095556849666 140
303659313283612672 53
303660177318617089 20
303662433849970689 8
303666384884338689 177
303668716921577473 78
303671950729953280 177
303672693125967872 3
303677189415645184 79
303678472876875777 80
303681572467515393 177
303681849287397379 78
303683745091817472 80
303685762560446464 78
303689667465850882 140
303691995300384769 80
303692402143682560 177
303693522018643968 20
303693568181149696 177
303699373068533761 177
303701298254069762 59
303703147937947649 20
303704888611856385 80
303711150699323393 27
303712455136276481 78
303712912294428673 80
303715416310693888 9
303717727347023872 20
303718725616558080 3
303723968463003648 27
303724589257740288 3
303724660539916289 3
303725654606749697 59
303726459917307904 177
303726719934816256 27
303732109644808192 27
303733841888178176 136
303736593326436352 136
303740640825593857 177
303741475517243392 176
303744268915331072 177
303744591855767552 155
303746668069797888 27
303747280438165505 138
303747360129957889 27
303748769403502592 138
303748882666487808 138
303749339820466176 3
303750082220658688 139
303750275141865472 27
303750342250733569 78
303751160140017664 177
303752271643176960 27
303752271647342593 27
303752913380048896 20
303753433452793856 27
303762652549746688 2
303772370731163648 138
303777416483049472 80
303779639459983360 8
303781187187535872 27
303781694694117376 142
303787709317648384 27
303788564959875072 139
303793908503179266 27
303794151764393986 1
303794315359039489 53
303798404805439489 27
303802880119435264 27
303803303731535872 177
303804209717977088 43
303807409976127489 177
303807854555570177 43
303809339347578880 59
303809582617219072 137
303810647982997504 27
303810899624488960 43
303811021250908162 27
303811507811131392 138
303811633631883264 27
303813307146567680 138
303813978226835457 27
303814716462071808 138
303814729019842560 177
303814951305347072 27
303815014257684482 27
303817660863504384 138
303818440974667776 16
303821188256395264 75
303821452510109697 80
303825537766404096 0
303826083004948480 139
303828490539642880 3
303828696047968257 27
303829597840089088 190
303830524789669888 27
303831007117836288 27
303833162977538048 3
303838640746942464 177
303840846950838273 140
303843132842328064 3
303843418054983680 27
303843573244252161 177
303844647015419904 3
303844764451749889 16
303844898648494080 27
303846177902833664 140
303846366646530049 59
303846471516700673 27
303847524278603776 27
303847817888268288 140
303852175757553664 27
303853102728085504 3
303854537180069888 143
303854876914487296 80
303857053766660096 138
303857418633355265 57
303859469664804864 140
303860677628542977 140
303862166623252480 139
303862833479827456 27
303863353577701376 27
303863403917758465 27
303864112771891200 8
303865450725519360 139
303865547211292672 8
303865832415576066 177
303865844990107648 41
303865844998471680 190
303867266871721984 27
303867577250217984 27
303868357386596352 155
303869020111781890 178
303869909291651073 41
303870416815009793 138
303870425191026688 138
303871658316406784 140
303872098726735872 12
303872337802047488 27
303872513946030081 190
303872824328740864 140
303872895636103169 176
303873038221467649 27
303873067619340288 138
303873411522887680 80
303874174886244352 27
303874288153399296 41
303874871136505856 41
303874921472348160 2
303875219272122369 27
303875491914448897 41
303876364338081794 27
303876607590936576 136
303876842467770368 41
303879631667347456 27
303880235668086785 27
303880273425219584 138
303881074537287680 22
303882156642545664 41
303882412520267777 27
303883343647363073 41
303883662410256384 41
303883809210900480 177
303884190905147393 41
303885189120147457 27
303889333117657088 27
303890163564699648 27
303890394259812352 27
303890754995122177 41
303890788553719808 41
303890826281496576 138
303891019219488769 27
303891765793013760 15
303893149938483200 176
303893154120220672 139
303894018167816194 8
303895620387758080 59
303895830098763776 27
303895897211809792 8
303896698294501376 27
303897889481056256 139
303898183111696386 177
303898661258133504 9
303900389294624768 41
303900619998126080 41
303901018457001986 139
303902276739821569 78
303903874773827584 27
303903979602067456 27
303906366194597888 140
303907108557053952 177
303909599990386688 15
303911143511035906 140
303911852331646976 3
303911923639017472 177
303912020112207872 41
303912628290482176 16
303915618795655168 27
303916482822279168 137
303916503802212354 139
303917904720715777 80
303919368516018176 41
303921176273641472 41
303922791084867584 41
303924774982258688 136
303924875658158080 177
303927115391328256 78
303928218522636288 139
303928499541004288 59
303929309037465601 27
303930038821220352 139
303930043044864000 27
303930890277515264 27
303930928013668352 20
303931024491032576 41
303932140180082689 27
303932580561031168 27
303933759168860161 27
303934778401505282 41
303937257222594560 138
303937404040011776 138
303937525645463552 27
303937655668879361 27
303939773825970176 59
303941757723353089 138
303941900333887488 138
303942034560000002 138
303942156186431488 140
303942290399956992 138
303943481578098688 138
303945964593496064 138
303946455356420097 27
303946883154460672 140
303947151577333762 15
303947503919828995 142
303947680088985603 27
303950226018938881 27
303951324909805568 139
303951584986034176 138
303951928897978368 27
303952407061217280 139
303952851644841984 101
303953405284581376 2
303953724060098560 41
303953841517383680 138
303954105737564161 27
303954432914243585 177
303955296945049601 16
303955573752352768 22
303955867370393600 27
303956928525135873 27
303959692542087170 27
303961374487375872 139
303963391918211072 138
303963639419912194 27
303964939616391170 20
303965254189187073 9
303965501653123073 2
303965950447861760 177
303966009197469696 27
303966457979600896 138
303966567044091907 140
303968899051974656 138
303970509664706560 27
303971138835447808 7
303974490080149505 138
303976658514354177 27
303980148179496961 2
303981251298217987 140
303983210038194178 41
303985353306566656 3
303987949601685505 27
303990449398497280 27
303990533259399169 140
303990822666375168 57
303992131322802176 138
303992693363712000 139
303992957583888386 139
303995641942667264 139
303997634228654080 176
303999353905876993 138
303999534256758785 138
303999689454411776 80
304003707572453377 27
304004848452513793 138
304007125934411776 27
304007201457070080 1
304007335645442049 27
304007541166338049 139
304008405197127680 27
304012255576604672 27
304014256268005377 27
304014797320622080 138
304016491823628288 140
304016491832037376 27
304016630252462080 140
304017330684432384 41
304017431368708098 27
304020627419955200 27
304022535811514368 137
304023492112826368 138
304024578424975362 139
304024968512040960 41
304025564098990080 8
304029460624195585 1
304029766791622656 8
304030429487439872 41
304032648270053377 1
304032799281790976 80
304033365517025280 190
304033927536988161 27
304034770587906048 2
304038776164999169 139
304039120089513985 2
304040470667984897 27
304041456321040384 137
304042345496715264 2
304042806895337472 140
304043255677452289 2
304043633164832768 139
304044186804576257 140
304044631421751296 140
304044912414965760 20
304045587718881280 137
304045801607409664 20
304046992798150657 16
304049073193881600 53
304051363262914560 176
304053825323540480 20
304053900804247552 22
304054781608083458 41
304055394010005504 137
304058585854398464 139
304063195398684673 27
304065883934953472 137
304067410665799681 41
304068618621165569 27
304069000311230464 27
304070459954192384 27
304074306130944001 138
304076357145600000 139
304078248747360256 91
304079448339275778 41
304080102650679297 27
304081121858187264 138
304085542637813760 140
304085848842989568 27
304086977089765376 20
304088713561001985 138
304090059915808768 139
304090282197123072 27
304090559050575872 137
304092341629771776 27
304098188464369664 137
304100713464750081 142
304102013669621760 59
304102156280156160 137
304102156288532481 137
304102479241543680 137
304102898676142080 137
304102949020385280 137
304102990942441473 137
304103414571364353 177
304104488334143488 137
304104605783035905 142
304105306202468352 137
304105394307989504 192
304107910873628672 137
304108183490809857 137
304108275765493760 137
304108821054357504 192
304112923058532353 137
304114336543166464 137
304117704586059776 137
304119998878715904 177
304121181655670786 137
304121341022449664 20
304123081662808064 137
304124562268893184 137
304124600021835776 139
304124667122302976 137
304125317222645761 137
304126370005532673 27
304127477301784578 91
304128966300680194 137
304131281522925568 137
304139095544840192 16
304140647433138176 16
304142727795310592 16
304142740357279745 16
304143252083331072 137
304143612785082369 16
304144950759677952 7
304145261167513600 137
304146074845736960 2
304146427179851776 27
304146838221643777 16
304147911959269376 137
304150055261196288 137
304150864724127744 27
304151070245011457 137
304153452634849280 140
304154308281237504 41
304154622845661184 138
304154815771078656 139
304156938097274880 16
304156967469985792 16
304157282009231360 137
304157525291433984 137
304158997496356864 16
304159714726518784 143
304159786029703168 16
304160062870548481 137
304160645853614081 137
304160872367022080 16
304162466177380352 16
304162571043368961 143
304163107901673472 91
304164454290038784 16
304164731126693888 137
304165649645723648 16
304166383669878784 16
304166643716726785 139
304166677262766080 16
304167130264379393 80
304167503561650176 137
304167847494569984 16
304168300450025472 137
304168438857875456 16
304169558749609985 137
304169793651625984 137
304170439553466368 137
304170632483074049 16
304170963858235392 16
304172771573895168 137
304173144883728384 143
304173585277280256 137
304174004716044288 143
304175229465423872 16
304175632110219265 16
304176470979379201 137
304176789746511872 16
304176819094032385 78
304178597474729984 137
304180359090798592 27
304180824650174464 59
304181730636607488 137
304182007439708160 16
304183269950373888 16
304183328645459968 16
304183538364846080 16
304183760675549184 41
304184343696396288 14
304185622933958656 137
304187426493063168 91
304187682333016064 137
304187799773515778 137
304189448155955200 142
304190840639733760 139
304191813718249472 137
304191817933524992 137
304192468038074368 5
304193269145939968 7
304194200298192897 137
304194334511747072 137
304194766525059073 27
304194787496570881 137
304195961880719360 16
304197316670271488 139
304199149551767552 137
304200357549051904 72
304200902775029760 16
304200919585808384 139
304201502573076482 175
304202463072882688 59
304203436163989504 155
304203478094450689 137
304205701075591168 16
304206611243737088 142
304206661583794176 16
304207307498205185 176
304208049894195202 139
304208532243369984 16
304217365451771905 16
304217755496886272 59
304218871185956865 143
304220825744207872 27
304222415372840960 140
304225053585846273 137
304225888273301505 78
304226077021184000 27
304226513216208896 16
304229885440843776 20
304235832972296192 8
304236030091993089 27
304236101374181377 137
304236822815449088 16
304239838520045569 59
304240018862530562 91
304241440735776769 91
304241679819481089 16
304243856646496256 137
304244288651403265 140
304248986292867074 137
304251037290729473 139
304251037324304384 139
304252173972295680 27
304252853428559873 27
304254459855396865 137
304254669553803264 59
304254908629135362 59
304257475572539392 2
304258138247401472 8
304258465432485889 78
304259576918859776 16
304260810023243776 1
304262605189558273 78
304262802317651969 16
304266468160323585 137
304267344765665280 140
304273506173087744 2
304275968237912064 138
304276496749572098 41
304278652592476160 8
304286617584144386 27
304290669302804480 8
304293219414450177 137
304293861130391552 27
304294087652155392 140
304295039734013952 139
304296662929657856 78
304297195610451968 78
304297594094493696 8
304300391691059200 16
304306200781156352 140
304310290256891904 138
304310457991311360 137
304310483178106880 16
304311967957524481 16
304312387387944960 80
304312995549413377 137
304314669110280192 9
304317663834959875 91
304318821467049985 27
304320536908017665 20
304320671134134272 9
304320943780659200 139
304321052824190977 104
304322407601164288 21
304323674264178689 91
304323732967661570 80
304324815110696962 3
304327566582493186 91
304330871694032896 137
304331316302848000 138
304332687802527744 42
304334579441995776 59
304334965322170368 16
304335435071623168 177
304337452569616384 42
304338681471320064 42
304341529403744256 42
304341567165038594 42
304344641585700864 2
304345262342676482 2
304348030570729473 42
304349108532043779 42
304350501045149697 140
304350832382586880 140
304351046308859904 7
304351172129595392 80
304352489149456384 42
304353873248804864 140
304355492254343168 42
304356800889774081 9
304357287399657472 42
304358801551798272 80
304358973526646785 11
304359871086723072 136
304359908852248577 42
304360764490260480 136
304360814809346048 80
304362786128027648 2
304362861663240192 80
304363817947774978 177
304364447072403458 42
304365223031214080 42
304366141583785984 16
304368423289384961 20
304368570077413376 155
304369778041176064 80
304370419769675776 20
304371036353347585 136
304371464159776768 42
304371724227588096 41
304373443854475266 139
304373443879636993 139
304373926207832064 42
304374383399538689 16
304377864650899457 137
304378858717712384 8
304379286524137472 9
304381962494300160 136
304383053009125376 59
304384810456055808 42
304389709365407744 16
304389910700388352 20
304390900547743744 8
304391387112153089 140
304392746062462977 27
304392934810349570 14
304393937253175296 138
304395296190898176 138
304395589808971776 138
304396906795249664 20
304397288481103872 20
304397452071550976 80
304397716300111872 138
304401189183832064 20
304401768010358784 14
304402619470864384 140
304404028731846657 178
304404859208220673 5
304407027646611456 140
304408164336553984 16
304409649095008257 59
304410399879610368 59
304410542473367553 139
304412417335640064 136
304412845150437377 2
304413319106809856 41
304414220886343680 140
304414271230590976 137
304417622458511362 41
304417819611762688 91
304417945457680384 140
304418276807680001 80
304420801761914880 137
304422659838599168 27
304422735344443392 11
304422743733043200 137
304423268016852992 142
304425952367222785 41
304427982393593856 139
304430704513654784 137
304431346258952193 80
304432394805575680 8
304432860381724673 42
304432868761939968 42
304432877179895809 155
304435330839371776 176
304444315034320898 137
304446865158578176 140
304446898717196288 14
304450707141046272 139
304451957056217088 139
304456755344179202 9
304458328203993088 14
304458395287683072 80
304458621796888576 139
304460500828295168 138
304462136623632384 138
304462371487903744 139
304466578387398656 91
304467736032055296 6
304470781075800064 59
304473113121419264 140
304476275630825472 139
304476422444027904 138
304482143441129472 16
304484064453357568 59
304487491195514880 139
304500720034537472 140
304503416980385792 136
304506181030912000 16
304510228534280192 59
304510232720207872 142
304511239336361985 137
304513227423899648 7
304513764303183872 136
304514653495623680 16
304516830368780288 41
304516922643472384 41
304516960358653952 41
304516981330169856 41
304516998119960576 41
304517186851069952 41
304520131265048576 41
304520471016255488 7
304524757586542592 142
304524883398885376 41
304527366443655169 192
304529736229593088 140
304532173116026880 16
304540154872332288 42
304542239449837569 59
304542688252928001 177
304544265294462976 80
304544504348819456 41
304544579879845888 140
304545339036274688 41
304546375041961984 2
304546601538560000 27
304548677714837504 20
304549994722123777 41
304552490320412673 139
304554193195253763 41
304554230973333504 136
304554772042760192 140
304556206473760770 137
304559008277229569 14
304559725511573504 14
304565253608464384 16
304565975003570176 41
304566293795848193 136
304567958934523904 41
304570592953253888 53
304571737989849089 140
304573528961871872 136
304581376500449281 137
304582517342732288 43
304582748042055680 41
304583586911223809 80
304584627094441984 1
304585549816164353 59
304585721778413568 136
304585755362213888 59
304585851806023680 136
304590884966649856 41
304595045716226048 79
304596144628068352 138
304596517942079488 177
304596656341516288 137
304598237585747969 41
304598891888775168 2
304599474922213376 59
304599604933033984 80
304600024371830786 80
304602268324491264 78
304602410909851649 80
304603287544557568 137
304605154001428480 80
304606445830299649 59
304607100150108160 78
304610396898197506 12
304614675071508480 8
304616713503260673 139
304619045536268289 136
304619343315075072 16
304620417069494272 78
304622124138639360 139
304624103850139648 139
304624749798105088 140
304628147175964672 8
304628495294803969 155
304628876968095744 136
304630659564072960 80
304636330267275264 27
304640038015213568 16
304643242463490048 78
304644811141566465 78
304646698578370561 155
304647872970907648 13
304647935906414594 20
304647982043758592 139
304648900600545281 139
304650498638741504 75
304652629332619265 78
304652730012667904 9
304653782745247744 59
304653875019931649 43
304654755840524288 138
304656009950023681 137
304659944207159296 59
304661097640775680 138
304663253483667456 20
304666810282811392 155
304667586237444096 78
304667703648595968 136
304667921760808961 78
304667959517933568 78
304669976952979456 3
304670039901085696 78
304673143677661185 9
304674221609598977 8
304674800423534592 15
304678457869209600 78
304678856315502592 1
304680668263219200 21
304681192551239680 3
304684317282553856 139
304687974749204481 20
304691200152178689 139
304691527295307776 78
304694077440552963 80
304697017647640576 138
304697625830125568 140
304698439533469698 78
304699534251028480 80
304699903341383680 78
304700389880655872 9
304700528275898370 136
304705808908812288 178
304707738271899650 155
304707809591840768 78
304708002550788096 20
304710108078829568 155
304710309388632064 139
304711093719293952 78
304712003879051264 14
304712142320439296 142
304712939213049856 140
304713509663567872 15
304715158025015297 41
304716953166159873 80
304717301310189570 91
304719096447127553 155
304719503323967488 80
304719826276974592 11
304719838868287489 11
304719838876692480 11
304720270873206784 6
304720337990475777 155
304721906660159490 11
304721961160937472 11
304722208641667072 11
304723164930387970 91
304723685036666880 11
304723869573472256 80
304723919917686784 155
304724670714875904 21
304727107592912896 137
304728340705730561 11
304730345608196096 8
304730458854400000 78
304730626626555907 176
304730781815828480 27
304731037647372288 155
304733856219660288 11
304734036587339777 78
304734099510292480 177
304735307465629696 155
304735357772124161 155
304737345880616960 155
304738046325186560 137
304739120079577089 155
304739799569403906 78
304740500001390592 176
304740722312085505 138
304742114791661568 80
304742412587249664 136
304742420975857664 136
304742953681842176 142
304744195174850560 78
304744790791176193 11
304749085720735744 177
304749266105159680 11
304749857497829376 80
304752436982198273 16
304752567001436160 80
304752638321389569 1
304754005668679682 78
304756488692449280 21
304757025559175168 138
304757281420091393 142
304757814088310784 138
304760179675779073 78
304760234184962048 91
304761345696489472 42
304766378873851904 20
304766777320161281 138
304767016408068096 138
304768190783840256 11
304769931415781376 140
304770292121739264 11
304771328131604481 142
304772527710957568 91
304772653548466177 78
304772921954562050 20
304773513351405568 142
304773911839637504 155
304781318946975745 140
304782531117580289 20
304793604067557379 11
304794006750105600 136
304795910968315906 9
304798536577454080 41
304800705024241666 175
304801736835600384 138
304804249219510272 80
304804261789851649 177
304805801124560896 20
304806514135269377 142
304807931810029568 59
304809689223401472 15
304811534712979458 80
304811769631739905 15
304813095002439680 192
304813740954636288 142
304814005178998784 80
304814768533946368 2
304814961467727872 177
304818920907497472 80
304826109957128193 11
304828949500936192 20
304829897384288256 139
304839217157120000 43
304854257922887681 78
304858913579343872 2
304880723955941377 136
304881021751541760 80
304887040573583361 142
304887074128027648 137
304890777715232768 137
304892094726668288 138
304894158320041984 136
304899296367616001 27
304901464814415872 177
304901611598258177 140
304901901030395904 41
304902391734620160 78
304906128859492354 16
304907055796465664 53
304908708377399296 72
304910348320903168 80
304910553850183680 140
304920917979574273 177
304922142720528384 7
304922260152676352 41
304922520203718656 2
304924936131203072 1
304925431063261185 11
304926752260640769 139
304931995136442369 0
304934817924001793 136
304939947536809984 176
304940098519179264 78
304945555325452288 78
304945639228329984 27
304946855572283392 176
304949648961970177 136
304950441706401792 78
304951913894522880 9
304954766021238785 16
304954958946635777 155
304954996699566080 15
304955206435741697 11
304955801993375744 16
304958813537193984 136
304959186800881665 136
304960159875211264 42
304960516403638274 11
304961288180727810 11
304961338491408385 27
304961493672267777 142
304964048028590080 11
304965616668901376 11
304967873221246977 80
304969387352412160 142
304969961972064258 2
304971388031217664 101
304971870384570369 139
304972453392834560 2
304975255183716352 143
304976102449872897 2
304979428524556288 80
304979915080613889 177
304980791681761281 1
304980976239513602 139
304981026562789376 138
304981949284483072 22
304985204064407554 136
304985355059347456 136
304987146039726080 142
304988605661716480 136
304988983149088769 139
304989696201740288 11
304989838774513664 155
304990321132044288 139
304991227101724672 80
304992581874483200 27
304992762221166592 155
304993814978891778 11
304994393813819392 80
304995064898285568 139
304998571311247361 178
304999846400622592 140
305001889022500864 136
305002136469663744 136
305002916647931904 27
305006641185705984 8
305008205627543554 3
305010025976455168 59
305011095528153088 8
305011858874707969 11
305013519844249602 25
305014845219164160 80
305014878802935808 41
305015407268466688 1
305015927362162688 140
305017416348479488 155
305019110838910976 8
305022562738532352 155
305023980430061568 27
305025855262961664 8
305028531233103873 138
305029164581404673 140
305029282021908480 1
305031987348000768 11
305034675917828097 8
305035300839755777 140
305035367965413378 136
305035900629434368 11
305039973323788288 2
305040375943413760 138
305043517485506560 78
305044004016361472 5
305045660766437376 8
305046705156530176 140
305048038936825856 155
305048152212402176 155
305049301447503872 27
305050899464740865 42
305051834815492096 155
305055370596986880 2
305056675021332480 142
305057039917412355 20
305057232851197952 11
305057669071392768 139
305057966858592256 2
305058143023558657 1
305058486973235200 140
305059304849956866 155
305059632009846784 1
305060386976190464 78
305061393634304001 139
305062077297483776 21
305062198923915266 142
305064971354640385 8
305066351280660480 16
305066988835844096 1
305067219522551809 104
305069006270902272 176
305072760160391168 11
305073850687836162 80
305077520708030464 11
305077768159391745 8
305083120108048385 80
305086219681935360 9
305086353912258561 176
305089113768480768 59
305090078470975489 136
305091596792258563 59
305096051130499072 101
305099427549429760 11
305101482762567680 15
305103261176852480 15
305103428944818176 15
305106314630139905 22
305106394296762369 140
305107413500043264 138
305108931846500352 21
305108965426094080 142
305110722810089474 15
305113029681491968 8
305120151622283264 27
305123985211932673 140
305127185486839808 138
305134416437587968 80
305136006091390976 43
305137398591934466 139
305137654440271873 139
305144747020935168 138
305146043073445889 142
305151248208900096 11
305153785758629888 15
305157640328204288 9
305158152024891392 78
305160731517673473 16
305164229562994688 78
305166465143828480 139
305168906195181568 15
305169115927154688 140
305173301855154176 1
305173566092095488 27
305179240960245761 142
305186337747775488 101
305190896939446272 1
305191777768443905 140
305194097205989376 137
305196378915753984 59
305202179629785088 191
305202846507335681 2
305204247421677569 140
305205765751320576 3
305207875490443264 140
305224161951895552 22
305239756378361856 8
305249499780104192 16
305270823592288256 11
305271691808997377 20
305294437515407361 8
305298921230585857 177
305300238275604480 138
305303077802635264 136
305316906401935360 20
305317132902739968 27
305319271989403648 2
305321625006514176 72
305322933629362176 5
305325072741171202 80
305333205467291648 16
305333364884373505 42
305339002012196864 139
305343116636999680 80
305344915968241664 59
305345146675949568 20
305352042103312385 42
305354462220922882 177
305360967603191809 140
305363182162161664 20
305363953930862592 42
305365451280629760 8
305383159653101568 8
305384682168672256 41
305388746453417984 139
305389136544690176 142
305391133020803075 140
305391669900099586 190
305401065145257984 42
305402784793116672 41
305409009136066560 177
305409285964304384 59
305413069243289601 16
305420375704104960 142
305423622078607360 80
305428017746944001 138
305429745770831872 41
305437094195630082 139
305440583877525505 177
305444417437827072 20
305444522333200385 138
305453586186379264 177
305453745569943553 13
305455821758791680 9
305457050689880068 80
305460318052691968 1
305461123354865664 177
305464839520780289 14
305470107558236162 72
305472036942258176 177
305472221504233472 178
305474113147924480 11
305481528643829760 136
305487291651063808 59
305487807550455808 139
305487845265657856 72
305489879498883073 80
305497756431171586 1
305497844515749888 11
305502235918471169 176
305506216329764864 176
305506535101059072 22
305513208242917376 6
305529385686020096 72
305536352416567297 136
305548192940974081 138
305555700728356866 72
305558498345889792 11
305559005844078592 136
305568979911581696 139
305569659372072961 59
305576043090157568 41
305580577149571072 22
305581395034636288 177
305590547005972480 140
305594787451527168 42
305595567587860481 42
305598335824314368 72
305601603208105984 140
305606120448356352 3
305607315820777472 42
305608414724251649 7
305610251846156288 178
305612047025057792 140
305641109336502272 138
305641247752728576 138
305644540281368576 140
305649707684864000 139
305653474165669889 140
305654501740777472 139
305663410450878464 42
305666505834651648 177
305681492103798785 11
305681508872626176 8
305685136945577984 27
305685136958169091 27
305685367619723264 27
305688819565473793 142
305690535002251264 140
305691122213203968 140
305692816707829760 140
305697841488224256 177
305699502440972288 176
305700286759071744 21
305701251453181952 15
305701654127325184 16
305704774676905984 177
305705198289047556 142
305705756131463168 78
305705877770477569 2
305706729214185473 15
305708708942475265 139
305715386270232576 53
305718192242843650 78
305718334849163264 138
305721119904763906 53
305722080400400384 78
305725792325885952 4
305725851054514176 78
305726165627310080 155
305728824841211904 8
305732100563283968 80
305732809400659970 140
305735657358241792 78
305735799952007169 8
305742569575432192 20
305745417478492160 27
305746671592153090 59
305748982649458688 78
305749645357875200 1
305750513566240769 27
305754477170929665 78
305762068886347776 80
305770772071325697 80
305774219759853568 138
305777046750109697 1
305778124656873474 21
305778355377143808 138
305784034435420161 140
305784927843147776 139
305787696087961600 140
305788820148862976 176
305790502043803649 1
305790569169448961 140
305798181822808064 13
305808222986584065 140
305808285922115585 142
305808621441277952 42
305811263882158080 176
305812916429529088 140
305813449101959169 139
305814032097632256 178
305814468301037568 139
305815202312646656 1
305815449801732096 1
305815479128305664 11
305816825516683264 1
305816888418648065 142
305816934555983872 15
305819711202017280 1
305819967029395456 8
305821762220859392 1
305822009680601088 1
305823586747297792 8
305826275283578880 143
305828091425599488 72
305831425867907072 139
305831530763276288 1
305832738722807808 11
305833262977282048 80
305833883759419392 138
305834282214100992 27
305834705834610689 1
305835909583077376 138
305840854667493376 27
305841534174101504 1
305842784059928576 1
305843169927503872 9
305844159808421888 1
305844306596466689 1
305844914770542594 16
305845950772023296 2
305846596694843392 42
305848052088987648 20
305848165372928001 1
305850090520735744 27
305850233143836672 136
305850233143840770 136
305850233148018691 136
305850233164800001 136
305850593853972480 5
305851613086633984 5
305852695187701760 1
305852711969116160 1
305853110448955392 1
305854276465463297 142
305855501198032896 155
305855622820290560 20
305855627039752192 138
305857686409474050 1
305863650713927680 1
305863873028820993 140
305864149827719168 139
305865886303125505 1
305866553180696576 177
305866922300436481 138
305869338211151873 142
305870441308893185 1
305871074657202176 1
305871477301968897 1
305871808664567809 20
305871846383960064 1
305872253227249665 1
305876611134259200 20
305878469219323904 20
305878519550984192 1
305880356639367170 1
305883208749314048 1
305883259080953857 1
305883288457867264 1
305883292660543489 1
305883317805383682 1
305883422654615553 1
305883498181443584 1
305883615600975874 1
305884412539703296 142
305884508991942656 1
305893178609893377 1
305895464501387264 1
305896181735755777 1
305896202732445697 21
305896349512105984 1
305896353702240256 1
305896391480336385 1
305896647311900672 21
305897024816041985 138
305897284858679297 1
305897628779048960 139
305897859486736384 1
305898354393624577 1
305898421498290177 1
305898471855112192 1
305898551517515776 1
305898694136455169 1
305898752835739648 1
305898790622208000 1
305898803200929794 1
305898903834869760 1
305898929034235905 1
305898987737718785 1
305899054838202371 1
305899193237655553 1
305899327467966464 72
305899973382385665 1
305901101654368257 21
305901416227155968 1
305903186244423681 1
305903391740141569 1
305903777624518657 1
305903890883297280 1
305903890895888384 1
305903911863197696 1
305903936995483648 1
305903949616144385 1
305904004125294592 1
305904012530696193 1
305904016708235264 1
305904029270151169 1
305904041865654273 1
305904046055780352 1
305904050258452480 1
305904054444376064 1
305904054469545985 1
305904092209901569 1
305904134148734977 1
305904134161313792 1
305904150904987648 1
305904150921744384 1
305904155120254978 1
305904163487895552 1
305904163517263873 1
305904176075010048 1
305904180277698561 1
305904188662091777 1
305904192864792576 1
305904209633624064 1
305904213832105984 1
305904247411720192 1
305904268358082561 1
305904280940969984 1
305904289342189568 1
305904293511299072 1
305904301908303872 1
305904306115198977 1
305904310309511168 1
305904327082516483 1
305904335458549760 1
305904356446838784 1
305904360620175360 1
305904369038155776 1
305904373224058880 1
305904373228257280 1
305904394208178177 1
305904398406676480 1
305904419348828160 1
305904419365588992 1
305904423559888896 1
305904427750002689 1
305904448729935872 1
305904503247486977 1
305904520007921664 1
305904520028905472 1
305904549363863552 1
305904557773438976 1
305904557777629185 1
305904578732359681 1
305904578753335297 1
305904582922485760 1
305904637482000384 1
305904645849624577 1
305904708785143809 1
305904721347096576 1
305904729744084992 1
305904759079047168 1
305904767476051969 1
305904801051459584 1
305904830386413568 1
305904855560638466 1
305904880739028993 1
305904884924952576 1
305904998166962176 1
305905014952558592 1
305905035936690176 1
305905094631751681 1
305905103016189952 1
305905161740623872 1
305905165960085504 1
305905174336139265 1
305905245635092480 1
305905472144285696 1
305905530856173568 1
305905535033675776 1
305905568592318464 1
305905589588987904 1
305905694408859648 1
305905702801649664 1
305905803460751360 1
305905807680233473 1
305905807684415488 1
305905837019385856 1
305905891545321473 1
305905904149209088 1
305905958658379776 1
305905962869469184 1
305906025796616192 1
305906084495912961 1
305906118033539073 1
305906218701037568 1
305906302620676096 1
305906407474094080 1
305906621383593984 1
305907074334855168 1
305907464434491392 1
305907472802144256 1
305907833541632000 1
305907846120357889 1
305907921592664064 1
305907942555807744 1
305908034830483456 1
305908080984596481 1
305908366214057986 1
305908403929235456 1
305908781433360384 1
305908844331155456 1
305909267960041472 1
305909297332764672 1
305909439951687681 1
305909632885473280 1
305909968404631553 1
305910236877828096 1
305910383670075392 1
305910387851788290 1
305910769529278465 1
305910958289743872 1
305911025398599680 1
305911130231042048 1
305911323169001473 80
305911335756124160 1
305911365124636673 1
305911721653063681 1
305912002650456064 1
305912271111069696 1
305912996725682176 1
305913307099971585 1
305913340641832960 1
305913365803450368 1
305914762506686466 1
305915626520707072 22
305915911766941697 1
305916792574971904 1
305916805128544257 1
305917706912280577 1
305917878878760960 1
305918352822509568 1
305918558364377089 1
305918814229516288 1
305919195877625858 1
305919959245144065 1
305921704088186880 1
305922052223803392 1
305922488410439681 1
305923981574295552 1
305924635889897473 1
305925327975223296 1
305925512516206592 1
305926183621623808 1
305926221357801472 1
305926615634939904 1
305927060222799873 2
305927232189251584 1
305927580308086784 1
305928087810486272 22
305928117158031361 1
305928679207346176 1
305928922493767681 2
305929631335333888 1
305929635521236992 1
305930981876047872 1
305931640385961985 1
305931652985679873 1
305933016138670080 1
305933406204751872 1
305933666234802176 1
305934358290788352 140
305934685450665984 1
305934853231226881 1
305937889890545664 15
305938695196909568 1
305940041585287169 1
305941165658742784 1
305941610233999363 1
305942029672779776 1
305942029676990464 1
305942029681176576 1
305943166358548480 1
305943321518407680 1
305944751784476672 1
305946123309289472 1
305948853834772481 1
305948950286962688 1
305953639510470656 1
305954503532888064 1
305954541277429760 1
305957397606825984 1
305958311956725760 138
305958991442370560 1
305959289237942273 1
305959998066929664 191
305961566745010178 1
305962514670297089 2
305963282215346176 1
305964527911051264 1
305964880232595456 1
305965073187348480 1
305965194813771776 1
305966172099194880 1
305972790715117568 1
305973151400083456 21
305975160501071872 1
305975470862766081 1
305976968254459904 1
305979082145951744 1
305979124118323200 75
305979782603104256 1
305979925238796288 1
305980491436277761 1
305981108007362561 142
305981976236675072 1
305983834304946177 1
305983918216212480 1
305984312443015168 1
305985151320612864 140
305988519363477504 1
305990511645302784 1
305992768180867073 1
305992956916166656 1
305993204367519744 78
305993552519888896 78
305994148090114049 1
305996517888638977 1
306006210908389376 21
306006663914213376 1
306007595062280192 1
306009771897655296 1
306010921141166081 1
306011227321143297 1
306012015837720576 1
306012145869545472 91
306013899076034560 1
306014771482882048 91
306015228674572289 1
306015652282507264 91
306017585881812992 1
306018370220859392 11
306018953216548864 136
306020224094834688 1
306020404437344256 27
306020995842576384 1
306021146820751361 1
306023520813596672 136
306024355496869888 59
306025227878543360 1
306025462780555264 1
306027098546524160 1
306028591727120385 1
306030659502215168 27
306035512349712384 1
306039723426721792 1
306043015946973184 1
306043221463683073 1
306044387476004864 72
306045398286475265 101
306045616428048384 15
306045889020047363 1
306046132302274560 1
306046560138055680 1
306047474500513792 101
306048380470165504 75
306048435000336384 101
306048585965924352 5
306050288865918977 1
306050657943691264 1
306051165467070464 8
306052788658520064 1
306054214713483264 16
306054269252030464 140
306054655128006657 15
306056341225611264 177
306057175925669888 1
306059348541595648 1
306059596026507264 59
306059621209100288 1
306059793146208258 1
306059801555787776 1
306059814147072001 1
306060191617658880 1
306060237742419969 2
306062104211898369 8
306062313948078081 7
306062519435411456 1
306063584813793280 1
306064910218051585 1
306065308668542977 136
306066466300645378 15
306067598754324481 140
306068177576673280 1
306068966089035776 1
306069431681970177 8
306072745148563456 41
306074649362567169 1
306076687811104768 6
306077266608263169 2
306077908366155776 78
306078382309920768 59
306079141495713792 41
306080961794297858 140
306082043937296384 1
306082979262906369 27
306083016999043072 2
306083327381741569 78
306083604201631744 1
306084707341316097 91
306085399363723266 1
306085537805111297 41
306085575537065984 136
306086150165131265 41
306087232312320003 41
306088498966966272 41
306089040040562689 41
306089346220580864 8
306089505595719680 41
306090529026879488 41
306090604532748288 41
306090755523481602 41
306091204309827584 138
306092554867331072 59
306093460836982785 41
306093804761526272 1
306094224187719680 41
306094610072088576 8
306096069689872386 1
306096405246787585 41
306096593969487872 1
306097965506912256 138
306100784091774976 1
306102428267335680 42
306102826722021377 1
306103363601313792 1
306104932237463553 78
306105364263337984 1
306106794512637952 1
306107968938725379 41
306107985694965760 7
306108195439538176 1
306108287680667648 1
306110607139143680 1
306110779126595584 140
306111823508299776 27
306112490394238976 41
306113920639332352 80
306117229957754881 41
306117963956768768 8
306118525989302272 143
306118697955782656 2
306118798644219904 41
306119578763808770 8
306120161759461376 1
306120660906823680 41
306120912552464384 2
306122049221427200 1
306122640588951552 41
306123110359388161 139
306125157179748352 41
306125807322034177 142
306127644402020352 142
306127812178374656 41
306127849935491072 8
306129687044825088 72
306130492338626560 139
306131226341826561 8
306131297640787969 41
306131356390408195 1
306132019073675265 142
306132480426115072 142
306132530782941184 142
306132547539197952 142
306133097022361601 13
306134007173746688 142
306136490180747264 41
306136653758603264 53
306137941439303680 8
306139245863632896 142
306139526856839168 8
306139677851787264 1
306139686269771776 1
306140361535942656 5
306140877452111872 2
306141292675624960 41
306141624042389504 139
306141645005529088 41
306141858898272257 1
306142005694697472 142
306142416736501760 78
306142777467625473 1
306144832663998464 8
306145319199047680 142
306146443272548352 177
306146472645246977 8
306146682339483649 15
306147873551171584 91
306148171329990657 142
306148959846559745 1
306149526115348481 139
306150172012969985 142
306150180393197568 142
306154009817931776 155
306155221971767298 142
306155754648383488 192
306156119552843776 16
306158267011313664 8
306158321562447872 178
306158363509661696 41
306158736769155073 1
306159210750676992 1
306160309645737984 1
306160477417897984 41
306161177875083264 1
306163518275735553 15
306163887374495744 138
306164822725234688 41
306165212791320577 8
306165489607012352 140
306165523153039361 8
306165728707481600 1
306166542389895168 1
306169205768720384 140
306170065605242880 142
306170350801154048 1
306171118367150080 2
306171521032925184 41
306171638456655873 138
306172112425603073 190
306172728975687680 142
306172733178400768 142
306173286813941760 8
306174238929321984 27
306174238941908993 27
306174243148800000 27
306174331216613377 1
306174704522235905 41
306176990405341185 20
306177112048558081 138
306180190671876096 142
306180232610709505 142
306180584911298560 1
306182048723369984 59
306182048748539904 59
306183638385565698 1
306187874624217088 1
306188646376157184 20
306189644633079808 142
306189673976442880 1
306189963400183808 41
306193490805661696 80
306194195431960576 8
306197940949635073 1
306199677378904064 8
306204748305031169 140
306206275010707456 1
306206371488100352 8
306206656696569856 1
306208602857811968 8
306211853472768000 101
306212163826106369 8
306214390988935168 8
306222154645643264 139
306223069016518656 80
306226353156534272 1
306226973926117376 1
306227200414318594 1
306229725376962560 8
306230723642273792 75
306234989224288256 21
306238197887803392 8
306238453740359680 8
306240563458482178 139
306242106970755072 27
306243172332339200 142
306243222651412480 142
306243671437750272 140
306247467308032000 41
306248939491975168 139
306250961150689280 142
306252324278530048 138
306255629394276352 142
306256380174692353 1
306256745104297984 1
306258284409663488 140
306263418208399361 142
306263455957147648 41
306263921550045184 8
306266882724462592 1
306267197305671680 140
306267855815602178 1
306268988256710656 142
306272339518173184 142
306277544641056768 27
306278622560403456 5
306282544238837761 59
306282976268931073 142
306290186285891584 57
306290542772367361 80
306294275723894785 41
306297425658781698 138
306300772704985089 142
306305268986302464 1
306309870141988865 138
306310268613431296 80
306310696415670272 16
306312944550023168 142
306318455865503744 1
306320838246924289 75
306322226574159872 78
306327989531074562 1
306333068854194178 138
306334360695611394 1
306337237971369984 41
306338756301053952 142
306342736703922178 2
306345043571138560 177
306348675846782976 80
306348789109760000 41
306348931678351360 140
306350118678962177 1
306351699919003648 140
306356804395339778 140
306361938252812288 41
306368632353607680 10
306369131479957504 1
306371085996265472 41
306374307221762048 140
306374974128680961 20
306375322239127554 27
306375926231465984 3
306379483018039296 139
306380233773293568 78
306382733591052288 41
306384654586486784 177
306388542702120963 1
306389054428180480 139
306391264805396480 91
306397166199513088 138
306398235759620097 136
306399909270151168 8
306401989661712385 78
306404254585872385 41
306406267822415873 7
306409673601458176 177
306411955319615488 80
306413599461625856 80
306413876298280960 177
306419492467113984 1
306419660264456192 1
306419790283677696 78
306420641731592193 140
306420864021311488 138
306421275050524672 177
306421434442469377 140
306422822752907264 59
306423372215099393 59
