306428048864051200 4
306428589937684480 111
306428732518842368 3
306429709816827904 27
306433610494386176 196
306433698578964480 167
306433786642587648 196
306434533262254080 196
306435883807145984 54
306437322466021376 196
306437800608288769 118
306438060659318785 118
306440996672110592 15
306441990701195264 196
306442162692820993 62
306443022537719808 180
306443970425274368 2
306444570223341568 4
306445966918160384 198
306446457647550464 118
306448932299489281 158
306448982635327489 165
306454087107493889 196
306454204522823681 196
306454913360220161 165
306455307645771776 68
306455961961377793 196
306456213619617792 111
306458566607372288 158
306458939917225984 196
306459132851023872 180
306459195748806657 198
306459304813273088 158
306460244316405761 158
306460886044905472 118
306461020266844161 180
306461653606731776 4
306462794482589696 158
306463864000753664 158
306463905960579072 180
306464103105441792 180
306464279253630976 158
306466292532117506 16
306466384802635777 167
306467164951568384 158
306467647262961664 25
306469543117717504 158
306469744419143680 158
306469887042273280 158
306469949952622592 158
306469996102574080 158
306471208231239680 167
306471367606423552 14
306473812885635072 158
306473921941762049 3
306474693727232000 158
306474878247243776 4
306475029258960897 4
306475377373622272 4
306475423536123904 4
306475612271431680 198
306476069425410048 25
306476950250205185 4
306477050900930560 180
306477478740889601 158
306477847827058688 158
306478808310087680 268
306479101907193856 167
306480112755417088 158
306481975034789888 14
306482402845421568 158
306483078128353280 167
306484059603877889 4
306486559379701760 158
306489013081079808 158
306489919050760194 158
306491860996743170 233
306492053913731073 2
306492225917947905 228
306497691075112960 2
306498349572431874 165
306498873881415682 196
306500014740480001 196
306500836807286784 111
306501231059288064 196
306504674603827200 25
306506541039763457 1
306506683654488064 158
306507086303469568 196
306507090531319808 196
306508269122371584 162
306509447692443649 198
306511150609223680 62
306515609124995072 68
306518306083450881 198
306518742270099456 158
306520273224613890 13
306521674088579074 2
306522592641167361 167
306522672341344257 4
306523028861353984 196
306523368587411458 158
306524299722895361 84
306525096670015491 158
306525188944711682 158
306526405271896064 2
306526463983747072 25
306526585652146176 158
306526841475325952 11
306527147693047810 158
306527437074882560 158
306527722312695809 158
306527726473474049 158
306529865589485569 158
306530356335616001 25
306531245502894081 158
306531476193820673 68
306531836891394049 19
306533439115493378 167
306534026326462464 165
306534802260127744 2
306535452393996288 162
306535750177009664 196
306536832341000192 68
306536907830091776 158
306536953938055169 86
306537025249607681 158
306538690417676289 2
306539202089205761 165
306540099699630080 25
306540137419010048 158
306540661702807552 19
306541236360200194 3
306542607889215489 158
306543077621895168 10
306543824212209666 196
306544101061443585 158
306544205914861568 158
306545195749613568 158
306545556455555073 158
306546013664063488 158
306546374344851457 2
306548253418213378 158
306548517646770176 158
306550430249414656 25
306550816129564673 198
306551327826259968 2
306555027198193666 162
306556663001923584 165
306557329875271680 25
306557396996718592 196
306558433002389505 165
306563667477008384 20
306563860406624257 158
306565869478240258 198
306566196650708993 25
306567488487972865 1
306568172155322368 4
306571384996380672 158
306573058540437504 196
306573515711201280 62
306574962750283777 9
306575692546576385 167
306577017963425792 4
306577076650135552 111
306577508676022272 118
306578041356824577 196
306578834084474880 167
306579442266939392 4
306579475829760000 198
306579647796240384 180
306579819741720577 4
306580130111823872 111
306580163695611904 158
306580742509568000 158
306580893491937280 158
306580927054741504 158
306581505835143168 158
306581912686821377 158
306583116485644288 15
306584374743281665 198
306584890667843585 3
306585859552071680 198
306586258015141888 167
306589714088075265 228
306590666199293952 4
306591341482217472 4
306591446339833856 4
306593040196329474 158
306593770001022976 62
306594046825086976 9
306595816812986369 165
306597393879691264 4
306597515527065600 228
306597922340995073 2
306601676280844290 198
306605459517874179 25
306605727940767745 158
306606013182783488 196
306608148083527681 198
306608911442640896 2
306609746088165379 198
306609934865416192 4
306610463322537984 165
306611922940329985 167
306612392714964993 196
306613768459280384 167
306614624097275904 158
306615144169996288 196
306618168250626049 196
306621729231499266 68
306621905375469570 198
306623088194383872 198
306623897695043584 198
306632936420155392 198
306634467324329984 167
306635452985786368 56
306636170215960578 196
306636535107837952 4
306638078620102657 56
306639643087093761 196
306639710229508096 5
306640486163152897 111
306648581174071296 196
306649919131885568 196
306650871234707457 2
306652515418656768 167
306653769511342081 198
306654302192148482 3
306655476588892161 234
306657666028158976 111
306658865607491584 4
306659419234652161 158
306668004991721472 158
306671410749796352 158
306682370470342657 167
306687592387182592 2
306688947164172288 4
306689072976494593 13
306690750685532160 118
306691425989451777 11
306701051904540672 68
306703065157873664 62
306706277994745856 196
306707188167110656 198
306707636945031168 56
306709109154123777 16
306711424401559552 167
306711441187160065 167
306712133272477696 111
306717627810713600 1
306719162925998080 8
306720605741412353 198
306720890983432192 158
306721067127431168 56
306723864707203073 158
306724133159460864 167
306726054154862594 198
306732932792471552 111
306733700375248896 158
306736695099936768 2
306737060000169984 198
306743326302949376 162
306743645074247680 196
306745171809280001 228
306746266510061568 198
306747877114380288 167
306751157051727872 165
306752406950121472 198
306753715602341888 25
306754357330837504 25
306755758228402176 198
306755909198176256 15
306755921772675072 198
306756102127747072 198
306757486252290050 198
306758551613886467 111
306760875258286080 118
306760912994459648 162
306761202414022656 198
306763832242622467 167
306765279302664193 167
306769012203851776 198
306769192550551552 167
306770127901298688 118
306771742708359168 167
306773932118265858 198
306775458840735745 27
306775559516594176 68
306776742306123776 180
306777597969305600 2
306777736381333504 198
306778680091361280 198
306780777218199553 27
306781486080741376 4
306781561569820672 167
306782085841039360 2
306782245224583169 111
306784447271952384 198
306784581456101376 27
306784904425906176 198
306785718146052096 27
306787450376839168 25
306787521688379393 19
306788066926944256 198
306790864544468992 198
306792412251037697 167
306792420614475776 167
306794245132533760 158
306794412921479169 198
306796388417671170 167
306797848073224192 111
306801606152814593 14
306802226909831168 198
306802721816735745 167
306803623621455873 4
306807306216148994 15
306807406883651584 62
306807696261271552 180
306807964696715264 68
306811433419673600 158
306811701829963781 167
306811857023401987 165
306815690625650690 196
306817095725895680 167
306818228183773184 27
306818702119165952 198
306819964629835777 167
306820157551038465 87
306820576973037568 158
306821029957885953 167
306822334382235649 167
306822577685426176 162
306825282986336257 13
306827300471705600 198
306828692984840192 2
306830815302656001 165
306830999831056384 167
306831691891212290 165
306833587699851264 167
306833600282759168 9
306834409800216576 198
306836255302361089 158
306840281842601985 198
306841695327223809 14
306842496418324482 198
306842769060675584 2
306842831945863168 25
306843796656758784 54
306843922477510657 167
306844710994079744 162
306848687227805697 162
306850750800228354 162
306851036021284865 165
306851656765689856 158
306854462784430082 198
306856434098925568 62
306857717530759168 84
306858313159696384 198
306858447348064256 9
306863610548875265 15
306869037978247169 1
306870833140338689 39
306871978168553472 162
306872150156001280 2
306874071138836480 25
306878319968808961 167
306879632769179649 62
306880979157540864 165
306881029493370880 10
306881696404492289 10
306881939665719297 10
306882199720968192 10
306882237444526080 198
306883961324466176 62
306885425140736000 196
306886809261072384 2
306887815873060864 198
306888726020243457 10
306890961601040384 76
306894551946235905 11
306894866514853888 111
306895634068279296 111
306895852172095488 25
306899484418392066 158
306901187310010368 20
306902877618712576 165
306904693735583745 10
306906014966493184 228
306906761556791296 15
306907927577513984 162
306908493787561984 10
306908837716303872 198
306908862903099392 158
306915917705666560 158
306916764942491648 68
306919411569291264 162
306919617098547200 165
306919856148729857 111
306920535655342080 111
306922733470621696 233
306923983373209601 158
306924692206399488 111
306925199713005568 111
306926072136601600 10
306926709670813696 5
306928978793463808 25
306932866875539456 111
306933231792578560 111
306934234222841857 228
306935073092014082 118
306936650162917377 111
306939959481364480 2
306941008053141505 118
306942140519436288 62
306942304088911873 118
306944149582663680 25
306945420460978176 11
306948142555865088 165
306948394205728768 165
306950596202737664 228
306951254712668160 111
306952936624361472 1
306954022965878784 3
306955402896105473 2
306955566473961473 118
306956464050798593 10
306960826126979072 180
306961019056578561 111
306961111335448576 198
306962738708635648 76
306968128406036480 54
306971936846663680 68
306971941019983872 11
306972620526612481 86
306973237080911873 165
306973832663662594 198
306974067548901379 267
306976609271955456 68
306978379268231169 11
306981579547373569 11
306981604708995072 86
306982108017086464 11
306983085281538048 162
306983903191785472 25
306984846901796866 11
306992535081979904 11
306993000645525504 118
306993625563271168 2
306993772393295873 111
307002928542150656 111
307003188601577472 111
307009861714067456 39
307011606573883392 118
307022130057469952 2
307023388382224384 167
307029906305478657 156
307032037020270592 27
307033710555963393 2
307035124023828480 162
307037560901861379 4
307045525897760769 167
307046494802935809 1
307049443377688577 54
307055546094215168 111
307065247510962176 158
307067785090039808 27
307068657488515072 68
307071719317831681 55
307073900364308482 20
307076064612589568 167
307077549392003072 118
307079575249235968 62
307080191824515072 25
307083811513044992 15
307084558099173376 165
307086684590309377 159
307091323494752256 13
307093299011932162 165
307097002582372353 68
307098734829912064 167
307100471280144384 4
307106796273819649 165
307107895189848064 68
307107903574265857 196
307110692790620160 10
307110759891103745 196
307112181797888002 62
307114635444776961 4
307117311398137857 86
307117462422421504 196
307117642777505792 196
307118011846914048 180
307127277081206784 62
307129005134446593 198
307131370721902592 267
307134805873672192 111
307135019749634049 4
307136391299612672 162
307142502383763456 162
307144196920336384 62
307146717671866371 14
307150274458443776 198
307151847309860866 111
307152036045144065 165
307158759506055168 11
307158784701235203 11
307161016062599169 4
307161129304592385 19
307161242550816768 11
307161242554998785 11
307163360657559554 2
307163893334159360 167
307164086288912385 10
307165332001411074 163
307166250562355201 165
307166443487760384 167
307169949930119169 12
307175335416442880 19
307178082693963777 198
307181526209138688 2
307182008549924866 11
307183841481728000 2
307184680321548288 25
307188442616451072 15
307191902934032384 111
307192657879396352 68
307194050396688385 111
307194264327168000 39
307194935382261760 19
307196063662624769 111
307196747338350592 198
307196797682585600 198
307197904983048192 198
307198236324675585 10
307199213568151552 198
307200916480720896 198
307202619363975171 165
307203445646053376 111
307203667956748288 10
307204733276401664 198
307205085618900992 198
307209330241978368 15
307210991177957376 198
307211171545628672 3
307211972670287872 62
307212664730423296 25
307212849271406592 62
307215089025560577 165
307216364098162689 9
307216854819160064 15
307217152635719681 118
307217240720302080 118
307217840501555200 118
307219291739127808 165
307220046684491777 15
307221112054489088 111
307224488477597696 198
307226463965433856 25
307228020081569792 1
307233262957371393 2
307233762075361280 111
307236236714721280 19
307237360800759809 158
307238530994814976 111
307239013335576579 10
307240145789276163 10
307240598769901568 62
307240816907272192 62
307242335220162560 4
307242393936203776 11
307242700116221953 11
307244822446608384 162
307245954896130049 2
307250212135641088 25
307252263150288896 10
307253500465774593 19
307253689217843200 111
307255371125358592 10
307258848207593472 180
307261188641792000 167
307261444490133504 167
307261754851864576 39
307262639841619968 165
307266276319961088 4
307267480076836864 14
307272672641945600 19
307273763140030464 55
307275516384264192 158
307275566711730178 158
307275600245178368 158
307278204920537089 162
307278641111384064 39
307282487283961856 68
307284072760242177 118
307287809876705280 34
307288199942774786 2
307288355144613890 68
307288929734914049 68
307289462436683778 198
307289672156073984 111
307290011886317568 1
307290016055435264 165
307290154467467265 62
307292868215701505 1
307299377754558464 111
307303609803100160 15
307304280895930368 1
307305258185539584 111
307305748923314176 165
307310102577307648 162
307315446124802048 9
307320982622838784 2
307325436969492480 162
307326439399776256 158
307327664157511680 167
307332118504144896 39
307335725613973504 162
307335901766381568 39
307336224711000065 118
307340209295593473 167
307341958353920000 11
307343942234554368 5
307345074692440064 68
307349038309732352 39
307352926454693888 20
307355988284035073 11
307356453830803457 2
307356843905282049 5
307360182604820481 39
307361814180679680 62
307364469183483906 39
307369338757865473 111
307378020971327488 7
307379371528822784 10
307379732234764288 68
307380759835062272 39
307381804225163264 39
307382307550007296 5
307385931420274688 86
307386229199089664 86
307386392785342464 86
307388573810819072 39
307396861784883200 10
307397608350035968 86
307397646123954176 86
307397692240297984 39
307402142384267264 39
307402884801249280 86
307403522348036096 86
307403534922551296 86
307403539116863488 86
307403929157783552 25
307405611086258177 25
307407506920067073 39
307408635200413696 16
307409448899588096 39
307410191257841664 39
307413009846915073 165
307415710970306561 5
307416122024677376 111
307416801489342464 39
307420106609278978 111
307421599789887488 86
307424758105001984 39
307431003394281472 39
307431250866601984 234
307432563683778561 162
307433402544570368 5
307435323552567296 86
307444202877370368 86
307445154996961280 198
307446019006803969 39
307446551675031553 86
307448715973627904 5
307450615968186368 86
307450649514213376 14
307451429663158273 62
307454147576348672 56
307455359746969600 86
307456261518147585 111
307458291565486080 86
307459025568669696 86
307459268817326080 86
307459713409355776 86
307461353378025473 86
307461647004471296 86
307461957353611265 86
307462120944066560 86
307462808801513472 39
307464444605255680 86
307465186980282368 68
307465811923173376 86
307465828713000960 165
307466998923812864 162
307467506434572289 86
307469041541468160 39
307472413770276864 86
307472690581733376 167
307475395937198080 158
307475555295559680 5
307478914941476864 86
307479455989895169 86
307479607022612480 86
307479900607107072 86
307480206774521859 86
307480689123680256 86
307481142125268992 5
307481150518079488 86
307481830003728384 68
307482706588090368 86
307484015210942465 86
307484619199107074 16
307485877473513472 86
307486527624200192 86
307486879941554176 86
307488347935358976 39
307488465363300352 10
307488599576809472 86
307488834491392001 86
307489383928438784 86
307489904005369857 86
307490721923989505 39
307491908907855873 39
307492995215790082 15
307493204918407170 4
307493443997925376 228
307494886838530048 39
307495490826678272 15
307495641846788096 167
307496547812270080 39
307497109853200386 198
307497546044035072 5
307497638310326272 39
307497910965243904 39
307498288440016897 5
307498389086535681 39
307498925953273857 86
307499441873645570 165
307499680936386560 86
307501107003916288 86
307501656474542080 86
307501765530632192 86
307502029746630656 86
307502096842883072 86
307504093344186368 86
307504563097837568 86
307505599095111682 5
307506161123483648 86
307506551231492096 19
307506593140969472 86
307506693816852481 86
307507339756457984 5
307507549471657984 5
307507721438109696 86
307509260751892480 86
307509596292018176 86
307509969580855297 10
307510535803502592 15
307510921696264193 39
307511496299147264 86
307512431620534272 86
307512972685758465 162
307513232732606464 158
307513329222553600 39
307513723453575169 86
307513899614363649 39
307514012894130178 156
307514210026397696 5
307514499420782592 16
307514730115919872 5
307515594138324992 10
307516781134757888 5
307516814655643648 162
307516953076051970 86
307519343858688000 39
307519746507698176 86
307520199488315393 111
307521873007226880 228
307523122926596096 86
307523135496941570 5
307523861124112384 15
307524586730311680 86
307525303952097280 12
307525966635339777 10
307527120081526787 86
307529737331425280 86
307530643296903168 86
307530790101741568 86
307533013087031296 4
307533386363330560 39
307534795657846785 5
307535051527188480 86
307535986840182784 86
307536062354440193 86
307537433870872576 1
307539078033833986 86
307539791065526272 86
307539799441567744 111
307539908522827777 39
307540059509370880 39
307540575404572672 19
307542198608596993 158
307544274776510464 234
307544882950594560 16
307544937484926977 86
307547953172717570 86
307548049654300672 86
307549156946358273 39
307549358293917696 10
307551811961778176 39
307553875542552576 86
307554114617892864 19
307554278195724288 10
307557230985740289 86
307557365186699264 39
307557482627215360 5
307557520413687809 39
307558518637080576 20
307558921286057984 86
307559709806845952 2
307559764341161984 7
307560531903004672 9
307561484018393088 25
307561714679959552 25
307562306101981184 39
307562712953679874 15
307562822013964289 20
307563027505504256 86
307563811831951360 2
307565820911947778 86
307567737738260480 25
307568475902193664 39
307568555598168064 25
307568815674372096 111
307570443039145984 25
307570598236811264 5
307571369976135683 25
307571617440100352 86
307571948811059200 5
307572900888715264 180
307573156766433280 5
307575501373992961 39
307575685935951872 86
307576268923236352 5
307576554161045504 25
307577489461485568 86
307577774695120897 198
307577934087069697 39
307578894586892288 86
307578995220824065 86
307581469876944897 39
307582073865121792 10
307582275158155264 10
307582514237681665 25
307582556180733952 19
307583395037327360 20
307583952888147969 158
307584821138452481 86
307585630601371648 39
307587392213221376 39
307587807482875906 86
307588801511956480 5
307591670399107072 111
307592068874772480 39
307592580563099649 111
307592869999427584 15
307592941277433856 39
307594191192616960 86
307595403346464769 5
307595491422662656 39
307596464505380864 165
307596636455063552 198
307597542437289984 19
307597580177653760 39
307598603608788993 10
307599513781141505 86
307600201642811392 39
307601006924029953 86
307601933890383873 27
307603519337271297 39
307603859054919680 62
307605280923987968 25
307605616497655809 86
307606107231227905 86
307606417571971073 16
307606899916939264 39
307607118050115585 86
307608611230724096 25
307610095980797952 86
307610326663327745 39
307610414743707648 39
307610469299023873 39
307610678989041664 111
307611165545095168 165
307611874365669377 39
307611937288638464 111
307612037977092096 111
307612314801160193 10
307613061387280385 39
307613187208007680 39
307614705541853184 86
307615133360857088 5
307615334687469568 86
307615615693225984 111
307615707976327168 39
307615959626158080 39
307616026743427072 163
307617154998607873 39
307617444409798656 25
307617448608272384 25
307617616372060161 111
307618048381186048 27
307618950164905984 86
307619726102777856 10
307621722599854080 5
307622246900441089 39
307622288830918657 25
307623685546708992 162
307624226607755266 2
307624713134419968 86
307625598161915906 86
307625635906469888 2
307625816232194048 86
307626743190138880 111
307627141628059648 86
307627787588620288 198
307627900797071360 86
307628135715840000 25
307628148269404161 39
307629117166202881 68
307629251375538178 5
307629373014548481 25
307629901517832192 111
307630274794119168 2
307630518067929088 39
307630648095539200 86
307632187409321984 162
307633915437412352 86
307634058056331265 39
307634095784095746 39
307634242605686785 39
307637153465266176 25
307639158309023744 86
307641955926552578 27
307642039816814592 86
307642882876125184 86
307643235189264384 5
307643428118863872 5
307643830797225984 5
307644459926044673 5
307644564787851265 5
307644682215759873 228
307644967420055552 5
307645290406629376 5
307645823087439874 19
307647555305619456 25
307649769910726657 5
307650470380453888 5
307651569254559747 86
307651577651544064 162
307652986941894656 165
307653163127824384 86
307653297345540096 86
307654769521090561 62
307654941512695810 2
307655067308277760 86
307655289627365376 86
307655558058627072 86
307655801345024001 39
307656073949618176 39
307656350790463488 15
307656531153924096 196
307656816349835265 9
307658565374582784 86
307659093844324352 165
307663321694351360 62
307664747795447809 20
307664756146331648 86
307665343382441985 39
307665787953491968 25
307665926361346048 86
307666459063119873 2
307667260154191872 165
307668702994767872 86
307670162633523201 5
307671055999320064 86
307671173439823872 118
307672213648191488 86
307673048285331456 5
307673513865641984 111
307674004590821376 165
307674419856293888 19
307676806419451904 86
307677511049949184 86
307678920315113472 162
307681092972969984 167
307682250617659393 62
307684104500023296 86
307685325013135361 86
307686524596658177 158
307687065674469376 165
307687136990228481 162
307687170506903553 86
307689389310484481 86
307690291090046976 39
307690341413289985 5
307690865705508866 10
307695965991735296 39
307696913912836096 5
307697681445318657 15
307702462939291648 111
307702764933373952 5
307703834485080064 5
307704484606398464 25
307705407340687360 5
307706535621058571 158
307708272075481088 4
307708364354355200 4
307708624405417984 86
307709161272127489 19
307710574727397378 62
307713481401065474 76
307715016520503296 25
307715725345304577 86
307717025587920896 86
307717163995762688 86
307719420543905792 86
307730552214147073 86
307732653573038080 19
307732926186004480 86
307737355375243264 196
307741629350035456 86
307744905130819584 86
307745853043511297 158
307746981302923264 86
307749686608011264 86
307749921505820672 86
307750001180803072 86
307750483559333890 86
307750873629618176 86
307751112700723200 86
307751666353061888 86
307753482482499584 86
307753633448083456 86
307754967245135872 86
307759673283579904 5
307762332459753473 25
307762458288852992 167
307763372634550273 86
307763951469486081 68
307769110434029569 111
307773212496908288 162
307774391079555073 10
307775934587625472 111
307778258219438080 15
307783794709110784 86
307789633176092672 86
307793173181235202 86
307796155331395584 86
307797002576621568 111
307798084686065664 5
307800001503961088 86
307803809919430656 5
307804992717324288 86
307814236984315904 5
307816967442661377 5
307819165270560768 34
307829068013920256 86
307829290341396480 86
307829374189699072 233
307830326300901377 11
307832171819839488 25
307833786635259904 5
307833992131006464 86
307834461893062656 5
307836462592847872 25
307837800571613185 25
307838064812769280 86
307839365059575808 86
307844251402764290 25
307849196487188481 11
307851746619817984 86
307851826328383488 5
307852476449697792 86
307854980436606977 10
307861120889266176 25
307864430182543360 5
307866107929296896 87
307869165568540672 25
307871577305919488 11
307875956167680000 165
307879433245712384 2
307880519532679170 25
307882406977875969 86
307883124203872258 15
307883182949285888 86
307883543625871362 19
307884181172658176 86
307884273472516097 198
307885523366711296 180
307885934400122882 5
307886680982036480 25
307887175930884096 10
307889847677374464 10
307891055657893888 86
307891319869693954 10
307891454108397568 10
307892704010977281 5
307892779516833792 10
307893136036872192 111
307893597380956161 10
307894083920207872 10
307894599823802369 10
307895711314374656 10
307898622173908992 10
307899473605062656 158
307901533020889088 10
307902648680599552 10
307904263512809475 10
307904481612406785 19
307904506761449472 86
307905203032715264 10
307905307886108672 10
307905895092854784 10
307906410992263169 10
307906914300334081 25
307906998186426369 10
307907660894855168 10
307908990472429569 86
307909107912941569 10
307909498016780288 15
307910664012328960 10
307912287203753984 86
307912480133361664 10
307913235124854784 10
307913558103048192 10
307914334019936256 10
307915902693818368 10
307917005787365376 86
307917173559554048 10
307919128101007361 86
307919186825474048 10
307920097002000385 86
307920252208046082 10
307920440951726081 10
307920642265739265 10
307920902325153792 86
307921640522670081 10
307921946690072576 162
307921976071176193 15
307922286424498176 10
307923267879063553 10
307923335008907266 10
307923427266805761 10
307923477623631874 86
307923779605106690 10
307923829915783168 10
307923997696344064 158
307924043842064384 86
307924534558867457 25
307924538778337280 10
307925071450746882 86
307925805449764864 10
307926866600284160 10
307926870802972672 10
307926937903439872 86
307927541891600384 86
307927952945991680 198
307928485614219264 25
307928594670292992 10
307929026687799296 10
307929349624049664 10
307929370620731393 86
307930712789643264 10
307931622941020161 86
307931828482875392 25
307932059161206784 15
307932503749050369 86
307933124510244865 86
307933518758047744 10
307933787201892352 118
307933858505035776 10
307934638674964480 268
307934697361657857 10
307934982595309568 10
307936073126907907 10
307937528521060352 10
307938434520055810 10
307939260789563392 10
307940070269284352 86
307940296791035904 167
307940959474294786 10
307940980462612480 10
307943413150535680 165
307943614468739073 10
307948110741663744 10
307949562008576001 86
307949792695316480 10
307949801067139074 86
307955723436965888 86
307958030304161792 10
307958068036108288 10
307958277738745860 2
307959770931949569 86
307960995647717377 2
307961566098235392 10
307962979561914369 86
307963747144724481 10
307963877159759873 4
307964120404205568 10
307965877834354689 198
307966527930507265 86
307967828189921280 56
307969988252295168 10
307970197950713857 10
307972152508964864 86
307973129798553600 25
307973146567401473 158
307973972845277185 86
307975692514103296 10
307975990288728064 10
307975990297104385 10
307978020327653377 10
307978037125844992 10
307978058088984577 86
307978657874444288 86
307978829857689600 86
307978834018443264 86
307979815510765568 10
307981103136915456 86
307981342237405185 234
307982269153439744 86
307982361453289473 10
307982378209521664 10
307983808492351488 10
307984911581720576 86
307985607836180482 86
307985918197919747 10
307986081792528385 10
307986220221349889 1
307988506117029888 86
307988535464562688 86
307989181395767296 86
307989835711393794 10
307992096428675072 10
307992973054967808 10
307993048514691072 86
307993539281813504 86
307995317662515200 10
307996294914404352 10
307997586789371905 10
307997863592472577 10
307997934908219392 86
307997976855449600 86
307998366913142784 10
307999415493345280 25
308000262751141888 25
308001185489629185 10
308002481516990466 10
308003332964896768 10
308004159225991168 86
308005119755173889 86
308005757272608768 10
308006583546310656 86
308007149785718784 86
308007804097142785 25
308008030597951488 10
308008319988137984 10
308009662186397696 86
308010505216356353 4
308011415409684480 86
308011750945595392 16
308012698837323778 25
308012698837323779 25
308018008838787072 111
308018784780840960 2
308019858510061568 86
308020642861682689 15
308020965806338049 39
308021016171536385 86
308022555451719680 25
308025575358988289 10
308028209402896386 10
308031300588154882 10
308034249175465984 162
308035629105696768 86
308037596251054082 86
308038405739130880 86
308039194280857600 86
308040188314132480 86
308040586785615872 2
308040754528399360 27
308042822358020096 86
308044630073692161 10
308044957233606656 10
308044974027599873 10
308047847109062657 86
308048291722055681 10
308048946037669888 2
308049805865791488 10
308051114492841984 86
308052662191001601 10
308054771909148672 10
308054872555667456 10
308059435987791872 10
308059545043873792 165
308059922522853377 86
308061294056046592 5
308062904681385984 86
308063252800237568 86
308063747715518465 87
308064666255519744 16
308065748385951744 86
308066360762716160 10
308067270918287361 4
308067719742386176 5
308068206256459777 10
308071658193833984 27
308072987783987200 10
308073973441241088 86
308079337956065280 10
308079358931779585 10
308080214540447744 111
308080487207927808 86
308081560949780480 10
308083507090046976 2
308088229867970560 10
308089370722856961 10
308089391677583360 10
308089702060290048 10
308089781756243968 16
308090234757840897 10
308090599653928960 86
308091576909967360 86
308092424192937985 10
308094932378345472 86
308097172124086273 162
308097880974041088 86
308097956475723776 86
308100082975264769 86
308100183651131392 86
308101093819314176 86
308101630656655360 86
308102024950607872 86
308102444364218368 4
308104667353710592 10
308106202485768192 162
308106500277149696 86
308107745968656384 10
308110107361828864 86
308111218860777472 10
308111835419246592 86
308117275448340482 86
308120781878075392 25
308122262467395585 10
308122400862654464 11
308129547973443587 158
308130130985889792 10
308132194554097664 86
308132362338828288 10
308135025726078976 162
308137353577377792 86
308142231523581952 10
308143972155551744 86
308151786143899648 4
308152079766147072 10
308153686201364480 10
308162859131625472 55
308167879713492994 86
308172808024911873 10
308175244911337473 233
308175945334939648 10
308176918447001603 163
308180932395937793 86
308182064837050369 25
308185877455200256 86
308188150788935681 10
308189144834789376 8
308189845279346688 86
308192760316440577 25
308193125229285376 15
308193460761026561 86
308193523667173377 86
308195813778141184 2
308197944484585472 268
308202990223904768 86
308207008350363648 10
308208627372658688 86
308210024067526656 86
308211655672729602 10
308211672441577474 198
308213689893412865 86
308214629434281985 86
308215032083275776 111
308216273593044992 86
308219012481945600 25
308221172531728384 19
308223018021302275 10
308223512940773377 4
308224985137303554 10
308227162010439680 86
308227845665210369 62
308229162676654083 10
308230869775155200 165
308235382842089473 165
308235970032058370 10
308238952173805568 86
308239648449257472 86
308239791055581184 180
308241619772141569 25
308242215359094786 111
308242546696540160 25
308244610289913859 15
308244627062943745 25
308245574975647745 86
308246044762845188 4
308246388678983681 234
308248607474200576 62
308250150978088963 111
308250226471346176 54
308253594518425600 10
308260594790830080 86
308260699644235777 2
308260708041240576 6
308261161009299456 27
308261559489163265 10
308264159940837376 25
308264386450038784 86
308265611186798592 165
308267968385675264 5
308269717389451264 27
308273823625666561 2
308275354555011072 5
308275400683950081 86
308276688335278081 2
308277388805025792 11
308278005371908096 62
308278626128891904 10
308279779541532672 1
308281801183481856 111
308283374064246784 10
308287991988776960 10
308291762651271169 62
308293612351942657 10
308294337953923073 10
308294669320728577 10
308298012172632064 86
308298863628922880 5
308299677302943744 86
308301413765750785 10
308301451522895873 25
308303842271977473 10
308308334371536896 25
308310888702685185 68
308312616734978048 27
308315045236965376 165
308315791856648192 86
308318371345227776 86
308320871150403584 14
308321307328667648 10
308322628559568897 86
308324222378328064 6
308325782663610369 111
308326273418153984 2
308326650905497603 2
308330874544480256 158
308332464194084864 0
308333579899908096 10
308333630231568384 19
308333890244837378 0
308333932200464385 0
308334565532000256 118
308334787855253504 0
308335802847469569 0
308335878374297600 158
308336079696707584 0
308336490709123073 0
308336562020691969 86
308336734012317696 0
308336868221673472 0
308336931136233473 0
308336985662185472 0
308337010807021568 0
308337249894944768 0
308337262465257472 0
308337459601739780 0
308337530925883393 0
308337849701392384 0
308340122980589568 1
308341523899088897 0
308341809103372288 0
308342249513689088 0
308342509535383552 0
308342664724619265 0
308343235183529984 0
308344728330571776 0
308345063887499265 0
308345160335519744 0
308345588175482880 10
308346259276722176 0
308346284425768961 0
308346829693657088 0
308346829706248192 0
308346875830996992 0
308347400123199488 0
308347404296540161 10
308347605631528960 0
308348427710889985 0
308348666773643265 0
308348926849867776 0
308349157540786176 0
308349203648741376 0
308349224624455681 0
308349434360639489 0
308349463704006656 0
308349597917532161 0
308349602116018177 0
308349811827032064 0
308350151569833984 0
308350323548889090 0
308350562611654656 0
308350759731347457 86
308350948475011072 0
308351351161765889 0
308351590207741953 25
308351711867715584 0
308351820919627776 0
308351850288144385 0
308352366170746880 14
308352454238556161 111
308352471036735488 0
308353016300445696 0
308353054032396289 0
308353343430991872 0
308353372782723074 0
308353557361479680 0
308353561559977985 0
308353788023037953 0
308353855131897857 0
308354052289359873 0
308354090042277888 0
308354337476861952 0
308354425574019074 0
308355272806637568 0
308356157804785664 0
308356518535901185 0
308356921184894976 165
308358389199687681 0
308358770889732096 0
308360821875036160 0
308361157427724288 0
308361161622028290 0
308362055017168896 0
308362424124317699 0
308362768061460481 0
308363225215422464 0
308363640472485888 0
308363640472498176 25
308363917288144896 2
308363934048595969 158
308364726801399808 0
308365305581801473 0
308365712458653696 0
308365792125259776 86
308366018609303553 0
308366312214781952 0
308366329021349889 10
308366693921595392 10
308366735835271168 0
308366844899766272 233
308366857495248896 0
308366932984344576 25
308367968964845568 167
308367981560356866 10
308368929464655872 0
308369562833932288 0
308369810260115456 0
308370082919231488 0
308371030806777857 0
308372201034379264 0
308372628853374977 0
308373908120297473 0
308374528864698368 0
308375254491873280 10
308375300608229378 0
308375451624144896 0
308376240132345856 0
308376311464865792 0
308376881873424384 0
308376881877614592 0
308377175462125568 0
308377485849026560 0
308377741705764864 0
308378324730798080 0
308379956298252289 0
308379977257189376 0
308380421849239552 0
308381805969555456 0
308381843730857985 0
308383135568101376 0
308383412413157376 0
308384406463184897 111
308384423252992001 0
308384565838348288 0
308384901382672384 0
308385119503273986 0
308385660572684288 0
308386558132776960 0
308386721702223872 0
308387053064826880 0
308387690578071552 0
308388139368599552 0
308389716460457984 0
308389842281193473 0
308390987326164992 0
308391511588995073 86
308392065274880001 118
308392455340961793 0
308393084473987073 0
308393340305547264 0
308393625526603776 0
308393671676538880 0
308393852048400384 0
308394363715719168 5
308395533930729474 167
308395718480130048 0
308396569932210176 228
308396867752980480 10
308398230884986880 0
308401364009099267 0
308403264033026048 0
308404987921309696 0
308405277303128064 10
308405281518411776 0
308406275555872768 233
308407064068239360 0
308407529648570368 0
308408938930511872 0
308409035420467200 0
308409488392744960 0
308409677123813376 0
308409752629686273 167
308410247574335488 2
308410708935180288 0
308412210483441664 0
308412445368664065 0
308413225525997568 0
308414903255977984 165
308415704372236288 86
308415830201360385 0
308415922446667777 228
308416325099872256 10
308416408977547265 0
308417340121415682 0
308417872798027776 0
308418061562703873 0
308418095091970048 0
308419642806894592 0
308420796219531266 0
308420863328407553 0
308421605745377281 0
308421727367606273 0
308422746583486464 228
308423656751636480 0
308423946171187200 158
308423958745710592 86
308425133134065664 2
308425141539459074 0
308425569371058177 0
308425770664071168 0
308425791648169985 0
308427477775163392 0
308427993678770176 0
308428165649424384 0
308428262084857857 165
308428836729651200 0
308429746889428993 0
308430376039239680 0
308432909398859777 2
308434813608677378 0
308436243866349568 0
308436566827737088 0
308439075025739778 2
308439548969504768 0
308441537073782784 0
308441998430449664 0
308442984104464384 0
308444041060679680 0
308444322108407808 0
308446276645687296 0
308446427615469568 0
308446595391844353 0
308446641520783360 0
308446993863286784 0
308447174230953984 0
308448294089150464 0
308452249330405377 228
308455478919319553 0
308455852212375553 25
308456003245072384 165
308456112271814656 162
308456594608386049 0
308456787575721984 162
308458188452290560 0
308458599485681664 10
308461246125047808 0
308461288034553856 0
308461573247205376 0
308463439716683776 0
308464136000532481 0
308464324710653952 0
308465138414006272 0
308465683673530368 5
308466702889398272 62
308467067793850368 0
308467252351606784 10
308468300919238656 0
308468581924999170 10
308468674229059584 0
308469164958429184 0
308469274018717696 0
308469282373779456 0
308469349507813376 10
308469521474273280 86
308469873774841856 0
308470653936361472 0
308471257911922688 10
308478119776489472 0
308478799262121984 0
308479097078685696 165
308479801725952000 0
308480313431031808 0
308480456008019969 0
308480909018030082 0
308481181639385088 0
308481508782522368 86
308483169739493376 0
308485115875561472 162
308485203981127680 0
308485908607430656 0
308486017655136256 4
308486202196111360 0
308487129145675776 0
308487892529975296 10
308488555225817088 86
308488693625282561 86
308489259852115968 118
308489637352046592 4
308490648175132672 162
308490782380290048 0
308491004711948288 86
308491013079564288 86
308491407360917504 0
308491419922874369 0
308492925682188290 62
308494544700334080 0
308494645346848769 0
308494834107305984 0
308495219979083776 0
308495794581950464 0
308497480687955968 10
308502731969146881 62
308505143706533889 86
308505311445143552 0
308505382777679872 10
308505382786043904 10
308507672842477570 27
308507995824865280 6
308508151018295296 6
308508159406923776 6
308508687885021186 10
308508847243407361 2
308508939555856384 162
308509312815362048 10
308510097162764288 86
308511590334996480 0
308511615517609984 0
308513473569116160 0
308514358584025088 0
308514543120830464 6
308514664780800001 68
308515495219458048 10
308516145336565761 2
308516384424488960 0
308517663687180288 6
308520985580142592 111
308521606320365568 0
308522046718099458 0
308522826892193792 25
308524571697496066 0
308525968392323072 25
308533321011433472 0
308533945996308480 0
308534084378980352 0
308534298313641984 0
308534323454300161 0
308535049094066176 62
308535141372936192 0
308535304925626368 0
308536076694343680 10
308536231875211264 167
308537880215707648 10
308538886865440771 0
308539704737923072 0
308540375830786049 6
308542724640997376 0
308543722906320896 0
308543903273979905 62
308544356246237185 0
308544486278041603 0
308544591127277568 0
308544796639768576 0
308544922456297472 0
308545987838881792 14
308547137053016064 111
308548105937244161 25
308548588277997568 6
308548697363468289 6
308549410361593856 6
308549712359866368 0
308549930472046593 10
308550467359756288 0
308550567993675776 6
308552505787301888 10
308552824537624577 3
308553583694082048 56
308553613075165185 0
308553738895912961 56
308554359648698368 3
308554686804406272 25
308554858762473472 0
308555290779979776 10
308555638907207680 0
308555915739672576 0
308556339351785476 0
308556372906225664 10
308557530538323968 198
308558197428477952 6
308558402970324992 3
308559199883907073 0
308559430553837568 25
308559493464223744 0
308561225736925184 0
308561548673155072 0
308561745822236673 0
308562777637781505 0
308563025089150977 25
308563863954141184 25
308564182704463872 0
308564275000123392 0
308564686046109697 0
308564845425471488 0
308564862181703680 0
308565894001467393 228
308567089361338369 267
308569513677426688 86
308571766035464193 86
308571992502714368 0
308572084768997376 14
308572462277341185 0
308574911755071488 0
308575457014595585 0
308575834497757184 0
308576161640886273 25
308577076015939584 0
308577642251186176 0
308578363658891264 0
308578413982126080 0
308578627900026880 0
308578799866478592 111
308578904703119362 8
308579135406628865 0
308579563208859649 0
308579722600792064 0
308579806482677762 2
308580985077891072 0
308582822199832576 25
308582939636137984 0
308585846305615872 0
308586618044940288 0
308586672587698177 86
308587733717250048 10
308587977020407808 0
308588060898103296 158
308588291584835585 10
308588652294979585 0
308589843447943169 0
308590061572743168 0
308590384513155072 0
308591143698968576 0
308591718331191297 25
308592607519469568 0
308593186329206785 0
308593953886842880 15
308594805338939392 111
308594901807943681 86
308595052794486784 10
308595283460235265 158
308595640013840384 111
308595728069062656 0
308596717941567488 165
308596831175192577 14
308597770695106561 15
308597825237823489 25
308598831853998081 0
308599104483766273 10
308599242920980480 165
308600811578081281 86
308600970944856065 0
308601373589651457 0
308601700745371651 0
308601906299805697 0
308602745156423680 0
308602887758548993 14
308602900349849600 25
308603156206600192 10
308603969884782592 0
308604062138523649 4
308604833907236864 0
308605282689355776 0
308605320463273984 0
308605412733747201 2
308605911826583552 0
308606780076879872 0
308607803487043584 0
308608906584797184 10
308609380541165568 0
308609464427225089 2
308610311685033984 25
308611653841334273 10
308611934872293376 0
308612555612516352 25
308612660491063296 0
308613469966565376 0
308613570659221504 0
308613730034384897 0
308615898493747200 27
308616594718867457 0
308616808645152768 0
308617320358621184 0
308618247303995393 0
308618540913684480 165
308618658345807872 0
308619182608621568 86
308619182642167808 86
308620029874802688 0
308621153960882177 10
308621632103120896 10
308621816656715776 1
308622143808229377 10
308622428995739650 0
308622462575325184 0
308623360168968192 10
308623477571727360 10
308623959950237696 0
308623976710680576 10
308624031224045568 10
308625469878706176 10
308625981575413760 0
308626103206027265 0
308626199704371201 0
308626476507488256 0
308626694602911747 0
308627676086812673 10
308627801920122880 10
308627856433496064 10
308628175229972481 10
308628842120114177 0
308630326882734080 0
308630897329045504 0
308631379665633280 0
308631467720855554 233
308631681651314689 0
308632507912450048 111
308632784761679872 0
308632818299322369 0
308633011228921857 0
308634693161594880 111
308634768659079168 0
308635410391777280 268
308635536199938050 0
308635536233467904 165
308635771110313984 0
308636362482020353 10
308637905985892352 0
308638187008434177 234
308638254108913664 0
308639285907701761 15
308641248867135488 180
308641840251412480 10
308641924154290176 0
308642628797358081 0
308642792371019777 0
308643702539177984 0
308643887080173568 25
308644000322170880 10
308644470080028672 118
308645766111559680 0
308645808058806272 0
