298913684791640064 0
298913798037860352 0
298914439791521792 0
298916314641211392 0
298916906025488384 0
298918432773111809 0
298918483096391681 0
298918495670919169 0
298918600524300288 0
298918676021796864 0
298920106296221696 0
298920701853847554 0
298921624617488384 0
298921632989343744 0
298921708490997761 0
298922379583827968 0
298923017147400192 0
298923067466448897 0
298923281371762688 0
298923742753587201 0
298923977643016192 0
298924535456096257 0
298924539675566080 0
298927429534228480 0
298929124033036288 0
298929480548888578 0
298930910793981953 0
298930982097141760 0
298931888091963393 0
298932315902586881 0
298933167346311168 0
298933523853754368 0
298933825852026881 0
298935277081198592 0
298935495180840960 0
298935717487325184 0
298937126756691969 0
298938557010165761 0
298938607358586881 0
298939114877755392 0
298942856180142080 0
298942856180142081 0
298943493726941184 0
298945414705606656 0
298945536352976897 0
298947134395408384 0
298949529309417474 0
298949600641941504 0
298949814538883073 0
298950754067156992 0
298952142394372096 0
298954042380537856 0
298955506205208576 0
298955715912036352 0
298957347492093953 0
298957758567424000 0
298958324773289984 0
298959276901277696 0
298961936090005505 0
298962661683642368 0
298964012257910786 0
298964058412032002 0
298964486193307648 0
298967598387826689 0
298968881832275968 0
298971532644995073 0
298971901726973953 0
298972040139005952 0
298972400882708481 0
298975118762336256 0
298975311712903168 0
298975500456570880 0
298977396265189376 0
298978541335367680 0
298979585700270081 0
298980969828982784 0
298980969837391872 0
298980986597814274 0
298981317956218880 0
298981527688212480 0
298982379115147264 0
298982479778422785 0
298982978879635457 0
298985222836453376 0
298987181572235264 0
298990142755053569 0
298992239919628288 0
298992596418715648 0
298992940360011777 0
298993926050824192 0
298994609701392384 0
298994999784243200 0
298996069302407168 0
298996073509302272 0
298999210848694273 0
298999856796680193 0
298999923871989760 0
299000309752135680 0
299000968262082560 0
299003346445037568 0
299003887514431488 0
299007771423170560 0
299008782254616576 0
299010699034771457 0
299011378516201472 0
299012519362715649 0
299014071280357376 0
299015291827003392 0
299015350526304257 0
299015509926617090 0
299015577014517760 0
299016877261336576 0
299016894059540481 0
299017837752770560 0
299019179921653761 0
299020882821664768 0
299027203658760192 0
299032178086535168 0
299032392012800000 0
299033218252959744 0
299036007465095168 0
299037139939762177 0
299038297559293954 0
299039727825346560 0
299039790748295169 0
299039807512907776 0
299041741103845376 0
299042328281247745 0
299042512851570688 0
299044857484288000 0
299045771809009664 0
299046405144731648 0
299046530978029568 0
299049022398795777 0
299049265672630272 0
299051434119413760 0
299051610292768768 0
299052897965064192 0
299054588261171200 0
299056345682964481 0
299056404399005696 0
299056521831137281 0
299056588927418368 0
299059940201492481 0
299060758061408256 0
299062372893609984 0
299064390320287744 0
299065854140743680 0
299067749970362368 0
299068307800223744 0
299070593733623808 0
299079309497356288 0
299080454529765376 0
299082677515075584 0
299084371988725760 0
299085303136808960 0
299087140241948673 0
299087626777022464 0
299088474022219777 0
299089820385431553 0
299090558620688384 0
299091103855046657 0
299091703632101376 0
299093238764171264 0
299093742080626688 0
299093939196141569 0
299094392201957377 0
299096879420018688 0
299097022034767873 0
299097122693853184 0
299098682958159873 0
299099123389448192 0
299099622486462464 0
299101337973571584 0
299104596939374593 0
299107717501562880 0
299110640918872064 0
299113207858085889 0
299114067673620480 0
299115523109691393 0
299116114506551297 0
299119163769774082 0
299122015871311873 0
299126885487611904 0
299128076657364995 0
299130136056442880 0
299130631001079808 0
299130819736371200 0
299130953954099200 0
299134183547224064 0
299134569452556288 0
299134586192027648 0
299134611391401984 0
299135127290785793 0
299138424009527296 0
299141246776119297 0
299141498442768385 0
299141620077588480 0
299146573546405888 0
299147303355285504 0
299147638882832384 0
299147735335063552 0
299150650409902080 0
299151883501723649 0
299153116631269376 0
299156438528450560 0
299156526613032962 0
299157013160685568 0
299157025726812161 0
299158674100854786 0
299158833484402688 0
299160347623948289 0
299162285384011777 0
299162314739953665 0
299162692252479489 0
299163040354553857 0
299163216515309568 0
299164223152480256 0
299166118977880064 0
299166148363157504 0
299166366454398977 0
299166722957639680 0
299166760706379776 0
299167960294096896 0
299170132951977984 0
299170141323792385 0
299170258772717569 0
299171114410729472 0
299172259468288001 0
299172880208510976 0
299174151091007489 0
299176625734565888 0
299177246462193664 0
299177552675749888 0
299179226190471168 0
299181289804800000 0
299181923144704002 0
299182208332214273 0
299183118483603456 0
299186373280284673 0
299187279266713602 0
299188260712886273 0
299188545938137089 0
299188944371863552 0
299190915728289794 0
299192719258054656 0
299193008665026560 0
299193050629029888 0
299194417946963968 0
299195588178767872 0
299197450428768256 0
299199916696297474 0
299200713605664768 0
299201451803176962 0
299202911412555776 0
299203980989456384 0
299204022915702784 0
299205205726216192 0
299209400030220289 0
299210251469725696 0
299211811738243072 0
299211828498673664 0
299212428309299200 0
299212663169372161 0
299212877095632897 0
299213380403744769 0
299213833392779264 0
299214168941273088 0
299215578231607297 0
299215641137795072 0
299215964078223361 0
299216089919922177 0
299217167872827393 0
299218098999934977 0
299218551980568577 0
299218849797136385 0
299219411796111360 0
299219806081650691 0
299220091294347264 0
299220812727214081 0
299221592838393856 0
299222519787970562 0
299223337677250560 0
299225292235489280 0
299226076574527488 0
299228458914037760 0
299228760908120064 0
299230010835881984 0
299230618988969985 0
299231759856459777 0
299231982154571777 0
299231998915010561 0
299232212816101376 0
299232506413211648 0
299233387254804480 0
299233521472532481 0
299234221921284096 0
299234695860875264 0
299235144651374592 0
299235224334774272 0
299235287274491904 0
299236121920016385 0
299236436484448256 0
299237015310987264 0
299238298776379393 0
299241322865381377 0
299241780052901888 0
299243805868175360 0
299245831733780481 0
299245861098106880 0
299248084062457856 0
299248277029793792 0
299248432214851585 0
299248788705517568 0
299248885199687680 0
299249799545372673 0
299250193809956867 0
299250323850158080 0
299250802000789504 0
299252123206553600 0
299253985464971264 0
299254237135781888 0
299254555894480896 0
299254723641495552 0
299254878830747649 0
299256539800301569 0
299256980189626370 0
299257168933298176 0
299257454154358785 0
299258066539540480 0
299258817315741696 0
299259454820610049 0
299260411126091778 0
299261216449245184 0
299262839628128257 0
299263288418635776 0
299264135672250369 0
299265381405700096 0
299266157339365376 0
299266417361051648 0
299268883636969472 0
299269340799307777 0
299269835739770880 0
299273933553823744 0
299275556753653760 0
299275883913560065 0
299276139761897472 0
299276668240015363 0
299277104447647745 0
299277465170366465 0
299277758796816384 0
299278274691997696 0
299279600058507264 0
299279612662403072 0
299281059701473281 0
299281957295112192 0
299282007605784577 0
299282380907225089 0
299283312021733378 0
299283790180790273 0
299287246295683073 0
299287325979054080 0
299287871242776577 0
299290433945747458 0
299290782072971265 0
299293500011343872 0
299294213026226176 0
299295307764748288 0
299296834462023680 0
299297446834622464 0
299298528969240577 0
299298633831034880 0
299299992777146368 0
299300215079448576 0
299300663861575680 0
299300949095235585 0
299300986848165888 0
299301297201483776 0
299301452394950657 0
299301972505403394 0
299304157712629761 0
299306858865373184 0
299307035034525696 0
299309098627891201 0
299310432408182784 0
299310948320178178 0
299312466645643265 0
299315671098093568 0
299316199571980288 0
299316199580368896 0
299316472184971264 0
299316602225188864 0
299316975501451265 0
299317373981306880 0
299318552584921088 0
299320070910394368 0
299320603591180288 0
299320972706734080 0
299322126119346177 0
299325120873390080 0
299325913580044288 0
299326131667099648 0
299326718869647360 0
299327192842776576 0
299327201231380481 0
299327402562183168 0
299327763280707584 0
299330518909083648 0
299331429081427968 0
299331949196091392 0
299332267942232066 0
299332737725259776 0
299334390289424384 0
299334599996227584 0
299334801306025984 0
299334901960933376 0
299335313023709184 0
299337464705855488 0
299338001547423744 0
299338983027126272 0
299339238875484160 0
299341302485635072 0
299343068283428864 0
299343252828594177 0
299343638704582657 0
299343705800855552 0
299343831650934784 0
299345517740183552 0
299346444719108096 0
299347845578895361 0
299349535900192769 0
299350714520580098 0
299351066837929984 0
299353432408596480 0
299353440793001986 0
299354288067592192 0
299354564891660289 0
299355055625211905 0
299355097543110656 0
299355290481074176 0
299355575693754369 0
299356926280597504 0
299357521859182592 0
299358142603616257 0
299358289404256256 0
299359107301908480 0
299359916794195968 0
299360642421366784 0
299363838489399296 0
299364178198663168 0
299369911849992192 0
299370297721774081 0
299371442762563585 0
299371874750693376 0
299372059304284161 0
299372562612359169 0
299373556674994177 0
299374416498921472 0
299374424921088001 0
299375452492013568 0
299376983438131201 0
299377272824147968 0
299378782781972482 0
299379051225829376 0
299382037570281473 0
299383694311976962 0
299384197628456961 0
299386345116286977 0
299389411148324864 0
299389897683369985 0
299395845223227392 0
299396763750629376 0
299398458262028288 0
299401700471623680 0
299406234510032896 0
299408742678675458 0
299409891926343680 0
299410776937078786 0
299412270113492993 0
299412655964307456 0
299415768137871360 0
299416103698964480 0
299416799966019585 0
299416829330341888 0
299417487823470592 0
299417953399619585 0
299419043897679872 0
299419735949455360 0
299426560082063360 0
299427411534176256 0
299428745335435264 0
299428774708142081 0
299429131198808065 0
299434940314054656 0
299436131487977472 0
299437775680311297 0
299439025591308288 0
299445526737334272 0
299449842667761664 0
299451193267208192 0
299455601480695808 0
299457019130290176 0
299458378088996864 0
299459313427161088 0
299462530458349568 0
299463826489896960 0
299464195605405696 0
299464438845693952 0
299465793639432195 0
299470684160139264 0
299470805794975744 0
299471690805690368 0
299472584209203201 0
299474350019588096 0
299475889316564992 0
299480419160711168 0
299482797326860288 0
299484584121335808 0
299487725634080768 0
299488145077047296 0
299489487250145280 0
299490204463534080 0
299490519032135680 0
299493350208315392 0
299494071632805889 0
299495761933135872 0
299497796141203456 0
299500266603024388 0
299500514062766080 0
299500572791435265 0
299500740559388672 0
299512396534382592 0
299515617772441601 0
299515949101510658 0
299519476498567168 0
299521200391081984 0
299521233920352259 0
299521917617057792 0
299521921798787072 0
299525189165789184 0
299526992695545856 0
299528196460797952 0
299528532034453504 0
299530138448715777 0
299532000728068096 0
299532504015179777 0
299534504698200064 0
299538086629609473 0
299539214922571777 0
299539349123526656 0
299539403657863168 0
299540745826750465 0
299540984927227904 0
299541253341728771 0
299542423569321984 0
299550447268683776 0
299551189643714560 0
299554167595352064 0
299554171789647872 0
299554486383427584 0
299557376229523456 0
299558064133140481 0
299558550659792896 0
299558789739319296 0
299559993496186881 0
299560207405707264 0
299562564604555265 0
299562719810572288 0
299562883354861568 0
299563701248339969 0
299563759997968387 0
299564623986835456 0
299564733063888896 0
299564938593177601 0
299566725366697984 0
299566733730136064 0
299568268862189568 0
299568390492798977 0
299569707487477760 0
299570386994094080 0
299572354110091264 0
299574614844137472 0
299574803600404480 0
299575512429387777 0
299576749740675072 0
299578574258720768 0
299579664794529792 0
299580608483586048 0
299583636804628480 0
299583955563323394 0
299584349811126272 0
299585239020355584 0
299589705933156352 0
299590163141636096 0
299591555621199872 0
299591983436021760 0
299592109294501888 0
299592251879866368 0
299592960734003200 0
299594508436402178 0
299598866293071872 0
299600560796086272 0
299601227682041856 0
299604595712335872 0
299604855767592960 0
299607414288826368 0
299608643215712256 0
299609561759899648 0
299609788260696064 0
299611931541663744 0
299615094063632385 0
299617015050694657 0
299619422589554688 0
299620651533221888 0
299621393904066560 0
299621876244832257 0
299622278889619456 0
299624111829831683 0
299625382678769664 0
299626066367090689 0
299626594861998080 0
299628331270291456 0
299628641686536192 0
299628817817931776 0
299629950305198080 0
299630797521039360 0
299631342809919489 0
299632001311457281 0
299637026075054080 0
299639219687653376 0
299639471341719552 0
299639475565391872 0
299639731396964352 0
299640616386695168 0
299641123897503744 0
299641421705641987 0
299642315113373696 0
299644487729299456 0
299646052225675265 0
299648333939617793 0
299648455566053376 0
299648619143892993 0
299649709675524097 0
299650225553960961 0
299651852943892481 0
299653102833893376 0
299653341938589696 0
299653539054112768 0
299657087418499072 0
299658467344523264 0
299659415286583296 0
299660371566923777 0
299660396728573952 0
299663093674426370 0
299663647335133187 0
299663924150812672 0
299665757061652480 0
299667543851925504 0
299667954885349376 0
299669003465547776 0
299670232371441666 0
299673373905137664 0
299674166624411649 0
299675248792571906 0
299675840176865280 0
299678218334662656 0
299682068701523968 0
299682555240792064 0
299682605589225472 0
299683821912195072 0
299684178449035264 0
299684199399559169 0
299684694327439360 0
299686523073355776 0
299686581764255744 0
299688074957430784 0
299688532119781376 0
299689022853365760 0
299693288481517568 0
299693573677383684 0
299693951164755969 0
299694047663116288 0
299694865544011776 0
299695104606756865 0
299695696016191488 0
299697176576139264 0
299697885451280385 0
299700028723847168 0
299700490093096960 0
299702486594363392 0
299702494974599170 0
299703631639371777 0
299704147547144192 0
299704650838446080 0
299707817558941696 0
299708509598142466 0
299708580909678593 0
299710258639683585 0
299710652874911744 0
299710678070083585 0
299712594875387904 0
299713647633108992 0
299714318700797952 0
299715472130199554 0
299716835308363776 0
299717682557751296 0
299719007957815298 0
299721075741302784 0
299722619228397570 0
299725819499134978 0
299726188614647808 0
299726809367453696 0
299729040724615168 0
299729149759741952 0
299731431465287680 0
299732559737282562 0
299732803006910466 0
299732865942429697 0
299735852274298881 0
299738305933750273 0
299739312591863808 0
299744198930882560 0
299744630931599360 0
299750708503277569 0
299754139452309505 0
299755041219301376 0
299760346992877568 0
299762897146482689 0
299764235137851393 0
299768853066551296 0
299773408076496896 0
299779737281236992 0
299784707518898176 0
299786729190219776 0
299797571470254080 0
299798175424847872 0
299798720675991552 0
299799475667468288 0
299805058273513472 0
299808745062539264 0
299809030275203072 0
299811093872791552 0
299813312676376576 0
299816752009850881 0
299824339509997568 0
299828261167452161 0
299832086364299264 0
299832203809013760 0
299832614871785472 0
299834443571552256 0
299835089519529984 0
299835802555412480 0
299839434818457600 0
299843008361295873 0
299843989836795904 0
299850360951021569 0
299852902716022785 0
299855775801683968 0
299858606965268480 0
299859022205575169 0
299859655537094657 0
299860062384562177 0
299863975695355905 0
299864931967311873 0
299865242358403072 0
299865963778691072 0
299866454499655680 0
299868664902062080 0
299871265378951168 0
299871777088212992 0
299872603370311680 0
299873886802157568 0
299874054599495681 0
299876055269920768 0
299880308277399552 0
299882334130409472 0
299883860873854976 0
299885542798155778 0
299886780113645568 0
299887199518863361 0
299889149870215168 0
299889720320720896 0
299890030711824385 0
299890236224307200 0
299890441741017088 0
299891628703879168 0
299891683246632960 0
299892123669508096 0
299892970918907904 0
299893000279052288 0
299893189005950976 0
299894359220969473 0
299894434697469953 0
299894535377522688 0
299894640239341570 0
299895953031323648 0
299897249100619777 0
299897706271363073 0
299897848886067202 0
299898561921970177 0
299899061039947776 0
299900101227339777 0
299900910736404480 0
299902072529223682 0
299902424875950080 0
299904094204723200 0
299904341656088577 0
299904635253161984 0
299904681411477504 0
299906271027539968 0
299906824705028096 0
299908494025437184 0
299908544331931649 0
299909068636700673 0
299910385648168960 0
299913065812619264 0
299914802237681666 0
299914827411910656 0
299915469148786690 0
299916723254091776 0
299916765188734978 0
299916928754003968 0
299917352387092480 0
299917423673499648 0
299917775995031552 0
299917939589672961 0
299918270935482368 0
299919466299523072 0
299920812671115264 0
299921366352789504 0
299924159742476289 0
299925543846047745 0
299926043005960192 0
299926500172513280 0
299926797963907072 0
299926999286304771 0
299928442114301952 0
299928823808524291 0
299928911909892097 0
299931067748589568 0
299931424285413376 0
299932833558962177 0
299934129594720257 0
299934666461437952 0
299934754566987776 0
299936868483624960 0
299939485720907776 0
299939976475447296 0
299940056142073858 0
299940391719956480 0
299941238956765184 0
299941939413921792 0
299944690864754688 0
299945122873876480 0
299945756197015553 0
299945848475897856 0
299946376970788865 0
299947048071991296 0
299947970793717760 0
299948130210807808 0
299948855808651265 0
299950105690259456 0
299950160220397568 0
299951003300667392 0
299951431090323456 0
299951737299664898 0
299953763161100289 0
299954388108210177 0
299954895614787585 0
299955872862457859 0
299956963381506048 0
299957043090034688 0
299957563183755264 0
299957584138481664 0
299957680632647680 0
299957684831154177 0
299958498521919488 0
299958506881183744 0
299958636908802049 0
299958934733746177 0
299960037827309568 0
299961698780082176 0
299962571191103488 0
299962810258051072 0
299963271618895872 0
299963808506605570 0
299966593528627201 0
299969542111780865 0
299972536828043264 0
299972868186460161 0
299975103754682368 0
299976122991534081 0
299977070891646976 0
299977729405763584 0
299977859412418562 0
299977934935060480 0
299980371813101568 0
299980384375033856 0
299980506030817280 0
299980543758585856 0
299980556349865984 0
299981034517303297 0
299981240046587904 0
299981516853899264 0
299981869179604992 0
299982544470933505 0
299982825480912897 0
299983685292269569 0
299983974720233472 0
299984897458724865 0
299985677586677760 0
299985803449344001 0
299985807610093568 0
299986155754110977 0
299986159956811776 0
299986495488536577 0
299987946738688000 0
299987997070348288 0
299988668158988288 0
299988726845693952 0
299989171462881280 0
299990505255735296 0
299991264399609856 0
299991696438083584 0
299992292012462080 0
299992392679952384 0
299993193800413184 0
299993328026525697 0
299993378341388288 0
299993470607687680 0
299994833785864192 0
299995915899510784 0
300000462541819906 0
300001477534048256 0
300001687270211584 0
300001796292759553 0
300002014396567552 0
300002479985270784 0
300002484187967489 0
300003310474252288 0
300003339834363904 0
300004212216041472 0
300004409365131264 0
300004430349217793 0
300004669424562176 0
300004723916951552 0
300004736537604099 0
300006787531280384 0
300006955290853376 0
300007429255593985 0
300007823536947200 0
300009358660628481 0
300010944082350080 0
300011816501788672 0
300012684743700480 0
300013083185786880 0
300014081442717696 0
300014404395732992 0
300015394243112960 0
300015473926492160 0
300016941932879872 0
300017667568439296 0
300018061828825088 0
300018313478688768 0
300019697611579392 0
300020272239624194 0
300022155452760064 0
300022344196452354 0
300022407127764992 0
300023103365476352 0
300023459910676481 0
300024235840114688 0
300024705581215746 0
300025011782184960 0
300025603191631872 0
300028325303304193 0
300028845392814080 0
300030049137078273 0
300030804120186880 0
300031122874699777 0
300031181586587649 0
300033970815524865 0
300034507678040064 0
300034994238271489 0
300035015184629761 0
300035845652631552 0
300038416781959169 0
300039532483579904 0
300039809278291969 0
300042011300478977 0
300044460753043456 0
300049007407939584 0
300049699463917570 0
300051922449231872 0
300055470801047552 0
300059430224019456 0
300060910813327360 0
300062232040062977 0
300064157242376192 0
300064861868675072 0
300065436475727872 0
300069995709333505 0
300071606313701376 0
300072583582318592 0
300074265481445376 0
300075460870672385 0
300077457359376385 0
300077843226980352 0
300078547886809089 0
300078635971395584 0
300081504871133184 0
300082289218555908 0
300082893173166080 0
300083916579147776 0
300084730303488000 0
300084935799238656 0
300085036458319873 0
300085149712928768 0
300086424798101504 0
300086588354994176 0
300088735855411200 0
300088920375427072 0
300090203840864257 0
300091793490468867 0
300099393577684992 0
300100177891557376 0
300100207247499265 0
300100282753368064 0
300102090519367680 0
300105752129961984 0
300110617514233856 0
300118867714392065 0
300120381858148353 0
300120679662116864 0
300122931999154176 0
300122961363496961 0
300124349682311168 0
300129579970998272 0
300134428586430464 0
300136383123701760 0
300141542121816064 0
300145518326206465 0
300151851721035776 0
300161465074216960 0
300170411524620288 0
300172181508354048 0
300174710690435072 0
300180846936211456 0
300189923435216896 0
300193719263563776 0
300194092560834560 0
300195904512724992 0
300208122520289280 0
300208458072997889 0
300215953269084160 0
300220487324278784 0
300221854667399169 0
300223654028001280 0
300225075880267777 0
300226124468854785 0
300226413880033281 0
300227403739971584 0
300230469772009472 0
300234617938653184 0
300235725213954048 0
300239068082630656 0
300240011809402880 0
300240263459270656 0
300242520003186688 0
300243153359867906 0
300243602133622784 0
300243711193923586 0
300243837031432192 0
300243975405715456 0
300250325611335680 0
300251382571757569 0
300253785907929088 0
300255560090136576 0
300257548194443264 0
300260631024648194 0
300261268542070785 0
300262048674234369 0
300262170321637377 0
300262468121403392 0
300263587979616256 0
300263759954468865 0
300264783385616385 0
300265005683720192 0
300266196828299264 0
300266662404423680 0
300267702604414976 0
300269124473462784 0
300269996897095680 0
300270068208660481 0
300272987410673664 0
300273000014557187 0
300274220557037568 0
300274514149920768 0
300275101369262081 0
300275386577743876 0
300275785028206592 0
300276477071601664 0
300277932528640001 0
300279467618742273 0
300280717538127872 0
300282261046169600 0
300282793697611777 0
300282823070343170 0
300282974048485377 0
300282995015831552 0
300287269024169984 0
300287529062641664 0
300288183369887745 0
300289672356167682 0
300292134408441856 0
300292646126116864 0
300292943913308160 0
300296869773471744 0
300298321027809280 0
300298652382015488 0
300301181555703808 0
300302330757267456 0
300302913769730050 0
300303551312302080 0
300305329709785088 0
300306856444833792 0
300308236345700352 0
300308362195775488 0
300309037482921986 0
300310631314227200 0
300312388702461953 0
300312405492252672 0
300312418079363072 0
300312782983794689 0
300315182104727552 0
300317153461157888 0
300318696965017601 0
300320513098670080 0
300320857010622466 0
300323205812461568 0
300323407147442177 0
300326921995182080 0
300329438544015360 0
300331107885408257 0
300331393119055872 0
300331955151589376 0
300332701741899779 0
300333901300260865 0
300337248367419392 0
300338636665282560 0
300341845320429568 0
300342256370585600 0
300343363654283265 0
300344668061855745 0
300347268551278593 0
300348493279686657 0
300349772554960897 0
300350611419963392 0
300352243004239872 0
300353161535832064 0
300357854957821953 0
300363152363773952 0
300367166316871681 0
300368936321572864 0
300369452233547776 0
300369938772811776 0
300370270093451264 0
300373067727765505 0
300380885910421505 0
300390130122891264 0
300392600588922880 0
300392659296608256 0
300393414271332352 0
300394920026464256 0
300394982936825857 0
300395930866311168 0
300396903940624384 0
300397151400374272 0
300402167813120001 0
300402687890051072 0
300408836718735360 0
300409444926377984 0
300417984499970050 0
300424997384646656 0
300425123205378048 0
300428625465995264 0
300436485574885376 0
300441669743017984 0
300445314597412864 0
300446782620577792 0
300448711987822593 0
300455699677339649 0
300481482076610560 0
300486947258896384 0
300491527443058688 0
300498179609214976 0
300512524116299776 0
300516345131458561 0
300519012700418048 0
300524394005012480 0
300527095124226049 0
300536465224519680 0
300548393820889088 0
300550709059919872 0
300551380152770560 0
300552114151776256 0
300559101874823168 0
300560171434930176 0
300562268574339072 0
300562381803753472 0
300563916944179202 0
300575988142727168 0
300577863004983296 0
300581839201001472 0
300589548323352576 0
300595701384093696 0
300598054359277568 0
300598771581059072 0
300602110259630080 0
300607135056797697 0
300612155621904384 0
300612214354767872 0
300624386224955392 0
300624684007960576 0
300624751129419778 0
300625782936576000 0
300626454021029888 0
300626659529338885 0
300627594875895809 0
300627984921014273 0
300628488262676482 0
300628966375563265 0
300630069481717761 0
300630077878714369 0
300631675929522176 0
300632418300346368 0
300633743717199875 0
300635056504975361 0
300636138656387073 0
300636734239145984 0
300637413708034052 0
300638168695324675 0
300638814601371649 0
300638877524303872 0
300639498285510656 0
300640026771984385 0
300640282611945474 0
300640320373276672 0
300640328745111552 0
300640593003020288 0
300641100526403584 0
300641478013759489 0
300641628996124673 0
300642581086359552 0
300644057506533377 0
300646582473330688 0
300647006085455872 0
300647534584541185 0
300649375892381699 0
300649631711363072 0
300649791115894786 0
300649984049684481 0
300650252485152770 0
300650395108253696 0
300650789377015809 0
300653087847231489 0
300653113021440000 0
300653431759192064 0
300654119646031873 0
300657340863086592 0
300659022758035456 0
300661979775909888 0
300662520824344576 0
300662915072151554 0
300667004547919872 0
300669898596691969 0
300672268370063360 0
300673904186380289 0
300674080313573376 0
300674206159470592 0
300674646540443649 0
300675393134948354 0
300678543048839170 0
300678589194579969 0
300681000936144896 0
300682829656883201 0
300684192780541953 0
300686147342966784 0
300686516454293504 0
300686977810968576 0
300687086883835905 0
300688131265552384 0
300692593988235266 0
300694326214815745 0
300695811019395075 0
300696209461501953 0
300700819035136001 0
300701087466389504 0
300701666263592960 0
300701674635411459 0
300702408638623744 0
300702731629367298 0
300702966510391297 0
300703700509401089 0
300705617314738176 0
300705717969616896 0
300705847984672770 0
300708901446352896 0
300710625301114880 0
300711829074747393 0
300711833264852992 0
300712965739524098 0
300714073014812672 0
300714572157947905 0
300715696214642688 0
300715733971787776 0
300716333748871169 0
300719152329535488 0
300722348359815168 0
300727729677025284 0
300728526573817856 0
300731890422386688 0
300733702370107393 0
300733916254457856 0
300734713205764097 0
300736873242951681 0
300738152522461184 0
300741432476594177 0
300742908871589888 0
300744607547944961 0
300746302042542080 0
300749779128954881 0
300750131446284288 0
300754036326539264 0
300761288303333376 0
300762085204295680 0
300771778249244674 0
300776048050708480 0
300776144532295680 0
300776165499604992 0
300776173892423680 0
300776220021379073 0
300776240988692480 0
300776257749123072 0
300776261977001985 0
300776266158706688 0
300776350040612865 0
300776408769257472 0
300776551350419456 0
300777138582327297 0
300777339883753473 0
300782029132423168 0
300783220314750978 0
300784226939326465 0
300785862726262787 0
300786085003423744 0
300786588328284160 0
300786932257013760 0
300788324799508480 0
300790212219531264 0
300790287716978688 0
300790799409500160 0
300791726342295552 0
300792728818696194 0
300792791733260289 0
300792863007055872 0
300795237004099586 0
300798672113897473 0
300799418720997377 0
300801205481906176 0
300805240419127297 0
300822466400501760 0
300823108145799170 0
300823787635613696 0
300825360466063361 0
300826115440783360 0
300827872879316992 0
300827960968110080 0
300830783722106880 0
300837037408415744 0
300837880471887872 0
300838903903047681 0
300844704596119552 0
300851176440750080 0
300853063881719808 0
300854791914016768 0
300855165194473472 0
300858017354743808 0
300864757563551744 0
300864975679918080 0
300870499582476289 0
300871984357732352 0
300872273768898560 0
300873066513326080 0
300873406230982657 0
300877172720160768 0
300878871413280769 0
300880901448024065 0
300882931512119296 0
300884353368612864 0
300885926224211969 0
300886911902416896 0
300901134770520064 0
300904691569655808 0
300916427228069889 0
300917110870274049 0
300920000741535744 0
300924488671961088 0
300926019605520384 0
300933498020171776 0
300934458519977985 0
300935163184033792 0
300935238677299200 0
300937142878748672 0
300938833179058177 0
300940150182137857 0
300943119770324992 0
300943950225747968 0
300946479395262464 0
300950178796535808 0
300952678568185857 0
300955971126181888 0
300956885459283970 0
300957191635079168 0
300957317497749504 0
300957783044526080 0
300958106014339072 0
300959548871692288 0
300963042726916097 0
300967597736869888 0
300969480975171584 0
300969854264045569 0
300970747642404864 0
300971372602089472 0
300971678773686272 0
300972073055031296 0
300976397357289473 0
300976426725806080 0
300978892993343488 0
300983141810728960 0
300985515807752193 0
300986413359448064 0
300992658682286080 0
300994198000259072 0
300996362252738560 0
301000543961227264 0
301001206686420993 0
301001340912549889 0
301004054606270465 0
301005791069085696 0
301013282100228096 0
301013546312028162 0
301013563118612480 0
301014066422493184 0
301015068840173568 0
301016100651548674 0
301018281706389504 0
301018415898972161 0
301018478838706176 0
301021117030748160 0
301021209301241858 0
301021624558301185 0
301021674889957376 0
301024170475675649 0
301024531223564288 0
301026397688823808 0
301028931027484672 0
301029165916909568 0
301033934815363072 0
301036023578779649 0
301036845666533376 0
301037772616122369 0
301037961380786179 0
301038192050724864 0
301038535975260160 0
301039546794119168 0
301039773303312384 0
301040729592049664 0
301043049063124993 0
301044017943150592 0
301044185702744064 0
301048417759678464 0
301049164358365185 0
301049969639579648 0
301052666614804480 0
301053065048510464 0
301054612763443200 0
301055107695529984 0
301055829115813888 0
301057678803877889 0
301057808797954048 0
301058677027258369 0
301058886750851072 0
301062724543213568 0
301065815741054976 0
301066637837205504 0
301070567900073985 0
301071159288545281 0
301071884907327488 0
301074544070889473 0
301076267959218177 0
301082026734387200 0
301082345488936960 0
301082404192395267 0
301083201122729984 0
301084300055552001 0
301085398950625280 0
301087630320357377 0
301088611762307072 0
301088762769854465 0
301088884400455681 0
301089496773033985 0
301090557944541184 0
301092407628423168 0
301092743185305600 0
301092797711273985 0
301093024195309571 0
301094907421016064 0
301096274793484288 0
301097801482375168 0
301099349193138176 0
301101190513565696 0
301109608464936960 0
301112548655263744 0
301116050899103744 0
301116587774210048 0
301120597537218561 0
301122124272242688 0
301123105751973888 0
301125546811731969 0
301126733808164864 0
301129254580670465 0
301129531404742656 0
301129544000221184 0
301143087399464960 0
301143259357540353 0
301145100682133504 0
301145968873713665 0
301146442830065665 0
301150070903013376 0
301150679106457600 0
301153304740773889 0
301155632571117569 0
301157952021217280 0
301160774800396288 0
301161445851287552 0
301163970847453184 0
301164658704932864 0
301167359840878592 0
301168202912759810 0
301169477964398592 0
301175626822475777 0
301175966548504580 0
301176318857474049 0
301176771859062785 0
301178013352091649 0
301179129049513984 0
301180546745237505 0
301181150725013506 0
301182924911439872 0
301184250319888384 0
301184627769499648 0
301185735065739264 0
301187471541141504 0
301188373316521984 0
301188713038376960 0
301188721447952384 0
301189241533239296 0
301189270864007168 0
301190025855504384 0
301190730498572289 0
301195813982437376 0
301198657724751872 0
301199790207799296 0
301202608750751744 0
301205385392574466 0
301206769500315648 0
301207306408976384 0
301207457399717888 0
301208661139783680 0
301209214787919872 0
301210477298606081 0
301211592979267584 0
301212196929691650 0
301212880638988288 0
301214126347272192 0
301214562529710080 0
301216047330103298 0
301216588386934784 0
301217645334765568 0
301217678918578177 0
301218039611936768 0
301221483143905280 0
301224062649237505 0
301227007038087168 0
301230333116956672 0
301230849024724992 0
301231411040505856 0
301231738221383681 0
301232023408885760 0
301233021686800384 0
301234032480514048 0
301234703590125568 0
301235303383957505 0
301236653937270785 0
301236893029388288 0
301238142923571200 0
301239317307736065 0
301240089068044288 0
301240932106399744 0
301242777600135168 0
301244937670885376 0
301245537477328896 0
301246695109435392 0
301249920525029377 0
301250683896737793 0
301250864247619584 0
301252248346955777 0
301252458074734592 0
301253401805717504 0
301254928519794688 0
301256966955741185 0
301257977766232064 0
301258015531741185 0
301259177362337792 0
301259663872241666 0
301260171399806976 0
301260326597435392 0
301261912040153091 0
301262562132099073 0
301263593943494656 0
301264470548815872 0
301267289116901376 0
301267977016332289 0
301268195090776065 0
301270124474818561 0
301270682325635073 0
301271374381600768 0
301271890285195264 0
301273563791495168 0
301276596277485568 0
301277351281577984 0
301278236283924481 0
301278383050985472 0
301279070929432577 0
301279356142104577 0
301280517976887297 0
301281851748794368 0
301282061472395265 0
301284028613550080 0
301284401906585600 0
301285358178537473 0
301285769228713985 0
301285895049457666 0
301286276743716865 0
301286486463090688 0
301286851363356672 0
301286926852448256 0
301287522460389376 0
301288290001240065 0
301289430881292290 0
301290059993346048 0
301290529767968768 0
301291028881739776 0
301291238592761856 0
301292136190603264 0
301292236845481984 0
301292412997890048 0
301292501090856963 0
301292765344591872 0
301292777935863808 0
301293692260593664 0
301293704864477184 0
301293721620713472 0
301293990051995648 0
301294006833410048 0
301294405288075266 0
301294459830824960 0
301295617441927168 0
301296217265164288 0
301296728936701952 0
301298113073778689 0
301298377327525888 0
301300159898345472 0
301301028110864384 0
301301292352040960 0
301301749514379264 0
301302965891907584 0
301303024586985473 0
301303095915339776 0
301304337433493504 0
301304526173007872 0
301304706502905856 0
301305000099971072 0
301305130127605760 0
301305453114175491 0
301305708949950464 0
301305855746383873 0
301306325537796097 0
301306371662548992 0
301306430378614784 0
301306887549382656 0
301307097281347584 0
301307344724316160 0
301307814490550272 0
301308460438548480 0
301308833723187200 0
301310331064565760 0
301310343655849984 0
301310389784825856 0
301310448509276162 0
301310515618119680 0
301310637244551168 0
301310725354319872 0
301311446766202881 0
301311564185747457 0
301311589389303809 0
301312461766791168 0
301312482776055808 0
301313598456750080 0
301314089190318080 0
301314139526144001 0
301314919666708480 0
301315569754443776 0
301315628487303169 0
301316169531543553 0
301316211478769664 0
301316219879948291 0
301316819661225984 0
301317490758262784 0
301317553660256257 0
301319004889427968 0
301319063634862080 0
301319285928779776 0
301319390777987072 0
301319441118019584 0
301319558550155265 0
301320095425236993 0
301320170914328576 0
301320657466187776 0
301321852826030080 0
301321869620043776 0
301322209346072576 0
301322452598927360 0
301322742043643905 0
301322742043664384 0
301322888823312385 0
301323123721113603 0
301323161465671681 0
301323627041804288 0
301324650447773696 0
301325044678811648 0
301325317316939776 0
301325724172832769 0
301326055531241472 0
301327494164914176 0
301327544488177664 0
301328404324679680 0
301328643395825664 0
301329209647845376 0
301329591308521473 0
301329712943357952 0
301329842970955777 0
301330090439102464 0
301330149155164160 0
301331080294854656 0
301331143234576384 0
301331260645707777 0
301331914969718784 0
301331990479773696 0
301332388917690369 0
301332544123715585 0
301333135524786176 0
301334452502659072 0
301334691590586368 0
301335165546946560 0
301335496901132289 0
301336004395155457 0
301336520311308288 0
301336918786985984 0
301337086542348288 0
301337405296893953 0
301338210620022784 0
301338701341028353 0
301338982376169472 0
301339007529385985 0
301339083022688256 0
301339091411296256 0
301339510866866177 0
301339632472301568 0
301340106437046272 0
301340198720110592 0
301340672672284672 0
301340999815397376 0
301341062763536386 0
301341180166283264 0
301341637358010368 0
301342656578064386 0
301342685938192384 0
301342954382053376 0
301343084392890368 0
301343604503351296 0
301344032305594369 0
301344078468100096 0
301344225264549889 0
301344254595305474 0
301344489505710080 0
301344887947800576 0
301345059918467072 0
301345236070846465 0
301345298981195776 0
301345303167123456 0
301345806487801856 0
301346032984412161 0
301346284651044864 0
301346636968370176 0
301346800563011584 0
301347538731151360 0
301347693945561088 0
301347765248724992 0
301347891077857280 0
301348461494800384 0
301348654445391872 0
301348717330591744 0
301349258416758784 0
301349417817079808 0
301349568791076864 0
301350063714738176 0
301350147596636160 0
301350751576399873 0
301351129059557376 0
301351523349327872 0
301351561081286656 0
301351829529300994 0
301352009859231744 0
301352991330549760 0
301353079444492288 0
301353104589340672 0
301353398199001089 0
301353477899165696 0
301353549172973568 0
301353725354729472 0
301353767310344193 0
301353989583282176 0
301354115433373697 0
301354287399829504 0
301354564211335168 0
301354815877947392 0
301355990262108160 0
301356829122912256 0
301357839966949376 0
301358250987757570 0
301358590751551488 0
301358796280852481 0
301358829818490880 0
301359005991858176 0
301359219876192257 0
301359333147566080 0
301359500919701504 0
301359547052875777 0
301360784355762177 0
301360947941998593 0
301361057010683904 0
301361090552528896 0
301361291858149376 0
301361358992179200 0
301361488998854656 0
301361572872347648 0
301361681945198592 0
301361694519750657 0
301361929413337090 0
301362072032251905 0
301362101379813376 0
301362235597549568 0
301363070272417792 0
301363279962439680 0
301363456131612674 0
301363531629068288 0
301364047528472576 0
301364097872695297 0
301364265632280576 0
301364274041847808 0
301365272248479747 0
301365498749276160 0
301365574259331072 0
301365930754203650 0
301366111147028480 0
301366438281752576 0
301366664765796353 0
301367008694525952 0
301367168090656768 0
301367264576425984 0
301367780463214593 0
301368069866008576 0
301368212468154369 0
301368552202575873 0
301368665473970177 0
301368711598710785 0
301369042940338176 0
301369219092713472 0
301369273631272961 0
301369357504761856 0
301369378497241088 0
301369521116176384 0
301369718214901761 0
301369936343859201 0
301370506752430080 0
301371358187769856 0
301371454656757761 0
301371517604872192 0
301371567915532289 0
301371827958206464 0
301372276769714176 0
301372314510041089 0
301372360626405376 0
301373069463789568 0
301373472146333696 0
301373644079247360 0
301373778330525696 0
301373887361474560 0
301373992206487553 0
301374084493758464 0
301374105477869570 0
301374784955117568 0
301374944313487361 0
301375527325945856 0
301375795773988864 0
301375812551200768 0
301375867093921792 0
301375921603100672 0
301376382976536577 0
301376877904420865 0
301376945009078272 0
301376999543435264 0
301377326686547968 0
301377339261063169 0
301377502843109377 0
301377519624544256 0
301377553170587648 0
301377985209057280 0
301378144600997888 0
301378740196360193 0
301379029569769472 0
301379197367099392 0
301379314795028480 0
301379314816004096 0
301379323175260160 0
301379730018553856 0
301380128494194689 0
301381458088570880 0
301381692986380289 0
301382632476930048 0
301383005799329793 0
301384482177568768 0
301384746401923072 0
301384830288031744 0
301384859685892097 0
301384981287141376 0
301384989705113601 0
301385170047602689 0
301385170051805184 0
301385279116296192 0
301385774010617856 0
301385803391696896 0
301385828557533184 0
301386398966108160 0
301386684182953984 0
301387032331177984 0
301387229463453696 0
301389142057697280 0
301389632782872576 0
301389880234225664 0
301390249328799744 0
301390408733298688 0
301390626828734464 0
301390681363079170 0
301390685569949698 0
301390790406569984 0
301390886883950592 0
301391222419910657 0
301391486652657664 0
301391784477589505 0
301392082239639552 0
301392094856089601 0
301393181168259073 0
301393294393487361 0
301393327973093377 0
301393520894300160 0
301394150039908352 0
301394447856455682 0
301394980512096256 0
301395190227275776 0
301395676762349568 0
301395790033723392 0
301395840365375490 0
301395890697023488 0
301395903279927297 0
301396092023611392 0
301396188484235265 0
301396305916350465 0
