30394131587006464 3
30394202042925056 4
30396111764066304 67
30398100472336385 3
30400409612853249 3
30401574056493056 6
30402208474333184 4
30404278992510976 17
30404296335958016 2
30404459720871936 2
30405193854091264 4
30405450293846016 4
30406089992310786 6
30406773076664320 16
30406955428216832 6
30407444110778369 0
30407494970900482 4
30407607617323008 0
30408437502312449 3
30408707682607105 11
30409874428919808 11
30410134425436161 11
30410295151169538 22
30410427095588864 4
30410542388609024 9
30410847616499712 4
30411347749507072 9
30411467085844481 4
30412963919699969 11
30414963528962048 19
30416908838772737 6
30417452680609792 14
30418069784367104 16
30418510702186496 21
30419324359417857 0
30419457826357248 19
30419510313877504 8
30419535756533762 0
30420445060669440 9
30421875943284738 0
30422510541479936 6
30422846366814209 2
30423259409289216 19
30423743528439808 15
30424035380699136 33
30424818289475584 62
30424834911510530 1
30424957825589248 10
30425952878075904 13
30427146451165184 4
30428029847080961 4
30428075191701504 9
30428482223734785 9
30429182278246400 16
30429664170213377 10
30429676585353216 1
30429702262886401 67
30430409875521536 1
30430799341817857 0
30431564932325376 16
30431589796151296 4
30432405177245697 2
30433013120634881 0
30433695596814338 19
30436694226378752 5
30437370604036096 0
30438372140908544 19
30439179359879168 4
30439920199798787 8
30440791239299072 4
30440960940834816 10
30441473379934208 4
30442043301953536 10
30444102684254208 0
30447887317995520 12
30448953891749888 6
30450989928554496 1
30452220143079424 12
30453671854612480 12
30455347827183616 14
30456490821156864 3
30458775651487745 5
30459074709557248 8
30460023981215744 17
30461512313208833 17
30463111500664832 9
30463763110957056 18
30464679839006720 14
30467526097895424 17
30467978906574849 19
30468165997690880 6
30468336726839296 6
30470388030906368 79
30471649639796736 14
30472788686929920 33
30472790909915136 3
30473143420190720 4
30473227012673536 9
30473698460827648 4
30475778487488512 17
30477678087770113 16
30478670644649985 79
30480639975227392 2
30481155169984512 22
30481547861688320 18
30483070356295680 12
30483402603888640 17
30483897565319168 16
30484140813975552 12
30484142076465153 3
30485744480944128 9
30486017530142721 14
30486674869846017 5
30488264842412032 0
30489791292252160 9
30490739947343872 9
30491845029011457 18
30494588875571200 3
30494895642775553 11
30496069259370496 62
30497056829210624 2
30497269086158848 62
30497840182591488 4
30499716567408641 11
30500268705583104 16
30502858264674304 12
30505402755981312 6
30505596528623616 2
30506925409968128 16
30507036248641536 14
30509900467544064 0
30510620902162433 16
30511580726697984 12
30512734403567617 12
30513117570015232 8
30514003763535872 12
30514793148321792 17
30515000489541632 16
30515437863178240 16
30515965208829952 3
30516341437890560 13
30517151785820160 4
30517355016622080 16
30517481307111424 4
30517822215954433 0
30519207938494464 6
30519362016247808 13
30519843119702016 12
30521128367689728 8
30521472812318720 19
30521804636295168 1
30522327510818816 9
30522653617954816 4
30522904919674880 0
30522982673686529 22
30523230930345984 10
30523878992252928 16
30524726552043521 10
30525698133196800 10
30526250707591170 16
30526264926281728 33
30526334815965185 2
30526954549547008 12
30527259790020608 0
30527280530857984 16
30527799424983041 10
30530005184286720 16
30533114522505217 16
30534154814750722 12
30536204508209152 16
30536217355358208 13
30536477695807488 16
30538645840596992 0
30538724529938432 5
30543224477065216 0
30544174625333249 3
30544903666663424 6
30545019244912640 12
30545151508094976 10
30545481935360000 5
30546563214348288 6
30547340561481728 0
30548386033696769 0
30548764452200448 11
30550652635582465 16
30550707274776576 2
30550858202615808 69
30551131616706560 16
30554037510213632 10
30555539452723200 19
30558796480774144 8
30561539077439488 0
30562259365269505 14
30562965165965312 0
30563119608635393 4
30564289693614080 6
30564389102813184 0
30565841099563009 22
30565953972477952 6
30566403673165824 17
30567532691726337 8
30567972326080512 2
30569342814916608 14
30570299074289664 17
30571851667210240 8
30572012694933504 10
30573100659638272 9
30573254447988736 6
30573552751087616 17
30574540144775168 6
30575014923210752 9
30576362389504000 2
30579096920526849 11
30579313057202176 6
30581002782908416 6
30581469411803137 33
30581701998546945 9
30582751925112832 2
30583068972548096 13
30583328172154880 14
30585243689811968 5
30586103354359808 0
30587022007603200 15
30587270037774337 10
30587682639847424 19
30587685898817536 0
30588669546987521 10
30589582479196160 9
30589797806379008 17
30589863128473600 14
30590163398696962 8
30591435266854912 17
30592623563509760 17
30592728618246144 17
30595032692035584 4
30595216985559040 17
30595305447628801 21
30595338775568384 10
30595496607219712 17
30596907529146368 69
30596941884686336 17
30597380348837889 10
30597453803683840 12
30597951457853442 14
30598702481539073 0
30598852146888705 0
30599022376919043 12
30599622661505024 6
30600106524807168 10
30600631047688192 17
30601061328756736 17
30601504758964224 17
30601574359236608 11
30601638104272896 6
30604010075455488 10
30604291001556992 0
30604356764049408 17
30605376395157504 14
30606523621187584 33
30607467759013889 17
30608387918004224 14
30608814784905217 17
30609760164249600 12
30610163136208897 17
30610832643596288 8
30612864184098816 17
30612876720869376 10
30612914654154753 67
30614030007664641 10
30614420178608128 5
30614560461291520 17
30614953798930432 6
30615506033577986 62
30615587910586368 15
30615948226465792 6
30616053729988609 0
30617632570875905 22
30617750103658496 0
30618672548544512 12
30618896893476864 9
30619096106143744 17
30619675389853697 13
30619741349478400 17
30620268149866496 12
30620671297986560 0
30621101021204481 2
30621165881917440 10
30621207644610560 12
30623517682704385 8
30623652437295104 8
30623689372340224 8
30625618529878016 0
30625784481714178 79
30626856424177664 13
30628460376363008 0
30631313245470722 0
30631645262385152 0
30632759630241792 6
30633192612438017 13
30633266906136576 8
30633267564650497 8
30633783929606144 0
30633937722155009 1
30634433082036225 12
30635254607773696 0
30635609009684480 5
30635802346131456 6
30635932134670337 0
30636685423280128 79
30636864566206464 0
30636957327425536 0
30637090941181952 12
30637444080607233 9
30638299320160256 6
30638368878497792 12
30638928268632064 13
30640030691098624 2
30640574671355905 2
30641734190895104 12
30642168938889216 5
30642236995674112 5
30642254842433536 5
30642412799922177 5
30642989122461696 12
30643478249603073 1
30643688136773633 4
30644248546119680 0
30644328925757442 10
30644440372617216 4
30645241832800256 5
30646843612336128 9
30646884209000448 12
30647283783565315 0
30647647756881920 0
30647808595857408 0
30648625222656000 15
30648899844706305 12
30649439165087744 9
30649612721197056 8
30650131585966081 10
30650358351007744 0
30650642112450560 5
30650789974245376 10
30651305655533568 62
30651755398168577 15
30651873035821058 3
30652307230162946 0
30652426038022145 69
30652469818163200 19
30652616639782912 0
30652775805231104 15
30653164818534400 10
30654010809651200 4
30655398331551745 13
30655509635792898 2
30655752150458368 13
30655803581009920 4
30656014466416640 12
30656300463427584 5
30656489479737344 0
30657495219306497 12
30658222981386240 17
30658825623179265 14
30658867457167361 0
30659286824648704 17
30660131339378688 11
30661460132634624 17
30661645986430976 0
30661896084398081 1
30662708818870272 19
30662992135725058 10
30663550510825472 4
30665425624760320 17
30665945395503104 9
30666356126912512 14
30667222271660032 67
30667277003137024 8
30667873680625664 1
30667917641129984 18
30668107966062593 4
30668394940334082 10
30670049274499073 0
30670377176801280 1
30670629837479936 6
30671913017671680 19
30672144434204672 5
30672774355746816 10
30673075070566400 4
30674081439285248 4
30674139169693696 13
30674320539787264 0
30675536665649153 4
30676047032754176 11
30676488235782144 14
30677307916029953 13
30678113146896384 14
30678791273586688 10
30679835969851392 0
30679899958153216 62
30680440994009088 17
30681449719930880 4
30681793300537345 13
30681838317993984 8
30681987794608129 17
30682519665909760 12
30682713602129920 4
30682863334596608 0
30683314293571584 5
30684138470121472 5
30684726008221696 1
30685454885986304 14
30685769240682496 5
30685922668322817 5
30686640804462593 5
30686906152914944 5
30687382806200320 12
30687510287876096 1
30687676050968576 0
30688418593767425 4
30690244298801152 5
30690750979121152 1
30690905920905217 1
30691049823272960 5
30692826006159361 5
30692963696779264 10
30692965663899648 4
30693301371797504 0
30693949492432896 5
30693955515457536 0
30694014181179392 5
30694279877754880 5
30694308940087296 5
30694341957656577 5
30694362178392064 5
30694599844429824 17
30694625152864256 14
30694705004027905 5
30695206714089472 5
30696004445544448 5
30696271408799744 1
30696903955976192 0
30697038798651393 10
30697835959689216 6
30698289095507968 5
30698291976998912 6
30698300843761664 8
30700109821902848 7
30700392937426944 5
30700828272631810 9
30701010049572864 21
30701401030000640 4
30702025264074752 4
30702141668589568 4
30702222312472576 9
30702331435683841 14
30704132692123648 2
30704571940605952 5
30705239468277760 1
30705516032303104 5
30707908433940480 22
30708356368834560 5
30708440749842432 62
30709282534072320 5
30710163916718080 5
30710400962007040 4
30710955126034432 0
30711295409917952 62
30711690580463616 15
30711726592753664 1
30712242315988992 5
30713349721292800 0
30714203610284032 67
30714235914813440 13
30714733577379840 6
30714909889138688 19
30715531464019968 17
30717644617285633 21
30717679631343616 6
30717788247035904 122
30718627057500160 15
30719112057458688 10
30719835499397120 13
30720214500900864 69
30721287810711552 21
30722018458468352 6
30722713739862016 12
30723301865168898 2
30723400687165441 12
30723587551797248 6
30723941496520705 6
30724717266599936 13
30724724736655361 14
30725193940865024 15
30725724151218176 15
30725780250038272 6
30726678577676288 62
30726960552345600 4
30727022598692865 21
30727039271047169 4
30727184507211776 21
30727342653444098 4
30727849589608448 18
30728757538988032 0
30728915328696320 6
30730850555400192 1
30730965840035840 67
30731514387898368 13
30731833859645441 22
30732007998754817 5
30733025167806464 6
30733728082825216 5
30733920714629120 6
30734117633007616 0
30738531445903360 2
30738883704524804 11
30739970184450048 12
30740770164051969 33
30740860484194305 6
30741349401624576 0
30741431043760128 22
30741828105928705 5
30742243136503809 8
30742388892762113 14
30743339112341504 1
30744276954517504 21
30745569156665345 11
30746843432357889 33
30747420539224065 15
30747501699010560 22
30747642342408192 11
30749550717173761 21
30749631398805504 22
30751177817722880 62
30752379854917632 19
30752754582421505 13
30752887374090240 22
30753110859186177 5
30753435431206912 10
30754443725115393 13
30754794272464896 13
30755448344805376 6
30755499901198336 10
30755695221547009 22
30756756170743808 12
30757517512417280 69
30758000822063104 10
30759655357546497 12
30759670763233280 12
30760799676923904 2
30761666429849601 6
30762024019431424 17
30762245684207616 14
30763473105321985 4
30764163454214144 1
30764349832306689 1
30764363740618753 13
30764752242221056 1
30765010984636416 21
30765094837166080 5
30765413604265984 21
30766283096072193 21
30766415304728576 9
30767162398347264 33
30767633527742465 1
30768499169169410 1
30768650319306752 21
30768879231832064 9
30769192563113984 1
30769389959651328 1
30769474357432321 21
30769480061685760 21
30769590342520832 9
30769661930905601 1
30769994920890369 1
30770321975939072 1
30770417580904448 22
30771167350493184 22
30771207527735296 9
30771299412353025 1
30771878641532928 22
30772067800449024 21
30772936331755520 5
30773099582464000 1
30773173859393536 12
30773571605241856 6
30773824219783169 5
30774027257647104 2
30775368881283072 17
30775556672851968 67
30775875972632576 13
30775893412548608 18
30776915782533120 19
30777394444902400 21
30777895618088960 1
30778510737940482 1
30779211341893633 10
30779809588051968 6
30780680245870592 21
30783565595680768 6
30784370889461760 1
30784787199303680 2
30784884444237826 1
30786145579180032 22
30786150633308160 1
30786465180942337 5
30786660539043840 6
30786779879575553 1
30786975921340416 21
30787730694733825 1
30788420263481345 67
30788874045235200 21
30789460249550848 5
30789479836950528 22
30790504476053505 4
30792108231098368 9
30792302746148865 112
30792615909662720 1
30793840872923137 1
30793871919157248 6
30794679930851328 14
30794765645651969 12
30794785610530816 1
30795007745069056 19
30795493609050114 2
30795816356544513 21
30796220553236482 1
30796264580849664 14
30797038568341504 15
30798171567292416 0
30798218992287745 3
30798300072378368 22
30799302041280512 8
30799400179597312 9
30799418651316224 0
30799516428935168 1
30799530383380480 6
30799946957455360 8
30800704616538113 33
30800937832415232 13
30800973278478337 21
30801558824296448 18
30802679919804416 9
30802764497948673 67
30803091490086912 14
30804602349690881 11
30804962472632320 3
30805240047472641 0
30806167512948736 22
30806290825478144 1
30809053655470080 6
30809380861517824 21
30809400276946944 5
30809856231342080 12
30810435741556736 5
30810599508152322 4
30810994859053056 22
30811039540969472 18
30811245200277504 22
30811330365628416 69
30811692007034880 1
30812119582638081 21
30812570696818688 15
30812919910375424 21
30813082452238336 112
30814181259218945 9
30814638606123008 0
30814672844234752 12
30814936187801601 33
30815462040272897 22
30815506499899392 12
30817335593926656 6
30818430751875072 5
30820829377855488 13
30821047011905536 4
30821340269252609 22
30821805958635520 0
30821876708147201 6
30824505316220928 4
30825725640577024 22
30826402152452097 1
30826476634902528 1
30826845066764288 0
30827081088638976 1
30828059540062208 4
30828837197578241 1
30829574321348609 1
30829945810845696 9
30831823445561344 18
30832275302129664 67
30835299768602624 22
30836390203756544 21
30837239881670656 15
30837766195515393 0
30838167116447744 5
30838480187686913 14
30838682105683968 2
30841105708744704 5
30841242736660480 1
30841911602315264 8
30843661369475072 0
30844978678734848 5
30845288147066880 3
30846724134150144 5
30846813036617728 1
30848387767083009 3
30848491068588034 21
30848811400175616 19
30850469203025920 1
30853143038267392 22
30853353982394369 2
30853481984172033 2
30855995433426944 10
30856188946022400 2
30859094680145920 15
30859325845020672 4
30861237927542784 11
30862456993615872 2
30862580280983552 15
30863974702518272 13
30866478949466112 12
30867592214220800 14
30868827214446592 5
30869360079806464 22
30869628771115008 22
30873156688285696 15
30877629548597248 17
30879660090855424 22
30880212254199808 21
30881939376316416 19
30882016325009409 19
30882540759810048 1
30883051328241664 0
30883172178726912 14
30884120213065728 2
30885547757019137 18
30886602393788416 12
30887092338827264 12
30887683228172288 11
30888289225408512 12
30888675101384704 14
30889281832615937 12
30889954028552192 67
30889992091860992 0
30893229247303680 6
30894590957461504 17
30897152850919424 12
30897264503296000 1
30898468339847168 21
30899786374709248 16
30899867677102080 9
30900163576864768 16
30900201635979264 14
30900281470357505 21
30901455317630976 0
30901599693963264 12
30901618283126784 22
30901994185039872 17
30902834127966208 16
30906004711415808 16
30906101285261312 14
30906776094244864 6
30907638732554240 18
30907702188179456 1
30908718753255424 17
30909554422194177 15
30909763394994176 2
30909778985222144 12
30909954219053056 12
30911885272424448 10
30912007314083840 67
30914542103957506 22
30915093449416704 21
30917381039591424 22
30918262418046976 6
30918931124322304 14
30919347245416448 16
30920494291099648 2
30922563710357505 11
30922877704339456 15
30922899971899392 2
30924642650689536 10
30925155819593730 0
30925397151449088 2
30926810753540096 16
30928608558059520 16
30929131730378752 3
30930536184684544 9
30931191146221568 5
30932402738044929 21
30933644491100161 1
30933944996200448 1
30937150102966272 12
30940485400928257 11
30941177725329408 12
30941202039701504 17
30943433900171264 21
30944520879210496 16
30945164574859265 0
30947181829562368 14
30947664312934400 4
30949399253229569 17
30950381580189696 16
30950530419261440 12
30950664595046401 1
30950817078968320 22
30951279899451393 14
30952121918558209 16
30953552272687104 17
30953903105249280 79
30954320551747584 0
30955137207898112 67
30955643955318784 0
30958344684445696 0
30958583155793920 0
30958635953692672 14
30959520830197760 14
30960624460636160 2
30960864022503424 0
30964881050046464 79
30965007487336448 14
30965261251117056 12
30965474883801088 22
30965491879120896 6
30965554693021696 17
30965603900588032 17
30965801007714304 17
30965883492900864 17
30965912911745024 17
30965919140290560 17
30965997460520960 17
30966243016052736 17
30966287513423873 17
30966333579468800 12
30966722299170816 12
30967193713774592 17
30967515932790784 0
30967993412354048 21
30968591931154432 19
30968784990773248 17
30969612254318593 2
30969685075828736 17
30970130141810690 6
30972398136205314 17
30972462355189760 17
30973115597062144 5
30973373026668544 17
30973853450637314 0
30974100771966977 12
30974941620862979 17
30975093987344384 62
30975935201157120 17
30976917108690944 22
30978068348669952 17
30978683426570240 6
30979001044439040 17
30979125250363392 17
30979854593691649 13
30980749117095937 17
30981257949085696 11
30981650468835329 12
30982361281728512 22
30982428747108352 12
30982438305927168 67
30982557902307328 0
30983170572685312 4
30983191900721152 0
30984078123601920 2
30984263960633344 14
30984556509138944 4
30984641087283200 6
30985168126746626 69
30986508492087297 2
30986862751387648 17
30986944829718528 4
30986955508424704 4
30987245456461824 122
30987549543497728 14
30987991069491201 21
30988086536052736 21
30988222540554241 21
30991621130555392 0
30991683206250496 1
30993728348880896 1
30994784835346432 4
30994802350751744 10
30995050531913728 0
30995353041895424 11
30996863431745536 11
30996955274420224 21
30997096152694784 0
30997594171768833 0
30997718914568192 1
30998150332289025 1
30998595251478528 0
31000008140529664 6
31000463302205441 12
31000764365152256 62
31000791112220673 21
31001570321633280 0
31002172166504448 16
31003042060963840 6
31004787692535809 0
31006409738948610 12
31006950024028160 67
31007791548207104 4
31007837429698560 17
31008096289558528 10
31008319246172160 5
31009872048824320 0
31009999022981120 0
31010185665323008 21
31010364237815808 15
31010708799885312 0
31011128637128704 0
31011134693711872 21
31011164343238656 15
31011836841164800 6
31012102047006721 21
31012345664765952 14
31012396382298112 6
31012699076825088 4
31012906489348097 0
31013162908123136 4
31013541624414208 1
31013576655249408 0
31013591524057088 0
31013667185098752 0
31013827193606144 0
31013841781395456 0
31013859800129536 4
31013951194013697 0
31014334557589504 21
31014687294357505 17
31014876402950144 0
31014946573647872 12
31015040563814400 21
31015267429523456 0
31015788127191040 0
31016423132233728 0
31017281295224833 4
31017491043975168 1
31017840668573696 16
31018159435681792 62
31018234127843328 0
31018244877852672 0
31018698110148608 15
31018836186628097 1
31019356867526656 4
31019360352993280 0
31019396239466496 0
31019648199688193 1
31019797906989056 0
31020198379130880 0
31021244371435520 4
31021529835765760 21
31021687252193280 15
31021967737884673 0
31022047308021760 0
31023781514321921 12
31023837533446146 4
31023870030913537 0
31024106895843330 0
31024114823077888 0
31024641724125185 17
31025236015058945 0
31025621903609856 14
31025641658785792 0
31025643072258048 0
31025916150816768 0
31026158963265536 12
31026201132802048 21
31026341839114241 0
31026545933942784 4
31027421830447105 21
31028061164019712 4
31028767937789952 0
31029060939288577 4
31029504864423936 0
31030035276111872 0
31030124962914304 0
31030150850158593 33
31030487795367936 0
31030494665637892 1
31030924468559872 17
31031718513213440 0
31031759911002112 0
31032997956288515 4
31034134478458881 0
31034174752169984 12
31034679394045952 9
31035097440329729 17
31035749952397312 4
31036127410388992 2
31037174539354113 21
31037520846262272 0
31037694935040001 2
31037925034565632 0
31038184691335168 0
31038272813662208 17
31038670572093441 11
31039496002736128 1
31039534988795905 15
31039688655507456 2
31040417793310720 0
31041352833695744 19
31041984353280000 21
31042306303852544 67
31042449660973056 4
31042518963453952 0
31042778481819648 3
31043176684851200 4
31043823626878976 0
31044465690939392 0
31045108283482112 0
31045240588603392 17
31045366132514816 0
31045393429037056 0
31046395154669568 0
31046551061139457 0
31046593557831680 9
31046849024499712 9
31048071110467586 4
31048166426025986 21
31048353655558144 0
31049104964452352 0
31050271983411200 0
31051246827737090 17
31051852053221376 0
31052423128686592 0
31052452727885824 15
31052570369728512 12
31052725697384449 6
31052864197496832 4
31053474338709504 21
31053656509911040 12
31055301985697792 0
31055459574087681 9
31055778429276160 2
31055989058830337 17
31056295876362240 2
31056912183205888 0
31057351620431872 18
31057439944089600 0
31058203127062529 17
31058541116657664 14
31058594338181121 18
31059718105468928 14
31059921093009408 8
31061904994603009 9
31062559175999488 21
31063615565987840 11
31065622423011328 0
31066063718322176 13
31066504539676673 62
31067024973103104 6
31067596199563264 67
31068538898747392 3
31068571312324608 0
31068858617954304 2
31069597247475712 17
31070296945459200 4
31071789631143937 0
31072009869852672 16
31072039590690816 21
31072347490361345 19
31072348505374721 19
31072366792544257 1
31072472556118017 15
31072897015480320 21
31073305100296192 5
31073318543032320 14
31074798310268929 17
31075092746215424 4
31075146924036096 0
31075313429516288 0
31076061462659072 0
31076332137881600 0
31076425310142464 9
31078625642029056 0
31079228757770240 15
31079386023198721 0
31080347219263488 33
31081790139531265 19
31082026941554688 62
31082325320138752 1
31082773166956544 17
31083514283692033 33
31083518196977664 22
31083523758620673 12
31084250191101952 33
31084675116048384 3
31085134354583552 4
31086604953059328 13
31086874403540992 33
31087044226711552 15
31087418727735296 62
31087671757512704 6
31087921217937408 21
31087996493111296 69
31088441139666944 15
31088604361003008 4
31090208116056064 0
31090279184343040 16
31091019378335744 6
31091400284049408 14
31091994977632256 6
31092826821369857 0
31094703621414912 0
31094934228439040 17
31095346109095937 79
31095382507266048 8
31096345146163200 67
31097874544599040 0
31098415081332736 17
31098607977369601 0
31099222732316673 17
31099423782084608 6
31099538177531904 21
31100236550119424 33
31100738906099714 5
31101132273098752 3
31101134374436864 18
31101259872215040 4
31101750245068801 0
31102256325599233 4
31104992857300992 13
31105170322489344 17
31105781336121345 33
31106823008288769 2
31107918388535296 33
31108442777198592 0
31109802788659200 21
31110638814109697 6
31110803671224321 6
31111680507256833 0
31111880143540224 5
31112518961201152 21
31113395839180800 0
31114000670400512 18
31114540473122816 4
31115816892112897 17
31115844079587328 1
31116011696553984 21
31116681023586305 21
31116779371630592 0
31117215788965889 15
31117687467802624 5
31118228382031873 15
31118649196544000 4
31119405844795394 4
31119543506046977 5
31119573893775361 10
31120562348625920 4
31121223412883456 4
31122825305657344 14
31123228814483456 7
31124672380674048 9
31124991944687616 18
31125701058895874 4
31125930910949377 12
31128320552738816 12
31128517605326848 21
31129009882402817 21
31129345066012672 4
31129479409569792 21
31130243469152256 2
31130387040174080 19
31131371611103232 0
31131445204357121 21
31131687672881153 9
31132710705565696 14
31133324697141249 19
31135430875291649 21
31135460042477568 21
31137005664468992 9
31139501162102784 14
31139661069942785 6
31140736409796609 9
31143839632728064 19
31144464038764544 9
31144800455495681 6
31147431294926848 0
31147614292418560 5
31147677928394752 10
31147902940217346 9
31149429419413504 6
31150167855996928 0
31150854518087680 16
31152254899724288 5
31153333771177984 6
31155431632019457 15
31155803561926656 13
31156154063134721 12
31156659652927488 21
31157697839628288 4
31160647492304897 12
31160749384540161 14
31160987822333952 21
31162151691358208 4
31162181697413120 21
31164008929173504 21
31164377784651776 4
31167200224092160 21
31167797417484289 21
31168112128692224 9
31168737197424640 6
31171333400305664 67
31173198477266945 16
31175122647785472 6
31175267573571584 0
31175455365144577 22
31175798983491584 21
31176393446391808 21
31178972884635648 17
31180229808488449 6
31180699922866177 21
31182195607470080 5
31183953457057793 12
31185246959439872 5
31185471144992768 0
31185639047172097 1
31186539111260161 13
31187010144182272 16
31187069468413952 14
31187141350400000 12
31188443958611969 6
31191421952204801 21
31192640489783296 9
31193526230323200 67
31193849732796416 6
31193943542603777 8
31196853986926592 0
31198473860685824 14
31198665850753025 4
31198962056695809 33
31199726539902977 3
31200356755046400 3
31201613666320385 19
31201852355772416 16
31203980398821376 10
31204939556454400 0
31205944025161728 0
31206369348558848 112
31206920995999746 3
31206941996875776 4
31206989136666625 67
31207938504790017 4
31208344513417217 0
31209867557470208 21
31210617436119040 0
31210659614031872 67
31211512802574336 6
31211938725761024 6
31213116251447296 5
31214698540048384 15
31214716097400833 16
31216070039699456 67
31216127501672448 21
31218888129650688 17
31219949385023488 15
31220608494739456 3
31220914683121664 6
31221921399963648 6
31222767160401923 2
31222961499283456 6
31223664930193409 16
31225212070535168 12
31226577924653056 15
31227454337056768 0
31228067758215169 67
31228698111770624 12
31228836662214656 0
31230245910618112 12
31230268593414144 15
31230480170876928 0
31234119782367233 4
31235101018820608 21
31235152201912320 21
31235518612119553 6
31237205229830144 0
31239223256293376 2
31239414566879232 4
31240250109984768 17
31240623314964480 10
31241976984641536 4
31243779268677632 62
31244303820918784 17
31244843439095808 2
31246627213676545 15
31247389662646273 2
31247776054517760 11
31249687239467008 17
31249821952118784 11
31249887840436224 3
31254361870958592 67
31255257963044864 3
31256160044589057 2
31256750145409024 14
31259521435308032 8
31260408840986624 15
31260417296695296 15
31260439643947009 15
31260442315726848 15
31260442705793024 15
31260461554999298 15
31260794079416320 2
31261786745339904 4
31263364470538240 11
31263743979552768 21
31263929590091776 14
31264716974194689 16
31265066254864384 67
31265161838858240 21
31265427015335936 2
31268819217424384 0
31269345250246656 14
31269520672825344 15
31271537130602496 2
31273563319173122 0
31274798323601409 5
31275425594347520 2
31276298647113728 21
31276607888957440 21
31280039735595009 11
31280399111950336 14
31280613415723008 67
31283912407785472 21
31283916992155649 21
31284810353741825 4
31284921209200641 12
31285491366100993 21
31286090224635904 19
31286109472292864 21
31287055673729024 9
31289241761746944 4
31290428993052672 5
31290850642235392 11
31291004959072256 11
31292040750829568 9
31293731701260288 0
31295548401131520 14
31296654984355840 4
31296678459875328 4
31299916881993728 14
31299921579610112 0
31300012923166720 12
31300161028235265 15
31301399597817856 11
31303419125825536 11
31303874081984512 0
31304742340661248 8
31306557291503616 67
31312198722658305 21
31313035649875969 16
31313048425725952 12
31314236164542464 12
31315354999324672 12
31315497316257792 4
31315702530965506 10
31316259006054401 3
31318938021265408 21
31319628084936704 4
31319916309127168 6
31324492491923456 14
31324914770255872 0
31329095719591936 17
31330125442191360 2
31330499074981888 12
31330501872586753 14
31331264925540352 17
31331279676903424 22
31331500536369152 2
31331870423650304 17
31338264753340416 21
31340035500408832 4
31340071860834304 3
31340540746268672 11
31340983396335616 2
31343165118087169 14
31343482496880640 11
31345998840209409 17
31347221337219072 0
31347593162268672 21
31348236769820672 17
31352119541891073 15
31352723509092352 62
31354920925929473 11
31355051209396224 0
31359062411055104 67
31359592764014592 15
31360085192089600 6
31361239879778304 14
31362489916592128 12
31363167950999552 2
31363349748912128 6
31365951563763712 13
31366458361520130 17
31367523815395329 21
31367888132636672 79
31368070408708096 21
31368638988558337 15
31370453759033344 67
31370691341193217 2
31371147513692160 4
31372058491359232 11
31372223163932672 2
31372703940214784 8
31373776805437440 6
31375726355685377 18
31377104851435520 22
31377999555207168 17
31378267915161600 0
31378604751331328 0
31379582183538689 0
31380634714775552 12
31381838840733696 3
31381901876920320 6
31382407521239041 2
31382608390660096 0
31382773830782976 12
31384843216486400 33
31386765759614977 1
31387358490267648 4
31387404828934144 0
31387551839293441 14
31389209428234242 0
31389468770435073 6
31389896627195904 2
31393500272529408 12
31394346062315520 0
31394628003434497 4
31394797096800256 0
31395475361890304 1
31395755189075968 12
31396276645924864 9
31396671703220224 0
31396975362445313 0
31397676553605120 13
31397693683142658 2
31398370350206977 21
31398611271024641 17
31399339309932545 0
31400130095616001 17
31402465458917377 0
31405044901355520 0
31406410256355328 0
31407484170145792 7
31408746303332353 8
31409578230943744 0
31409606391500800 19
31410105647894528 0
31411367932067840 62
31413608780931072 12
31413650270986241 9
31414231677009920 21
31414777767010304 0
31414860923277312 0
31415047490117634 12
31415088246169600 12
31415194911506432 67
31416044081913856 0
31416196981067776 14
31417341728260096 22
31418086171082752 12
31418487326908416 0
31418997807259649 0
31419091105357824 4
31420193662042112 33
31421122289336321 21
31421364304875520 2
31424021111246849 0
31424967899873280 4
31424975139250176 0
31425369449963520 62
31425604452614146 11
31426539723689984 0
31426798810046465 0
31426832662265857 79
31427033556848641 67
31427759045611520 11
31428420801925120 5
31428493468237824 15
31428546798813184 0
31431335247609856 6
31431536888782849 15
31432727026733056 0
31432945419952128 6
31433327906922496 5
31433632128172032 21
31434793199599616 17
31435262596747264 6
31437204932788225 13
31437237254094848 9
31437407396040705 21
31441099969003520 0
31442088453210113 2
31442614079197185 17
31442910696177665 22
31443107291598848 0
31447361003720704 12
31448339769724929 11
31449595846336512 3
31450065537073152 1
31450267119525888 11
31450686512173056 4
31452420420665344 17
31452422190665728 3
31452522002513920 3
31452799485087744 9
31453275672805376 21
31455723212775424 3
31455815084802048 3
31456126100836352 0
31456453080383488 12
31456542574252032 18
31456595212767232 0
31457280905973760 17
31457316683386880 12
31457406059810816 79
31458812468658176 21
31459972197908480 14
31461069528502272 0
31464165482692608 2
31464675170328576 11
31464809216090112 17
31467121900789760 21
31467184836317184 2
31467302188748800 12
31467680355586048 4
31467720469905408 17
31468490040803328 6
31468756320391168 22
31469968528769025 14
31471387839303680 5
31471733798076416 13
31473669091893248 11
31473705490063360 14
31476880397836288 11
31477961861373952 17
31481606854152192 15
31482127098839040 112
31484405264424960 14
31485497012396032 6
31488592257744896 5
31491223910879234 11
31492039682039808 6
31492400543178752 14
31493461895020544 12
31494358188425218 6
31494433346158592 62
31495605129838592 67
31496694457704448 17
31498848211828736 5
31501865678016512 4
31503072236670976 21
31503592129040384 67
31506974361260032 15
31507810986496001 2
31508580809052161 5
31508627588120576 67
31508788771037184 17
31523385842335744 3
31524647337988096 17
31527343109443585 67
31528624356069376 9
31528642743894016 21
31528807936565248 2
31532143444230144 1
31533473051185152 9
31533605201121280 17
31535593183772673 3
31536020499468289 13
31537684090462208 6
31539440006463488 79
31540846591479808 2
31541787378065409 14
31542354045308929 69
31546173600829441 15
31546270132740096 2
31547140597620738 14
31548936007196673 12
31549322411646976 12
31549597696393216 5
31549742353747968 14
31553007199985664 14
31553156345233408 2
31554061517979648 10
31555900334407680 9
31557043903012864 11
31559113523597312 9
31559175330856960 17
31559868326350849 22
31562402864570368 11
31562758805782528 17
31562782507802625 0
31563924398669825 16
31565204835794944 67
31568963183845376 10
31569527422586881 1
31570912188825600 11
31574200246341633 17
31574865592979456 14
31575391466426368 12
31577262197317633 17
31579382669639680 14
31580700553519104 2
31582344502575104 14
31582648186961921 21
31585147258146816 9
31585270302253056 2
31587174298165248 2
31587601542545408 6
31587866031165440 2
31588307586519040 17
31588433650515969 13
31588589909315584 2
31589908644626432 17
31590126110904320 14
31590322957975552 13
31590445049970688 79
31591003676737536 0
31591444397424640 6
31591858408787968 21
31592177809227776 3
31592707545636865 11
31593201001299970 3
31594108174737408 2
31594123525881856 2
31594358910226432 2
31594475058892801 12
31595126736289793 3
31595212220399616 6
31596255645798400 14
31599782774439936 67
31600749309861889 2
31609210277990401 16
31609386329710593 79
31610154927521792 17
31612106658816000 12
31613004512493568 17
31615062405808128 3
31615359102492672 3
31617061889249280 12
31617379486142464 6
31619459839954944 2
31622713848107008 17
31622888691867648 33
31627404900311040 0
31627673281232896 12
31628886605299712 17
31629001239830528 6
31629044269191168 17
31629235835637760 17
31629248502435840 15
31629662966784000 11
31631535366995968 17
31632553471377408 17
31632894636068864 17
31633604350058496 3
31634565726470144 3
31636328948965376 62
31636393063096320 21
31637593485484032 0
31638843664891904 6
31639213241794560 17
31639242950053888 12
31640927348981761 2
31642136910757888 6
31643428668313600 17
31643748362362880 17
31644368326631424 17
31647223557128192 17
31647814786228224 12
31648201748520961 17
31648402789896192 19
31648931624525824 17
31650454555328512 2
31650972241502208 17
31651067670302720 17
31652021882851328 17
31652159686705152 6
31653032269709312 17
31653095016497153 17
31653409140514816 2
31653516321759232 17
31653948410560512 17
31654224773251072 17
31654912601358336 17
31655045367861249 17
31655251593404416 6
31655260195921921 6
31655267053604864 6
31655567781011456 17
31656691342770176 14
31657587443245056 3
31657763553677312 17
31657852259016705 17
31658343235854336 17
31658757616308224 17
31659605524226048 17
31660595627425792 9
31661116648067072 62
31661587676798976 17
31662105904021504 6
31663375410798592 17
31664292503756800 17
31664959955927040 0
31665631019405312 11
31665824276156416 17
31666932327383040 17
31668642445791232 3
31668993525813249 17
31669571555430400 0
31669649288470529 17
31670225099300864 17
31672576916856832 17
31672753975197696 17
31672985840517120 14
31673221942091777 17
31673243798609920 17
31673636943306752 17
31673673651855360 17
31673680954138624 17
31673744418152448 17
31673993819856896 17
31673999100477440 17
31674021217046528 17
31674306199035905 17
31674396498202624 17
31674409378910209 17
31674451988848641 17
31674849906659328 12
31675031993982977 17
31675229210152960 17
31675360097599488 17
31675432579375104 17
31675539873857537 17
31677899845148672 17
31677930400645120 6
31678562608091136 17
31679285982920704 17
31679425338679296 6
31679542569472000 17
31679701269348352 62
31679783616118784 1
31680131110010880 17
31681152569835520 17
31681793237188608 16
31682953595584513 14
31683709740519424 62
31684419873935361 17
31684842953375744 2
31685731671875584 112
31686032277639169 17
31686265921343489 3
31686276293853184 9
31688182005235712 112
31688661296742400 6
31689430863450112 10
31689854869835776 15
31689881163931648 33
31690834835415040 17
31691436936138752 13
31692185296441344 17
31692655704412161 15
31693234325426177 62
31694473117306880 3
31694530558296064 9
31694965050449921 62
31695509810839552 13
31695880826396672 3
31696221231915008 12
31697432387526656 16
31699819923767296 6
31700342240444418 62
31700382858092544 15
31702927013838848 17
31703050271850498 12
31707233054101504 9
31708419303931905 62
31709059719634945 12
31711079461552128 79
31711154204053504 62
31715048300744704 67
31715391927484418 62
31716826710802432 19
31717825269731328 14
31718977201774592 13
31719526622040064 3
31720687227895808 13
31720767683043328 21
31721475786416129 62
31722157654417409 18
31724837294571520 14
31724937890762752 21
31726486222274560 0
31726872656084992 9
31728925046476802 17
31729684089675777 17
31729824913424384 33
31730063380582401 2
31730139196817408 18
31730185619378176 13
31730879315316736 3
31731638631137281 14
31732480914489344 14
31735139432144896 62
31735455657500672 67
31735910097756161 13
31736465394241536 3
31736590074118145 62
31737924319969280 15
31737979026280448 2
31740806834425856 14
31744066563604480 69
31744449365155840 12
31745086442184704 4
31745096726609920 4
31745508766646273 12
31746913468424193 6
31747239311314944 4
31749443879440384 4
31749813007548416 3
31751008367419392 13
31751433325903872 69
31752954860011520 13
31753400517398528 69
31754236366688256 11
31757312548937728 8
31759478898561025 62
31760140914925569 62
31760876486795264 14
31762855594303488 19
31763145265520640 0
31763149904412672 0
31763182657740801 62
31763804341673985 6
31764477875585024 10
31765042370187264 69
31767856039329792 14
31768073216204800 19
31769205439205376 2
31769395265019904 14
31769479050432512 67
31769523052875777 79
31770091230076929 15
31771605050855424 62
31773184512495616 7
31774912318283777 6
31776820869206016 62
31776979199991808 6
31777091523444736 18
31777427092938752 4
31777476736716800 4
31777488208142336 62
31777782535028736 15
31778373868978177 62
31778698306781184 5
31780127859802112 0
31780569960415232 3
31781089181704192 6
31781229795745792 9
31781548416049152 62
31783210920706048 1
31785455397638144 12
31786830126911488 62
31787064592699392 3
31787173657190400 3
31787373297668096 14
31789024293167104 3
31789477273804800 4
31789696912723969 14
31790456400510979 17
31791078399025153 17
31792129172840448 5
31793296351174656 18
31793298611904512 0
31793758529921024 22
31795576903303169 3
31795708822552576 3
31800150301081600 17
31801180061433856 14
31802123293294592 12
31803411594739713 3
31803419240960000 3
31803439788855297 3
31803718215139328 15
31804215198224384 3
31806612809187328 3
31807173218537472 17
31807230709866496 79
31807594473459712 3
31808292451786752 19
31809671195009024 3
31810488266399744 3
31810603328741376 62
31811055877365761 4
31811254737702913 67
31811330562334720 6
31811864388177920 9
31812598013894656 2
31814327216377856 17
31816947943346176 1
31816986417700864 17
31817694814670850 12
31818985011945472 12
31820162705399808 14
31820266728329216 12
31821748101976066 4
31821797401821184 0
31824265858777088 62
31824638501724160 4
31824794554994688 3
31824817023885312 11
31825453668900864 6
31826421026398208 62
31827324445917184 62
31828141269848064 1
31830108431982592 3
31831410260058113 19
31836139568500736 112
31836755116171264 67
31837272005419008 62
31838446431510528 62
31839368880590850 2
31839946834714624 62
31840187944280064 3
31841010615058432 1
31841332263649280 3
31841375750193152 62
31841982963777536 15
31842252955324417 3
31844361520025600 62
31844731885457409 9
31845325505306624 15
31845403099926528 79
31845404345630720 3
31845488307208192 62
31845789533736960 3
31846049488310272 4
31847913957105665 79
31849548460597249 0
31849691155013632 14
31849694669840384 17
31849942708391936 67
31851486715576320 5
31852394992115712 17
31853087438143490 21
31853505325047808 6
31853848926621697 15
31854246383058944 3
31856209573187584 11
31857122555723776 3
31858497041735680 14
31858896867954688 62
31859055030964224 3
31861291236724738 12
31861590575816705 9
31861702156877824 2
31862468191977472 6
31864469529305088 2
31865568277569536 3
31865841687470080 79
31866849633243136 0
31868819316146176 62
31869348700229632 12
31870844829442048 16
31871158500458496 69
31872613319970816 14
31872977108738048 67
31873295653539840 16
31875281820061696 62
31876829782478848 18
31877108653367296 9
31878654489264128 5
31879597431726080 15
31879763714904064 6
31880216670380032 19
31881538727575552 15
31882212055973888 6
31882977344491520 6
31883171909869570 3
31883368232656896 19
31883562986766336 79
31883690422308864 2
31884272092585984 6
31885326528020480 19
31885627276394496 15
31885657626378240 3
31885777986129920 21
31885796969545728 67
31885983020482560 10
31886068898861056 2
31887568748417024 6
31888385719144448 11
31888462969839617 6
31889401910923264 0
31890053449908225 12
31890241614782464 6
31891056119255040 11
