30394131587006464 4
30394202042925056 6
30396111764066304 17
30398100472336385 4
30400409612853249 10
30401574056493056 13
30402208474333184 6
30404278992510976 10
30404296335958016 11
30404459720871936 11
30405193854091264 6
30405450293846016 0
30406089992310786 2
30406773076664320 14
30406955428216832 2
30407444110778369 3
30407494970900482 6
30407607617323008 12
30408437502312449 10
30408707682607105 5
30409874428919808 1
30410134425436161 1
30410295151169538 12
30410427095588864 6
30410542388609024 23
30410847616499712 6
30411347749507072 23
30411467085844481 2
30412963919699969 1
30414963528962048 2
30416908838772737 13
30417452680609792 15
30418069784367104 14
30418510702186496 5
30419324359417857 1
30419457826357248 2
30419510313877504 1
30419535756533762 25
30420445060669440 23
30421875943284738 3
30422510541479936 23
30422846366814209 3
30423259409289216 25
30423743528439808 16
30424035380699136 15
30424818289475584 29
30424834911510530 5
30424957825589248 1
30425952878075904 25
30427146451165184 0
30428029847080961 0
30428075191701504 23
30428482223734785 2
30429182278246400 31
30429664170213377 4
30429676585353216 7
30429702262886401 10
30430409875521536 5
30430799341817857 1
30431564932325376 6
30431589796151296 6
30432405177245697 3
30433013120634881 1
30433695596814338 14
30436694226378752 0
30437370604036096 1
30438372140908544 2
30439179359879168 0
30439920199798787 8
30440791239299072 6
30440960940834816 8
30441473379934208 0
30442043301953536 13
30444102684254208 3
30447887317995520 13
30448953891749888 13
30450989928554496 12
30452220143079424 13
30453671854612480 13
30455347827183616 6
30456490821156864 10
30458775651487745 0
30459074709557248 8
30460023981215744 6
30461512313208833 2
30463111500664832 29
30463763110957056 2
30464679839006720 6
30467526097895424 6
30467978906574849 2
30468165997690880 2
30468336726839296 25
30470388030906368 29
30471649639796736 10
30472788686929920 1
30472790909915136 4
30473143420190720 6
30473227012673536 23
30473698460827648 6
30475778487488512 10
30477678087770113 14
30478670644649985 29
30480639975227392 3
30481155169984512 7
30481547861688320 10
30483070356295680 13
30483402603888640 6
30483897565319168 14
30484140813975552 13
30484142076465153 10
30485744480944128 21
30486017530142721 8
30486674869846017 2
30488264842412032 3
30489791292252160 23
30490739947343872 29
30491845029011457 2
30494588875571200 4
30494895642775553 16
30496069259370496 29
30497056829210624 3
30497269086158848 29
30497840182591488 6
30499716567408641 17
30500268705583104 14
30502858264674304 13
30505402755981312 13
30505596528623616 3
30506925409968128 14
30507036248641536 6
30509900467544064 1
30510620902162433 6
30511580726697984 13
30512734403567617 13
30513117570015232 8
30514003763535872 13
30514793148321792 6
30515000489541632 14
30515437863178240 14
30515965208829952 4
30516341437890560 5
30517151785820160 9
30517355016622080 14
30517481307111424 9
30517822215954433 12
30519207938494464 25
30519362016247808 5
30519843119702016 5
30521128367689728 28
30521472812318720 0
30521804636295168 26
30522327510818816 23
30522653617954816 6
30522904919674880 31
30522982673686529 25
30523230930345984 4
30523878992252928 14
30524726552043521 4
30525698133196800 4
30526250707591170 14
30526264926281728 16
30526334815965185 11
30526954549547008 13
30527259790020608 1
30527280530857984 14
30527799424983041 4
30530005184286720 14
30533114522505217 14
30534154814750722 13
30536204508209152 14
30536217355358208 5
30536477695807488 14
30538645840596992 3
30538724529938432 12
30543224477065216 12
30544174625333249 0
30544903666663424 13
30545019244912640 1
30545151508094976 4
30545481935360000 12
30546563214348288 13
30547340561481728 3
30548386033696769 3
30548764452200448 1
30550652635582465 14
30550707274776576 3
30550858202615808 23
30551131616706560 14
30554037510213632 25
30555539452723200 0
30558796480774144 8
30561539077439488 3
30562259365269505 10
30562965165965312 3
30563119608635393 0
30564289693614080 2
30564389102813184 3
30565841099563009 12
30565953972477952 2
30566403673165824 2
30567532691726337 8
30567972326080512 11
30569342814916608 6
30570299074289664 10
30571851667210240 8
30572012694933504 25
30573100659638272 23
30573254447988736 13
30573552751087616 2
30574540144775168 13
30575014923210752 23
30576362389504000 3
30579096920526849 26
30579313057202176 12
30581002782908416 14
30581469411803137 16
30581701998546945 23
30582751925112832 3
30583068972548096 13
30583328172154880 6
30585243689811968 12
30586103354359808 3
30587022007603200 15
30587270037774337 4
30587682639847424 0
30587685898817536 3
30588669546987521 17
30589582479196160 21
30589797806379008 2
30589863128473600 15
30590163398696962 8
30591435266854912 2
30592623563509760 2
30592728618246144 2
30595032692035584 0
30595216985559040 2
30595305447628801 1
30595338775568384 17
30595496607219712 2
30596907529146368 12
30596941884686336 2
30597380348837889 17
30597453803683840 13
30597951457853442 15
30598702481539073 3
30598852146888705 3
30599022376919043 13
30599622661505024 25
30600106524807168 17
30600631047688192 2
30601061328756736 2
30601504758964224 2
30601574359236608 16
30601638104272896 21
30604010075455488 17
30604291001556992 1
30604356764049408 2
30605376395157504 10
30606523621187584 15
30607467759013889 2
30608387918004224 15
30608814784905217 2
30609760164249600 5
30610163136208897 2
30610832643596288 28
30612864184098816 2
30612876720869376 21
30612914654154753 25
30614030007664641 4
30614420178608128 12
30614560461291520 2
30614953798930432 5
30615506033577986 17
30615587910586368 13
30615948226465792 17
30616053729988609 3
30617632570875905 12
30617750103658496 3
30618672548544512 13
30618896893476864 23
30619096106143744 2
30619675389853697 13
30619741349478400 2
30620268149866496 5
30620671297986560 3
30621101021204481 3
30621165881917440 4
30621207644610560 13
30623517682704385 5
30623652437295104 5
30623689372340224 5
30625618529878016 3
30625784481714178 5
30626856424177664 16
30628460376363008 3
30631313245470722 3
30631645262385152 1
30632759630241792 2
30633192612438017 13
30633266906136576 5
30633267564650497 5
30633783929606144 1
30633937722155009 4
30634433082036225 13
30635254607773696 3
30635609009684480 12
30635802346131456 13
30635932134670337 1
30636685423280128 5
30636864566206464 3
30636957327425536 3
30637090941181952 13
30637444080607233 6
30638299320160256 13
30638368878497792 13
30638928268632064 5
30640030691098624 11
30640574671355905 11
30641734190895104 5
30642168938889216 2
30642236995674112 2
30642254842433536 2
30642412799922177 2
30642989122461696 5
30643478249603073 13
30643688136773633 9
30644248546119680 3
30644328925757442 7
30644440372617216 6
30645241832800256 2
30646843612336128 23
30646884209000448 5
30647283783565315 3
30647647756881920 3
30647808595857408 3
30648625222656000 12
30648899844706305 31
30649439165087744 2
30649612721197056 9
30650131585966081 25
30650358351007744 3
30650642112450560 2
30650789974245376 4
30651305655533568 23
30651755398168577 16
30651873035821058 4
30652307230162946 3
30652426038022145 26
30652469818163200 0
30652616639782912 3
30652775805231104 13
30653164818534400 4
30654010809651200 9
30655398331551745 5
30655509635792898 3
30655752150458368 5
30655803581009920 6
30656014466416640 13
30656300463427584 12
30656489479737344 1
30657495219306497 5
30658222981386240 13
30658825623179265 10
30658867457167361 1
30659286824648704 2
30660131339378688 13
30661460132634624 2
30661645986430976 3
30661896084398081 7
30662708818870272 2
30662992135725058 8
30663550510825472 6
30665425624760320 2
30665945395503104 23
30666356126912512 6
30667222271660032 26
30667277003137024 8
30667873680625664 5
30667917641129984 10
30668107966062593 9
30668394940334082 4
30670049274499073 3
30670377176801280 5
30670629837479936 13
30671913017671680 25
30672144434204672 2
30672774355746816 4
30673075070566400 0
30674081439285248 6
30674139169693696 16
30674320539787264 3
30675536665649153 12
30676047032754176 26
30676488235782144 6
30677307916029953 15
30678113146896384 25
30678791273586688 4
30679835969851392 3
30679899958153216 12
30680440994009088 2
30681449719930880 0
30681793300537345 3
30681838317993984 5
30681987794608129 2
30682519665909760 13
30682713602129920 0
30682863334596608 3
30683314293571584 12
30684138470121472 2
30684726008221696 4
30685454885986304 6
30685769240682496 0
30685922668322817 2
30686640804462593 0
30686906152914944 2
30687382806200320 13
30687510287876096 5
30687676050968576 3
30688418593767425 0
30690244298801152 2
30690750979121152 4
30690905920905217 5
30691049823272960 2
30692826006159361 2
30692963696779264 25
30692965663899648 9
30693301371797504 3
30693949492432896 2
30693955515457536 3
30694014181179392 2
30694279877754880 2
30694308940087296 2
30694341957656577 2
30694362178392064 2
30694599844429824 2
30694625152864256 6
30694705004027905 2
30695206714089472 2
30696004445544448 2
30696271408799744 5
30696903955976192 3
30697038798651393 17
30697835959689216 13
30698289095507968 8
30698291976998912 13
30698300843761664 28
30700109821902848 2
30700392937426944 17
30700828272631810 23
30701010049572864 8
30701401030000640 0
30702025264074752 9
30702141668589568 0
30702222312472576 23
30702331435683841 10
30704132692123648 3
30704571940605952 2
30705239468277760 4
30705516032303104 2
30707908433940480 12
30708356368834560 12
30708440749842432 12
30709282534072320 2
30710163916718080 2
30710400962007040 9
30710955126034432 3
30711295409917952 12
30711690580463616 12
30711726592753664 9
30712242315988992 2
30713349721292800 3
30714203610284032 15
30714235914813440 13
30714733577379840 13
30714909889138688 0
30715531464019968 2
30717644617285633 8
30717679631343616 15
30717788247035904 26
30718627057500160 12
30719112057458688 4
30719835499397120 5
30720214500900864 6
30721287810711552 8
30722018458468352 2
30722713739862016 5
30723301865168898 13
30723400687165441 5
30723587551797248 14
30723941496520705 13
30724717266599936 5
30724724736655361 6
30725193940865024 6
30725724151218176 12
30725780250038272 12
30726678577676288 12
30726960552345600 0
30727022598692865 8
30727039271047169 6
30727184507211776 8
30727342653444098 9
30727849589608448 10
30728757538988032 3
30728915328696320 13
30730850555400192 4
30730965840035840 15
30731514387898368 16
30731833859645441 7
30732007998754817 0
30733025167806464 5
30733728082825216 2
30733920714629120 2
30734117633007616 3
30738531445903360 13
30738883704524804 26
30739970184450048 5
30740770164051969 28
30740860484194305 13
30741349401624576 16
30741431043760128 7
30741828105928705 0
30742243136503809 25
30742388892762113 10
30743339112341504 7
30744276954517504 8
30745569156665345 1
30746843432357889 15
30747420539224065 16
30747501699010560 7
30747642342408192 5
30749550717173761 6
30749631398805504 7
30751177817722880 29
30752379854917632 0
30752754582421505 5
30752887374090240 7
30753110859186177 2
30753435431206912 8
30754443725115393 5
30754794272464896 13
30755448344805376 13
30755499901198336 4
30755695221547009 7
30756756170743808 13
30757517512417280 17
30758000822063104 4
30759655357546497 8
30759670763233280 5
30760799676923904 3
30761666429849601 13
30762024019431424 6
30762245684207616 6
30763473105321985 5
30764163454214144 7
30764349832306689 7
30764363740618753 25
30764752242221056 7
30765010984636416 8
30765094837166080 12
30765413604265984 8
30766283096072193 8
30766415304728576 23
30767162398347264 15
30767633527742465 7
30768499169169410 7
30768650319306752 8
30768879231832064 23
30769192563113984 7
30769389959651328 4
30769474357432321 8
30769480061685760 8
30769590342520832 23
30769661930905601 7
30769994920890369 7
30770321975939072 7
30770417580904448 7
30771167350493184 7
30771207527735296 23
30771299412353025 7
30771878641532928 16
30772067800449024 8
30772936331755520 2
30773099582464000 7
30773173859393536 13
30773571605241856 13
30773824219783169 2
30774027257647104 13
30775368881283072 17
30775556672851968 10
30775875972632576 13
30775893412548608 10
30776915782533120 14
30777394444902400 8
30777895618088960 7
30778510737940482 7
30779211341893633 17
30779809588051968 7
30780680245870592 8
30783565595680768 13
30784370889461760 5
30784787199303680 13
30784884444237826 7
30786145579180032 15
30786150633308160 7
30786465180942337 2
30786660539043840 13
30786779879575553 5
30786975921340416 8
30787730694733825 7
30788420263481345 15
30788874045235200 8
30789460249550848 0
30789479836950528 7
30790504476053505 9
30792108231098368 23
30792302746148865 21
30792615909662720 7
30793840872923137 7
30793871919157248 13
30794679930851328 6
30794765645651969 13
30794785610530816 7
30795007745069056 3
30795493609050114 11
30795816356544513 8
30796220553236482 7
30796264580849664 6
30797038568341504 16
30798171567292416 1
30798218992287745 10
30798300072378368 7
30799302041280512 8
30799400179597312 23
30799418651316224 1
30799516428935168 7
30799530383380480 2
30799946957455360 5
30800704616538113 15
30800937832415232 13
30800973278478337 8
30801558824296448 17
30802679919804416 29
30802764497948673 15
30803091490086912 6
30804602349690881 5
30804962472632320 4
30805240047472641 1
30806167512948736 7
30806290825478144 7
30809053655470080 21
30809380861517824 8
30809400276946944 2
30809856231342080 5
30810435741556736 2
30810599508152322 6
30810994859053056 7
30811039540969472 15
30811245200277504 12
30811330365628416 12
30811692007034880 5
30812119582638081 8
30812570696818688 12
30812919910375424 8
30813082452238336 13
30814181259218945 23
30814638606123008 3
30814672844234752 5
30814936187801601 15
30815462040272897 7
30815506499899392 13
30817335593926656 13
30818430751875072 2
30820829377855488 13
30821047011905536 0
30821340269252609 7
30821805958635520 3
30821876708147201 13
30824505316220928 6
30825725640577024 7
30826402152452097 4
30826476634902528 7
30826845066764288 3
30827081088638976 7
30828059540062208 0
30828837197578241 7
30829574321348609 4
30829945810845696 2
30831823445561344 10
30832275302129664 26
30835299768602624 7
30836390203756544 8
30837239881670656 12
30837766195515393 3
30838167116447744 2
30838480187686913 6
30838682105683968 3
30841105708744704 2
30841242736660480 7
30841911602315264 28
30843661369475072 3
30844978678734848 2
30845288147066880 0
30846724134150144 2
30846813036617728 7
30848387767083009 4
30848491068588034 8
30848811400175616 14
30850469203025920 7
30853143038267392 7
30853353982394369 13
30853481984172033 3
30855995433426944 17
30856188946022400 3
30859094680145920 12
30859325845020672 0
30861237927542784 5
30862456993615872 3
30862580280983552 16
30863974702518272 13
30866478949466112 5
30867592214220800 25
30868827214446592 2
30869360079806464 29
30869628771115008 7
30873156688285696 12
30877629548597248 5
30879660090855424 12
30880212254199808 8
30881939376316416 14
30882016325009409 14
30882540759810048 7
30883051328241664 1
30883172178726912 6
30884120213065728 5
30885547757019137 15
30886602393788416 13
30887092338827264 1
30887683228172288 13
30888289225408512 13
30888675101384704 6
30889281832615937 5
30889954028552192 10
30889992091860992 3
30893229247303680 21
30894590957461504 2
30897152850919424 1
30897264503296000 5
30898468339847168 8
30899786374709248 14
30899867677102080 23
30900163576864768 14
30900201635979264 10
30900281470357505 8
30901455317630976 3
30901599693963264 12
30901618283126784 26
30901994185039872 2
30902834127966208 14
30906004711415808 14
30906101285261312 10
30906776094244864 23
30907638732554240 17
30907702188179456 8
30908718753255424 2
30909554422194177 16
30909763394994176 3
30909778985222144 13
30909954219053056 1
30911885272424448 8
30912007314083840 10
30914542103957506 7
30915093449416704 8
30917381039591424 12
30918262418046976 13
30918931124322304 10
30919347245416448 14
30920494291099648 11
30922563710357505 0
30922877704339456 8
30922899971899392 11
30924642650689536 4
30925155819593730 3
30925397151449088 3
30926810753540096 14
30928608558059520 14
30929131730378752 4
30930536184684544 23
30931191146221568 12
30932402738044929 8
30933644491100161 7
30933944996200448 4
30937150102966272 13
30940485400928257 1
30941177725329408 1
30941202039701504 6
30943433900171264 8
30944520879210496 14
30945164574859265 27
30947181829562368 14
30947664312934400 0
30949399253229569 2
30950381580189696 14
30950530419261440 1
30950664595046401 9
30950817078968320 3
30951279899451393 6
30952121918558209 14
30953552272687104 2
30953903105249280 2
30954320551747584 3
30955137207898112 31
30955643955318784 3
30958344684445696 1
30958583155793920 27
30958635953692672 10
30959520830197760 6
30960624460636160 3
30960864022503424 3
30964881050046464 29
30965007487336448 10
30965261251117056 5
30965474883801088 7
30965491879120896 21
30965554693021696 2
30965603900588032 2
30965801007714304 2
30965883492900864 2
30965912911745024 2
30965919140290560 2
30965997460520960 2
30966243016052736 2
30966287513423873 2
30966333579468800 13
30966722299170816 1
30967193713774592 2
30967515932790784 3
30967993412354048 8
30968591931154432 10
30968784990773248 2
30969612254318593 3
30969685075828736 2
30970130141810690 8
30972398136205314 2
30972462355189760 2
30973115597062144 2
30973373026668544 2
30973853450637314 3
30974100771966977 13
30974941620862979 2
30975093987344384 17
30975935201157120 2
30976917108690944 7
30978068348669952 2
30978683426570240 5
30979001044439040 2
30979125250363392 2
30979854593691649 13
30980749117095937 2
30981257949085696 26
30981650468835329 12
30982361281728512 7
30982428747108352 13
30982438305927168 31
30982557902307328 12
30983170572685312 9
30983191900721152 3
30984078123601920 3
30984263960633344 6
30984556509138944 9
30984641087283200 13
30985168126746626 16
30986508492087297 25
30986862751387648 2
30986944829718528 9
30986955508424704 9
30987245456461824 5
30987549543497728 6
30987991069491201 8
30988086536052736 8
30988222540554241 8
30991621130555392 3
30991683206250496 7
30993728348880896 7
30994784835346432 9
30994802350751744 4
30995050531913728 3
30995353041895424 5
30996863431745536 1
30996955274420224 8
30997096152694784 16
30997594171768833 3
30997718914568192 7
30998150332289025 7
30998595251478528 3
31000008140529664 28
31000463302205441 1
31000764365152256 12
31000791112220673 8
31001570321633280 1
31002172166504448 14
31003042060963840 29
31004787692535809 3
31006409738948610 1
31006950024028160 13
31007791548207104 9
31007837429698560 2
31008096289558528 1
31008319246172160 2
31009872048824320 3
31009999022981120 27
31010185665323008 8
31010364237815808 16
31010708799885312 27
31011128637128704 27
31011134693711872 8
31011164343238656 12
31011836841164800 13
31012102047006721 8
31012345664765952 6
31012396382298112 2
31012699076825088 9
31012906489348097 16
31013162908123136 9
31013541624414208 5
31013576655249408 16
31013591524057088 16
31013667185098752 16
31013827193606144 16
31013841781395456 16
31013859800129536 0
31013951194013697 16
31014334557589504 8
31014687294357505 2
31014876402950144 12
31014946573647872 5
31015040563814400 8
31015267429523456 27
31015788127191040 16
31016423132233728 3
31017281295224833 9
31017491043975168 9
31017840668573696 13
31018159435681792 12
31018234127843328 27
31018244877852672 27
31018698110148608 25
31018836186628097 7
31019356867526656 9
31019360352993280 27
31019396239466496 27
31019648199688193 9
31019797906989056 16
31020198379130880 27
31021244371435520 9
31021529835765760 8
31021687252193280 16
31021967737884673 27
31022047308021760 27
31023781514321921 13
31023837533446146 9
31023870030913537 27
31024106895843330 27
31024114823077888 27
31024641724125185 8
31025236015058945 3
31025621903609856 6
31025641658785792 27
31025643072258048 1
31025916150816768 27
31026158963265536 1
31026201132802048 8
31026341839114241 27
31026545933942784 9
31027421830447105 8
31028061164019712 0
31028767937789952 27
31029060939288577 6
31029504864423936 3
31030035276111872 27
31030124962914304 27
31030150850158593 0
31030487795367936 3
31030494665637892 5
31030924468559872 2
31031718513213440 27
31031759911002112 27
31032997956288515 9
31034134478458881 27
31034174752169984 12
31034679394045952 23
31035097440329729 2
31035749952397312 9
31036127410388992 3
31037174539354113 8
31037520846262272 27
31037694935040001 11
31037925034565632 27
31038184691335168 27
31038272813662208 8
31038670572093441 16
31039496002736128 9
31039534988795905 12
31039688655507456 3
31040417793310720 3
31041352833695744 14
31041984353280000 8
31042306303852544 25
31042449660973056 0
31042518963453952 3
31042778481819648 27
31043176684851200 9
31043823626878976 27
31044465690939392 27
31045108283482112 27
31045240588603392 2
31045366132514816 27
31045393429037056 27
31046395154669568 27
31046551061139457 27
31046593557831680 23
31046849024499712 2
31048071110467586 9
31048166426025986 8
31048353655558144 27
31049104964452352 3
31050271983411200 27
31051246827737090 2
31051852053221376 3
31052423128686592 27
31052452727885824 16
31052570369728512 13
31052725697384449 13
31052864197496832 9
31053474338709504 8
31053656509911040 1
31055301985697792 27
31055459574087681 23
31055778429276160 3
31055989058830337 5
31056295876362240 3
31056912183205888 3
31057351620431872 26
31057439944089600 3
31058203127062529 2
31058541116657664 6
31058594338181121 10
31059718105468928 10
31059921093009408 14
31061904994603009 2
31062559175999488 8
31063615565987840 26
31065622423011328 27
31066063718322176 25
31066504539676673 12
31067024973103104 5
31067596199563264 10
31068538898747392 4
31068571312324608 12
31068858617954304 21
31069597247475712 21
31070296945459200 6
31071789631143937 1
31072009869852672 14
31072039590690816 8
31072347490361345 16
31072348505374721 16
31072366792544257 7
31072472556118017 6
31072897015480320 8
31073305100296192 12
31073318543032320 6
31074798310268929 2
31075092746215424 9
31075146924036096 27
31075313429516288 27
31076061462659072 27
31076332137881600 27
31076425310142464 28
31078625642029056 3
31079228757770240 16
31079386023198721 12
31080347219263488 0
31081790139531265 25
31082026941554688 12
31082325320138752 1
31082773166956544 6
31083514283692033 0
31083518196977664 14
31083523758620673 5
31084250191101952 0
31084675116048384 16
31085134354583552 9
31086604953059328 16
31086874403540992 0
31087044226711552 7
31087418727735296 29
31087671757512704 8
31087921217937408 8
31087996493111296 26
31088441139666944 7
31088604361003008 9
31090208116056064 27
31090279184343040 14
31091019378335744 13
31091400284049408 10
31091994977632256 13
31092826821369857 27
31094703621414912 3
31094934228439040 2
31095346109095937 21
31095382507266048 28
31096345146163200 10
31097874544599040 3
31098415081332736 2
31098607977369601 27
31099222732316673 2
31099423782084608 13
31099538177531904 8
31100236550119424 0
31100738906099714 0
31101132273098752 10
31101134374436864 2
31101259872215040 9
31101750245068801 3
31102256325599233 9
31104992857300992 16
31105170322489344 2
31105781336121345 15
31106823008288769 11
31107918388535296 0
31108442777198592 27
31109802788659200 8
31110638814109697 2
31110803671224321 13
31111680507256833 27
31111880143540224 2
31112518961201152 8
31113395839180800 12
31114000670400512 15
31114540473122816 9
31115816892112897 8
31115844079587328 5
31116011696553984 8
31116681023586305 8
31116779371630592 3
31117215788965889 12
31117687467802624 2
31118228382031873 16
31118649196544000 6
31119405844795394 9
31119543506046977 2
31119573893775361 4
31120562348625920 6
31121223412883456 9
31122825305657344 15
31123228814483456 1
31124672380674048 2
31124991944687616 2
31125701058895874 9
31125930910949377 5
31128320552738816 13
31128517605326848 8
31129009882402817 8
31129345066012672 9
31129479409569792 8
31130243469152256 11
31130387040174080 2
31131371611103232 31
31131445204357121 8
31131687672881153 23
31132710705565696 15
31133324697141249 21
31135430875291649 8
31135460042477568 8
31137005664468992 2
31139501162102784 6
31139661069942785 13
31140736409796609 23
31143839632728064 0
31144464038764544 28
31144800455495681 13
31147431294926848 3
31147614292418560 2
31147677928394752 4
31147902940217346 23
31149429419413504 29
31150167855996928 1
31150854518087680 14
31152254899724288 2
31153333771177984 2
31155431632019457 12
31155803561926656 5
31156154063134721 13
31156659652927488 8
31157697839628288 9
31160647492304897 13
31160749384540161 6
31160987822333952 8
31162151691358208 9
31162181697413120 8
31164008929173504 8
31164377784651776 6
31167200224092160 8
31167797417484289 6
31168112128692224 29
31168737197424640 23
31171333400305664 10
31173198477266945 14
31175122647785472 13
31175267573571584 3
31175455365144577 13
31175798983491584 8
31176393446391808 8
31178972884635648 2
31180229808488449 13
31180699922866177 16
31182195607470080 2
31183953457057793 5
31185246959439872 2
31185471144992768 12
31185639047172097 7
31186539111260161 5
31187010144182272 14
31187069468413952 6
31187141350400000 13
31188443958611969 21
31191421952204801 8
31192640489783296 11
31193526230323200 10
31193849732796416 13
31193943542603777 28
31196853986926592 3
31198473860685824 6
31198665850753025 6
31198962056695809 15
31199726539902977 4
31200356755046400 10
31201613666320385 14
31201852355772416 14
31203980398821376 25
31204939556454400 27
31205944025161728 12
31206369348558848 6
31206920995999746 4
31206941996875776 0
31206989136666625 25
31207938504790017 9
31208344513417217 27
31209867557470208 8
31210617436119040 3
31210659614031872 10
31211512802574336 23
31211938725761024 13
31213116251447296 2
31214698540048384 3
31214716097400833 14
31216070039699456 10
31216127501672448 8
31218888129650688 6
31219949385023488 12
31220608494739456 4
31220914683121664 5
31221921399963648 5
31222767160401923 11
31222961499283456 13
31223664930193409 14
31225212070535168 1
31226577924653056 16
31227454337056768 3
31228067758215169 10
31228698111770624 13
31228836662214656 12
31230245910618112 13
31230268593414144 12
31230480170876928 3
31234119782367233 0
31235101018820608 8
31235152201912320 8
31235518612119553 8
31237205229830144 3
31239223256293376 3
31239414566879232 9
31240250109984768 8
31240623314964480 4
31241976984641536 6
31243779268677632 12
31244303820918784 2
31244843439095808 3
31246627213676545 16
31247389662646273 3
31247776054517760 5
31249687239467008 13
31249821952118784 5
31249887840436224 10
31254361870958592 10
31255257963044864 10
31256160044589057 13
31256750145409024 15
31259521435308032 28
31260408840986624 16
31260417296695296 16
31260439643947009 16
31260442315726848 16
31260442705793024 16
31260461554999298 16
31260794079416320 3
31261786745339904 6
31263364470538240 1
31263743979552768 8
31263929590091776 6
31264716974194689 14
31265066254864384 10
31265161838858240 8
31265427015335936 11
31268819217424384 27
31269345250246656 6
31269520672825344 16
31271537130602496 3
31273563319173122 3
31274798323601409 2
31275425594347520 11
31276298647113728 8
31276607888957440 8
31280039735595009 1
31280399111950336 6
31280613415723008 10
31283912407785472 8
31283916992155649 8
31284810353741825 12
31284921209200641 1
31285491366100993 8
31286090224635904 14
31286109472292864 8
31287055673729024 23
31289241761746944 9
31290428993052672 27
31290850642235392 1
31291004959072256 1
31292040750829568 28
31293731701260288 3
31295548401131520 6
31296654984355840 12
31296678459875328 12
31299916881993728 6
31299921579610112 27
31300012923166720 5
31300161028235265 12
31301399597817856 1
31303419125825536 1
31303874081984512 3
31304742340661248 8
31306557291503616 10
31312198722658305 8
31313035649875969 14
31313048425725952 5
31314236164542464 5
31315354999324672 5
31315497316257792 16
31315702530965506 8
31316259006054401 4
31318938021265408 8
31319628084936704 12
31319916309127168 2
31324492491923456 6
31324914770255872 27
31329095719591936 10
31330125442191360 11
31330499074981888 5
31330501872586753 6
31331264925540352 2
31331279676903424 14
31331500536369152 3
31331870423650304 2
31338264753340416 8
31340035500408832 12
31340071860834304 3
31340540746268672 1
31340983396335616 11
31343165118087169 10
31343482496880640 1
31345998840209409 2
31347221337219072 12
31347593162268672 8
31348236769820672 2
31352119541891073 12
31352723509092352 12
31354920925929473 1
31355051209396224 27
31359062411055104 15
31359592764014592 12
31360085192089600 21
31361239879778304 6
31362489916592128 5
31363167950999552 3
31363349748912128 2
31365951563763712 13
31366458361520130 10
31367523815395329 8
31367888132636672 29
31368070408708096 8
31368638988558337 15
31370453759033344 10
31370691341193217 11
31371147513692160 10
31372058491359232 17
31372223163932672 3
31372703940214784 5
31373776805437440 25
31375726355685377 17
31377104851435520 15
31377999555207168 13
31378267915161600 3
31378604751331328 3
31379582183538689 27
31380634714775552 28
31381838840733696 4
31381901876920320 2
31382407521239041 11
31382608390660096 3
31382773830782976 5
31384843216486400 15
31386765759614977 5
31387358490267648 0
31387404828934144 27
31387551839293441 6
31389209428234242 12
31389468770435073 2
31389896627195904 3
31393500272529408 13
31394346062315520 27
31394628003434497 12
31394797096800256 27
31395475361890304 4
31395755189075968 5
31396276645924864 23
31396671703220224 27
31396975362445313 3
31397676553605120 13
31397693683142658 3
31398370350206977 8
31398611271024641 2
31399339309932545 3
31400130095616001 5
31402465458917377 27
31405044901355520 27
31406410256355328 27
31407484170145792 1
31408746303332353 5
31409578230943744 27
31409606391500800 13
31410105647894528 27
31411367932067840 12
31413608780931072 5
31413650270986241 23
31414231677009920 8
31414777767010304 3
31414860923277312 27
31415047490117634 1
31415088246169600 5
31415194911506432 10
31416044081913856 27
31416196981067776 6
31417341728260096 15
31418086171082752 5
31418487326908416 27
31418997807259649 27
31419091105357824 9
31420193662042112 8
31421122289336321 8
31421364304875520 11
31424021111246849 27
31424967899873280 9
31424975139250176 27
31425369449963520 26
31425604452614146 16
31426539723689984 27
31426798810046465 27
31426832662265857 5
31427033556848641 10
31427759045611520 1
31428420801925120 17
31428493468237824 16
31428546798813184 3
31431335247609856 2
31431536888782849 16
31432727026733056 3
31432945419952128 2
31433327906922496 12
31433632128172032 8
31434793199599616 2
31435262596747264 21
31437204932788225 5
31437237254094848 23
31437407396040705 8
31441099969003520 3
31442088453210113 3
31442614079197185 2
31442910696177665 10
31443107291598848 27
31447361003720704 5
31448339769724929 1
31449595846336512 10
31450065537073152 7
31450267119525888 1
31450686512173056 9
31452420420665344 2
31452422190665728 10
31452522002513920 10
31452799485087744 2
31453275672805376 8
31455723212775424 4
31455815084802048 10
31456126100836352 3
31456453080383488 5
31456542574252032 17
31456595212767232 12
31457280905973760 2
31457316683386880 5
31457406059810816 21
31458812468658176 8
31459972197908480 10
31461069528502272 7
31464165482692608 3
31464675170328576 1
31464809216090112 2
31467121900789760 8
31467184836317184 3
31467302188748800 5
31467680355586048 9
31467720469905408 2
31468490040803328 2
31468756320391168 25
31469968528769025 15
31471387839303680 2
31471733798076416 16
31473669091893248 1
31473705490063360 6
31476880397836288 1
31477961861373952 2
31481606854152192 12
31482127098839040 10
31484405264424960 0
31485497012396032 13
31488592257744896 2
31491223910879234 1
31492039682039808 13
31492400543178752 31
31493461895020544 5
31494358188425218 13
31494433346158592 12
31495605129838592 10
31496694457704448 6
31498848211828736 2
31501865678016512 2
31503072236670976 8
31503592129040384 10
31506974361260032 12
31507810986496001 3
31508580809052161 13
31508627588120576 10
31508788771037184 2
31523385842335744 10
31524647337988096 2
31527343109443585 10
31528624356069376 23
31528642743894016 8
31528807936565248 3
31532143444230144 7
31533473051185152 2
31533605201121280 2
31535593183772673 10
31536020499468289 15
31537684090462208 21
31539440006463488 21
31540846591479808 3
31541787378065409 6
31542354045308929 26
31546173600829441 12
31546270132740096 11
31547140597620738 6
31548936007196673 5
31549322411646976 5
31549597696393216 2
31549742353747968 6
31553007199985664 6
31553156345233408 3
31554061517979648 29
31555900334407680 23
31557043903012864 1
31559113523597312 23
31559175330856960 2
31559868326350849 12
31562402864570368 3
31562758805782528 2
31562782507802625 3
31563924398669825 14
31565204835794944 10
31568963183845376 4
31569527422586881 5
31570912188825600 1
31574200246341633 2
31574865592979456 6
31575391466426368 5
31577262197317633 2
31579382669639680 6
31580700553519104 11
31582344502575104 6
31582648186961921 8
31585147258146816 2
31585270302253056 11
31587174298165248 11
31587601542545408 2
31587866031165440 11
31588307586519040 28
31588433650515969 15
31588589909315584 11
31589908644626432 13
31590126110904320 25
31590322957975552 5
31590445049970688 15
31591003676737536 12
31591444397424640 13
31591858408787968 8
31592177809227776 0
31592707545636865 26
31593201001299970 0
31594108174737408 11
31594123525881856 11
31594358910226432 11
31594475058892801 5
31595126736289793 10
31595212220399616 13
31596255645798400 25
31599782774439936 10
31600749309861889 11
31609210277990401 14
31609386329710593 21
31610154927521792 2
31612106658816000 5
31613004512493568 2
31615062405808128 4
31615359102492672 4
31617061889249280 5
31617379486142464 2
31619459839954944 11
31622713848107008 25
31622888691867648 16
31627404900311040 3
31627673281232896 5
31628886605299712 2
31629001239830528 13
31629044269191168 2
31629235835637760 2
31629248502435840 12
31629662966784000 5
31631535366995968 2
31632553471377408 2
31632894636068864 2
31633604350058496 4
31634565726470144 4
31636328948965376 2
31636393063096320 8
31637593485484032 27
31638843664891904 2
31639213241794560 2
31639242950053888 1
31640927348981761 3
31642136910757888 2
31643428668313600 2
31643748362362880 2
31644368326631424 2
31647223557128192 2
31647814786228224 5
31648201748520961 2
31648402789896192 2
31648931624525824 2
31650454555328512 3
31650972241502208 2
31651067670302720 2
31652021882851328 2
31652159686705152 13
31653032269709312 2
31653095016497153 2
31653409140514816 3
31653516321759232 2
31653948410560512 2
31654224773251072 2
31654912601358336 14
31655045367861249 2
31655251593404416 5
31655260195921921 5
31655267053604864 5
31655567781011456 2
31656691342770176 6
31657587443245056 4
31657763553677312 2
31657852259016705 2
31658343235854336 2
31658757616308224 2
31659605524226048 2
31660595627425792 23
31661116648067072 3
31661587676798976 2
31662105904021504 13
31663375410798592 2
31664292503756800 2
31664959955927040 0
31665631019405312 1
31665824276156416 2
31666932327383040 2
31668642445791232 4
31668993525813249 2
31669571555430400 3
31669649288470529 2
31670225099300864 6
31672576916856832 2
31672753975197696 2
31672985840517120 6
31673221942091777 2
31673243798609920 2
31673636943306752 2
31673673651855360 2
31673680954138624 2
31673744418152448 2
31673993819856896 2
31673999100477440 2
31674021217046528 2
31674306199035905 2
31674396498202624 2
31674409378910209 2
31674451988848641 2
31674849906659328 13
31675031993982977 2
31675229210152960 2
31675360097599488 2
31675432579375104 2
31675539873857537 2
31677899845148672 2
31677930400645120 5
31678562608091136 2
31679285982920704 2
31679425338679296 23
31679542569472000 2
31679701269348352 3
31679783616118784 5
31680131110010880 2
31681152569835520 2
31681793237188608 14
31682953595584513 6
31683709740519424 3
31684419873935361 2
31684842953375744 3
31685731671875584 25
31686032277639169 2
31686265921343489 4
31686276293853184 29
31688182005235712 6
31688661296742400 2
31689430863450112 6
31689854869835776 16
31689881163931648 15
31690834835415040 2
31691436936138752 28
31692185296441344 2
31692655704412161 16
31693234325426177 3
31694473117306880 4
31694530558296064 23
31694965050449921 3
31695509810839552 28
31695880826396672 4
31696221231915008 5
31697432387526656 14
31699819923767296 21
31700342240444418 3
31700382858092544 15
31702927013838848 2
31703050271850498 5
31707233054101504 23
31708419303931905 3
31709059719634945 5
31711079461552128 29
31711154204053504 3
31715048300744704 10
31715391927484418 3
31716826710802432 25
31717825269731328 10
31718977201774592 16
31719526622040064 4
31720687227895808 13
31720767683043328 8
31721475786416129 3
31722157654417409 10
31724837294571520 14
31724937890762752 8
31726486222274560 3
31726872656084992 13
31728925046476802 2
31729684089675777 2
31729824913424384 15
31730063380582401 11
31730139196817408 10
31730185619378176 16
31730879315316736 4
31731638631137281 6
31732480914489344 6
31735139432144896 31
31735455657500672 28
31735910097756161 16
31736465394241536 4
31736590074118145 3
31737924319969280 12
31737979026280448 13
31740806834425856 31
31744066563604480 17
31744449365155840 31
31745086442184704 16
31745096726609920 16
31745508766646273 10
31746913468424193 2
31747239311314944 9
31749443879440384 16
31749813007548416 4
31751008367419392 15
31751433325903872 15
31752954860011520 15
31753400517398528 7
31754236366688256 13
31757312548937728 2
31759478898561025 3
31760140914925569 3
31760876486795264 10
31762855594303488 0
31763145265520640 3
31763149904412672 3
31763182657740801 3
31763804341673985 2
31764477875585024 4
31765042370187264 31
31767856039329792 6
31768073216204800 14
31769205439205376 15
31769395265019904 6
31769479050432512 0
31769523052875777 2
31770091230076929 15
31771605050855424 3
31773184512495616 6
31774912318283777 12
31776820869206016 3
31776979199991808 2
31777091523444736 10
31777427092938752 9
31777476736716800 9
31777488208142336 3
31777782535028736 16
31778373868978177 3
31778698306781184 2
31780127859802112 3
31780569960415232 4
31781089181704192 2
31781229795745792 2
31781548416049152 3
31783210920706048 5
31785455397638144 12
31786830126911488 27
31787064592699392 4
31787173657190400 4
31787373297668096 6
31789024293167104 4
31789477273804800 9
31789696912723969 10
31790456400510979 5
31791078399025153 2
31792129172840448 2
31793296351174656 23
31793298611904512 3
31793758529921024 13
31795576903303169 4
31795708822552576 10
31800150301081600 5
31801180061433856 6
31802123293294592 5
31803411594739713 4
31803419240960000 10
31803439788855297 4
31803718215139328 16
31804215198224384 10
31806612809187328 4
31807173218537472 1
31807230709866496 29
31807594473459712 10
31808292451786752 2
31809671195009024 4
31810488266399744 4
31810603328741376 3
31811055877365761 0
31811254737702913 10
31811330562334720 9
31811864388177920 2
31812598013894656 11
31814327216377856 25
31816947943346176 4
31816986417700864 5
31817694814670850 21
31818985011945472 21
31820162705399808 6
31820266728329216 21
31821748101976066 12
31821797401821184 27
31824265858777088 3
31824638501724160 12
31824794554994688 10
31824817023885312 10
31825453668900864 13
31826421026398208 3
31827324445917184 3
31828141269848064 5
31830108431982592 0
31831410260058113 28
31836139568500736 25
31836755116171264 10
31837272005419008 3
31838446431510528 3
31839368880590850 3
31839946834714624 3
31840187944280064 10
31841010615058432 7
31841332263649280 10
31841375750193152 12
31841982963777536 12
31842252955324417 10
31844361520025600 3
31844731885457409 23
31845325505306624 16
31845403099926528 2
31845404345630720 10
31845488307208192 3
31845789533736960 10
31846049488310272 0
31847913957105665 29
31849548460597249 3
31849691155013632 10
31849694669840384 5
31849942708391936 10
31851486715576320 2
31852394992115712 2
31853087438143490 8
31853505325047808 2
31853848926621697 16
31854246383058944 4
31856209573187584 3
31857122555723776 10
31858497041735680 10
31858896867954688 3
31859055030964224 4
31861291236724738 12
31861590575816705 15
31861702156877824 13
31862468191977472 2
31864469529305088 25
31865568277569536 10
31865841687470080 21
31866849633243136 3
31868819316146176 3
31869348700229632 5
31870844829442048 13
31871158500458496 12
31872613319970816 6
31872977108738048 10
31873295653539840 14
31875281820061696 3
31876829782478848 10
31877108653367296 15
31878654489264128 2
31879597431726080 7
31879763714904064 21
31880216670380032 21
31881538727575552 16
31882212055973888 21
31882977344491520 21
31883171909869570 4
31883368232656896 21
31883562986766336 21
31883690422308864 11
31884272092585984 21
31885326528020480 21
31885627276394496 13
31885657626378240 4
31885777986129920 5
31885796969545728 10
31885983020482560 4
31886068898861056 3
31887568748417024 8
31888385719144448 1
31888462969839617 21
31889401910923264 12
31890053449908225 31
31890241614782464 21
31891056119255040 26
