303540765458575361 61
303540773872349185 61
303545089823760384 13
303545094001287168 2
303546247447461888 87
303550978601406464 84
303551423214395393 13
303554631831793665 32
303557135848062977 8
303558201192894467 12
303559056839303172 83
303562064172040194 83
303563548951461888 13
303563947380965378 13
303564308124688386 87
303564551373332480 84
303565121794494465 13
303565176307859456 13
303565469909123072 13
303565608358907904 13
303566258467647489 61
303566266856243200 83
303567453814943744 25
303569077044117504 84
303574068253302784 13
303574714163544064 16
303574865158492161 85
303576865833103360 115
303576920384208896 13
303582742061404160 8
303583010509443072 115
303583778054492161 8
303584767926992896 87
303588735713419264 51
303590795150241794 116
303593240395911170 83
303593404007337984 85
303596939776258048 115
303597501833965568 6
303599271826059264 15
303600664313999360 51
303602857955950592 8
303603705188581376 15
303605911421865984 15
303607299723898880 15
303607371031257088 8
303607421341937664 15
303607488454995968 15
303608193093869569 15
303609417864204288 15
303610592256729088 88
303610852278423552 15
303611384971816960 15
303614941741584384 115
303616678170857472 10
303617504478117890 84
303618133606932481 15
303622000742633472 83
303623728808480768 15
303624458613174272 87
303625008087986176 25
303625150660751360 13
303626144731770880 60
303627537223933952 101
303630708113547264 2
303632541041188864 103
303633497329909760 83
303634466218311680 83
303638564044931072 15
303639721710608385 116
303639935603326976 51
303640279515287553 115
303640799621545984 8
303641210684321793 13
303646155764551680 15
303646713581826049 7
303647598609326081 32
303648890438180865 15
303652510114123776 13
303654095556849666 14
303659313283612672 116
303660177318617089 25
303662433849970689 10
303666384884338689 13
303668716921577473 85
303671950729953280 13
303672693125967872 15
303677189415645184 44
303678472876875777 61
303681572467515393 13
303681849287397379 85
303683745091817472 61
303685762560446464 85
303689667465850882 87
303691995300384769 61
303692402143682560 13
303693522018643968 25
303693568181149696 13
303699373068533761 13
303701298254069762 8
303703147937947649 87
303704888611856385 61
303711150699323393 28
303712455136276481 85
303712912294428673 61
303715416310693888 88
303717727347023872 13
303718725616558080 15
303723968463003648 28
303724589257740288 15
303724660539916289 15
303725654606749697 3
303726459917307904 13
303726719934816256 28
303732109644808192 28
303733841888178176 85
303736593326436352 85
303740640825593857 13
303741475517243392 101
303744268915331072 13
303744591855767552 11
303746668069797888 28
303747280438165505 86
303747360129957889 28
303748769403502592 86
303748882666487808 86
303749339820466176 15
303750082220658688 32
303750275141865472 28
303750342250733569 85
303751160140017664 13
303752271643176960 28
303752271647342593 28
303752913380048896 87
303753433452793856 28
303762652549746688 1
303772370731163648 86
303777416483049472 61
303779639459983360 102
303781187187535872 28
303781694694117376 83
303787709317648384 28
303788564959875072 32
303793908503179266 28
303794151764393986 6
303794315359039489 116
303798404805439489 28
303802880119435264 28
303803303731535872 13
303804209717977088 116
303807409976127489 13
303807854555570177 116
303809339347578880 84
303809582617219072 4
303810647982997504 28
303810899624488960 116
303811021250908162 28
303811507811131392 86
303811633631883264 28
303813307146567680 116
303813978226835457 28
303814716462071808 83
303814729019842560 13
303814951305347072 28
303815014257684482 28
303817660863504384 83
303818440974667776 122
303821188256395264 103
303821452510109697 61
303825537766404096 102
303826083004948480 7
303828490539642880 15
303828696047968257 28
303829597840089088 115
303830524789669888 28
303831007117836288 28
303833162977538048 15
303838640746942464 13
303840846950838273 1
303843132842328064 15
303843418054983680 28
303843573244252161 13
303844647015419904 15
303844764451749889 5
303844898648494080 28
303846177902833664 1
303846366646530049 8
303846471516700673 28
303847524278603776 28
303847817888268288 87
303852175757553664 28
303853102728085504 15
303854537180069888 3
303854876914487296 61
303857053766660096 83
303857418633355265 31
303859469664804864 87
303860677628542977 87
303862166623252480 32
303862833479827456 28
303863353577701376 28
303863403917758465 28
303864112771891200 25
303865450725519360 84
303865547211292672 25
303865832415576066 13
303865844990107648 32
303865844998471680 115
303867266871721984 28
303867577250217984 28
303868357386596352 7
303869020111781890 28
303869909291651073 32
303870416815009793 86
303870425191026688 86
303871658316406784 1
303872098726735872 3
303872337802047488 28
303872513946030081 13
303872824328740864 87
303872895636103169 101
303873038221467649 28
303873067619340288 86
303873411522887680 61
303874174886244352 28
303874288153399296 32
303874871136505856 32
303874921472348160 1
303875219272122369 28
303875491914448897 32
303876364338081794 28
303876607590936576 60
303876842467770368 32
303879631667347456 28
303880235668086785 28
303880273425219584 83
303881074537287680 103
303882156642545664 32
303882412520267777 28
303883343647363073 32
303883662410256384 32
303883809210900480 13
303884190905147393 32
303885189120147457 28
303889333117657088 28
303890163564699648 28
303890394259812352 28
303890754995122177 32
303890788553719808 32
303890826281496576 86
303891019219488769 28
303891765793013760 87
303893149938483200 101
303893154120220672 32
303894018167816194 10
303895620387758080 10
303895830098763776 28
303895897211809792 10
303896698294501376 28
303897889481056256 32
303898183111696386 13
303898661258133504 88
303900389294624768 32
303900619998126080 32
303901018457001986 32
303902276739821569 85
303903874773827584 28
303903979602067456 28
303906366194597888 1
303907108557053952 13
303909599990386688 87
303911143511035906 1
303911852331646976 15
303911923639017472 13
303912020112207872 32
303912628290482176 5
303915618795655168 28
303916482822279168 4
303916503802212354 32
303917904720715777 61
303919368516018176 32
303921176273641472 32
303922791084867584 32
303924774982258688 85
303924875658158080 13
303927115391328256 85
303928218522636288 11
303928499541004288 8
303929309037465601 28
303930038821220352 51
303930043044864000 28
303930890277515264 28
303930928013668352 25
303931024491032576 32
303932140180082689 28
303932580561031168 28
303933759168860161 28
303934778401505282 32
303937257222594560 86
303937404040011776 79
303937525645463552 28
303937655668879361 28
303939773825970176 17
303941757723353089 86
303941900333887488 86
303942034560000002 86
303942156186431488 83
303942290399956992 86
303943481578098688 86
303945964593496064 86
303946455356420097 28
303946883154460672 1
303947151577333762 87
303947503919828995 17
303947680088985603 28
303950226018938881 28
303951324909805568 84
303951584986034176 86
303951928897978368 28
303952407061217280 32
303952851644841984 38
303953405284581376 10
303953724060098560 32
303953841517383680 86
303954105737564161 28
303954432914243585 13
303955296945049601 5
303955573752352768 103
303955867370393600 28
303956928525135873 28
303959692542087170 28
303961374487375872 32
303963391918211072 86
303963639419912194 28
303964939616391170 25
303965254189187073 88
303965501653123073 1
303965950447861760 115
303966009197469696 28
303966457979600896 86
303966567044091907 102
303968899051974656 86
303970509664706560 28
303971138835447808 126
303974490080149505 86
303976658514354177 28
303980148179496961 1
303981251298217987 30
303983210038194178 32
303985353306566656 15
303987949601685505 28
303990449398497280 28
303990533259399169 1
303990822666375168 30
303992131322802176 86
303992693363712000 51
303992957583888386 32
303995641942667264 32
303997634228654080 101
303999353905876993 86
303999534256758785 86
303999689454411776 61
304003707572453377 28
304004848452513793 86
304007125934411776 28
304007201457070080 6
304007335645442049 28
304007541166338049 32
304008405197127680 28
304012255576604672 28
304014256268005377 28
304014797320622080 86
304016491823628288 30
304016491832037376 28
304016630252462080 87
304017330684432384 32
304017431368708098 28
304020627419955200 28
304022535811514368 4
304023492112826368 86
304024578424975362 32
304024968512040960 32
304025564098990080 10
304029460624195585 6
304029766791622656 10
304030429487439872 32
304032648270053377 6
304032799281790976 83
304033365517025280 115
304033927536988161 28
304034770587906048 1
304038776164999169 32
304039120089513985 3
304040470667984897 28
304041456321040384 4
304042345496715264 1
304042806895337472 87
304043255677452289 1
304043633164832768 32
304044186804576257 1
304044631421751296 1
304044912414965760 25
304045587718881280 4
304045801607409664 25
304046992798150657 122
304049073193881600 116
304051363262914560 7
304053825323540480 11
304053900804247552 3
304054781608083458 32
304055394010005504 4
304058585854398464 32
304063195398684673 28
304065883934953472 4
304067410665799681 32
304068618621165569 28
304069000311230464 28
304070459954192384 28
304074306130944001 86
304076357145600000 32
304078248747360256 83
304079448339275778 32
304080102650679297 28
304081121858187264 79
304085542637813760 1
304085848842989568 28
304086977089765376 17
304088713561001985 7
304090059915808768 32
304090282197123072 28
304090559050575872 4
304092341629771776 28
304098188464369664 4
304100713464750081 83
304102013669621760 84
304102156280156160 4
304102156288532481 4
304102479241543680 4
304102898676142080 4
304102949020385280 4
304102990942441473 4
304103414571364353 13
304104488334143488 4
304104605783035905 61
304105306202468352 4
304105394307989504 1
304107910873628672 4
304108183490809857 4
304108275765493760 4
304108821054357504 44
304112923058532353 4
304114336543166464 4
304117704586059776 4
304119998878715904 13
304121181655670786 4
304121341022449664 25
304123081662808064 4
304124562268893184 4
304124600021835776 87
304124667122302976 4
304125317222645761 4
304126370005532673 28
304127477301784578 83
304128966300680194 4
304131281522925568 4
304139095544840192 122
304140647433138176 122
304142727795310592 122
304142740357279745 122
304143252083331072 4
304143612785082369 122
304144950759677952 124
304145261167513600 4
304146074845736960 1
304146427179851776 28
304146838221643777 122
304147911959269376 4
304150055261196288 4
304150864724127744 28
304151070245011457 4
304153452634849280 1
304154308281237504 32
304154622845661184 86
304154815771078656 32
304156938097274880 122
304156967469985792 122
304157282009231360 4
304157525291433984 4
304158997496356864 122
304159714726518784 61
304159786029703168 122
304160062870548481 4
304160645853614081 4
304160872367022080 122
304162466177380352 122
304162571043368961 11
304163107901673472 83
304164454290038784 122
304164731126693888 4
304165649645723648 122
304166383669878784 122
304166643716726785 32
304166677262766080 122
304167130264379393 61
304167503561650176 4
304167847494569984 122
304168300450025472 4
304168438857875456 122
304169558749609985 4
304169793651625984 4
304170439553466368 4
304170632483074049 122
304170963858235392 122
304172771573895168 4
304173144883728384 61
304173585277280256 4
304174004716044288 83
304175229465423872 122
304175632110219265 122
304176470979379201 4
304176789746511872 122
304176819094032385 85
304178597474729984 4
304180359090798592 28
304180824650174464 84
304181730636607488 4
304182007439708160 122
304183269950373888 122
304183328645459968 122
304183538364846080 122
304183760675549184 32
304184343696396288 83
304185622933958656 4
304187426493063168 83
304187682333016064 86
304187799773515778 4
304189448155955200 61
304190840639733760 32
304191813718249472 4
304191817933524992 4
304192468038074368 2
304193269145939968 124
304194200298192897 4
304194334511747072 4
304194766525059073 28
304194787496570881 4
304195961880719360 122
304197316670271488 87
304199149551767552 4
304200357549051904 13
304200902775029760 122
304200919585808384 51
304201502573076482 101
304202463072882688 84
304203436163989504 7
304203478094450689 4
304205701075591168 122
304206611243737088 61
304206661583794176 122
304207307498205185 79
304208049894195202 32
304208532243369984 122
304217365451771905 122
304217755496886272 8
304218871185956865 11
304220825744207872 28
304222415372840960 14
304225053585846273 4
304225888273301505 85
304226077021184000 28
304226513216208896 122
304229885440843776 25
304235832972296192 10
304236030091993089 28
304236101374181377 4
304236822815449088 122
304239838520045569 8
304240018862530562 83
304241440735776769 83
304241679819481089 122
304243856646496256 4
304244288651403265 1
304248986292867074 4
304251037290729473 32
304251037324304384 32
304252173972295680 28
304252853428559873 28
304254459855396865 4
304254669553803264 14
304254908629135362 84
304257475572539392 1
304258138247401472 10
304258465432485889 85
304259576918859776 122
304260810023243776 6
304262605189558273 85
304262802317651969 122
304266468160323585 4
304267344765665280 87
304273506173087744 1
304275968237912064 83
304276496749572098 32
304278652592476160 10
304286617584144386 28
304290669302804480 10
304293219414450177 4
304293861130391552 28
304294087652155392 87
304295039734013952 102
304296662929657856 85
304297195610451968 85
304297594094493696 10
304300391691059200 5
304306200781156352 87
304310290256891904 116
304310457991311360 4
304310483178106880 5
304311967957524481 122
304312387387944960 61
304312995549413377 4
304314669110280192 88
304317663834959875 83
304318821467049985 28
304320536908017665 25
304320671134134272 88
304320943780659200 102
304321052824190977 32
304322407601164288 30
304323674264178689 83
304323732967661570 83
304324815110696962 15
304327566582493186 83
304330871694032896 4
304331316302848000 86
304332687802527744 115
304334579441995776 8
304334965322170368 122
304335435071623168 13
304337452569616384 115
304338681471320064 115
304341529403744256 115
304341567165038594 115
304344641585700864 1
304345262342676482 124
304348030570729473 115
304349108532043779 115
304350501045149697 1
304350832382586880 1
304351046308859904 5
304351172129595392 83
304352489149456384 115
304353873248804864 1
304355492254343168 115
304356800889774081 88
304357287399657472 115
304358801551798272 83
304358973526646785 28
304359871086723072 60
304359908852248577 115
304360764490260480 60
304360814809346048 83
304362786128027648 1
304362861663240192 83
304363817947774978 13
304364447072403458 115
304365223031214080 115
304366141583785984 122
304368423289384961 25
304368570077413376 83
304369778041176064 83
304370419769675776 25
304371036353347585 60
304371464159776768 115
304371724227588096 15
304373443854475266 102
304373443879636993 102
304373926207832064 115
304374383399538689 122
304377864650899457 4
304378858717712384 25
304379286524137472 88
304381962494300160 60
304383053009125376 8
304384810456055808 115
304389709365407744 122
304389910700388352 60
304390900547743744 10
304391387112153089 30
304392746062462977 28
304392934810349570 83
304393937253175296 83
304395296190898176 116
304395589808971776 83
304396906795249664 83
304397288481103872 83
304397452071550976 83
304397716300111872 1
304401189183832064 83
304401768010358784 83
304402619470864384 87
304404028731846657 28
304404859208220673 2
304407027646611456 87
304408164336553984 5
304409649095008257 8
304410399879610368 8
304410542473367553 51
304412417335640064 60
304412845150437377 1
304413319106809856 32
304414220886343680 87
304414271230590976 4
304417622458511362 32
304417819611762688 83
304417945457680384 14
304418276807680001 83
304420801761914880 4
304422659838599168 28
304422735344443392 17
304422743733043200 4
304423268016852992 9
304425952367222785 83
304427982393593856 102
304430704513654784 4
304431346258952193 83
304432394805575680 10
304432860381724673 115
304432868761939968 115
304432877179895809 11
304435330839371776 101
304444315034320898 4
304446865158578176 87
304446898717196288 83
304450707141046272 32
304451957056217088 84
304456755344179202 88
304458328203993088 83
304458395287683072 83
304458621796888576 32
304460500828295168 86
304462136623632384 86
304462371487903744 102
304466578387398656 83
304467736032055296 17
304470781075800064 10
304473113121419264 1
304476275630825472 32
304476422444027904 83
304482143441129472 5
304484064453357568 8
304487491195514880 32
304500720034537472 87
304503416980385792 60
304506181030912000 122
304510228534280192 8
304510232720207872 9
304511239336361985 4
304513227423899648 126
304513764303183872 60
304514653495623680 5
304516830368780288 32
304516922643472384 32
304516960358653952 32
304516981330169856 32
304516998119960576 32
304517186851069952 32
304520131265048576 32
304520471016255488 124
304524757586542592 87
304524883398885376 32
304527366443655169 44
304529736229593088 87
304532173116026880 122
304540154872332288 115
304542239449837569 8
304542688252928001 13
304544265294462976 83
304544504348819456 32
304544579879845888 87
304545339036274688 32
304546375041961984 3
304546601538560000 28
304548677714837504 11
304549994722123777 32
304552490320412673 102
304554193195253763 32
304554230973333504 60
304554772042760192 85
304556206473760770 4
304559008277229569 5
304559725511573504 1
304565253608464384 122
304565975003570176 32
304566293795848193 60
304567958934523904 32
304570592953253888 83
304571737989849089 101
304573528961871872 60
304581376500449281 4
304582517342732288 10
304582748042055680 32
304583586911223809 83
304584627094441984 6
304585549816164353 8
304585721778413568 60
304585755362213888 8
304585851806023680 8
304590884966649856 32
304595045716226048 17
304596144628068352 83
304596517942079488 13
304596656341516288 4
304598237585747969 32
304598891888775168 1
304599474922213376 8
304599604933033984 83
304600024371830786 83
304602268324491264 85
304602410909851649 83
304603287544557568 4
304605154001428480 25
304606445830299649 84
304607100150108160 7
304610396898197506 87
304614675071508480 10
304616713503260673 84
304619045536268289 60
304619343315075072 122
304620417069494272 85
304622124138639360 32
304624103850139648 102
304624749798105088 0
304628147175964672 25
304628495294803969 7
304628876968095744 85
304630659564072960 83
304636330267275264 28
304640038015213568 122
304643242463490048 85
304644811141566465 85
304646698578370561 7
304647872970907648 11
304647935906414594 25
304647982043758592 32
304648900600545281 122
304650498638741504 10
304652629332619265 85
304652730012667904 88
304653782745247744 8
304653875019931649 60
304654755840524288 83
304656009950023681 4
304659944207159296 84
304661097640775680 116
304663253483667456 17
304666810282811392 101
304667586237444096 85
304667703648595968 60
304667921760808961 85
304667959517933568 85
304669976952979456 15
304670039901085696 85
304673143677661185 88
304674221609598977 84
304674800423534592 87
304678457869209600 85
304678856315502592 6
304680668263219200 9
304681192551239680 15
304684317282553856 25
304687974749204481 25
304691200152178689 84
304691527295307776 85
304694077440552963 83
304697017647640576 116
304697625830125568 87
304698439533469698 85
304699534251028480 83
304699903341383680 85
304700389880655872 88
304700528275898370 60
304705808908812288 8
304707738271899650 7
304707809591840768 85
304708002550788096 25
304710108078829568 7
304710309388632064 32
304711093719293952 85
304712003879051264 1
304712142320439296 83
304712939213049856 83
304713509663567872 87
304715158025015297 32
304716953166159873 13
304717301310189570 8
304719096447127553 101
304719503323967488 83
304719826276974592 17
304719838868287489 17
304719838876692480 17
304720270873206784 30
304720337990475777 7
304721906660159490 17
304721961160937472 17
304722208641667072 17
304723164930387970 84
304723685036666880 17
304723869573472256 83
304723919917686784 101
304724670714875904 51
304727107592912896 4
304728340705730561 17
304730345608196096 8
304730458854400000 85
304730626626555907 103
304730781815828480 28
304731037647372288 11
304733856219660288 17
304734036587339777 85
304734099510292480 13
304735307465629696 7
304735357772124161 7
304737345880616960 7
304738046325186560 4
304739120079577089 7
304739799569403906 85
304740500001390592 101
304740722312085505 83
304742114791661568 83
304742412587249664 60
304742420975857664 60
304742953681842176 9
304744195174850560 85
304744790791176193 17
304749085720735744 13
304749266105159680 17
304749857497829376 61
304752436982198273 5
304752567001436160 83
304752638321389569 6
304754005668679682 85
304756488692449280 30
304757025559175168 83
304757281420091393 87
304757814088310784 83
304760179675779073 85
304760234184962048 84
304761345696489472 115
304766378873851904 17
304766777320161281 83
304767016408068096 116
304768190783840256 17
304769931415781376 87
304770292121739264 17
304771328131604481 83
304772527710957568 84
304772653548466177 85
304772921954562050 17
304773513351405568 9
304773911839637504 7
304781318946975745 87
304782531117580289 11
304793604067557379 17
304794006750105600 60
304795910968315906 88
304798536577454080 10
304800705024241666 131
304801736835600384 83
304804249219510272 83
304804261789851649 13
304805801124560896 25
304806514135269377 9
304807931810029568 84
304809689223401472 87
304811534712979458 83
304811769631739905 13
304813095002439680 30
304813740954636288 83
304814005178998784 83
304814768533946368 10
304814961467727872 13
304818920907497472 83
304826109957128193 17
304828949500936192 25
304829897384288256 102
304839217157120000 116
304854257922887681 85
304858913579343872 1
304880723955941377 60
304881021751541760 83
304887040573583361 83
304887074128027648 4
304890777715232768 4
304892094726668288 83
304894158320041984 60
304899296367616001 28
304901464814415872 13
304901611598258177 14
304901901030395904 32
304902391734620160 85
304906128859492354 122
304907055796465664 83
304908708377399296 101
304910348320903168 83
304910553850183680 1
304920917979574273 13
304922142720528384 32
304922260152676352 32
304922520203718656 1
304924936131203072 6
304925431063261185 10
304926752260640769 102
304931995136442369 84
304934817924001793 85
304939947536809984 7
304940098519179264 85
304945555325452288 85
304945639228329984 28
304946855572283392 12
304949648961970177 85
304950441706401792 85
304951913894522880 88
304954766021238785 122
304954958946635777 101
304954996699566080 87
304955206435741697 17
304955801993375744 122
304958813537193984 60
304959186800881665 60
304960159875211264 5
304960516403638274 17
304961288180727810 17
304961338491408385 28
304961493672267777 87
304964048028590080 17
304965616668901376 17
304967873221246977 83
304969387352412160 87
304969961972064258 1
304971388031217664 49
304971870384570369 32
304972453392834560 3
304975255183716352 61
304976102449872897 1
304979428524556288 83
304979915080613889 13
304980791681761281 6
304980976239513602 51
304981026562789376 83
304981949284483072 7
304985204064407554 102
304985355059347456 102
304987146039726080 83
304988605661716480 13
304988983149088769 84
304989696201740288 17
304989838774513664 7
304990321132044288 51
304991227101724672 83
304992581874483200 28
304992762221166592 101
304993814978891778 17
304994393813819392 12
304995064898285568 32
304998571311247361 16
304999846400622592 87
305001889022500864 60
305002136469663744 84
305002916647931904 28
305006641185705984 25
305008205627543554 28
305010025976455168 84
305011095528153088 25
305011858874707969 17
305013519844249602 25
305014845219164160 83
305014878802935808 10
305015407268466688 6
305015927362162688 87
305017416348479488 7
305019110838910976 25
305022562738532352 7
305023980430061568 28
305025855262961664 10
305028531233103873 116
305029164581404673 87
305029282021908480 5
305031987348000768 17
305034675917828097 10
305035300839755777 87
305035367965413378 60
305035900629434368 17
305039973323788288 1
305040375943413760 116
305043517485506560 85
305044004016361472 25
305045660766437376 10
305046705156530176 87
305048038936825856 7
305048152212402176 7
305049301447503872 28
305050899464740865 5
305051834815492096 7
305055370596986880 1
305056675021332480 61
305057039917412355 25
305057232851197952 17
305057669071392768 32
305057966858592256 1
305058143023558657 79
305058486973235200 87
305059304849956866 7
305059632009846784 6
305060386976190464 85
305061393634304001 61
305062077297483776 38
305062198923915266 83
305064971354640385 10
305066351280660480 88
305066988835844096 6
305067219522551809 28
305069006270902272 7
305072760160391168 17
305073850687836162 83
305077520708030464 17
305077768159391745 25
305083120108048385 83
305086219681935360 88
305086353912258561 101
305089113768480768 8
305090078470975489 51
305091596792258563 84
305096051130499072 38
305099427549429760 17
305101482762567680 60
305103261176852480 60
305103428944818176 60
305106314630139905 103
305106394296762369 1
305107413500043264 83
305108931846500352 31
305108965426094080 87
305110722810089474 60
305113029681491968 16
305120151622283264 28
305123985211932673 85
305127185486839808 83
305134416437587968 83
305136006091390976 10
305137398591934466 15
305137654440271873 87
305144747020935168 116
305146043073445889 83
305151248208900096 17
305153785758629888 87
305157640328204288 88
305158152024891392 85
305160731517673473 5
305164229562994688 85
305166465143828480 32
305168906195181568 60
305169115927154688 83
305173301855154176 6
305173566092095488 28
305179240960245761 83
305186337747775488 38
305190896939446272 6
305191777768443905 87
305194097205989376 4
305196378915753984 8
305202179629785088 30
305202846507335681 1
305204247421677569 87
305205765751320576 15
305207875490443264 87
305224161951895552 103
305239756378361856 25
305249499780104192 122
305270823592288256 17
305271691808997377 17
305294437515407361 10
305298921230585857 13
305300238275604480 83
305303077802635264 60
305316906401935360 11
305317132902739968 28
305319271989403648 1
305321625006514176 12
305322933629362176 25
305325072741171202 83
305333205467291648 122
305333364884373505 115
305339002012196864 84
305343116636999680 83
305344915968241664 8
305345146675949568 83
305352042103312385 79
305354462220922882 13
305360967603191809 83
305363182162161664 25
305363953930862592 115
305365451280629760 10
305383159653101568 25
305384682168672256 10
305388746453417984 51
305389136544690176 83
305391133020803075 87
305391669900099586 115
305401065145257984 5
305402784793116672 32
305409009136066560 13
305409285964304384 14
305413069243289601 5
305420375704104960 83
305423622078607360 83
305428017746944001 83
305429745770831872 44
305437094195630082 51
305440583877525505 13
305444417437827072 3
305444522333200385 83
305453586186379264 13
305453745569943553 11
305455821758791680 7
305457050689880068 2
305460318052691968 30
305461123354865664 13
305464839520780289 1
305470107558236162 13
305472036942258176 13
305472221504233472 3
305474113147924480 17
305481528643829760 85
305487291651063808 3
305487807550455808 102
305487845265657856 13
305489879498883073 83
305497756431171586 6
305497844515749888 17
305502235918471169 31
305506216329764864 103
305506535101059072 103
305513208242917376 122
305529385686020096 13
305536352416567297 60
305548192940974081 83
305555700728356866 13
305558498345889792 17
305559005844078592 60
305568979911581696 102
305569659372072961 8
305576043090157568 32
305580577149571072 7
305581395034636288 13
305590547005972480 102
305594787451527168 115
305595567587860481 115
305598335824314368 5
305601603208105984 1
305606120448356352 15
305607315820777472 115
305608414724251649 5
305610251846156288 3
305612047025057792 14
305641109336502272 116
305641247752728576 83
305644540281368576 14
305649707684864000 51
305653474165669889 83
305654501740777472 102
305663410450878464 115
305666505834651648 13
305681492103798785 10
305681508872626176 10
305685136945577984 28
305685136958169091 28
305685367619723264 28
305688819565473793 87
305690535002251264 87
305691122213203968 87
305692816707829760 87
305697841488224256 13
305699502440972288 11
305700286759071744 30
305701251453181952 60
305701654127325184 5
305704774676905984 13
305705198289047556 87
305705756131463168 85
305705877770477569 10
305706729214185473 60
305708708942475265 51
305715386270232576 116
305718192242843650 85
305718334849163264 83
305721119904763906 116
305722080400400384 85
305725792325885952 5
305725851054514176 85
305726165627310080 7
305728824841211904 25
305732100563283968 61
305732809400659970 87
305735657358241792 85
305735799952007169 10
305742569575432192 17
305745417478492160 28
305746671592153090 8
305748982649458688 85
305749645357875200 6
305750513566240769 28
305754477170929665 85
305762068886347776 61
305770772071325697 83
305774219759853568 83
305777046750109697 6
305778124656873474 30
305778355377143808 116
305784034435420161 87
305784927843147776 102
305787696087961600 17
305788820148862976 101
305790502043803649 6
305790569169448961 87
305798181822808064 11
305808222986584065 14
305808285922115585 83
305808621441277952 115
305811263882158080 101
305812916429529088 87
305813449101959169 102
305814032097632256 3
305814468301037568 51
305815202312646656 6
305815449801732096 6
305815479128305664 17
305816825516683264 6
305816888418648065 61
305816934555983872 87
305819711202017280 6
305819967029395456 10
305821762220859392 6
305822009680601088 6
305823586747297792 10
305826275283578880 83
305828091425599488 5
305831425867907072 102
305831530763276288 6
305832738722807808 17
305833262977282048 3
305833883759419392 83
305834282214100992 28
305834705834610689 6
305835909583077376 83
305840854667493376 28
305841534174101504 6
305842784059928576 6
305843169927503872 88
305844159808421888 6
305844306596466689 6
305844914770542594 122
305845950772023296 10
305846596694843392 115
305848052088987648 25
305848165372928001 6
305850090520735744 28
305850233143836672 84
305850233143840770 84
305850233148018691 84
305850233164800001 84
305850593853972480 88
305851613086633984 2
305852695187701760 6
305852711969116160 6
305853110448955392 6
305854276465463297 83
305855501198032896 7
305855622820290560 17
305855627039752192 83
305857686409474050 6
305863650713927680 6
305863873028820993 30
305864149827719168 51
305865886303125505 6
305866553180696576 13
305866922300436481 83
305869338211151873 83
305870441308893185 6
305871074657202176 6
305871477301968897 6
305871808664567809 25
305871846383960064 6
305872253227249665 6
305876611134259200 25
305878469219323904 25
305878519550984192 6
305880356639367170 6
305883208749314048 6
305883259080953857 6
305883288457867264 6
305883292660543489 6
305883317805383682 6
305883422654615553 6
305883498181443584 6
305883615600975874 6
305884412539703296 83
305884508991942656 6
305893178609893377 6
305895464501387264 6
305896181735755777 6
305896202732445697 30
305896349512105984 6
305896353702240256 6
305896391480336385 6
305896647311900672 6
305897024816041985 83
305897284858679297 6
305897628779048960 85
305897859486736384 6
305898354393624577 6
305898421498290177 6
305898471855112192 6
305898551517515776 6
305898694136455169 6
305898752835739648 6
305898790622208000 6
305898803200929794 6
305898903834869760 6
305898929034235905 6
305898987737718785 6
305899054838202371 6
305899193237655553 6
305899327467966464 8
305899973382385665 6
305901101654368257 6
305901416227155968 6
305903186244423681 6
305903391740141569 6
305903777624518657 6
305903890883297280 6
305903890895888384 6
305903911863197696 6
305903936995483648 6
305903949616144385 6
305904004125294592 6
305904012530696193 6
305904016708235264 6
305904029270151169 6
305904041865654273 6
305904046055780352 6
305904050258452480 6
305904054444376064 6
305904054469545985 6
305904092209901569 6
305904134148734977 6
305904134161313792 6
305904150904987648 6
305904150921744384 6
305904155120254978 6
305904163487895552 6
305904163517263873 6
305904176075010048 6
305904180277698561 6
305904188662091777 6
305904192864792576 6
305904209633624064 6
305904213832105984 6
305904247411720192 6
305904268358082561 6
305904280940969984 6
305904289342189568 6
305904293511299072 6
305904301908303872 6
305904306115198977 6
305904310309511168 6
305904327082516483 6
305904335458549760 6
305904356446838784 6
305904360620175360 6
305904369038155776 6
305904373224058880 6
305904373228257280 6
305904394208178177 6
305904398406676480 6
305904419348828160 6
305904419365588992 6
305904423559888896 6
305904427750002689 6
305904448729935872 6
305904503247486977 6
305904520007921664 6
305904520028905472 6
305904549363863552 6
305904557773438976 6
305904557777629185 6
305904578732359681 6
305904578753335297 6
305904582922485760 6
305904637482000384 6
305904645849624577 6
305904708785143809 6
305904721347096576 6
305904729744084992 6
305904759079047168 6
305904767476051969 6
305904801051459584 6
305904830386413568 6
305904855560638466 6
305904880739028993 6
305904884924952576 6
305904998166962176 6
305905014952558592 6
305905035936690176 6
305905094631751681 6
305905103016189952 6
305905161740623872 6
305905165960085504 6
305905174336139265 6
305905245635092480 6
305905472144285696 6
305905530856173568 6
305905535033675776 6
305905568592318464 6
305905589588987904 6
305905694408859648 6
305905702801649664 6
305905803460751360 6
305905807680233473 6
305905807684415488 6
305905837019385856 6
305905891545321473 6
305905904149209088 6
305905958658379776 6
305905962869469184 6
305906025796616192 6
305906084495912961 6
305906118033539073 6
305906218701037568 6
305906302620676096 6
305906407474094080 6
305906621383593984 6
305907074334855168 6
305907464434491392 6
305907472802144256 6
305907833541632000 6
305907846120357889 6
305907921592664064 6
305907942555807744 6
305908034830483456 6
305908080984596481 6
305908366214057986 6
305908403929235456 6
305908781433360384 6
305908844331155456 6
305909267960041472 6
305909297332764672 6
305909439951687681 6
305909632885473280 6
305909968404631553 6
305910236877828096 6
305910383670075392 6
305910387851788290 6
305910769529278465 6
305910958289743872 6
305911025398599680 6
305911130231042048 6
305911323169001473 25
305911335756124160 6
305911365124636673 6
305911721653063681 6
305912002650456064 6
305912271111069696 6
305912996725682176 6
305913307099971585 6
305913340641832960 6
305913365803450368 6
305914762506686466 6
305915626520707072 103
305915911766941697 6
305916792574971904 6
305916805128544257 6
305917706912280577 6
305917878878760960 6
305918352822509568 6
305918558364377089 6
305918814229516288 6
305919195877625858 6
305919959245144065 6
305921704088186880 6
305922052223803392 6
305922488410439681 6
305923981574295552 6
305924635889897473 6
305925327975223296 6
305925512516206592 6
305926183621623808 6
305926221357801472 6
305926615634939904 6
305927060222799873 10
305927232189251584 6
305927580308086784 6
305928087810486272 84
305928117158031361 6
305928679207346176 6
305928922493767681 10
305929631335333888 6
305929635521236992 6
305930981876047872 6
305931640385961985 6
305931652985679873 6
305933016138670080 6
305933406204751872 6
305933666234802176 6
305934358290788352 1
305934685450665984 6
305934853231226881 6
305937889890545664 13
305938695196909568 6
305940041585287169 6
305941165658742784 6
305941610233999363 6
305942029672779776 6
305942029676990464 6
305942029681176576 6
305943166358548480 6
305943321518407680 6
305944751784476672 6
305946123309289472 6
305948853834772481 6
305948950286962688 6
305953639510470656 6
305954503532888064 6
305954541277429760 6
305957397606825984 6
305958311956725760 9
305958991442370560 6
305959289237942273 6
305959998066929664 30
305961566745010178 6
305962514670297089 10
305963282215346176 6
305964527911051264 6
305964880232595456 6
305965073187348480 6
305965194813771776 6
305966172099194880 6
305972790715117568 6
305973151400083456 30
305975160501071872 6
305975470862766081 6
305976968254459904 6
305979082145951744 6
305979124118323200 103
305979782603104256 6
305979925238796288 6
305980491436277761 6
305981108007362561 87
305981976236675072 6
305983834304946177 6
305983918216212480 6
305984312443015168 6
305985151320612864 87
305988519363477504 6
305990511645302784 6
305992768180867073 6
305992956916166656 30
305993204367519744 85
305993552519888896 85
305994148090114049 6
305996517888638977 30
306006210908389376 30
306006663914213376 6
306007595062280192 6
306009771897655296 6
306010921141166081 6
306011227321143297 6
306012015837720576 6
306012145869545472 83
306013899076034560 6
306014771482882048 83
306015228674572289 6
306015652282507264 83
306017585881812992 6
306018370220859392 17
306018953216548864 84
306020224094834688 6
306020404437344256 28
306020995842576384 6
306021146820751361 6
306023520813596672 84
306024355496869888 14
306025227878543360 6
306025462780555264 6
306027098546524160 6
306028591727120385 6
306030659502215168 28
306035512349712384 6
306039723426721792 6
306043015946973184 6
306043221463683073 6
306044387476004864 13
306045398286475265 38
306045616428048384 13
306045889020047363 6
306046132302274560 6
306046560138055680 6
306047474500513792 38
306048380470165504 3
306048435000336384 38
306048585965924352 2
306050288865918977 6
306050657943691264 6
306051165467070464 85
306052788658520064 6
306054214713483264 5
306054269252030464 83
306054655128006657 61
306056341225611264 13
306057175925669888 6
306059348541595648 6
306059596026507264 8
306059621209100288 6
306059793146208258 6
306059801555787776 6
306059814147072001 6
306060191617658880 6
306060237742419969 1
306062104211898369 10
306062313948078081 126
306062519435411456 6
306063584813793280 6
306064910218051585 6
306065308668542977 85
306066466300645378 13
306067598754324481 101
306068177576673280 6
306068966089035776 6
306069431681970177 10
306072745148563456 32
306074649362567169 6
306076687811104768 10
306077266608263169 10
306077908366155776 85
306078382309920768 84
306079141495713792 32
306080961794297858 87
306082043937296384 6
306082979262906369 28
306083016999043072 1
306083327381741569 85
306083604201631744 6
306084707341316097 102
306085399363723266 6
306085537805111297 32
306085575537065984 85
306086150165131265 32
306087232312320003 32
306088498966966272 32
306089040040562689 32
306089346220580864 51
306089505595719680 32
306090529026879488 32
306090604532748288 32
306090755523481602 32
306091204309827584 83
306092554867331072 84
306093460836982785 32
306093804761526272 6
306094224187719680 32
306094610072088576 51
306096069689872386 6
306096405246787585 32
306096593969487872 6
306097965506912256 83
306100784091774976 6
306102428267335680 115
306102826722021377 6
306103363601313792 6
306104932237463553 85
306105364263337984 6
306106794512637952 6
306107968938725379 32
306107985694965760 126
306108195439538176 6
306108287680667648 6
306110607139143680 6
306110779126595584 87
306111823508299776 28
306112490394238976 32
306113920639332352 61
306117229957754881 32
306117963956768768 51
306118525989302272 83
306118697955782656 1
306118798644219904 32
306119578763808770 10
306120161759461376 6
306120660906823680 32
306120912552464384 25
306122049221427200 6
306122640588951552 32
306123110359388161 84
306125157179748352 32
306125807322034177 9
306127644402020352 9
306127812178374656 32
306127849935491072 25
306129687044825088 84
306130492338626560 0
306131226341826561 51
306131297640787969 32
306131356390408195 6
306132019073675265 9
306132480426115072 9
306132530782941184 9
306132547539197952 9
306133097022361601 11
306134007173746688 9
306136490180747264 32
306136653758603264 116
306137941439303680 51
306139245863632896 9
306139526856839168 51
306139677851787264 6
306139686269771776 6
306140361535942656 2
306140877452111872 1
306141292675624960 32
306141624042389504 51
306141645005529088 32
306141858898272257 6
306142005694697472 9
306142416736501760 85
306142777467625473 6
306144832663998464 51
306145319199047680 9
306146443272548352 13
306146472645246977 51
306146682339483649 87
306147873551171584 83
306148171329990657 87
306148959846559745 30
306149526115348481 85
306150172012969985 9
306150180393197568 9
306154009817931776 7
306155221971767298 9
306155754648383488 103
306156119552843776 122
306158267011313664 10
306158321562447872 84
306158363509661696 32
306158736769155073 6
306159210750676992 6
306160309645737984 6
306160477417897984 32
306161177875083264 6
306163518275735553 13
306163887374495744 38
306164822725234688 32
306165212791320577 51
306165489607012352 87
306165523153039361 51
306165728707481600 30
306166542389895168 6
306169205768720384 87
306170065605242880 9
306170350801154048 6
306171118367150080 1
306171521032925184 32
306171638456655873 116
306172112425603073 115
306172728975687680 9
306172733178400768 9
306173286813941760 25
306174238929321984 28
306174238941908993 28
306174243148800000 28
306174331216613377 6
306174704522235905 32
306176990405341185 17
306177112048558081 9
306180190671876096 9
306180232610709505 9
306180584911298560 6
306182048723369984 8
306182048748539904 8
306183638385565698 6
306187874624217088 6
306188646376157184 25
306189644633079808 9
306189673976442880 6
306189963400183808 32
306193490805661696 3
306194195431960576 10
306197940949635073 6
306199677378904064 10
306204748305031169 30
306206275010707456 6
306206371488100352 51
306206656696569856 6
306208602857811968 51
306211853472768000 38
306212163826106369 51
306214390988935168 51
306222154645643264 84
306223069016518656 61
306226353156534272 6
306226973926117376 6
306227200414318594 6
306229725376962560 51
306230723642273792 103
306234989224288256 30
306238197887803392 51
306238453740359680 51
306240563458482178 84
306242106970755072 28
306243172332339200 9
306243222651412480 9
306243671437750272 87
306247467308032000 32
306248939491975168 102
306250961150689280 9
306252324278530048 83
306255629394276352 83
306256380174692353 6
306256745104297984 84
306258284409663488 87
306263418208399361 83
306263455957147648 32
306263921550045184 25
306266882724462592 6
306267197305671680 30
306267855815602178 6
306268988256710656 9
306272339518173184 9
306277544641056768 44
306278622560403456 88
306282544238837761 87
306282976268931073 9
306290186285891584 30
306290542772367361 83
306294275723894785 32
306297425658781698 83
306300772704985089 9
306305268986302464 6
306309870141988865 83
306310268613431296 83
306310696415670272 122
306312944550023168 9
306318455865503744 6
306320838246924289 12
306322226574159872 85
306327989531074562 6
306333068854194178 85
306334360695611394 6
306337237971369984 32
306338756301053952 9
306342736703922178 1
306345043571138560 13
306348675846782976 61
306348789109760000 32
306348931678351360 87
306350118678962177 6
306351699919003648 87
306356804395339778 87
306361938252812288 32
306368632353607680 1
306369131479957504 6
306371085996265472 32
306374307221762048 87
306374974128680961 2
306375322239127554 28
306375926231465984 28
306379483018039296 84
306380233773293568 85
306382733591052288 32
306384654586486784 13
306388542702120963 6
306389054428180480 84
306391264805396480 84
306397166199513088 87
306398235759620097 60
306399909270151168 51
306401989661712385 85
306404254585872385 32
306406267822415873 32
306409673601458176 13
306411955319615488 83
306413599461625856 83
306413876298280960 13
306419492467113984 6
306419660264456192 6
306419790283677696 85
306420641731592193 87
306420864021311488 83
306421275050524672 13
306421434442469377 14
306422822752907264 84
306423372215099393 8
