311230711480864768 159
311231223190147072 156
311231651017535488 156
311231932010725378 156
311232577958711296 156
311233077068300289 167
311233332929241088 156
311233358074089472 156
311234444415606784 156
311234960315019269 156
311235153269755904 156
311235404890267648 156
311236138906042368 16
311236503831465985 34
311237309129445376 39
311237493666222080 156
311237804036333568 19
311238886166773762 2
311239095911325696 156
311239372706045954 34
311239863435423745 111
311240186396831744 156
311241075606048768 156
311241490858909696 156
311241717330362368 196
311242036089085952 25
311242648486834176 156
311243323736195072 156
311243357294821377 118
311244171006603265 159
311244565258579968 156
311245001474592768 156
311245198590099456 111
311245513183866880 158
311245597057372160 156
311245752238219264 156
311245836136878080 158
311246041653575681 156
311246393979334656 156
311246435947515904 54
311246628864544768 8
311247207670099968 156
311247945876004866 54
311248465969680384 156
311250638627545088 196
311252320543469568 180
311252739986427906 156
311252832244346881 156
311252878381690880 156
311254992298328065 54
311255189447405568 19
311256481276252162 84
311256573563523073 156
311256774906875906 156
311256829416062977 156
311258356142731265 156
311259958375235584 54
311260818182389760 156
311261929689735168 16
311262273605881858 156
311262604964290560 156
311262902755676160 162
311262911148486656 62
311263074726313985 19
311263192154263552 156
311263221526953984 34
311264723108769793 25
311265180292104192 7
311265243206651905 156
311265532613644289 14
311265545179779073 156
311265742307852288 156
311267847831683075 156
311267902391214082 62
311271467549593600 62
311271530455781376 19
311272365122260992 54
311276244857663488 54
311276710396059648 20
311276773348347905 156
311279789019373569 156
311280132948115457 156
311280963458056193 156
311281080877604864 19
311281286419464194 54
311282313990377472 111
311282544710668288 62
311282947355443200 62
311283672974233600 156
311284453098000384 3
311284792832438274 118
311285803676487680 156
311286260851417088 156
311287519155220481 8
311287804359499778 156
311287884026109952 167
311288097948200962 2
311288106353573888 156
311289704366608384 25
311290065085153282 162
311290161549950976 156
311291679883804675 156
311300085260632064 156
311300114620755968 267
311300840260517891 2
311301955932811265 54
311302559908388864 180
311302694134501376 54
311304287944843265 156
311304313119072256 55
311305621737709568 156
311305974088613889 156
311307060379795457 156
311307953770729472 39
311309367267971072 159
311312882094702592 39
311313435734441984 156
311313817432883201 167
311316241736413185 156
311316321415606272 156
311317189653327872 156
311319882400681984 156
311322638045810688 165
311324189917343744 39
311326509400989696 16
311328296157724673 156
311329126617341952 8
311329541861818368 19
311330338800549888 156
311330988909264897 156
311331727110979587 198
311334747009871872 156
311336709931560960 156
311339021009842176 111
311340111516291072 156
311340166021255169 156
311341868917063680 156
311342821040877568 156
311342883951230977 4
311343768949370881 156
311344989508616192 156
311345408934821888 19
311346189050204160 62
311347472511422465 156
311349624214536192 11
311349766791507968 156
311351041876709377 156
311352014946848768 196
311360265163771904 165
311360315491221504 156
311362282615631873 16
311362647511691265 156
311370465673363456 198
311374345408749568 156
311378376139079681 2
311378556494176256 196
311379361808920576 25
311380100006424577 62
311382306206126080 156
311382767579586560 156
311385753919815680 62
311390082441547777 118
311391546278821888 62
311392880059088896 4
311394817814974464 111
311397548323635200 2
311400677261844481 156
311401193161244672 196
311402682155945984 62
311403957195001856 54
311407744651522049 156
311408646431055872 156
311409288163782656 5
311409590153654273 62
311410458391347200 156
311412027052654593 156
311412102550151169 19
311412819788701696 156
311414484927381504 156
311415978074443776 4
311416133276291072 39
311416590459600896 68
311419501306605568 165
311420445029195776 76
311420512129662976 4
311421174833901568 62
311421548126928897 5
311422173082431488 196
311423813051117568 2
311424354116325376 165
311425092305424384 156
311427692794892288 156
311428116398628864 156
311429253063397376 156
311429479539036161 2
311429508894949376 111
311430419058946048 54
311431975149924352 62
311433761931812864 111
311434714047197184 54
311435028594827264 165
311435464815017984 5
311435477385363456 5
311436257546878976 156
311436710531694593 156
311438920913149952 156
311439847883689985 156
311440208581238784 62
311443735969931267 165
311444247704379392 156
311446248379006977 156
311450396528885762 7
311451050840297472 5
311452741174177794 156
311453173174923264 165
311453240271175680 156
311453424841551872 9
311453814899240960 62
311455840735473664 62
311456172098068480 156
311456193086365696 156
311457946284482562 268
311458067944468480 167
311458395083374592 62
311459301048852480 156
311459997307518976 156
311460513206923265 156
311460911661600768 156
311461029106298881 156
311462027333865473 156
311462052499685376 62
311462836868104192 62
311462849430028288 54
311463616983465984 25
311463621165203456 111
311464388735401984 156
311464657179258881 156
311465869333110784 228
311466292953628672 62
311466326491291649 159
311467182137696257 54
311468373349392384 156
311469325439627264 156
311469342208434176 62
311470931870613507 86
311471686836969472 68
311471921730551808 156
311472240468295681 39
311472877998338048 156
311473997885865984 84
311475910496886786 156
311476053099036672 86
311476942291480576 156
311476988445593602 156
311478318031572992 86
311479379186290688 156
311480503238803458 156
311482189353205760 196
311482990473658368 19
311483409925033984 111
311484215206219777 62
311484362027843584 86
311484701753876481 86
311487428051496960 165
311488363381280769 156
311489953009922048 198
311490116583559169 4
311490208866656256 20
311490393416015872 54
311490443739267073 25
311490657673953281 20
311491781743243264 86
311492155053068291 159
311492482208763904 4
311493409116389376 68
311493669184237569 165
311493975347458048 156
311494147330699264 156
311494461899288576 86
311496101893136384 2
311496391279128576 20
311496408039555072 39
311496424846135296 111
311496445788303363 62
311496789737996288 159
311497037185155074 156
311499289547403264 86
311499750916620289 156
311499931267514368 86
311500094862135296 196
311500908557119488 111
311501915190087680 86
311504310125076480 62
311504318505308161 180
311505853633159169 55
311505908154892288 62
311508047266738176 16
311508110151925760 162
311508114358804481 5
311508496061452288 162
311510526100381697 55
311511213966241792 34
311512879075577856 86
311512908444098560 34
311513042682773504 34
311513701154967552 34
311514426786320384 16
311515928351363073 86
311517023056314369 156
311517031461711873 156
311517320839323648 62
311517517996769281 2
311518742725156864 86
311518805627133952 86
311519405437747200 167
311519938101788672 34
311520038773477377 7
311520521101660160 156
311520755991072768 111
311521393546235904 34
311521548714520577 7
311521791967371265 54
311522135917076480 2
311522219786395649 86
311522509197545472 165
311525256500232192 7
311525977916313601 62
311526418301464576 19
311526820963033089 86
311527001297137664 180
311528037286027264 7
311529723408838656 7
311530851697577986 39
311531166245195776 7
311531535369138176 2
311531732488814592 7
311532168679673856 7
311533246611599360 62
311535238943764480 7
311535457030774784 39
311535582868299776 7
311535612224208897 62
311535746450329600 86
311535910023999488 7
311536035844726784 7
311536157466976256 7
311536459452669952 2
311536484618481665 111
311536572711444480 54
311536644010434560 7
311538107818336256 62
311539919778635776 86
311540012023939074 54
311541022880591873 54
311541350032097280 7
311544642543951872 7
311545003258286080 7
311546131513487360 86
311546236396249088 54
311546475463204864 54
311546999772164098 54
311547469513236480 86
311547578548359168 7
311548677481168896 34
311549122077401089 39
311549147255812096 39
311549566656843777 25
311549977723817984 54
311550426505961472 54
311551080800604161 5
311551462507425792 7
311552242635399168 34
311554453033590784 39
311554796958146561 86
311554906026803204 7
311555522576928768 198
311556101382475776 156
311556541801197568 4
311556835410866176 86
311557187736580096 156
311557464560635904 4
311557812679475200 162
311557871382966272 162
311558513107283969 5
311559595258691584 86
311559746232647680 7
311560308298756096 86
311560379589341185 27
311560983577518080 34
311561319088283648 86
311562128588935168 268
311562313138323456 228
311562879386124289 7
311565991542939650 39
311567618953850882 7
311567858045964288 7
311568751424307200 111
311570387198676992 34
311572069097799680 7
311573268681334784 2
311575281938878465 156
311575399391961089 156
311576498295418881 54
311576544432762880 39
311577358123556864 162
311577458807803905 16
311577907564781568 7
311577970496126978 54
311578821918851072 7
311580910694838273 111
311582156407332865 196
311583762838343681 167
311585138540679168 4
311585197277712385 156
311586145211392000 7
311589148312080384 39
311589488059113472 39
311590498861191168 39
311590729573093377 118
311592457638924288 162
311593816555663361 34
311595141989294081 27
311595473335095297 54
311597188792864768 2
311598900081483776 156
311600108032643073 8
311600888173195264 20
311602775605800960 39
311603681592229888 156
311603836752105472 9
311604335882670081 39
311604717585321984 54
311605766140342272 156
311606286238232576 39
311606416249077762 25
311607401906307073 39
311607980728672257 162
311608299516731393 39
311608546955522048 156
311608756700061696 158
311609780080889856 7
311609805255102465 7
311610694472704000 7
311612741280464897 156
311613966025646080 34
311618076409991170 39
311619162734723072 156
311623017316896771 198
311625013809778690 196
311626985128464384 162
311627056414863360 196
311629812110340097 159
311630223147954176 25
311635600216322050 2
311636820762951681 7
311637093405306880 39
311637223428722690 39
311637512827330561 156
311640817951465473 39
311641149284700160 20
311643514863767553 27
311644206928109569 20
311645377164095488 20
311646262162235392 20
311646568346431488 34
311648682246283264 159
311651081421737984 165
311651270131851265 5
311651710571511808 20
311652868161695744 54
311657062469873667 20
311657481900281857 162
311658723439419392 7
311659411296899072 7
311662062109614081 165
311663173604347904 7
311664087924887552 7
311664268300914688 268
311664893252214787 156
311665191064592384 25
311667015578419200 39
311669322433060866 156
311669813158244353 7
311670131946307584 7
311671511863930881 162
311674171031707650 156
311676993827655680 7
311677639742062592 2
311679019651325952 20
311680143741575171 156
311682932970487808 156
311684384191299585 165
311685747310723072 54
311688154878976001 156
311690285551869952 39
311691090854019072 162
311691187348201475 7
311692428870578176 162
311696413450973184 39
311700897149353986 2
311706278445580289 7
311708023280250880 7
311710145593892864 156
311711445823942656 20
311711894627041280 20
311712045621989378 156
311712519557353472 68
311713769472540672 39
311714486698536961 20
311719838622040065 7
311720996262514688 162
311721788977594369 111
311725010228232193 162
311726083961655296 156
311733352694685696 16
311735898628820992 39
311739837088673792 7
311741053403267072 76
311743574205161473 159
311744903812087808 159
311747319701856256 165
311750800986742784 25
311751472083783680 25
311756341645541377 156
311760162673266688 7
311763849474879488 8
311767905337487360 165
311771743138242560 7
311772070306512897 111
311777782952759296 7
311777896198971394 7
311777959092563970 7
311779519382036481 167
311779930436403200 162
311780937052602369 19
311781671068372992 159
311782543479435264 68
311785831826345985 20
311792886612099072 34
311796296581255168 5
311798259544911873 76
311804844589596673 68
311809659650580480 7
311810183926009856 7
311810599187255296 7
311812717289811968 7
311813317079482368 19
311813413540069376 25
311814944461037570 20
311815917573136384 39
311816446021865472 7
311817326821507073 111
311817431708467200 54
311818509615263744 7
311822020268658688 39
311822343221702658 159
311822586516471808 158
311824721383677953 111
311827376378085376 7
311827825185411073 7
311829154783969280 2
311831830749917184 39
311834867413422080 7
311834934534864896 162
311836926825099264 39
311838927512272896 162
311839372100124672 19
311841225974095873 7
311841561543593984 39
311843046302023681 233
311843188920967169 7
311845290275663873 39
311846225580277760 162
311851204252676096 198
311852026306916354 34
311852617716342785 7
311852701581463553 111
311853024542855168 165
311854127678361600 7
311854589051805696 7
311857315328425984 7
311857806070403072 76
311859374752665601 39
311861459313389568 14
311861870363561986 156
311863745188069378 54
311864328200523777 2
311864869286715393 55
311865448100675584 165
311867616526495744 10
311869088756555776 198
311869122302590976 54
311869139084013568 198
311869705319247872 55
311869789188542464 14
311870250574569472 7
311871454323023876 19
311871852798676992 7
311873077543845888 7
311873480197021696 5
311873677304139776 5
311873752814206977 55
311874000257163264 7
311874763649867776 9
311875321492287489 159
311876537811099649 111
311877045321867264 39
311878718857564160 156
311880623084158976 16
311880811832029184 111
311881310958411777 68
311882875425390592 198
311883861091053568 19
311889582117490688 165
311893029852151808 165
311893361189597185 10
311893805777436673 2
311894929846710272 111
311897345774198784 19
311897505136787456 25
311899753283739648 228
311899937854062592 111
311900046922764288 39
311900093026549760 2
311900390847307778 5
311902710297407488 14
311903268135645186 27
311906313204555776 54
311906489335939072 54
311906774557011969 54
311907042988277760 54
311908016096178177 54
311909723152732160 25
311910813667573760 84
311913355445145600 228
311913502241611777 16
311914844389523456 84
311915209298161665 267
311917667160293376 267
311920850658000896 267
311920934527320064 162
311921555309481984 68
311923581149921280 156
311927905464758274 165
311929297977896961 56
311933664235749376 5
311935694283091968 39
311937988567384064 167
311939527881129985 165
311939997643198464 162
311945043403501569 14
311945286652137473 34
311948130415411201 165
311949606793646080 159
311949673898336258 234
311952479917068288 39
311953268421058560 156
311956888126377984 111
311957936685588482 268
311959211745636353 156
311960113529380864 267
311961271157284864 111
311966509855547392 228
311967747162664960 165
311972243464921088 54
311973459813093376 25
311978983694680064 156
311979629646839808 156
311980065829289984 165
311980376203616256 156
311981408006582272 54
311981848429486080 111
311982204928524288 27
311986747368148992 165
311988093731368960 20
311989763081125888 55
311992262890504192 111
311992741003415552 111
311994343265300480 25
311997228929671169 16
311997971338235904 165
312000164921495552 84
312002161414385664 39
312002228552597504 165
312004250211332097 159
312006552884244480 25
312007811158654976 198
312008285102407680 234
312012991136690176 19
312013385380282368 111
312016233329487872 20
312018225632268289 9
312020960280727555 162
312024789718032384 165
312026937168101377 25
312028740727209984 25
312033148932354048 19
312034159767998464 165
312036374364708864 156
312038983205023744 158
312041684345167872 39
312042137330016256 19
312042540008349696 162
312043320136310787 7
312053210300960768 162
312054464406237184 54
312055433298845698 62
312055559102795776 54
312057865965821952 234
312057882743042048 2
312066837582053376 165
312072764154597377 156
312092255064322048 20
312093702115979264 20
312093978956808192 20
312095786697625600 7
312105525842165761 11
312116959527440384 167
312119446732955648 54
312122772816011264 165
312123188064686080 54
312124559606300672 54
312124609950539776 84
312127533372026880 111
312136618226110465 54
312137188647264256 196
312137243189993472 196
312137587097751553 196
312137725518180352 196
312138086240882688 111
312139973677682688 34
312140636373516288 165
312141139710971904 54
312141252948807681 7
312142326686429184 54
312142335058276352 7
312142431523049472 68
312142746091655168 4
312146005070057473 54
312146160284471296 156
312146651013869569 54
312148169356107776 54
312148181922226176 54
312148622345109505 54
312148894941323264 54
312149163406147584 54
312150614610153472 54
312150782394920961 54
312151482860449792 54
312152271364431872 54
312152376222035968 54
312152418169270273 54
312153168970674176 54
312153512899407873 54
312153621959700480 68
312155467428278272 16
312155832349499392 228
312157027696799744 54
312158856413331456 54
312158856446877697 111
312158999049023488 54
312161230422949888 54
312161238798974977 54
312161549173276674 54
312161893089435648 54
312162874594295809 54
312163533100027904 54
312163705041338368 54
312164317397147648 54
312164682314158080 54
312164921393684481 54
312165235958095872 54
312167190520553472 54
312168314598219776 54
312171103810359296 111
312171691017138176 54
312172496319307777 54
312173012218687489 39
312173729453072384 54
312174035616288769 54
312174148858286081 54
312174849298690048 54
312175524610969602 165
312175910474354688 54
312176170538004480 196
312176241824382976 54
312176321524535296 196
312178557092777984 54
312179203002990592 54
312179312046514176 7
312179349803646977 7
312179475636944897 54
312180327076462592 7
312181916726087682 54
312182260650631168 54
312182457778720768 54
312185171497582593 54
312185272152514560 54
312185532224520192 7
312186027127214080 267
312186828230897664 54
312188032000339968 196
312188111704715264 196
312188824719601664 54
312189143507664896 54
312189218996748288 54
312189785240391680 196
312189948793077761 54
312190573744369664 54
312190749938704384 54
312190968029904897 267
312191496508026880 54
312191861399896067 54
312192935158480897 54
312193031635877888 196
312194440917811200 20
312194566730182656 54
312194713555988480 54
312196831675289601 196
312198438064361474 158
312201583792381952 165
312202418458877956 165
312202460401913856 84
312202544317345793 196
312203278307950594 196
312203618063368193 196
312203634819608577 54
312203777430142976 196
312204045844639747 16
312205388038684674 196
312205681656741889 54
312206000390283264 158
312206352716017664 196
312206679901106177 84
312207615209897984 54
312208915448352769 54
312209993392869376 62
312210026955698176 196
312210286998323200 2
312210593161551872 2
312210832228491264 54
312210979045920768 196
312211973104340994 165
312212656763310080 196
312213025887240192 54
312215093662347264 196
312216167383191552 54
312216372925038594 196
312217383756521472 54
312217597661835264 54
312218457481543680 5
312219405423607808 54
312221334786678786 54
312221783577206784 54
312221791953231872 54
312224044323852288 54
312224400835493888 54
312225701069717506 54
312227039031726080 158
312227131323207680 180
312227550745214977 196
312227743699976192 196
312228003713277954 165
312228662244175872 196
312229996016066560 54
312230088311726080 165
312230138609811456 196
312230570652479489 165
312230591624007680 54
312231027831631872 54
312232583914192897 27
312232772641107969 196
312233011729014784 54
312233338901520384 27
312233510838611968 54
312234420994179073 54
312234584605601795 54
312234974650699776 54
312236836934270976 54
312238451732910081 54
312238829211881472 196
312240829903290368 196
312241060581634048 54
312244747399995392 54
312244873224921088 54
312245468820287488 34
312245884039606272 54
312246739694391296 54
312247528223551488 165
312248371266080771 54
312248803291979776 54
312249277223141376 198
312249667293417473 7
312249805730623489 68
312249889620901889 54
312249952535474176 54
312251764453818372 54
312251768660705280 54
312252234224246784 54
312252800459497472 84
312253396046462976 118
312253706416562176 54
312254671106490369 54
312255723864211456 54
312256839582642176 25
312257540031389696 54
312257875558948864 14
312257967837806592 54
312259586847567872 54
312259876250337281 54
312260081775423488 54
312260211773685760 162
312260790616985600 111
312261046452772864 54
312263651128115201 162
312265446294441984 68
312266117366308865 180
312269862871384064 54
312271154712829953 54
312276020105453568 54
312276531814756352 54
312276657660645377 54
312277244863197184 54
312280050844192769 54
312281342681432064 54
312282697454198784 54
312284505190838272 76
312287088894697473 162
312288988897628160 19
312289181835608065 165
312290339480293376 111
312291283194482688 2
312291610362793984 180
312291828433043457 2
312295154549669888 7
312295443944071168 54
312296345706844161 54
312296345727819776 54
312296505115557888 54
312297461412687872 2
312297708885008384 167
312298556126003201 54
312299218817662976 54
312299613082222592 162
312302029001326595 165
312302398095900673 19
312302838502002688 14
312303111127572481 196
312303513801732098 111
312304155530240002 55
312304574931300353 162
312306911150239746 111
312307024429973504 196
312308463080439808 55
312308714734485504 54
312309364855808002 156
312309973025685504 54
312312946778853376 54
312314712568242178 165
312316583219453952 4
312319657644285952 14
312320681062846465 162
312323076014628864 111
312323931640066048 54
312324980220248065 2
312327383548055552 54
312327698146004992 196
312327853310083072 54
312328201470889986 54
312328218218725377 54
312329262617219072 54
312331804344475648 54
312333335265419264 165
312333796647239680 54
312335033996304385 111
312335457608400896 111
312335663125131264 34
312338871784448002 165
312340742444036096 54
312341652578635776 54
312342973813764097 180
312345377141579777 2
312346580902608896 12
312350099915276288 268
312350523552563200 54
312358996042461184 55
312367342707421184 54
312368693252325377 167
312369385312501761 19
312372505891446784 68
312372585574854656 54
312376993800937472 2
312378143015043073 54
312381699784835072 55
312382882582773761 19
312384350593380354 54
312385000710475777 165
312385889898737664 2
312389291483484160 4
312389966770622464 34
312393137681219584 54
312393301229711360 54
312394022666776577 15
312397592015278081 54
312398774809030656 68
312406920143179776 68
312409910707105793 55
312420262232604672 196
312421075935973378 165
312428151726804994 19
312428202071040002 165
312428269146357760 162
312431947571945474 55
312434191524585473 156
312435844067782656 196
312441590289412096 54
312445042184826880 55
312447109989289985 2
312454882038800384 165
312455796397047808 165
312455985111392256 55
312461072802123776 196
312461748089270272 54
312462763102449664 196
312467175535435777 54
312468677079478272 14
312471080432435200 196
312472774922883072 196
312476151325007872 54
312485252989874176 5
312485395583614976 2
312487345947553793 54
312488377729568768 54
312494673400823808 111
312496002957451264 54
312496116203679744 196
312497194143997952 234
312499832365404160 111
312507507950092288 54
312512159429062657 196
312519784690507776 54
312521051374510081 165
312521856664088576 234
312524541018656768 11
312524612334403584 11
312525958714388480 196
312526285870071808 55
312528882110705665 19
312536457040523265 15
312537274933997568 54
312537291690237952 54
312537438495051778 54
312538852004880385 196
312541058191990785 196
312541553107275776 54
312542714950479872 54
312543990002110464 68
312548305966084097 196
312548792467607552 11
312550046581288960 11
312550281466478592 165
312550663148146689 196
312551074168975361 165
312558602944667648 54
312559311815585793 165
312561224401428480 196
312561698345209858 165
312562105205284864 16
312562935681667072 55
312563250237689856 165
312563975852281856 55
312568241455247360 196
312571911475441665 196
312572515488788480 111
312575136895221760 54
312577531859591168 34
312579448635523073 68
312580262368272384 34
312580690178875392 165
312582271439872000 2
312583785550069760 111
312589938598215680 196
312593654768365569 162
312594229375426561 165
312594401367044096 11
312595340882743296 196
312595370238685184 25
312597425435078656 54
312597786153582593 165
312601305157885953 27
312601753965178880 196
312602135634255872 54
312602869658431490 25
312605755343781888 54
312607240106426368 234
312607936381857792 7
312608255123808257 2
312609945457668096 14
312610402632617984 196
312615754568699906 54
312615821639811072 196
312619718165032960 165
312622540919042049 165
312622893274116096 54
312622901658525696 54
312624088629792768 2
312625091089403905 2
312625544049078272 111
312625934115151872 68
312626546496139264 165
312626689089863680 196
312629037912711168 55
312635828478300160 54
312636004664242176 54
312639255245639680 34
312639309750624257 2
312644779118833666 196
312651213214736384 165
312652811215204353 268
312656103769010176 68
312656107938123776 165
312656539951448064 54
312658708406611968 228
312659308200472578 159
312660423902117888 196
312660482593021952 165
312663145997033474 196
312663578014527488 9
312669441655717889 25
312671081632776192 0
312675645006172161 54
312676353872908288 20
312681647080349696 180
312690098569371648 165
312690153103687680 165
312692099285913600 268
312692845838479360 167
312692938125750272 111
312693068149186563 165
312694821389205504 20
312695630885695488 62
312698717872463872 165
312698755616997376 196
312701410619838464 15
312705416167555072 27
312705730761334784 9
312707823702261761 2
312709388211208192 2
312710113813229568 165
312712479404875776 268
312714727547629571 68
312715121820565504 5
312716862444142592 5
312721111265710080 268
312722990313897984 165
312723791413403649 54
312724873560604672 158
312726832283783168 268
312727134294642688 165
312731483792084992 162
312735413850742784 234
312738865762947073 25
312742661599686657 20
312743378838233088 54
312748915327901696 234
312750366536130561 165
312752543384100864 68
312755055793172480 54
312766044865445889 16
312767970034204672 25
312775498818285568 54
312776681603604481 162
312777365296148481 54
312783023387058176 2
312785489642020864 25
312793001640480769 198
312794532553031682 68
312802728248229888 234
312811997639094272 165
312817295045054464 54
312823183864627200 198
312828103762272258 68
312830305797033984 234
312832612647440384 12
312839159976955904 158
312846260933640193 165
312848328704544769 2
312852116144279553 11
312872974447431680 111
312885326655926272 68
312885343433158656 68
312888703074848768 5
312899172061818881 14
312901244064780289 118
312902397481590785 34
312902569452257280 6
312902712062799873 268
312908122685571072 34
312922349798301698 68
312924203676467201 165
312926003028688897 54
312926330163449856 68
312927743643901952 76
312928746099314689 2
312932541961236481 68
312935280812363776 68
312936862085947393 165
312939894559354881 234
312944311165669376 5
312946664149229568 162
312947549151563776 2
312949923123441664 11
312951378559524864 19
312954369115041793 54
312956080370098176 34
312958248829472768 7
312959167365263361 162
312959943345070080 25
312964112462262272 2
312965148446961664 9
312969317589340160 19
312971410555432963 2
312984110903734272 7
312990914077405185 111
312995687178567681 111
313003132084961280 268
313006466556649472 165
313007867433201665 68
313010061070974976 54
313011386454269952 234
313015408821141504 13
313015597556445185 228
313015689814355969 68
313016675479994368 68
313017791164866560 167
313018126713380864 19
313018130920243201 2
313019171099258880 162
313025626141495296 165
313026578244325377 15
313032391524487169 228
313033003897061376 111
313033184285696000 68
313043133145419776 162
313043577762631681 268
313044739563872256 2
313059591590146048 162
313071910256791552 19
313077027311857665 25
313079514550906880 55
313080596698132480 165
313082073059557376 234
313085696971776000 2
313085994733809664 268
313086707773882368 84
313094140093140992 158
313096589566672897 2
313101710786711552 2
313102545478356993 2
313107603817373696 15
313116357329821696 268
313116785140453376 165
313120471937855489 268
313121675686330371 162
313130433414041600 196
313131624562823168 268
313132224352509952 54
313137056190713857 9
313145126035783682 68
313148330479861762 27
313150796734820353 2
313152814207598593 158
313167716582293504 162
313171340435791872 54
313172967825752064 54
313176147137531904 27
313178563048247296 2
313184640590561280 16
313189862478053376 111
313189988315574273 165
313192039330246657 27
313194836922605568 234
313198167199997952 268
313208300651024384 13
313215128994717698 165
313217423245467648 11
313218232758722560 5
313226248065282048 5
313227820954419200 5
313228114547318784 5
313235152581046272 54
313241842487541760 2
313245931954925568 25
313252017890000896 34
313252982558978048 2
313256665166278656 159
313268476343099393 54
313272268002308097 68
313277120778493952 159
313280400745193472 68
313284406309711872 68
313287040307437568 180
313289284293652480 159
313296167142309888 15
313297765151145984 2
313299908436320256 54
313303276454035456 7
313304383758680066 165
313308288659894272 196
313308431278817284 3
313309114941992960 68
313310092214820864 19
313310373245771776 19
313313472840605697 68
313314924036247552 68
313316060709388288 13
313317142860795904 68
313325799866527744 39
313326391275974656 196
313326936560640000 196
313327100121726977 196
313327272092385280 196
313327620219621377 196
313329834812116992 196
313329838989668352 196
313331906773135360 9
313332863074455553 19
313335761342697472 2
313337623643037697 196
313339934708752385 158
313347383788457984 111
313348272964112386 234
313349053113053184 165
313349472547663873 111
313350214931083264 54
313351968166928385 20
313352211415588865 165
313352374985035777 54
313355831112507392 111
313356917420470272 25
313357215211872257 14
313360788767264768 5
313361136902893569 165
313361719915339776 14
313364572046245888 25
313364945335107584 196
313373958890196992 111
313373971447947264 165
313376743912255489 165
313384528511123458 19
313385447097241600 25
313385493226201088 111
313386655061008384 25
313386671800455168 25
313387179323826176 111
313388940918927360 111
313392954884648960 34
313393919574540289 2
313394821366702081 2
313395362410950659 12
313399489631240192 5
313401549000937474 25
313402736001572864 19
313405164511969280 14
313406477320732673 68
313414559765520384 5
313414815588708353 5
313414844957216768 5
313414920471453696 5
313420574380658688 25
313422747025948672 25
313423107731890176 156
313423120319016960 165
313428501619408896 14
313429751526207488 165
313435036332470272 162
313440820298653696 34
313442565112344578 54
313446193176907780 111
313447405347561472 9
313449557000331265 165
313457844978606080 25
313458964845191168 25
313463154959085569 14
313466132893941760 233
313466166473539584 54
313468964078485504 180
313479294632460289 180
313518284903428096 16
313519413171220480 159
313520142963318784 16
313522659562500096 2
313524593124061184 68
313532813947334656 198
313533032055324672 2
313536400077230081 111
313537452864327680 2
313540258828533760 16
313541542298144769 5
313544956453191681 68
313549255631572993 159
313549716996624385 196
313552485245648896 2
313572156510453760 165
313574337573687296 1
313574572463099904 162
313574874432016384 167
313575528756039681 180
313584999494471682 196
313585125311004672 25
313590837948866560 111
313594524742070272 68
313594713506725888 19
313603924185739264 25
313606717579603969 165
313607036371865600 2
313608894452736000 165
313612300215013377 159
313613323633565696 165
313613378138550272 2
313614514807533568 25
313616960095154178 54
313621766771732480 118
313623259939733505 19
313624006492303360 20
313628192432877568 16
313628779618652160 39
313632881652166656 2
313640712438697984 68
313641098310463488 11
313643468075442176 25
313644600524959747 25
313647020642549762 15
313654071267561472 196
313655442838528000 165
313655669314166785 15
313656495587872768 15
313657376383315970 15
313657766453604352 167
313657841942687744 196
313660606005788672 11
313661457470459905 15
313663281984311298 159
313665093923663873 27
313666071175499776 165
313666683552288768 27
313667094594072578 68
313667555963305985 87
313669246272012289 268
313669346956304384 165
313670336786870272 8
313671234380525568 15
313671234384707585 15
313671523791667201 14
313672547210256385 165
313674946352148480 111
313675583856967680 34
313676171084718080 111
313679115456757764 14
313680843543552001 19
313681330061836288 19
313682223461191681 13
313682596724891650 56
313684358353526784 13
313685331436269570 5
313691287339552768 159
313693518696693760 25
313694261101084672 19
313694319829737473 34
313696089813446656 16
313696416969154561 158
313698069533310976 167
313699009049010178 13
313701622092034048 19
313703610192113664 25
313704969175982080 2
313706030330683392 165
313708798562926592 68
313709234787344384 25
313711088652926976 56
313714024657342464 25
313714649596043264 34
313714934833876993 2
313715131970379776 111
313717279454007296 25
313720324506140673 13
313722245480583169 13
313722362946269184 13
313722732019851265 68
313723260518924290 19
313725219246321664 165
313726993466273792 11
313729648456523776 2
313732248916611072 20
313733112955797505 27
313735868584169472 111
313737487619088385 13
313737605038616576 165
313741874823307265 159
313747692360699905 27
313748283728211969 111
313748682187104256 19
313749399408881665 165
313750338937171968 15
313750779339104256 2
313751915991298050 111
313752834556452864 268
313752876503666689 159
313757603475906560 20
313758404604731392 234
313760883409027072 68
313761684542062593 165
313761873277353985 15
313763664245186560 196
313763689398411265 27
313765111296823297 68
313765740421447680 20
313770169598087168 68
313776037467140098 2
313778960880259072 159
313780177224204289 14
313782165328494592 111
313782630883684353 198
313787504656539649 19
313788372898435072 68
313788607775272960 25
313789689918279681 165
313790700741337088 180
313798644753104896 20
313805653422505984 11
313812553065189377 165
313812930552532992 11
313814687940755456 16
313814763463385088 162
313818752233922561 13
313823978353459200 268
313824699748605953 11
313836737426247680 180
313837039411933184 111
313837261684891649 234
313838926861332480 111
313844140360208384 180
313847017656954881 158
313849605534138368 27
313855553073979392 20
313856681350152192 11
313863522255790081 56
313866252735115264 198
313868911940608001 165
313872875528531968 180
313877631881863169 16
313880064578170880 165
313880601440702464 16
313881343824121856 162
313889526940594176 34
313896816628342785 11
313897848410370049 15
313908648764121088 2
313908841676943360 111
313911144358227969 2
313911735771877376 165
313914348827451392 11
313916332703891456 5
313923949564157953 196
313926533251215361 268
313929481876303872 11
313929783857782784 2
313931218326532096 111
313934343083012096 16
313947316048498689 180
313949723562233857 19
313953154528075776 25
313954425406386176 19
313956056982245376 12
313957218783490048 12
313961073361444867 12
313962772062945282 165
313963191497547776 68
313964189712535553 12
313968212066844673 2
313975526933032961 268
313975615009193984 165
313979972903645184 165
313980631384199169 2
313981604496277506 12
313983772938874882 268
313986419527938048 12
313986419561476097 12
313986532782510082 19
313987065463316480 167
313987229062139904 12
313987233252261889 12
313988600574398464 5
313991666598027267 111
313992966836482050 12
313999228953305088 165
313999241548800003 12
314001313505632257 19
314012013166723072 12
314012306780585985 159
314013808362418176 27
314025732743512064 19
314026798126096385 12
314028568084611072 162
314030694630305794 12
314031281803505667 12
314031319556444160 19
314031843861200896 165
314034901513031681 19
314035065090879488 12
314035866190364674 165
314039737549733888 12
314039842373763072 180
314040672845983744 12
314041415258734592 34
314042447040749569 180
314042568675565569 19
314044514845196289 76
314045349515898880 68
314045886399381504 12
314046813332180993 12
314047744450887680 39
314048440709545984 12
314050915369893889 10
314053234807410688 19
314055378088390659 165
314056292463435776 165
314056426651799552 163
314056909013524480 12
314060281217167362 156
314061220774825987 25
314061241750544384 19
314072964800868352 12
314077347852738561 25
314081105940717568 165
314083110813843456 12
314087602917609473 180
314089259697049600 111
314097602167721984 2
314098629772197889 12
314101884518559745 2
314103574831431680 165
314104216589316096 25
314104636002930688 19
314104858284273664 267
314104958972731392 13
314108079509762048 111
314114995933827073 2
314115696382578690 165
314116119990521856 198
314122591801597952 111
314124382790381569 165
314124756087603200 268
314125565558939649 2
314127121679265792 163
314127159419613184 198
314127620797251585 15
314128744879120384 2
314133165667139585 3
314136437203292160 228
314137913610874880 158
314139465503346688 165
314139868152340483 14
314143135506767872 19
314143529800704000 180
314143752073670656 162
314148550353252352 76
314148848178188289 162
314149351465316354 111
314149997413277696 268
314150039360507905 228
314150051914080256 55
314150320370483201 268
314150970491826177 167
314156070736117760 198
314157849137778688 12
314158792839397377 12
314162995532029953 12
314163100397993985 268
314163939275575296 12
314167303107395585 167
314167605084708864 111
314168255193432064 111
314173330322239489 268
314178573172867073 165
314185334395117568 198
314190069781114880 11
314193240691703808 163
314193974665551872 180
314195157467684866 27
314196512236261377 2
314197132976459777 11
314205127340859392 165
314210806411689984 2
314214568694013952 11
314228489588965376 19
314230528050069504 12
314240900559691777 19
314241336750514176 198
314246432850849792 268
314247682745061376 268
314250291606347776 20
314250530660708352 268
314250530664882176 268
314268956259123200 25
314280935191351297 162
314284756210683904 2
314285305643556864 25
314287088205971456 111
314287880954593281 14
314305023049883648 5
314307938112114689 268
314308726628700160 12
314311809450524672 14
314312556040818688 268
314313193583419392 268
314315399791538176 165
314317983466004480 5
314319812199329792 5
314320093184143360 12
314320378405220352 5
314324765647196161 180
314328481796345857 16
314330432177045504 16
314330486669443072 111
314330591527047170 11
314330662859595776 2
314334337061486593 2
314335918330875904 268
314337449243451392 234
314337759630356480 16
314344218858496000 180
314345716191465472 180
314345774911741953 180
314348937412759553 167
314349428167299073 12
314350644523835395 68
314353395983060992 12
314353442133004288 11
314354356482875395 12
314354402599251969 19
314355543449948161 198
314356491379429376 5
314357493792911360 180
314358018093494272 2
314359335121731584 11
314359867781558272 34
314361356763672577 12
314361432248549376 27
314362455658729473 165
314364741562814465 84
314365085491556352 180
314367258149404673 180
314370613580013570 180
314370789761748993 180
314371276292640768 180
314372517806620673 12
314372748501725184 12
314373033722785792 180
314373830619586561 180
314374078108692481 12
314375508357943297 12
314376758252142592 12
314376775037747200 19
314378679255957504 25
314380470198616064 180
314382965838852096 25
314384408662654976 25
314385029407064064 180
314385058775572482 12
314386258338148352 2
314386317050003457 12
314386728100167680 2
314388988830048256 2
314390880486301696 180
314391861936664578 12
314391933227253760 180
314392709207035904 12
314393149604773888 2
314393355121487874 16
314393753571950593 268
314394818941956096 2
314395481621004288 16
314395947171983362 2
314396815392919554 19
314397650076188672 180
314397910106255361 12
314398035956363265 12
314400573522857984 180
314403018776907777 111
314404872680263680 12
314405992567808000 268
314406592349093888 5
314406596539187201 5
314408559448322050 84
314408865628295169 165
314409272496775168 165
314411235418468352 12
314411575178055681 198
314412577599938560 7
314412703450009601 2
314413194150027265 180
314413533897048064 12
314415303922696192 111
314416453124239360 19
314416654484373504 180
314416847388827648 19
314417275241390081 111
314424095146143744 2
314428394332909568 87
314428402729889792 180
314430483092103168 198
314430877348282369 25
314432676725678082 2
314433905627394049 84
314435323331481600 180
314435616936960000 2
314436367692222465 12
314436824892309504 86
314436875211403265 180
314437391098183682 68
314437735031111681 68
314437873455747073 111
314438334808223744 111
314441136632647680 180
314441220514512897 111
314442654979076096 2
314443556750245888 2
314446719255453696 27
314446903800651776 111
314447771992223744 25
314447772013174784 12
314447776215863297 198
314448283714072577 180
314448417927602176 12
314448489226596352 12
314448501826256896 12
314449089020452864 180
314449139360477185 2
314449277772517376 2
314449424581529600 68
314452134089330689 12
314453019087495169 198
314454088626622465 84
314455728586911744 12
314456315802050560 27
314457309839511552 39
314457410502799360 27
314457725079801856 12
314457926423166978 198
314458719142440960 12
314459901952933889 34
314460434604359681 2
314460728222416896 2
314461558682030081 34
314461877436551170 12
314462837932191745 39
314463383221067776 198
314463634858332160 12
314463727162363905 84
314465115447627776 198
314467409740304384 167
314469204889858049 198
314469855023734784 12
314470542881210368 14
314470568047038464 5
314473374036406272 180
314473550192984065 111
314473592148611072 16
314474867217022976 2
314474867229597696 11
314477073429307392 12
314477442519666689 268
314478063259877378 12
314478142985216000 12
314478709212057600 12
314479631929589761 11
314480495972982784 165
314481368375623680 16
314481498407444480 165
314482098201325568 2
314482257563889667 14
314482920284893184 12
314483297759670272 12
314484316992319488 27
314486594491002880 111
314489576653742080 163
314490507764060160 68
314493552841351169 3
314496115565273088 198
314498242085797888 84
314498300789288961 25
314501278736723968 11
314502390244048897 87
314503413645848576 268
314506471280898048 180
314511315731365888 162
314513840677191681 68
314516189495840768 2
314518328578289666 2
314518336992079872 2
314519268119162880 180
314523034595778562 167
314527522496843778 84
314529036669968384 111
314529321857478656 198
314535995016093696 68
314542257095204864 11
314543678985232384 15
314548930253824001 68
314550373094404096 19
314551828513710080 163
314551887229767680 180
314555246837899264 2
314562419110342658 180
314565837476487169 2
314566126870863872 34
314574104445480960 14
314576109335359488 84
314579150214164480 111
314579456398352386 162
314579804512989184 27
314581159281586176 2
314586649596141568 8
314588444783411200 19
314588855795851265 68
314589354943201281 2
314593494700261376 158
314603175174873088 162
314604991283359744 34
314621508473479168 165
314626449380347904 5
314627204321529856 5
314628164821319680 180
314629028847947776 5
314629444088242176 2
314629595099955201 198
314629993529475072 180
314630245208707072 39
314639548166569984 165
314639925679108096 5
314643616641466368 11
314644891718262785 180
314646934331740161 84
314653582328745984 111
314653783638556672 2
314656501564325888 4
314656711271141376 11
314660377088634880 11
314660515492270081 165
314661094318829568 167
314663648628989952 5
314663988375986178 111
314664323932889088 111
314666697917353986 34
314671760417112065 54
314677951205605376 111
314679041728864256 25
314679717011795968 11
314682820821917696 165
314683038921523200 198
314686385963540480 111
314687363240574976 5
314693310772023296 165
314697718993915904 111
314700990534258689 111
314701372215934976 84
314702672454369280 11
314703142216413185 4
314708380897931265 54
314708573844291584 268
314709232354222080 180
314711841207111680 2
314715385368829952 198
314716522037800960 198
314719072166244354 165
314719361581608960 268
314720372417241089 268
314724092752326656 84
314724453458251776 11
314725585924526081 25
314730296144715776 165
314731550224818178 2
314734805025705986 165
314736738595643393 2
314738651194068992 14
314739511001231360 9
314739821409075200 198
314740106625957888 162
314743348789391361 180
314744779047055360 16
314745387233730561 180
314747274657951744 198
314747471802798082 198
314748373582352384 5
314751464776007680 198
314754287551016961 198
314758335037583360 198
314758565753655297 25
314764718780846080 14
