306428048864051200 7
306428589937684480 39
306428732518842368 52
306429709816827904 7
306433610494386176 20
306433698578964480 2
306433786642587648 20
306434533262254080 20
306435883807145984 50
306437322466021376 20
306437800608288769 52
306438060659318785 52
306440996672110592 9
306441990701195264 20
306442162692820993 11
306443022537719808 42
306443970425274368 11
306444570223341568 7
306445966918160384 42
306446457647550464 4
306448932299489281 32
306448982635327489 39
306454087107493889 20
306454204522823681 20
306454913360220161 39
306455307645771776 32
306455961961377793 20
306456213619617792 20
306458566607372288 32
306458939917225984 20
306459132851023872 42
306459195748806657 42
306459304813273088 32
306460244316405761 32
306460886044905472 52
306461020266844161 42
306461653606731776 7
306462794482589696 32
306463864000753664 32
306463905960579072 42
306464103105441792 25
306464279253630976 32
306466292532117506 43
306466384802635777 2
306467164951568384 32
306467647262961664 45
306469543117717504 32
306469744419143680 32
306469887042273280 32
306469949952622592 32
306469996102574080 32
306471208231239680 2
306471367606423552 2
306473812885635072 32
306473921941762049 53
306474693727232000 32
306474878247243776 7
306475029258960897 7
306475377373622272 7
306475423536123904 7
306475612271431680 59
306476069425410048 45
306476950250205185 7
306477050900930560 42
306477478740889601 32
306477847827058688 32
306478808310087680 14
306479101907193856 21
306480112755417088 32
306481975034789888 21
306482402845421568 32
306483078128353280 2
306484059603877889 7
306486559379701760 32
306489013081079808 32
306489919050760194 32
306491860996743170 38
306492053913731073 38
306492225917947905 19
306497691075112960 11
306498349572431874 39
306498873881415682 20
306500014740480001 20
306500836807286784 20
306501231059288064 20
306504674603827200 45
306506541039763457 26
306506683654488064 32
306507086303469568 20
306507090531319808 20
306508269122371584 30
306509447692443649 42
306511150609223680 4
306515609124995072 1
306518306083450881 42
306518742270099456 32
306520273224613890 51
306521674088579074 47
306522592641167361 2
306522672341344257 7
306523028861353984 20
306523368587411458 32
306524299722895361 35
306525096670015491 32
306525188944711682 32
306526405271896064 38
306526463983747072 45
306526585652146176 32
306526841475325952 40
306527147693047810 32
306527437074882560 32
306527722312695809 32
306527726473474049 38
306529865589485569 32
306530356335616001 45
306531245502894081 32
306531476193820673 32
306531836891394049 13
306533439115493378 2
306534026326462464 25
306534802260127744 38
306535452393996288 51
306535750177009664 20
306536832341000192 42
306536907830091776 38
306536953938055169 14
306537025249607681 32
306538690417676289 38
306539202089205761 47
306540099699630080 15
306540137419010048 32
306540661702807552 13
306541236360200194 15
306542607889215489 32
306543077621895168 51
306543824212209666 20
306544101061443585 32
306544205914861568 32
306545195749613568 32
306545556455555073 32
306546013664063488 32
306546374344851457 38
306548253418213378 32
306548517646770176 32
306550430249414656 45
306550816129564673 59
306551327826259968 38
306555027198193666 30
306556663001923584 39
306557329875271680 15
306557396996718592 20
306558433002389505 39
306563667477008384 6
306563860406624257 32
306565869478240258 18
306566196650708993 45
306567488487972865 35
306568172155322368 7
306571384996380672 32
306573058540437504 20
306573515711201280 4
306574962750283777 2
306575692546576385 43
306577017963425792 7
306577076650135552 48
306577508676022272 28
306578041356824577 18
306578834084474880 43
306579442266939392 7
306579475829760000 18
306579647796240384 42
306579819741720577 7
306580130111823872 48
306580163695611904 32
306580742509568000 32
306580893491937280 32
306580927054741504 32
306581505835143168 32
306581912686821377 32
306583116485644288 6
306584374743281665 18
306584890667843585 64
306585859552071680 18
306586258015141888 43
306589714088075265 41
306590666199293952 7
306591341482217472 7
306591446339833856 7
306593040196329474 32
306593770001022976 38
306594046825086976 11
306595816812986369 50
306597393879691264 7
306597515527065600 19
306597922340995073 25
306601676280844290 42
306605459517874179 45
306605727940767745 32
306606013182783488 20
306608148083527681 18
306608911442640896 42
306609746088165379 18
306609934865416192 7
306610463322537984 39
306611922940329985 43
306612392714964993 20
306613768459280384 2
306614624097275904 32
306615144169996288 20
306618168250626049 20
306621729231499266 59
306621905375469570 18
306623088194383872 18
306623897695043584 18
306632936420155392 18
306634467324329984 21
306635452985786368 19
306636170215960578 20
306636535107837952 7
306638078620102657 19
306639643087093761 20
306639710229508096 11
306640486163152897 48
306648581174071296 20
306649919131885568 20
306650871234707457 45
306652515418656768 7
306653769511342081 42
306654302192148482 53
306655476588892161 53
306657666028158976 11
306658865607491584 7
306659419234652161 32
306668004991721472 32
306671410749796352 32
306682370470342657 6
306687592387182592 38
306688947164172288 7
306689072976494593 51
306690750685532160 52
306691425989451777 48
306701051904540672 42
306703065157873664 9
306706277994745856 20
306707188167110656 42
306707636945031168 19
306709109154123777 56
306711424401559552 20
306711441187160065 43
306712133272477696 35
306717627810713600 26
306719162925998080 21
306720605741412353 42
306720890983432192 32
306721067127431168 19
306723864707203073 32
306724133159460864 43
306726054154862594 18
306732932792471552 35
306733700375248896 32
306736695099936768 42
306737060000169984 18
306743326302949376 47
306743645074247680 20
306745171809280001 2
306746266510061568 42
306747877114380288 43
306751157051727872 6
306752406950121472 18
306753715602341888 15
306754357330837504 15
306755758228402176 42
306755909198176256 6
306755921772675072 42
306756102127747072 42
306757486252290050 42
306758551613886467 38
306760875258286080 52
306760912994459648 47
306761202414022656 18
306763832242622467 43
306765279302664193 43
306769012203851776 42
306769192550551552 43
306770127901298688 52
306771742708359168 43
306773932118265858 18
306775458840735745 7
306775559516594176 32
306776742306123776 42
306777597969305600 42
306777736381333504 18
306778680091361280 18
306780777218199553 47
306781486080741376 7
306781561569820672 43
306782085841039360 38
306782245224583169 39
306784447271952384 18
306784581456101376 7
306784904425906176 42
306785718146052096 7
306787450376839168 45
306787521688379393 13
306788066926944256 18
306790864544468992 18
306792412251037697 43
306792420614475776 43
306794245132533760 32
306794412921479169 42
306796388417671170 43
306797848073224192 14
306801606152814593 19
306802226909831168 42
306802721816735745 11
306803623621455873 7
306807306216148994 11
306807406883651584 25
306807696261271552 42
306807964696715264 59
306811433419673600 38
306811701829963781 43
306811857023401987 40
306815690625650690 20
306817095725895680 43
306818228183773184 7
306818702119165952 18
306819964629835777 21
306820157551038465 21
306820576973037568 38
306821029957885953 21
306822334382235649 43
306822577685426176 21
306825282986336257 51
306827300471705600 18
306828692984840192 38
306830815302656001 39
306830999831056384 2
306831691891212290 39
306833587699851264 43
306833600282759168 4
306834409800216576 42
306836255302361089 32
306840281842601985 18
306841695327223809 2
306842496418324482 42
306842769060675584 42
306842831945863168 45
306843796656758784 9
306843922477510657 43
306844710994079744 30
306848687227805697 47
306850750800228354 36
306851036021284865 39
306851656765689856 32
306854462784430082 42
306856434098925568 14
306857717530759168 35
306858313159696384 18
306858447348064256 14
306863610548875265 6
306869037978247169 5
306870833140338689 22
306871978168553472 47
306872150156001280 38
306874071138836480 15
306878319968808961 21
306879632769179649 6
306880979157540864 39
306881029493370880 51
306881696404492289 51
306881939665719297 51
306882199720968192 51
306882237444526080 32
306883961324466176 38
306885425140736000 20
306886809261072384 11
306887815873060864 42
306888726020243457 51
306890961601040384 43
306894551946235905 40
306894866514853888 35
306895634068279296 38
306895852172095488 15
306899484418392066 32
306901187310010368 39
306902877618712576 39
306904693735583745 51
306906014966493184 21
306906761556791296 11
306907927577513984 30
306908493787561984 51
306908837716303872 42
306908862903099392 32
306915917705666560 32
306916764942491648 59
306919411569291264 47
306919617098547200 38
306919856148729857 38
306920535655342080 38
306922733470621696 38
306923983373209601 32
306924692206399488 38
306925199713005568 38
306926072136601600 51
306926709670813696 60
306928978793463808 15
306932866875539456 38
306933231792578560 38
306934234222841857 11
306935073092014082 52
306936650162917377 35
306939959481364480 11
306941008053141505 52
306942140519436288 11
306942304088911873 52
306944149582663680 15
306945420460978176 19
306948142555865088 39
306948394205728768 39
306950596202737664 48
306951254712668160 35
306952936624361472 26
306954022965878784 52
306955402896105473 11
306955566473961473 52
306956464050798593 51
306960826126979072 2
306961019056578561 35
306961111335448576 42
306962738708635648 4
306968128406036480 9
306971936846663680 42
306971941019983872 40
306972620526612481 38
306973237080911873 42
306973832663662594 42
306974067548901379 19
306976609271955456 32
306978379268231169 40
306981579547373569 40
306981604708995072 56
306982108017086464 40
306983085281538048 47
306983903191785472 15
306984846901796866 40
306992535081979904 28
306993000645525504 52
306993625563271168 11
306993772393295873 35
307002928542150656 35
307003188601577472 11
307009861714067456 40
307011606573883392 52
307022130057469952 42
307023388382224384 21
307029906305478657 56
307032037020270592 7
307033710555963393 47
307035124023828480 47
307037560901861379 7
307045525897760769 22
307046494802935809 26
307049443377688577 9
307055546094215168 2
307065247510962176 38
307067785090039808 7
307068657488515072 32
307071719317831681 39
307073900364308482 6
307076064612589568 2
307077549392003072 52
307079575249235968 38
307080191824515072 28
307083811513044992 6
307084558099173376 39
307086684590309377 17
307091323494752256 51
307093299011932162 25
307097002582372353 32
307098734829912064 2
307100471280144384 7
307106796273819649 39
307107895189848064 32
307107903574265857 20
307110692790620160 51
307110759891103745 20
307112181797888002 38
307114635444776961 7
307117311398137857 56
307117462422421504 20
307117642777505792 20
307118011846914048 36
307127277081206784 4
307129005134446593 42
307131370721902592 5
307134805873672192 35
307135019749634049 7
307136391299612672 47
307142502383763456 47
307144196920336384 38
307146717671866371 2
307150274458443776 42
307151847309860866 38
307152036045144065 39
307158759506055168 40
307158784701235203 40
307161016062599169 7
307161129304592385 13
307161242550816768 40
307161242554998785 40
307163360657559554 38
307163893334159360 43
307164086288912385 51
307165332001411074 25
307166250562355201 39
307166443487760384 43
307169949930119169 19
307175335416442880 13
307178082693963777 32
307181526209138688 11
307182008549924866 40
307183841481728000 6
307184680321548288 45
307188442616451072 4
307191902934032384 38
307192657879396352 42
307194050396688385 48
307194264327168000 15
307194935382261760 13
307196063662624769 38
307196747338350592 36
307196797682585600 36
307197904983048192 36
307198236324675585 51
307199213568151552 36
307200916480720896 36
307202619363975171 39
307203445646053376 38
307203667956748288 51
307204733276401664 36
307205085618900992 36
307209330241978368 6
307210991177957376 36
307211171545628672 52
307211972670287872 4
307212664730423296 28
307212849271406592 4
307215089025560577 39
307216364098162689 2
307216854819160064 6
307217152635719681 52
307217240720302080 52
307217840501555200 52
307219291739127808 8
307220046684491777 6
307221112054489088 38
307224488477597696 42
307226463965433856 28
307228020081569792 26
307233262957371393 38
307233762075361280 38
307236236714721280 13
307237360800759809 6
307238530994814976 38
307239013335576579 51
307240145789276163 51
307240598769901568 38
307240816907272192 38
307242335220162560 7
307242393936203776 40
307242700116221953 40
307244822446608384 47
307245954896130049 42
307250212135641088 15
307252263150288896 51
307253500465774593 13
307253689217843200 35
307255371125358592 51
307258848207593472 10
307261188641792000 6
307261444490133504 43
307261754851864576 40
307262639841619968 49
307266276319961088 7
307267480076836864 2
307272672641945600 13
307273763140030464 39
307275516384264192 32
307275566711730178 32
307275600245178368 32
307278204920537089 47
307278641111384064 40
307282487283961856 32
307284072760242177 13
307287809876705280 20
307288199942774786 11
307288355144613890 42
307288929734914049 59
307289462436683778 18
307289672156073984 38
307290011886317568 26
307290016055435264 39
307290154467467265 4
307292868215701505 26
307299377754558464 14
307303609803100160 4
307304280895930368 26
307305258185539584 35
307305748923314176 50
307310102577307648 2
307315446124802048 3
307320982622838784 30
307325436969492480 47
307326439399776256 38
307327664157511680 2
307332118504144896 40
307335725613973504 47
307335901766381568 40
307336224711000065 28
307340209295593473 43
307341958353920000 17
307343942234554368 60
307345074692440064 32
307349038309732352 40
307352926454693888 12
307355988284035073 40
307356453830803457 21
307356843905282049 50
307360182604820481 40
307361814180679680 38
307364469183483906 40
307369338757865473 35
307378020971327488 2
307379371528822784 51
307379732234764288 7
307380759835062272 40
307381804225163264 40
307382307550007296 60
307385931420274688 64
307386229199089664 64
307386392785342464 64
307388573810819072 30
307396861784883200 51
307397608350035968 64
307397646123954176 64
307397692240297984 40
307402142384267264 40
307402884801249280 64
307403522348036096 64
307403534922551296 64
307403539116863488 64
307403929157783552 28
307405611086258177 15
307407506920067073 40
307408635200413696 20
307409448899588096 40
307410191257841664 40
307413009846915073 39
307415710970306561 60
307416122024677376 35
307416801489342464 40
307420106609278978 14
307421599789887488 64
307424758105001984 40
307431003394281472 40
307431250866601984 52
307432563683778561 47
307433402544570368 60
307435323552567296 64
307444202877370368 64
307445154996961280 42
307446019006803969 40
307446551675031553 64
307448715973627904 60
307450615968186368 64
307450649514213376 10
307451429663158273 4
307454147576348672 19
307455359746969600 64
307456261518147585 38
307458291565486080 64
307459025568669696 64
307459268817326080 64
307459713409355776 64
307461353378025473 64
307461647004471296 64
307461957353611265 64
307462120944066560 64
307462808801513472 40
307464444605255680 64
307465186980282368 32
307465811923173376 64
307465828713000960 25
307466998923812864 30
307467506434572289 64
307469041541468160 40
307472413770276864 64
307472690581733376 43
307475395937198080 6
307475555295559680 60
307478914941476864 64
307479455989895169 64
307479607022612480 64
307479900607107072 14
307480206774521859 64
307480689123680256 64
307481142125268992 60
307481150518079488 64
307481830003728384 32
307482706588090368 14
307484015210942465 64
307484619199107074 13
307485877473513472 64
307486527624200192 14
307486879941554176 64
307488347935358976 40
307488465363300352 51
307488599576809472 64
307488834491392001 64
307489383928438784 14
307489904005369857 14
307490721923989505 40
307491908907855873 40
307492995215790082 32
307493204918407170 7
307493443997925376 48
307494886838530048 40
307495490826678272 6
307495641846788096 2
307496547812270080 40
307497109853200386 42
307497546044035072 60
307497638310326272 40
307497910965243904 40
307498288440016897 60
307498389086535681 40
307498925953273857 64
307499441873645570 39
307499680936386560 64
307501107003916288 64
307501656474542080 64
307501765530632192 64
307502029746630656 64
307502096842883072 64
307504093344186368 64
307504563097837568 64
307505599095111682 60
307506161123483648 64
307506551231492096 13
307506593140969472 64
307506693816852481 64
307507339756457984 60
307507549471657984 60
307507721438109696 64
307509260751892480 64
307509596292018176 64
307509969580855297 51
307510535803502592 32
307510921696264193 40
307511496299147264 64
307512431620534272 64
307512972685758465 47
307513232732606464 38
307513329222553600 40
307513723453575169 64
307513899614363649 30
307514012894130178 32
307514210026397696 60
307514499420782592 20
307514730115919872 60
307515594138324992 51
307516781134757888 60
307516814655643648 47
307516953076051970 64
307519343858688000 40
307519746507698176 64
307520199488315393 35
307521873007226880 4
307523122926596096 64
307523135496941570 38
307523861124112384 4
307524586730311680 64
307525303952097280 19
307525966635339777 51
307527120081526787 64
307529737331425280 64
307530643296903168 64
307530790101741568 64
307533013087031296 7
307533386363330560 40
307534795657846785 60
307535051527188480 64
307535986840182784 64
307536062354440193 64
307537433870872576 5
307539078033833986 64
307539791065526272 64
307539799441567744 48
307539908522827777 40
307540059509370880 40
307540575404572672 13
307542198608596993 6
307544274776510464 53
307544882950594560 6
307544937484926977 64
307547953172717570 64
307548049654300672 64
307549156946358273 40
307549358293917696 51
307551811961778176 40
307553875542552576 64
307554114617892864 13
307554278195724288 51
307557230985740289 64
307557365186699264 40
307557482627215360 60
307557520413687809 40
307558518637080576 4
307558921286057984 64
307559709806845952 13
307559764341161984 2
307560531903004672 3
307561484018393088 45
307561714679959552 15
307562306101981184 40
307562712953679874 6
307562822013964289 12
307563027505504256 64
307563811831951360 45
307565820911947778 64
307567737738260480 45
307568475902193664 40
307568555598168064 45
307568815674372096 35
307570443039145984 45
307570598236811264 60
307571369976135683 45
307571617440100352 64
307571948811059200 60
307572900888715264 6
307573156766433280 60
307575501373992961 40
307575685935951872 64
307576268923236352 60
307576554161045504 45
307577489461485568 64
307577774695120897 42
307577934087069697 40
307578894586892288 64
307578995220824065 64
307581469876944897 40
307582073865121792 51
307582275158155264 51
307582514237681665 45
307582556180733952 13
307583395037327360 4
307583952888147969 38
307584821138452481 64
307585630601371648 40
307587392213221376 40
307587807482875906 64
307588801511956480 60
307591670399107072 48
307592068874772480 40
307592580563099649 38
307592869999427584 17
307592941277433856 40
307594191192616960 64
307595403346464769 60
307595491422662656 40
307596464505380864 50
307596636455063552 42
307597542437289984 13
307597580177653760 40
307598603608788993 51
307599513781141505 64
307600201642811392 40
307601006924029953 64
307601933890383873 56
307603519337271297 40
307603859054919680 4
307605280923987968 45
307605616497655809 64
307606107231227905 64
307606417571971073 20
307606899916939264 40
307607118050115585 64
307608611230724096 15
307610095980797952 64
307610326663327745 40
307610414743707648 40
307610469299023873 40
307610678989041664 35
307611165545095168 25
307611874365669377 40
307611937288638464 38
307612037977092096 38
307612314801160193 51
307613061387280385 40
307613187208007680 40
307614705541853184 64
307615133360857088 60
307615334687469568 64
307615615693225984 38
307615707976327168 40
307615959626158080 40
307616026743427072 25
307617154998607873 40
307617444409798656 15
307617448608272384 15
307617616372060161 38
307618048381186048 6
307618950164905984 64
307619726102777856 51
307621722599854080 38
307622246900441089 40
307622288830918657 15
307623685546708992 47
307624226607755266 38
307624713134419968 64
307625598161915906 64
307625635906469888 43
307625816232194048 64
307626743190138880 35
307627141628059648 64
307627787588620288 18
307627900797071360 64
307628135715840000 15
307628148269404161 40
307629117166202881 32
307629251375538178 60
307629373014548481 15
307629901517832192 38
307630274794119168 59
307630518067929088 40
307630648095539200 64
307632187409321984 47
307633915437412352 64
307634058056331265 40
307634095784095746 40
307634242605686785 40
307637153465266176 15
307639158309023744 64
307641955926552578 45
307642039816814592 64
307642882876125184 64
307643235189264384 60
307643428118863872 60
307643830797225984 60
307644459926044673 60
307644564787851265 60
307644682215759873 41
307644967420055552 60
307645290406629376 60
307645823087439874 13
307647555305619456 45
307649769910726657 60
307650470380453888 60
307651569254559747 64
307651577651544064 47
307652986941894656 39
307653163127824384 64
307653297345540096 64
307654769521090561 4
307654941512695810 11
307655067308277760 64
307655289627365376 64
307655558058627072 64
307655801345024001 40
307656073949618176 40
307656350790463488 6
307656531153924096 20
307656816349835265 2
307658565374582784 64
307659093844324352 39
307663321694351360 4
307664747795447809 9
307664756146331648 64
307665343382441985 40
307665787953491968 45
307665926361346048 64
307666459063119873 21
307667260154191872 39
307668702994767872 64
307670162633523201 60
307671055999320064 64
307671173439823872 52
307672213648191488 64
307673048285331456 60
307673513865641984 38
307674004590821376 39
307674419856293888 13
307676806419451904 64
307677511049949184 64
307678920315113472 47
307681092972969984 17
307682250617659393 4
307684104500023296 64
307685325013135361 64
307686524596658177 32
307687065674469376 50
307687136990228481 47
307687170506903553 64
307689389310484481 64
307690291090046976 40
307690341413289985 60
307690865705508866 51
307695965991735296 40
307696913912836096 60
307697681445318657 6
307702462939291648 48
307702764933373952 60
307703834485080064 60
307704484606398464 15
307705407340687360 60
307706535621058571 38
307708272075481088 7
307708364354355200 7
307708624405417984 64
307709161272127489 13
307710574727397378 4
307713481401065474 13
307715016520503296 45
307715725345304577 64
307717025587920896 64
307717163995762688 64
307719420543905792 64
307730552214147073 38
307732653573038080 13
307732926186004480 64
307737355375243264 18
307741629350035456 64
307744905130819584 64
307745853043511297 32
307746981302923264 64
307749686608011264 64
307749921505820672 64
307750001180803072 64
307750483559333890 64
307750873629618176 64
307751112700723200 64
307751666353061888 64
307753482482499584 64
307753633448083456 64
307754967245135872 64
307759673283579904 60
307762332459753473 45
307762458288852992 43
307763372634550273 64
307763951469486081 32
307769110434029569 35
307773212496908288 47
307774391079555073 51
307775934587625472 14
307778258219438080 9
307783794709110784 64
307789633176092672 64
307793173181235202 64
307796155331395584 64
307797002576621568 39
307798084686065664 60
307800001503961088 64
307803809919430656 60
307804992717324288 64
307814236984315904 60
307816967442661377 60
307819165270560768 53
307829068013920256 64
307829290341396480 64
307829374189699072 3
307830326300901377 40
307832171819839488 45
307833786635259904 60
307833992131006464 64
307834461893062656 60
307836462592847872 45
307837800571613185 15
307838064812769280 64
307839365059575808 64
307844251402764290 18
307849196487188481 40
307851746619817984 64
307851826328383488 60
307852476449697792 64
307854980436606977 51
307861120889266176 45
307864430182543360 60
307866107929296896 28
307869165568540672 15
307871577305919488 40
307875956167680000 39
307879433245712384 11
307880519532679170 15
307882406977875969 64
307883124203872258 6
307883182949285888 64
307883543625871362 13
307884181172658176 64
307884273472516097 42
307885523366711296 18
307885934400122882 60
307886680982036480 45
307887175930884096 3
307889847677374464 3
307891055657893888 64
307891319869693954 3
307891454108397568 3
307892704010977281 60
307892779516833792 3
307893136036872192 14
307893597380956161 3
307894083920207872 3
307894599823802369 3
307895711314374656 3
307898622173908992 3
307899473605062656 38
307901533020889088 3
307902648680599552 3
307904263512809475 3
307904481612406785 13
307904506761449472 64
307905203032715264 3
307905307886108672 3
307905895092854784 3
307906410992263169 3
307906914300334081 45
307906998186426369 3
307907660894855168 3
307908990472429569 64
307909107912941569 3
307909498016780288 32
307910664012328960 3
307912287203753984 64
307912480133361664 3
307913235124854784 3
307913558103048192 3
307914334019936256 3
307915902693818368 3
307917005787365376 64
307917173559554048 3
307919128101007361 64
307919186825474048 3
307920097002000385 64
307920252208046082 3
307920440951726081 3
307920642265739265 3
307920902325153792 64
307921640522670081 3
307921946690072576 47
307921976071176193 6
307922286424498176 3
307923267879063553 3
307923335008907266 3
307923427266805761 3
307923477623631874 64
307923779605106690 3
307923829915783168 3
307923997696344064 38
307924043842064384 64
307924534558867457 15
307924538778337280 3
307925071450746882 64
307925805449764864 3
307926866600284160 3
307926870802972672 3
307926937903439872 64
307927541891600384 64
307927952945991680 42
307928485614219264 15
307928594670292992 3
307929026687799296 3
307929349624049664 3
307929370620731393 64
307930712789643264 3
307931622941020161 64
307931828482875392 15
307932059161206784 48
307932503749050369 64
307933124510244865 64
307933518758047744 3
307933787201892352 20
307933858505035776 3
307934638674964480 21
307934697361657857 3
307934982595309568 3
307936073126907907 3
307937528521060352 3
307938434520055810 3
307939260789563392 3
307940070269284352 64
307940296791035904 21
307940959474294786 3
307940980462612480 3
307943413150535680 30
307943614468739073 3
307948110741663744 3
307949562008576001 64
307949792695316480 3
307949801067139074 64
307955723436965888 64
307958030304161792 3
307958068036108288 3
307958277738745860 32
307959770931949569 64
307960995647717377 38
307961566098235392 3
307962979561914369 64
307963747144724481 3
307963877159759873 7
307964120404205568 3
307965877834354689 42
307966527930507265 64
307967828189921280 19
307969988252295168 3
307970197950713857 3
307972152508964864 64
307973129798553600 45
307973146567401473 38
307973972845277185 64
307975692514103296 3
307975990288728064 3
307975990297104385 3
307978020327653377 3
307978037125844992 3
307978058088984577 64
307978657874444288 64
307978829857689600 64
307978834018443264 64
307979815510765568 3
307981103136915456 64
307981342237405185 13
307982269153439744 64
307982361453289473 3
307982378209521664 3
307983808492351488 3
307984911581720576 64
307985607836180482 64
307985918197919747 3
307986081792528385 3
307986220221349889 5
307988506117029888 64
307988535464562688 64
307989181395767296 64
307989835711393794 3
307992096428675072 3
307992973054967808 3
307993048514691072 64
307993539281813504 64
307995317662515200 3
307996294914404352 3
307997586789371905 3
307997863592472577 3
307997934908219392 64
307997976855449600 64
307998366913142784 3
307999415493345280 45
308000262751141888 45
308001185489629185 3
308002481516990466 3
308003332964896768 3
308004159225991168 64
308005119755173889 64
308005757272608768 3
308006583546310656 64
308007149785718784 64
308007804097142785 45
308008030597951488 3
308008319988137984 3
308009662186397696 64
308010505216356353 7
308011415409684480 64
308011750945595392 56
308012698837323778 45
308012698837323779 45
308018008838787072 38
308018784780840960 11
308019858510061568 64
308020642861682689 17
308020965806338049 15
308021016171536385 64
308022555451719680 45
308025575358988289 3
308028209402896386 3
308031300588154882 3
308034249175465984 60
308035629105696768 64
308037596251054082 64
308038405739130880 64
308039194280857600 64
308040188314132480 64
308040586785615872 53
308040754528399360 21
308042822358020096 64
308044630073692161 3
308044957233606656 3
308044974027599873 3
308047847109062657 64
308048291722055681 3
308048946037669888 38
308049805865791488 3
308051114492841984 64
308052662191001601 3
308054771909148672 3
308054872555667456 3
308059435987791872 3
308059545043873792 39
308059922522853377 64
308061294056046592 11
308062904681385984 64
308063252800237568 64
308063747715518465 28
308064666255519744 13
308065748385951744 64
308066360762716160 3
308067270918287361 7
308067719742386176 11
308068206256459777 3
308071658193833984 7
308072987783987200 3
308073973441241088 64
308079337956065280 3
308079358931779585 3
308080214540447744 48
308080487207927808 64
308081560949780480 3
308083507090046976 47
308088229867970560 3
308089370722856961 3
308089391677583360 3
308089702060290048 3
308089781756243968 28
308090234757840897 3
308090599653928960 64
308091576909967360 64
308092424192937985 3
308094932378345472 64
308097172124086273 47
308097880974041088 64
308097956475723776 64
308100082975264769 64
308100183651131392 64
308101093819314176 64
308101630656655360 64
308102024950607872 64
308102444364218368 7
308104667353710592 3
308106202485768192 47
308106500277149696 64
308107745968656384 3
308110107361828864 64
308111218860777472 3
308111835419246592 64
308117275448340482 64
308120781878075392 45
308122262467395585 3
308122400862654464 40
308129547973443587 32
308130130985889792 3
308132194554097664 64
308132362338828288 3
308135025726078976 47
308137353577377792 64
308142231523581952 3
308143972155551744 64
308151786143899648 7
308152079766147072 3
308153686201364480 3
308162859131625472 39
308167879713492994 64
308172808024911873 3
308175244911337473 53
308175945334939648 3
308176918447001603 49
308180932395937793 64
308182064837050369 45
308185877455200256 64
308188150788935681 51
308189144834789376 17
308189845279346688 64
308192760316440577 45
308193125229285376 4
308193460761026561 64
308193523667173377 64
308195813778141184 13
308197944484585472 10
308202990223904768 64
308207008350363648 3
308208627372658688 38
308210024067526656 64
308211655672729602 3
308211672441577474 32
308213689893412865 64
308214629434281985 64
308215032083275776 11
308216273593044992 64
308219012481945600 45
308221172531728384 13
308223018021302275 3
308223512940773377 7
308224985137303554 3
308227162010439680 64
308227845665210369 38
308229162676654083 3
308230869775155200 39
308235382842089473 39
308235970032058370 3
308238952173805568 64
308239648449257472 64
308239791055581184 10
308241619772141569 15
308242215359094786 48
308242546696540160 45
308244610289913859 6
308244627062943745 45
308245574975647745 64
308246044762845188 7
308246388678983681 13
308248607474200576 38
308250150978088963 48
308250226471346176 0
308253594518425600 3
308260594790830080 64
308260699644235777 38
308260708041240576 5
308261161009299456 21
308261559489163265 3
308264159940837376 15
308264386450038784 64
308265611186798592 30
308267968385675264 60
308269717389451264 7
308273823625666561 38
308275354555011072 60
308275400683950081 64
308276688335278081 47
308277388805025792 40
308278005371908096 4
308278626128891904 3
308279779541532672 5
308281801183481856 35
308283374064246784 3
308287991988776960 3
308291762651271169 4
308293612351942657 3
308294337953923073 3
308294669320728577 3
308298012172632064 64
308298863628922880 51
308299677302943744 64
308301413765750785 3
308301451522895873 15
308303842271977473 3
308308334371536896 15
308310888702685185 42
308312616734978048 11
308315045236965376 42
308315791856648192 64
308318371345227776 64
308320871150403584 10
308321307328667648 3
308322628559568897 64
308324222378328064 5
308325782663610369 48
308326273418153984 38
308326650905497603 38
308330874544480256 38
308332464194084864 28
308333579899908096 3
308333630231568384 13
308333890244837378 28
308333932200464385 28
308334565532000256 52
308334787855253504 28
308335802847469569 28
308335878374297600 38
308336079696707584 28
308336490709123073 28
308336562020691969 64
308336734012317696 28
308336868221673472 28
308336931136233473 28
308336985662185472 28
308337010807021568 28
308337249894944768 28
308337262465257472 28
308337459601739780 28
308337530925883393 28
308337849701392384 28
308340122980589568 25
308341523899088897 28
308341809103372288 28
308342249513689088 28
308342509535383552 28
308342664724619265 28
308343235183529984 28
308344728330571776 28
308345063887499265 28
308345160335519744 28
308345588175482880 3
308346259276722176 28
308346284425768961 28
308346829693657088 28
308346829706248192 28
308346875830996992 28
308347400123199488 28
308347404296540161 3
308347605631528960 28
308348427710889985 28
308348666773643265 28
308348926849867776 28
308349157540786176 28
308349203648741376 28
308349224624455681 28
308349434360639489 28
308349463704006656 28
308349597917532161 28
308349602116018177 28
308349811827032064 28
308350151569833984 28
308350323548889090 28
308350562611654656 28
308350759731347457 64
308350948475011072 28
308351351161765889 28
308351590207741953 15
308351711867715584 28
308351820919627776 28
308351850288144385 28
308352366170746880 10
308352454238556161 20
308352471036735488 28
308353016300445696 28
308353054032396289 28
308353343430991872 28
308353372782723074 28
308353557361479680 28
308353561559977985 28
308353788023037953 28
308353855131897857 28
308354052289359873 28
308354090042277888 28
308354337476861952 28
308354425574019074 28
308355272806637568 28
308356157804785664 28
308356518535901185 28
308356921184894976 39
308358389199687681 28
308358770889732096 28
308360821875036160 28
308361157427724288 28
308361161622028290 28
308362055017168896 28
308362424124317699 28
308362768061460481 28
308363225215422464 28
308363640472485888 28
308363640472498176 45
308363917288144896 38
308363934048595969 38
308364726801399808 28
308365305581801473 28
308365712458653696 28
308365792125259776 38
308366018609303553 28
308366312214781952 28
308366329021349889 3
308366693921595392 51
308366735835271168 28
308366844899766272 38
308366857495248896 28
308366932984344576 45
308367968964845568 43
308367981560356866 3
308368929464655872 28
308369562833932288 28
308369810260115456 28
308370082919231488 28
308371030806777857 28
308372201034379264 28
308372628853374977 28
308373908120297473 28
308374528864698368 28
308375254491873280 3
308375300608229378 28
308375451624144896 28
308376240132345856 28
308376311464865792 28
308376881873424384 28
308376881877614592 28
308377175462125568 28
308377485849026560 28
308377741705764864 28
308378324730798080 28
308379956298252289 28
308379977257189376 28
308380421849239552 28
308381805969555456 28
308381843730857985 28
308383135568101376 28
308383412413157376 28
308384406463184897 48
308384423252992001 28
308384565838348288 28
308384901382672384 28
308385119503273986 28
308385660572684288 28
308386558132776960 28
308386721702223872 28
308387053064826880 28
308387690578071552 28
308388139368599552 28
308389716460457984 28
308389842281193473 28
308390987326164992 28
308391511588995073 64
308392065274880001 52
308392455340961793 28
308393084473987073 28
308393340305547264 28
308393625526603776 28
308393671676538880 28
308393852048400384 28
308394363715719168 60
308395533930729474 43
308395718480130048 28
308396569932210176 48
308396867752980480 3
308398230884986880 28
308401364009099267 28
308403264033026048 28
308404987921309696 28
308405277303128064 3
308405281518411776 28
308406275555872768 53
308407064068239360 28
308407529648570368 28
308408938930511872 28
308409035420467200 28
308409488392744960 28
308409677123813376 28
308409752629686273 43
308410247574335488 38
308410708935180288 28
308412210483441664 28
308412445368664065 28
308413225525997568 28
308414903255977984 39
308415704372236288 64
308415830201360385 28
308415922446667777 48
308416325099872256 3
308416408977547265 28
308417340121415682 28
308417872798027776 28
308418061562703873 28
308418095091970048 28
308419642806894592 28
308420796219531266 28
308420863328407553 28
308421605745377281 28
308421727367606273 28
308422746583486464 48
308423656751636480 28
308423946171187200 38
308423958745710592 64
308425133134065664 38
308425141539459074 28
308425569371058177 28
308425770664071168 28
308425791648169985 28
308427477775163392 28
308427993678770176 28
308428165649424384 28
308428262084857857 39
308428836729651200 28
308429746889428993 28
308430376039239680 28
308432909398859777 11
308434813608677378 28
308436243866349568 28
308436566827737088 28
308439075025739778 11
308439548969504768 28
308441537073782784 28
308441998430449664 28
308442984104464384 28
308444041060679680 28
308444322108407808 28
308446276645687296 28
308446427615469568 28
308446595391844353 28
308446641520783360 28
308446993863286784 28
308447174230953984 28
308448294089150464 28
308452249330405377 48
308455478919319553 28
308455852212375553 45
308456003245072384 39
308456112271814656 47
308456594608386049 28
308456787575721984 47
308458188452290560 28
308458599485681664 3
308461246125047808 28
308461288034553856 28
308461573247205376 28
308463439716683776 28
308464136000532481 28
308464324710653952 28
308465138414006272 28
308465683673530368 60
308466702889398272 38
308467067793850368 28
308467252351606784 3
308468300919238656 28
308468581924999170 3
308468674229059584 28
308469164958429184 28
308469274018717696 28
308469282373779456 28
308469349507813376 3
308469521474273280 64
308469873774841856 28
308470653936361472 28
308471257911922688 3
308478119776489472 28
308478799262121984 28
308479097078685696 25
308479801725952000 28
308480313431031808 28
308480456008019969 28
308480909018030082 28
308481181639385088 28
308481508782522368 38
308483169739493376 28
308485115875561472 45
308485203981127680 28
308485908607430656 28
308486017655136256 7
308486202196111360 28
308487129145675776 28
308487892529975296 3
308488555225817088 64
308488693625282561 64
308489259852115968 28
308489637352046592 7
308490648175132672 47
308490782380290048 28
308491004711948288 64
308491013079564288 64
308491407360917504 28
308491419922874369 28
308492925682188290 38
308494544700334080 28
308494645346848769 28
308494834107305984 28
308495219979083776 28
308495794581950464 28
308497480687955968 3
308502731969146881 38
308505143706533889 14
308505311445143552 28
308505382777679872 3
308505382786043904 3
308507672842477570 11
308507995824865280 25
308508151018295296 5
308508159406923776 25
308508687885021186 3
308508847243407361 11
308508939555856384 30
308509312815362048 3
308510097162764288 64
308511590334996480 28
308511615517609984 28
308513473569116160 28
308514358584025088 28
308514543120830464 5
308514664780800001 32
308515495219458048 3
308516145336565761 38
308516384424488960 28
308517663687180288 5
308520985580142592 38
308521606320365568 28
308522046718099458 28
308522826892193792 45
308524571697496066 28
308525968392323072 45
308533321011433472 28
308533945996308480 28
308534084378980352 28
308534298313641984 28
308534323454300161 28
308535049094066176 38
308535141372936192 28
308535304925626368 28
308536076694343680 3
308536231875211264 43
308537880215707648 3
308538886865440771 28
308539704737923072 28
308540375830786049 25
308542724640997376 28
308543722906320896 28
308543903273979905 38
308544356246237185 28
308544486278041603 28
308544591127277568 28
308544796639768576 28
308544922456297472 28
308545987838881792 10
308547137053016064 39
308548105937244161 45
308548588277997568 25
308548697363468289 25
308549410361593856 25
308549712359866368 28
308549930472046593 3
308550467359756288 28
308550567993675776 25
308552505787301888 3
308552824537624577 19
308553583694082048 19
308553613075165185 28
308553738895912961 19
308554359648698368 19
308554686804406272 45
308554858762473472 28
308555290779979776 3
308555638907207680 28
308555915739672576 28
308556339351785476 28
308556372906225664 3
308557530538323968 42
308558197428477952 5
308558402970324992 19
308559199883907073 28
308559430553837568 28
308559493464223744 28
308561225736925184 28
308561548673155072 28
308561745822236673 28
308562777637781505 28
308563025089150977 15
308563863954141184 18
308564182704463872 28
308564275000123392 28
308564686046109697 28
308564845425471488 28
308564862181703680 28
308565894001467393 2
308567089361338369 5
308569513677426688 64
308571766035464193 64
308571992502714368 28
308572084768997376 11
308572462277341185 28
308574911755071488 28
308575457014595585 28
308575834497757184 28
308576161640886273 15
308577076015939584 28
308577642251186176 28
308578363658891264 28
308578413982126080 28
308578627900026880 28
308578799866478592 48
308578904703119362 48
308579135406628865 28
308579563208859649 28
308579722600792064 28
308579806482677762 53
308580985077891072 28
308582822199832576 28
308582939636137984 28
308585846305615872 28
308586618044940288 28
308586672587698177 64
308587733717250048 3
308587977020407808 28
308588060898103296 38
308588291584835585 3
308588652294979585 28
308589843447943169 28
308590061572743168 28
308590384513155072 28
308591143698968576 28
308591718331191297 45
308592607519469568 28
308593186329206785 28
308593953886842880 39
308594805338939392 48
308594901807943681 64
308595052794486784 3
308595283460235265 38
308595640013840384 35
308595728069062656 28
308596717941567488 39
308596831175192577 2
308597770695106561 4
308597825237823489 28
308598831853998081 28
308599104483766273 3
308599242920980480 39
308600811578081281 64
308600970944856065 28
308601373589651457 28
308601700745371651 28
308601906299805697 28
308602745156423680 28
308602887758548993 10
308602900349849600 28
308603156206600192 3
308603969884782592 28
308604062138523649 7
308604833907236864 28
308605282689355776 28
308605320463273984 28
308605412733747201 38
308605911826583552 28
308606780076879872 28
308607803487043584 28
308608906584797184 3
308609380541165568 28
308609464427225089 45
308610311685033984 45
308611653841334273 3
308611934872293376 28
308612555612516352 45
308612660491063296 28
308613469966565376 28
308613570659221504 28
308613730034384897 28
308615898493747200 20
308616594718867457 28
308616808645152768 28
308617320358621184 28
308618247303995393 28
308618540913684480 39
308618658345807872 28
308619182608621568 64
308619182642167808 64
308620029874802688 28
308621153960882177 3
308621632103120896 3
308621816656715776 5
308622143808229377 3
308622428995739650 28
308622462575325184 28
308623360168968192 3
308623477571727360 3
308623959950237696 28
308623976710680576 3
308624031224045568 3
308625469878706176 3
308625981575413760 28
308626103206027265 28
308626199704371201 28
308626476507488256 28
308626694602911747 28
308627676086812673 3
308627801920122880 3
308627856433496064 3
308628175229972481 3
308628842120114177 28
308630326882734080 28
308630897329045504 28
308631379665633280 28
308631467720855554 6
308631681651314689 28
308632507912450048 48
308632784761679872 28
308632818299322369 28
308633011228921857 28
308634693161594880 39
308634768659079168 28
308635410391777280 10
308635536199938050 28
308635536233467904 42
308635771110313984 28
308636362482020353 3
308637905985892352 28
308638187008434177 28
308638254108913664 28
308639285907701761 32
308641248867135488 42
308641840251412480 51
308641924154290176 28
308642628797358081 28
308642792371019777 28
308643702539177984 28
308643887080173568 45
308644000322170880 51
308644470080028672 28
308645766111559680 28
308645808058806272 28
