626361202931834880 84
626362285053841409 45
626363069405368320 11
626363522365063168 27
626363748870172672 27
626364738734288896 11
626367418894430208 27
626367439836680193 45
626368391960489984 7
626368467449425920 69
626368538777882624 45
626370304579743744 69
626370740778962944 12
626371093104689152 69
626371856459780096 45
626372858894286848 7
626373114759393280 45
626373391579156480 45
626375962670665728 27
626376184989794304 27
626377074161373184 39
626377246144462848 27
626377724286910464 27
626377917212311552 11
626378181449224192 27
626378504435826689 11
626378647050579968 9
626379787867713536 24
626380987434340352 11
626381507528159233 45
626382082164457472 85
626382270891331584 11
626382942017753089 11
626383084615675904 85
626383592130744320 11
626383629883703296 45
626383780853362688 45
626383994758791168 10
626384695211614209 69
626385504729067522 74
626386930792579073 45
626387576715354112 7
626387807381159936 87
626388038097223680 39
626388449101086722 87
626388688180805632 45
626388855965491200 7
626389233461276673 69
626389271222558720 27
626389388654612480 85
626389409634480128 85
626389946480242688 54
626390244292587520 27
626390579807711232 28
626390663727181824 27
626391213151789056 69
626391225743077376 69
626391473223827456 27
626392278504968192 27
626392530171654144 11
626393050286153728 3
626393947867348992 27
626394350512173056 11
626394413422370816 74
626394681836965888 27
626395248089038852 27
626395382306594816 27
626395613010206720 5
626395696879382528 12
626396154058530816 82
626396367972384768 45
626396477011574784 54
626396669970505728 69
626397039073562624 27
626397663995559936 11
626397852768403456 27
626398184093253632 74
626398481897226240 45
626399303976812544 11
626399404644241408 27
626399643715264512 11
626400251881127936 45
626400679704158208 11
626401199789592576 87
626401380161462272 11
626401522755219456 50
626401891849613312 45
626402273544024064 27
626403963844304896 45
626404119021010944 27
626404123240452096 27
626404202923823105 27
626404601391120389 11
626405486401859584 27
626405570287943681 53
626406333638660097 45
626406962779983873 27
626406966982782976 45
626407008929976320 45
626407650658377729 69
626407688373710849 11
626408053290700801 45
626408527246962689 82
626408854419566592 14
626409382893391872 11
626409445795471360 3
626409605195792384 39
626409739396648960 74
626410611828600832 11
626410884441575424 74
626411471660912640 7
626411505219727360 45
626411576501927936 45
626412125955694592 27
626412482483978240 54
626412696372535297 7
626412763502497793 27
626413153572777984 27
626413350713454592 11
626413510105260033 16
626413854034161664 27
626413858199064576 73
626413967271981057 11
626414013392384000 3
626414080522256384 3
626414407678062592 27
626414441215729664 54
626415049389817856 54
626415103936565248 11
626415229770047488 27
626415288473513985 27
626415535924858880 74
626416030861017088 14
626416555140583424 45
626416639022493696 54
626416727115497472 27
626416802608713728 45
626417037485699072 27
626417071069380608 11
626417561790320640 45
626418073487167489 73
626418379692376068 45
626418413238259713 27
626418635540701184 45
626418962679623680 73
626419721835941888 69
626420065802399744 45
626420350985895936 27
626420678137376768 69
626420707493326848 69
626421152097898496 27
626421592516509697 45
626422804670361601 82
626423337351294976 27
626423421207904256 69
626423576414023680 69
626423693866995713 11
626423744190267393 11
626424541112336384 27
626425304488112128 84
626425778423492608 11
626426084599439360 54
626426378221715460 27
626426793432645632 45
626426868925755392 44
626427590354563074 27
626427867203813376 3
626428701861916672 45
626428940949651456 85
626429377140629504 45
626429750412587008 27
626430283093540864 35
626430304094281728 11
626430736099373056 27
626431361037922304 12
626431784666791936 27
626431872730595328 11
626431948227874816 27
626431973397893120 24
626432464135811076 45
626432480921415680 27
626432782928117760 45
626433097488330752 27
626433189741883392 22
626433625962053632 27
626433802147991552 11
626434104125468672 45
626434515163054080 69
626434565507280897 27
626434921989578752 27
626435341453410304 11
626436209645092864 45
626436637497683974 45
626437635733614592 11
626437652494057472 10
626438038391013376 69
626438139050086400 27
626438537488015360 11
626439078578405376 27
626439493814480896 84
626439607064768513 11
626439900653490176 0
626440500447432704 28
626441817446293504 12
626442027174129667 48
626442094278803457 27
626442299799678976 69
626442526287917056 84
626442983454437376 10
626443629364662272 73
626444103358803968 73
626444220769955840 11
626444581488467968 8
626444774439043072 3
626445814605283329 11
626447098075029504 54
626448121481043968 11
626448125683609600 39
626448213738848256 3
626448360552050689 54
626448461236301824 27
626448905828339712 73
626448935192760320 27
626449212000075776 3
626449681774735360 27
626449694328291328 3
626449937623089153 27
626450076047667200 50
626451644683829248 11
626453062383706112 69
626453397927911424 3
626453414684307457 45
626453666371756033 54
626454354220961792 48
626454429735088128 84
626454542977118208 3
626457088898793472 27
626457676109578240 69
626458250741858304 69
626459471271849985 45
626460700186144768 54
626460737930723329 53
626461052507521024 27
626461555824136193 24
626461937526829056 7
626462738613579776 39
626463594260131840 27
626463741069004801 45
626464118556463108 11
626464231794216960 27
626464651220512768 8
626464739325952000 48
626464852542750720 84
626465955678420992 11
626467465615278080 11
626467469792669696 3
626469034301612032 44
626469055243882497 3
626471152391577600 39
626471475378298880 11
626471546664554496 11
626471748003864576 69
626471987066634240 12
626473098565578753 27
626474277160755205 27
626475136980381696 31
626475287996444673 11
626476936340967424 82
626477653579665408 45
626478567925354496 27
626478823798894592 27
626479310342258688 44
626479968843755520 41
626480526690488320 11
626481139025334272 11
626481214522793984 27
626481558484942848 24
626482309257134080 27
626483399784595456 82
626483571730055168 11
626484255397425152 27
626484582582472704 69
626484733564710912 11
626484892927262721 12
626484901353783298 11
626485350123311105 48
626486050584702976 10
626486809745186816 39
626486834915352581 45
626486893631311872 11
626488617477783557 3
626488655238926336 53
626489607329181697 45
626489875768999937 27
626490874034319361 31
626491188598714368 3
626491549308694528 3
626492052637810688 82
626492333626933249 39
626492799223906305 39
626493642274902016 11
626493646465015809 11
626494036543565824 10
626495089309696001 23
626495521302179840 51
626498172119085056 45
626499317147271168 45
626500755793571844 45
626501376550547456 82
626501439469305856 27
626501611431555072 11
626502135711199236 63
626502248982515712 84
626502509033615361 45
626504220280287232 11
626504224478638080 3
626504383862304769 39
626505524713029632 87
626506753652453376 45
626506778822488064 27
626507072415354880 3
626507277944664064 39
626507860961312768 69
626508192323796993 11
626508628527333377 27
626508892768477185 0
626509182175346688 54
626510398510858240 44
626510654355177472 11
626510926984798208 45
626511799408590848 45
626513019946827776 41
626513632302637056 44
626513707800117248 44
626514823493238784 11
626514865423785984 85
626515083544367104 73
626516253771984896 27
626516660619325440 82
626516966782730240 45
626517239429070848 11
626518178928046080 11
626521291097423872 10
626521832187920385 44
626522733942304770 45
626523933530046465 44
626524256508116992 45
626524516538294272 27
626524667524837376 27
626525883864449024 82
626529826518757376 27
626531734914506752 27
626532703802888192 45
626533127456980992 45
626533320399024129 11
626534058571497472 69
626534301857767424 8
626535174243663872 51
626536810047377408 41
626538370311675904 69
626538458404655105 74
626540723328970752 39
626542174537015296 27
626542237472698368 54
