311230711480864768 12
311231223190147072 42
311231651017535488 42
311231932010725378 42
311232577958711296 42
311233077068300289 24
311233332929241088 42
311233358074089472 42
311234444415606784 42
311234960315019269 42
311235153269755904 42
311235404890267648 42
311236138906042368 3
311236503831465985 50
311237309129445376 25
311237493666222080 42
311237804036333568 1
311238886166773762 0
311239095911325696 42
311239372706045954 50
311239863435423745 39
311240186396831744 42
311241075606048768 42
311241490858909696 42
311241717330362368 14
311242036089085952 13
311242648486834176 42
311243323736195072 42
311243357294821377 54
311244171006603265 8
311244565258579968 42
311245001474592768 42
311245198590099456 6
311245513183866880 50
311245597057372160 42
311245752238219264 42
311245836136878080 39
311246041653575681 42
311246393979334656 42
311246435947515904 21
311246628864544768 24
311247207670099968 42
311247945876004866 21
311248465969680384 42
311250638627545088 51
311252320543469568 17
311252739986427906 42
311252832244346881 42
311252878381690880 42
311254992298328065 21
311255189447405568 1
311256481276252162 25
311256573563523073 7
311256774906875906 42
311256829416062977 42
311258356142731265 42
311259958375235584 21
311260818182389760 42
311261929689735168 3
311262273605881858 42
311262604964290560 42
311262902755676160 45
311262911148486656 7
311263074726313985 1
311263192154263552 42
311263221526953984 50
311264723108769793 13
311265180292104192 13
311265243206651905 42
311265532613644289 4
311265545179779073 42
311265742307852288 42
311267847831683075 42
311267902391214082 43
311271467549593600 43
311271530455781376 1
311272365122260992 21
311276244857663488 21
311276710396059648 16
311276773348347905 42
311279789019373569 42
311280132948115457 42
311280963458056193 42
311281080877604864 1
311281286419464194 21
311282313990377472 24
311282544710668288 24
311282947355443200 43
311283672974233600 42
311284453098000384 54
311284792832438274 54
311285803676487680 42
311286260851417088 42
311287519155220481 24
311287804359499778 42
311287884026109952 27
311288097948200962 50
311288106353573888 42
311289704366608384 13
311290065085153282 45
311290161549950976 42
311291679883804675 42
311300085260632064 42
311300114620755968 24
311300840260517891 50
311301955932811265 21
311302559908388864 17
311302694134501376 21
311304287944843265 42
311304313119072256 9
311305621737709568 42
311305974088613889 42
311307060379795457 42
311307953770729472 51
311309367267971072 8
311312882094702592 51
311313435734441984 42
311313817432883201 27
311316241736413185 42
311316321415606272 42
311317189653327872 42
311319882400681984 42
311322638045810688 48
311324189917343744 51
311326509400989696 3
311328296157724673 42
311329126617341952 4
311329541861818368 1
311330338800549888 42
311330988909264897 42
311331727110979587 35
311334747009871872 42
311336709931560960 42
311339021009842176 53
311340111516291072 42
311340166021255169 42
311341868917063680 42
311342821040877568 42
311342883951230977 5
311343768949370881 42
311344989508616192 42
311345408934821888 1
311346189050204160 43
311347472511422465 42
311349624214536192 53
311349766791507968 42
311351041876709377 42
311352014946848768 51
311360265163771904 48
311360315491221504 42
311362282615631873 51
311362647511691265 42
311370465673363456 16
311374345408749568 42
311378376139079681 50
311378556494176256 51
311379361808920576 21
311380100006424577 43
311382306206126080 42
311382767579586560 42
311385753919815680 43
311390082441547777 54
311391546278821888 43
311392880059088896 5
311394817814974464 53
311397548323635200 45
311400677261844481 42
311401193161244672 51
311402682155945984 43
311403957195001856 21
311407744651522049 42
311408646431055872 42
311409288163782656 16
311409590153654273 43
311410458391347200 42
311412027052654593 42
311412102550151169 1
311412819788701696 42
311414484927381504 42
311415978074443776 5
311416133276291072 1
311416590459600896 35
311419501306605568 43
311420445029195776 27
311420512129662976 5
311421174833901568 43
311421548126928897 16
311422173082431488 51
311423813051117568 12
311424354116325376 48
311425092305424384 42
311427692794892288 42
311428116398628864 42
311429253063397376 42
311429479539036161 50
311429508894949376 53
311430419058946048 21
311431975149924352 43
311433761931812864 6
311434714047197184 21
311435028594827264 43
311435464815017984 16
311435477385363456 16
311436257546878976 42
311436710531694593 42
311438920913149952 42
311439847883689985 42
311440208581238784 43
311443735969931267 48
311444247704379392 42
311446248379006977 42
311450396528885762 13
311451050840297472 16
311452741174177794 42
311453173174923264 47
311453240271175680 42
311453424841551872 28
311453814899240960 43
311455840735473664 43
311456172098068480 42
311456193086365696 42
311457946284482562 8
311458067944468480 24
311458395083374592 43
311459301048852480 42
311459997307518976 42
311460513206923265 42
311460911661600768 42
311461029106298881 42
311462027333865473 42
311462052499685376 43
311462836868104192 43
311462849430028288 21
311463616983465984 13
311463621165203456 24
311464388735401984 17
311464657179258881 42
311465869333110784 9
311466292953628672 24
311466326491291649 39
311467182137696257 21
311468373349392384 42
311469325439627264 42
311469342208434176 43
311470931870613507 15
311471686836969472 35
311471921730551808 42
311472240468295681 1
311472877998338048 42
311473997885865984 25
311475910496886786 42
311476053099036672 15
311476942291480576 42
311476988445593602 42
311478318031572992 15
311479379186290688 42
311480503238803458 42
311482189353205760 51
311482990473658368 28
311483409925033984 24
311484215206219777 43
311484362027843584 15
311484701753876481 15
311487428051496960 7
311488363381280769 42
311489953009922048 35
311490116583559169 5
311490208866656256 16
311490393416015872 21
311490443739267073 13
311490657673953281 16
311491781743243264 15
311492155053068291 39
311492482208763904 5
311493409116389376 35
311493669184237569 17
311493975347458048 42
311494147330699264 42
311494461899288576 15
311496101893136384 27
311496391279128576 16
311496408039555072 51
311496424846135296 24
311496445788303363 43
311496789737996288 39
311497037185155074 42
311499289547403264 15
311499750916620289 42
311499931267514368 15
311500094862135296 51
311500908557119488 22
311501915190087680 15
311504310125076480 43
311504318505308161 17
311505853633159169 9
311505908154892288 24
311508047266738176 3
311508110151925760 45
311508114358804481 16
311508496061452288 45
311510526100381697 9
311511213966241792 50
311512879075577856 15
311512908444098560 50
311513042682773504 50
311513701154967552 50
311514426786320384 16
311515928351363073 15
311517023056314369 42
311517031461711873 42
311517320839323648 43
311517517996769281 50
311518742725156864 15
311518805627133952 15
311519405437747200 27
311519938101788672 50
311520038773477377 13
311520521101660160 42
311520755991072768 6
311521393546235904 50
311521548714520577 13
311521791967371265 21
311522135917076480 39
311522219786395649 15
311522509197545472 43
311525256500232192 13
311525977916313601 43
311526418301464576 1
311526820963033089 15
311527001297137664 47
311528037286027264 13
311529723408838656 13
311530851697577986 51
311531166245195776 13
311531535369138176 50
311531732488814592 13
311532168679673856 13
311533246611599360 43
311535238943764480 13
311535457030774784 51
311535582868299776 13
311535612224208897 43
311535746450329600 15
311535910023999488 13
311536035844726784 13
311536157466976256 13
311536459452669952 50
311536484618481665 53
311536572711444480 21
311536644010434560 13
311538107818336256 43
311539919778635776 15
311540012023939074 21
311541022880591873 21
311541350032097280 13
311544642543951872 13
311545003258286080 13
311546131513487360 15
311546236396249088 21
311546475463204864 21
311546999772164098 21
311547469513236480 15
311547578548359168 13
311548677481168896 50
311549122077401089 51
311549147255812096 51
311549566656843777 13
311549977723817984 21
311550426505961472 48
311551080800604161 16
311551462507425792 13
311552242635399168 50
311554453033590784 51
311554796958146561 15
311554906026803204 13
311555522576928768 35
311556101382475776 42
311556541801197568 21
311556835410866176 15
311557187736580096 42
311557464560635904 5
311557812679475200 45
311557871382966272 45
311558513107283969 16
311559595258691584 15
311559746232647680 13
311560308298756096 15
311560379589341185 9
311560983577518080 50
311561319088283648 15
311562128588935168 28
311562313138323456 32
311562879386124289 13
311565991542939650 51
311567618953850882 13
311567858045964288 13
311568751424307200 53
311570387198676992 50
311572069097799680 13
311573268681334784 50
311575281938878465 42
311575399391961089 42
311576498295418881 21
311576544432762880 51
311577358123556864 45
311577458807803905 16
311577907564781568 13
311577970496126978 21
311578821918851072 13
311580910694838273 53
311582156407332865 63
311583762838343681 47
311585138540679168 5
311585197277712385 42
311586145211392000 13
311589148312080384 51
311589488059113472 51
311590498861191168 1
311590729573093377 8
311592457638924288 45
311593816555663361 50
311595141989294081 45
311595473335095297 21
311597188792864768 0
311598900081483776 42
311600108032643073 24
311600888173195264 16
311602775605800960 1
311603681592229888 42
311603836752105472 43
311604335882670081 51
311604717585321984 21
311605766140342272 42
311606286238232576 51
311606416249077762 21
311607401906307073 51
311607980728672257 45
311608299516731393 51
311608546955522048 42
311608756700061696 50
311609780080889856 13
311609805255102465 13
311610694472704000 13
311612741280464897 42
311613966025646080 50
311618076409991170 51
311619162734723072 42
311623017316896771 35
311625013809778690 14
311626985128464384 45
311627056414863360 51
311629812110340097 39
311630223147954176 32
311635600216322050 50
311636820762951681 13
311637093405306880 51
311637223428722690 31
311637512827330561 42
311640817951465473 51
311641149284700160 16
311643514863767553 9
311644206928109569 16
311645377164095488 16
311646262162235392 16
311646568346431488 23
311648682246283264 8
311651081421737984 43
311651270131851265 16
311651710571511808 16
311652868161695744 21
311657062469873667 16
311657481900281857 45
311658723439419392 13
311659411296899072 13
311662062109614081 43
311663173604347904 13
311664087924887552 13
311664268300914688 27
311664893252214787 42
311665191064592384 13
311667015578419200 51
311669322433060866 42
311669813158244353 13
311670131946307584 13
311671511863930881 45
311674171031707650 42
311676993827655680 13
311677639742062592 50
311679019651325952 16
311680143741575171 7
311682932970487808 42
311684384191299585 48
311685747310723072 48
311688154878976001 42
311690285551869952 51
311691090854019072 45
311691187348201475 13
311692428870578176 45
311696413450973184 51
311700897149353986 0
311706278445580289 13
311708023280250880 13
311710145593892864 42
311711445823942656 16
311711894627041280 16
311712045621989378 42
311712519557353472 32
311713769472540672 51
311714486698536961 16
311719838622040065 13
311720996262514688 45
311721788977594369 53
311725010228232193 45
311726083961655296 42
311733352694685696 3
311735898628820992 51
311739837088673792 13
311741053403267072 27
311743574205161473 39
311744903812087808 39
311747319701856256 7
311750800986742784 13
311751472083783680 13
311756341645541377 42
311760162673266688 13
311763849474879488 63
311767905337487360 48
311771743138242560 13
311772070306512897 24
311777782952759296 13
311777896198971394 13
311777959092563970 13
311779519382036481 27
311779930436403200 45
311780937052602369 1
311781671068372992 39
311782543479435264 35
311785831826345985 16
311792886612099072 50
311796296581255168 16
311798259544911873 27
311804844589596673 35
311809659650580480 31
311810183926009856 13
311810599187255296 13
311812717289811968 13
311813317079482368 1
311813413540069376 21
311814944461037570 16
311815917573136384 51
311816446021865472 13
311817326821507073 24
311817431708467200 21
311818509615263744 13
311822020268658688 51
311822343221702658 39
311822586516471808 24
311824721383677953 22
311827376378085376 13
311827825185411073 13
311829154783969280 50
311831830749917184 27
311834867413422080 13
311834934534864896 45
311836926825099264 51
311838927512272896 45
311839372100124672 1
311841225974095873 13
311841561543593984 51
311843046302023681 51
311843188920967169 13
311845290275663873 51
311846225580277760 45
311851204252676096 35
311852026306916354 50
311852617716342785 13
311852701581463553 22
311853024542855168 48
311854127678361600 13
311854589051805696 13
311857315328425984 13
311857806070403072 54
311859374752665601 51
311861459313389568 21
311861870363561986 42
311863745188069378 21
311864328200523777 50
311864869286715393 9
311865448100675584 48
311867616526495744 50
311869088756555776 35
311869122302590976 21
311869139084013568 51
311869705319247872 9
311869789188542464 21
311870250574569472 13
311871454323023876 1
311871852798676992 13
311873077543845888 13
311873480197021696 16
311873677304139776 16
311873752814206977 9
311874000257163264 13
311874763649867776 0
311875321492287489 35
311876537811099649 53
311877045321867264 51
311878718857564160 42
311880623084158976 3
311880811832029184 24
311881310958411777 35
311882875425390592 35
311883861091053568 1
311889582117490688 10
311893029852151808 43
311893361189597185 10
311893805777436673 22
311894929846710272 24
311897345774198784 1
311897505136787456 21
311899753283739648 70
311899937854062592 53
311900046922764288 51
311900093026549760 27
311900390847307778 16
311902710297407488 21
311903268135645186 53
311906313204555776 21
311906489335939072 43
311906774557011969 21
311907042988277760 21
311908016096178177 21
311909723152732160 22
311910813667573760 25
311913355445145600 9
311913502241611777 3
311914844389523456 25
311915209298161665 2
311917667160293376 2
311920850658000896 2
311920934527320064 45
311921555309481984 12
311923581149921280 42
311927905464758274 43
311929297977896961 50
311933664235749376 16
311935694283091968 51
311937988567384064 24
311939527881129985 48
311939997643198464 45
311945043403501569 22
311945286652137473 48
311948130415411201 48
311949606793646080 39
311949673898336258 63
311952479917068288 51
311953268421058560 42
311956888126377984 53
311957936685588482 27
311959211745636353 42
311960113529380864 9
311961271157284864 53
311966509855547392 32
311967747162664960 48
311972243464921088 21
311973459813093376 13
311978983694680064 7
311979629646839808 42
311980065829289984 48
311980376203616256 42
311981408006582272 48
311981848429486080 24
311982204928524288 22
311986747368148992 43
311988093731368960 16
311989763081125888 9
311992262890504192 53
311992741003415552 53
311994343265300480 13
311997228929671169 11
311997971338235904 43
312000164921495552 25
312002161414385664 51
312002228552597504 48
312004250211332097 39
312006552884244480 13
312007811158654976 32
312008285102407680 63
312012991136690176 1
312013385380282368 53
312016233329487872 16
312018225632268289 0
312020960280727555 45
312024789718032384 48
312026937168101377 32
312028740727209984 13
312033148932354048 1
312034159767998464 48
312036374364708864 7
312038983205023744 47
312041684345167872 51
312042137330016256 1
312042540008349696 22
312043320136310787 13
312053210300960768 45
312054464406237184 11
312055433298845698 24
312055559102795776 11
312057865965821952 63
312057882743042048 0
312066837582053376 48
312072764154597377 42
312092255064322048 16
312093702115979264 16
312093978956808192 16
312095786697625600 13
312105525842165761 43
312116959527440384 10
312119446732955648 11
312122772816011264 48
312123188064686080 11
312124559606300672 11
312124609950539776 25
312127533372026880 39
312136618226110465 48
312137188647264256 14
312137243189993472 14
312137587097751553 14
312137725518180352 14
312138086240882688 24
312139973677682688 50
312140636373516288 48
312141139710971904 48
312141252948807681 13
312142326686429184 48
312142335058276352 13
312142431523049472 35
312142746091655168 5
312146005070057473 48
312146160284471296 42
312146651013869569 48
312148169356107776 48
312148181922226176 48
312148622345109505 48
312148894941323264 48
312149163406147584 48
312150614610153472 48
312150782394920961 48
312151482860449792 48
312152271364431872 48
312152376222035968 48
312152418169270273 48
312153168970674176 48
312153512899407873 48
312153621959700480 35
312155467428278272 69
312155832349499392 32
312157027696799744 48
312158856413331456 48
312158856446877697 24
312158999049023488 48
312161230422949888 48
312161238798974977 48
312161549173276674 11
312161893089435648 48
312162874594295809 48
312163533100027904 48
312163705041338368 48
312164317397147648 48
312164682314158080 48
312164921393684481 48
312165235958095872 48
312167190520553472 48
312168314598219776 48
312171103810359296 24
312171691017138176 48
312172496319307777 48
312173012218687489 51
312173729453072384 48
312174035616288769 48
312174148858286081 48
312174849298690048 48
312175524610969602 43
312175910474354688 48
312176170538004480 14
312176241824382976 48
312176321524535296 14
312178557092777984 48
312179203002990592 48
312179312046514176 13
312179349803646977 13
312179475636944897 48
312180327076462592 13
312181916726087682 48
312182260650631168 48
312182457778720768 48
312185171497582593 48
312185272152514560 48
312185532224520192 13
312186027127214080 2
312186828230897664 48
312188032000339968 14
312188111704715264 14
312188824719601664 48
312189143507664896 48
312189218996748288 48
312189785240391680 14
312189948793077761 48
312190573744369664 48
312190749938704384 48
312190968029904897 2
312191496508026880 48
312191861399896067 48
312192935158480897 48
312193031635877888 14
312194440917811200 16
312194566730182656 48
312194713555988480 48
312196831675289601 14
312198438064361474 50
312201583792381952 48
312202418458877956 48
312202460401913856 25
312202544317345793 14
312203278307950594 14
312203618063368193 14
312203634819608577 48
312203777430142976 14
312204045844639747 3
312205388038684674 14
312205681656741889 48
312206000390283264 50
312206352716017664 14
312206679901106177 25
312207615209897984 48
312208915448352769 48
312209993392869376 1
312210026955698176 14
312210286998323200 50
312210593161551872 12
312210832228491264 48
312210979045920768 14
312211973104340994 48
312212656763310080 14
312213025887240192 48
312215093662347264 14
312216167383191552 48
312216372925038594 14
312217383756521472 48
312217597661835264 48
312218457481543680 16
312219405423607808 48
312221334786678786 48
312221783577206784 48
312221791953231872 48
312224044323852288 48
312224400835493888 48
312225701069717506 11
312227039031726080 50
312227131323207680 22
312227550745214977 14
312227743699976192 14
312228003713277954 48
312228662244175872 14
312229996016066560 48
312230088311726080 10
312230138609811456 14
312230570652479489 43
312230591624007680 48
312231027831631872 48
312232583914192897 53
312232772641107969 14
312233011729014784 48
312233338901520384 22
312233510838611968 48
312234420994179073 48
312234584605601795 48
312234974650699776 48
312236836934270976 48
312238451732910081 48
312238829211881472 14
312240829903290368 14
312241060581634048 48
312244747399995392 48
312244873224921088 48
312245468820287488 50
312245884039606272 48
312246739694391296 48
312247528223551488 43
312248371266080771 48
312248803291979776 48
312249277223141376 42
312249667293417473 13
312249805730623489 35
312249889620901889 48
312249952535474176 48
312251764453818372 48
312251768660705280 48
312252234224246784 48
312252800459497472 25
312253396046462976 54
312253706416562176 48
312254671106490369 48
312255723864211456 48
312256839582642176 13
312257540031389696 48
312257875558948864 22
312257967837806592 48
312259586847567872 48
312259876250337281 48
312260081775423488 48
312260211773685760 45
312260790616985600 24
312261046452772864 48
312263651128115201 8
312265446294441984 35
312266117366308865 17
312269862871384064 48
312271154712829953 48
312276020105453568 48
312276531814756352 48
312276657660645377 48
312277244863197184 48
312280050844192769 48
312281342681432064 48
312282697454198784 48
312284505190838272 12
312287088894697473 45
312288988897628160 1
312289181835608065 43
312290339480293376 24
312291283194482688 50
312291610362793984 17
312291828433043457 0
312295154549669888 13
312295443944071168 48
312296345706844161 48
312296345727819776 48
312296505115557888 48
312297461412687872 32
312297708885008384 27
312298556126003201 48
312299218817662976 48
312299613082222592 45
312302029001326595 48
312302398095900673 1
312302838502002688 22
312303111127572481 51
312303513801732098 53
312304155530240002 9
312304574931300353 45
312306911150239746 53
312307024429973504 51
312308463080439808 9
312308714734485504 48
312309364855808002 7
312309973025685504 48
312312946778853376 48
312314712568242178 48
312316583219453952 5
312319657644285952 28
312320681062846465 45
312323076014628864 53
312323931640066048 48
312324980220248065 22
312327383548055552 11
312327698146004992 14
312327853310083072 48
312328201470889986 48
312328218218725377 11
312329262617219072 48
312331804344475648 48
312333335265419264 48
312333796647239680 48
312335033996304385 53
312335457608400896 53
312335663125131264 51
312338871784448002 48
312340742444036096 48
312341652578635776 11
312342973813764097 17
312345377141579777 45
312346580902608896 11
312350099915276288 27
312350523552563200 48
312358996042461184 9
312367342707421184 48
312368693252325377 50
312369385312501761 28
312372505891446784 35
312372585574854656 11
312376993800937472 50
312378143015043073 48
312381699784835072 9
312382882582773761 1
312384350593380354 48
312385000710475777 10
312385889898737664 50
312389291483484160 5
312389966770622464 50
312393137681219584 48
312393301229711360 48
312394022666776577 12
312397592015278081 48
312398774809030656 35
312406920143179776 35
312409910707105793 9
312420262232604672 14
312421075935973378 48
312428151726804994 1
312428202071040002 10
312428269146357760 45
312431947571945474 9
312434191524585473 7
312435844067782656 14
312441590289412096 48
312445042184826880 9
312447109989289985 48
312454882038800384 48
312455796397047808 48
312455985111392256 9
312461072802123776 14
312461748089270272 48
312462763102449664 14
312467175535435777 48
312468677079478272 22
312471080432435200 14
312472774922883072 14
312476151325007872 48
312485252989874176 16
312485395583614976 54
312487345947553793 48
312488377729568768 48
312494673400823808 24
312496002957451264 48
312496116203679744 14
312497194143997952 63
312499832365404160 24
312507507950092288 48
312512159429062657 14
312519784690507776 48
312521051374510081 43
312521856664088576 63
312524541018656768 43
312524612334403584 43
312525958714388480 14
312526285870071808 9
312528882110705665 1
312536457040523265 24
312537274933997568 48
312537291690237952 48
312537438495051778 48
312538852004880385 14
312541058191990785 14
312541553107275776 48
312542714950479872 48
312543990002110464 35
312548305966084097 14
312548792467607552 43
312550046581288960 43
312550281466478592 48
312550663148146689 14
312551074168975361 48
312558602944667648 48
312559311815585793 10
312561224401428480 14
312561698345209858 48
312562105205284864 3
312562935681667072 9
312563250237689856 10
312563975852281856 9
312568241455247360 14
312571911475441665 14
312572515488788480 24
312575136895221760 48
312577531859591168 50
312579448635523073 35
312580262368272384 50
312580690178875392 24
312582271439872000 50
312583785550069760 32
312589938598215680 14
312593654768365569 45
312594229375426561 48
312594401367044096 43
312595340882743296 14
312595370238685184 21
312597425435078656 48
312597786153582593 10
312601305157885953 9
312601753965178880 14
312602135634255872 48
312602869658431490 32
312605755343781888 48
312607240106426368 63
312607936381857792 13
312608255123808257 50
312609945457668096 32
312610402632617984 14
312615754568699906 48
312615821639811072 14
312619718165032960 10
312622540919042049 10
312622893274116096 48
312622901658525696 48
312624088629792768 50
312625091089403905 50
312625544049078272 22
312625934115151872 35
312626546496139264 43
312626689089863680 14
312629037912711168 22
312635828478300160 48
312636004664242176 48
312639255245639680 54
312639309750624257 0
312644779118833666 14
312651213214736384 10
312652811215204353 42
312656103769010176 35
312656107938123776 48
312656539951448064 48
312658708406611968 36
312659308200472578 39
312660423902117888 14
312660482593021952 48
312663145997033474 14
312663578014527488 42
312669441655717889 32
312671081632776192 65
312675645006172161 48
312676353872908288 16
312681647080349696 54
312690098569371648 45
312690153103687680 10
312692099285913600 28
312692845838479360 27
312692938125750272 53
312693068149186563 43
312694821389205504 16
312695630885695488 24
312698717872463872 10
312698755616997376 51
312701410619838464 51
312705416167555072 5
312705730761334784 0
312707823702261761 50
312709388211208192 50
312710113813229568 10
312712479404875776 42
312714727547629571 35
312715121820565504 8
312716862444142592 16
312721111265710080 42
312722990313897984 48
312723791413403649 48
312724873560604672 50
312726832283783168 27
312727134294642688 43
312731483792084992 45
312735413850742784 63
312738865762947073 13
312742661599686657 16
312743378838233088 48
312748915327901696 63
312750366536130561 10
312752543384100864 35
312755055793172480 48
312766044865445889 3
312767970034204672 13
312775498818285568 48
312776681603604481 45
312777365296148481 48
312783023387058176 50
312785489642020864 13
312793001640480769 12
312794532553031682 35
312802728248229888 63
312811997639094272 48
312817295045054464 48
312823183864627200 12
312828103762272258 35
312830305797033984 63
312832612647440384 11
312839159976955904 51
312846260933640193 10
312848328704544769 39
312852116144279553 43
312872974447431680 22
312885326655926272 35
312885343433158656 35
312888703074848768 16
312899172061818881 22
312901244064780289 54
312902397481590785 50
312902569452257280 2
312902712062799873 28
312908122685571072 50
312922349798301698 35
312924203676467201 48
312926003028688897 48
312926330163449856 35
312927743643901952 3
312928746099314689 50
312932541961236481 35
312935280812363776 35
312936862085947393 48
312939894559354881 63
312944311165669376 16
312946664149229568 45
312947549151563776 5
312949923123441664 12
312951378559524864 53
312954369115041793 48
312956080370098176 50
312958248829472768 13
312959167365263361 45
312959943345070080 53
312964112462262272 50
312965148446961664 42
312969317589340160 28
312971410555432963 50
312984110903734272 13
312990914077405185 53
312995687178567681 24
313003132084961280 27
313006466556649472 43
313007867433201665 35
313010061070974976 48
313011386454269952 63
313015408821141504 23
313015597556445185 10
313015689814355969 35
313016675479994368 0
313017791164866560 27
313018126713380864 1
313018130920243201 6
313019171099258880 22
313025626141495296 48
313026578244325377 15
313032391524487169 32
313033003897061376 53
313033184285696000 35
313043133145419776 45
313043577762631681 28
313044739563872256 43
313059591590146048 45
313071910256791552 1
313077027311857665 13
313079514550906880 22
313080596698132480 10
313082073059557376 63
313085696971776000 50
313085994733809664 28
313086707773882368 25
313094140093140992 50
313096589566672897 50
313101710786711552 31
313102545478356993 50
313107603817373696 15
313116357329821696 28
313116785140453376 10
313120471937855489 28
313121675686330371 21
313130433414041600 51
313131624562823168 28
313132224352509952 48
313137056190713857 27
313145126035783682 35
313148330479861762 6
313150796734820353 50
313152814207598593 50
313167716582293504 45
313171340435791872 48
313172967825752064 48
313176147137531904 6
313178563048247296 50
313184640590561280 3
313189862478053376 24
313189988315574273 48
313192039330246657 6
313194836922605568 63
313198167199997952 28
313208300651024384 23
313215128994717698 48
313217423245467648 43
313218232758722560 16
313226248065282048 16
313227820954419200 16
313228114547318784 16
313235152581046272 48
313241842487541760 50
313245931954925568 13
313252017890000896 7
313252982558978048 39
313256665166278656 39
313268476343099393 48
313272268002308097 35
313277120778493952 39
313280400745193472 35
313284406309711872 35
313287040307437568 17
313289284293652480 39
313296167142309888 24
313297765151145984 50
313299908436320256 48
313303276454035456 13
313304383758680066 48
313308288659894272 51
313308431278817284 27
313309114941992960 35
313310092214820864 1
313310373245771776 1
313313472840605697 35
313314924036247552 35
313316060709388288 23
313317142860795904 35
313325799866527744 51
313326391275974656 51
313326936560640000 51
313327100121726977 51
313327272092385280 51
313327620219621377 51
313329834812116992 51
313329838989668352 51
313331906773135360 0
313332863074455553 1
313335761342697472 50
313337623643037697 51
313339934708752385 50
313347383788457984 53
313348272964112386 54
313349053113053184 7
313349472547663873 53
313350214931083264 48
313351968166928385 16
313352211415588865 43
313352374985035777 48
313355831112507392 53
313356917420470272 13
313357215211872257 32
313360788767264768 8
313361136902893569 48
313361719915339776 32
313364572046245888 13
313364945335107584 51
313373958890196992 53
313373971447947264 48
313376743912255489 48
313384528511123458 1
313385447097241600 13
313385493226201088 53
313386655061008384 32
313386671800455168 32
313387179323826176 22
313388940918927360 24
313392954884648960 50
313393919574540289 39
313394821366702081 0
313395362410950659 11
313399489631240192 8
313401549000937474 32
313402736001572864 36
313405164511969280 32
313406477320732673 35
313414559765520384 8
313414815588708353 8
313414844957216768 8
313414920471453696 8
313420574380658688 13
313422747025948672 53
313423107731890176 7
313423120319016960 48
313428501619408896 32
313429751526207488 48
313435036332470272 45
313440820298653696 50
313442565112344578 48
313446193176907780 53
313447405347561472 0
313449557000331265 10
313457844978606080 32
313458964845191168 13
313463154959085569 32
313466132893941760 54
313466166473539584 48
313468964078485504 9
313479294632460289 9
313518284903428096 3
313519413171220480 39
313520142963318784 3
313522659562500096 24
313524593124061184 12
313532813947334656 51
313533032055324672 50
313536400077230081 22
313537452864327680 50
313540258828533760 3
313541542298144769 16
313544956453191681 35
313549255631572993 39
313549716996624385 51
313552485245648896 50
313572156510453760 48
313574337573687296 69
313574572463099904 45
313574874432016384 1
313575528756039681 17
313584999494471682 51
313585125311004672 32
313590837948866560 24
313594524742070272 35
313594713506725888 1
313603924185739264 13
313606717579603969 48
313607036371865600 39
313608894452736000 48
313612300215013377 39
313613323633565696 32
313613378138550272 50
313614514807533568 13
313616960095154178 48
313621766771732480 54
313623259939733505 1
313624006492303360 43
313628192432877568 3
313628779618652160 25
313632881652166656 39
313640712438697984 35
313641098310463488 43
313643468075442176 13
313644600524959747 13
313647020642549762 24
313654071267561472 51
313655442838528000 48
313655669314166785 36
313656495587872768 36
313657376383315970 36
313657766453604352 27
313657841942687744 51
313660606005788672 43
313661457470459905 36
313663281984311298 8
313665093923663873 6
313666071175499776 10
313666683552288768 22
313667094594072578 35
313667555963305985 51
313669246272012289 0
313669346956304384 48
313670336786870272 63
313671234380525568 36
313671234384707585 36
313671523791667201 32
313672547210256385 43
313674946352148480 24
313675583856967680 50
313676171084718080 53
313679115456757764 32
313680843543552001 28
313681330061836288 28
313682223461191681 23
313682596724891650 7
313684358353526784 23
313685331436269570 16
313691287339552768 8
313693518696693760 13
313694261101084672 1
313694319829737473 50
313696089813446656 3
313696416969154561 50
313698069533310976 27
313699009049010178 23
313701622092034048 1
313703610192113664 13
313704969175982080 50
313706030330683392 48
313708798562926592 35
313709234787344384 13
313711088652926976 7
313714024657342464 13
313714649596043264 50
313714934833876993 50
313715131970379776 53
313717279454007296 32
313720324506140673 23
313722245480583169 23
313722362946269184 23
313722732019851265 35
313723260518924290 1
313725219246321664 10
313726993466273792 43
313729648456523776 50
313732248916611072 16
313733112955797505 53
313735868584169472 53
313737487619088385 23
313737605038616576 48
313741874823307265 36
313747692360699905 50
313748283728211969 24
313748682187104256 1
313749399408881665 48
313750338937171968 36
313750779339104256 43
313751915991298050 53
313752834556452864 42
313752876503666689 36
313757603475906560 43
313758404604731392 63
313760883409027072 35
313761684542062593 48
313761873277353985 36
313763664245186560 51
313763689398411265 31
313765111296823297 35
313765740421447680 43
313770169598087168 35
313776037467140098 27
313778960880259072 36
313780177224204289 32
313782165328494592 24
313782630883684353 12
313787504656539649 9
313788372898435072 35
313788607775272960 13
313789689918279681 10
313790700741337088 10
313798644753104896 43
313805653422505984 0
313812553065189377 10
313812930552532992 43
313814687940755456 51
313814763463385088 45
313818752233922561 50
313823978353459200 27
313824699748605953 43
313836737426247680 17
313837039411933184 10
313837261684891649 63
313838926861332480 24
313844140360208384 17
313847017656954881 50
313849605534138368 9
313855553073979392 43
313856681350152192 43
313863522255790081 0
313866252735115264 12
313868911940608001 48
313872875528531968 17
313877631881863169 3
313880064578170880 43
313880601440702464 3
313881343824121856 45
313889526940594176 50
313896816628342785 43
313897848410370049 36
313908648764121088 50
313908841676943360 24
313911144358227969 12
313911735771877376 48
313914348827451392 43
313916332703891456 16
313923949564157953 51
313926533251215361 27
313929481876303872 43
313929783857782784 50
313931218326532096 53
313934343083012096 51
313947316048498689 17
313949723562233857 1
313953154528075776 13
313954425406386176 1
313956056982245376 11
313957218783490048 11
313961073361444867 11
313962772062945282 48
313963191497547776 35
313964189712535553 11
313968212066844673 50
313975526933032961 17
313975615009193984 25
313979972903645184 48
313980631384199169 39
313981604496277506 11
313983772938874882 17
313986419527938048 11
313986419561476097 11
313986532782510082 1
313987065463316480 27
313987229062139904 11
313987233252261889 11
313988600574398464 16
313991666598027267 24
313992966836482050 11
313999228953305088 48
313999241548800003 11
314001313505632257 1
314012013166723072 11
314012306780585985 8
314013808362418176 9
314025732743512064 1
314026798126096385 11
314028568084611072 45
314030694630305794 11
314031281803505667 11
314031319556444160 1
314031843861200896 48
314034901513031681 1
314035065090879488 11
314035866190364674 10
314039737549733888 11
314039842373763072 17
314040672845983744 11
314041415258734592 50
314042447040749569 17
314042568675565569 1
314044514845196289 27
314045349515898880 35
314045886399381504 11
314046813332180993 11
314047744450887680 51
314048440709545984 11
314050915369893889 8
314053234807410688 1
314055378088390659 7
314056292463435776 48
314056426651799552 43
314056909013524480 11
314060281217167362 7
314061220774825987 32
314061241750544384 1
314072964800868352 11
314077347852738561 32
314081105940717568 43
314083110813843456 11
314087602917609473 17
314089259697049600 53
314097602167721984 27
314098629772197889 11
314101884518559745 50
314103574831431680 10
314104216589316096 32
314104636002930688 1
314104858284273664 36
314104958972731392 23
314108079509762048 53
314114995933827073 42
314115696382578690 43
314116119990521856 70
314122591801597952 53
314124382790381569 48
314124756087603200 27
314125565558939649 50
314127121679265792 43
314127159419613184 70
314127620797251585 25
314128744879120384 6
314133165667139585 54
314136437203292160 10
314137913610874880 50
314139465503346688 48
314139868152340483 4
314143135506767872 1
314143529800704000 17
314143752073670656 45
314148550353252352 3
314148848178188289 45
314149351465316354 24
314149997413277696 28
314150039360507905 9
314150051914080256 22
314150320370483201 28
314150970491826177 27
314156070736117760 17
314157849137778688 11
314158792839397377 11
314162995532029953 11
314163100397993985 28
314163939275575296 11
314167303107395585 27
314167605084708864 53
314168255193432064 53
314173330322239489 28
314178573172867073 48
314185334395117568 32
314190069781114880 43
314193240691703808 11
314193974665551872 17
314195157467684866 0
314196512236261377 39
314197132976459777 43
314205127340859392 48
314210806411689984 0
314214568694013952 43
314228489588965376 1
314230528050069504 11
314240900559691777 1
314241336750514176 70
314246432850849792 28
314247682745061376 27
314250291606347776 16
314250530660708352 28
314250530664882176 28
314268956259123200 13
314280935191351297 45
314284756210683904 51
314285305643556864 13
314287088205971456 53
314287880954593281 21
314305023049883648 16
314307938112114689 27
314308726628700160 11
314311809450524672 21
314312556040818688 28
314313193583419392 28
314315399791538176 48
314317983466004480 16
314319812199329792 16
314320093184143360 11
314320378405220352 16
314324765647196161 22
314328481796345857 3
314330432177045504 51
314330486669443072 24
314330591527047170 43
314330662859595776 50
314334337061486593 31
314335918330875904 48
314337449243451392 63
314337759630356480 3
314344218858496000 70
314345716191465472 70
314345774911741953 70
314348937412759553 31
314349428167299073 11
314350644523835395 35
314353395983060992 11
314353442133004288 53
314354356482875395 11
314354402599251969 1
314355543449948161 12
314356491379429376 16
314357493792911360 22
314358018093494272 31
314359335121731584 43
314359867781558272 48
314361356763672577 11
314361432248549376 9
314362455658729473 48
314364741562814465 25
314365085491556352 70
314367258149404673 22
314370613580013570 70
314370789761748993 70
314371276292640768 22
314372517806620673 11
314372748501725184 11
314373033722785792 70
314373830619586561 70
314374078108692481 11
314375508357943297 11
314376758252142592 11
314376775037747200 28
314378679255957504 32
314380470198616064 17
314382965838852096 32
314384408662654976 32
314385029407064064 70
314385058775572482 11
314386258338148352 31
314386317050003457 11
314386728100167680 0
314388988830048256 50
314390880486301696 22
314391861936664578 11
314391933227253760 22
314392709207035904 11
314393149604773888 31
314393355121487874 31
314393753571950593 27
314394818941956096 31
314395481621004288 31
314395947171983362 31
314396815392919554 50
314397650076188672 70
314397910106255361 11
314398035956363265 11
314400573522857984 70
314403018776907777 53
314404872680263680 11
314405992567808000 28
314406592349093888 16
314406596539187201 16
314408559448322050 25
314408865628295169 48
314409272496775168 10
314411235418468352 11
314411575178055681 16
314412577599938560 13
314412703450009601 39
314413194150027265 17
314413533897048064 11
314415303922696192 53
314416453124239360 1
314416654484373504 70
314416847388827648 1
314417275241390081 24
314424095146143744 31
314428394332909568 7
314428402729889792 17
314430483092103168 70
314430877348282369 13
314432676725678082 31
314433905627394049 25
314435323331481600 70
314435616936960000 31
314436367692222465 11
314436824892309504 27
314436875211403265 70
314437391098183682 35
314437735031111681 35
314437873455747073 53
314438334808223744 53
314441136632647680 22
314441220514512897 53
314442654979076096 50
314443556750245888 31
314446719255453696 9
314446903800651776 24
314447771992223744 13
314447772013174784 11
314447776215863297 16
314448283714072577 22
314448417927602176 11
314448489226596352 11
314448501826256896 11
314449089020452864 70
314449139360477185 31
314449277772517376 31
314449424581529600 35
314452134089330689 11
314453019087495169 16
314454088626622465 25
314455728586911744 11
314456315802050560 6
314457309839511552 31
314457410502799360 31
314457725079801856 11
314457926423166978 35
314458719142440960 11
314459901952933889 50
314460434604359681 31
314460728222416896 31
314461558682030081 50
314461877436551170 11
314462837932191745 31
314463383221067776 16
314463634858332160 11
314463727162363905 25
314465115447627776 16
314467409740304384 31
314469204889858049 16
314469855023734784 11
314470542881210368 4
314470568047038464 16
314473374036406272 70
314473550192984065 10
314473592148611072 51
314474867217022976 31
314474867229597696 43
314477073429307392 11
314477442519666689 28
314478063259877378 11
314478142985216000 11
314478709212057600 11
314479631929589761 43
314480495972982784 43
314481368375623680 24
314481498407444480 48
314482098201325568 27
314482257563889667 32
314482920284893184 11
314483297759670272 11
314484316992319488 9
314486594491002880 24
314489576653742080 50
314490507764060160 35
314493552841351169 54
314496115565273088 16
314498242085797888 25
314498300789288961 13
314501278736723968 43
314502390244048897 42
314503413645848576 28
314506471280898048 70
314511315731365888 45
314513840677191681 35
314516189495840768 27
314518328578289666 31
314518336992079872 31
314519268119162880 17
314523034595778562 25
314527522496843778 25
314529036669968384 53
314529321857478656 16
314535995016093696 35
314542257095204864 43
314543678985232384 3
314548930253824001 35
314550373094404096 7
314551828513710080 8
314551887229767680 70
314555246837899264 31
314562419110342658 31
314565837476487169 27
314566126870863872 48
314574104445480960 22
314576109335359488 25
314579150214164480 53
314579456398352386 31
314579804512989184 31
314581159281586176 31
314586649596141568 7
314588444783411200 1
314588855795851265 12
314589354943201281 50
314593494700261376 39
314603175174873088 8
314604991283359744 50
314621508473479168 48
314626449380347904 16
314627204321529856 16
314628164821319680 70
314629028847947776 16
314629444088242176 17
314629595099955201 35
314629993529475072 22
314630245208707072 17
314639548166569984 48
314639925679108096 16
314643616641466368 43
314644891718262785 70
314646934331740161 25
314653582328745984 53
314653783638556672 50
314656501564325888 5
314656711271141376 43
314660377088634880 43
314660515492270081 48
314661094318829568 47
314663648628989952 16
314663988375986178 24
314664323932889088 53
314666697917353986 39
314671760417112065 70
314677951205605376 53
314679041728864256 13
314679717011795968 43
314682820821917696 48
314683038921523200 35
314686385963540480 24
314687363240574976 16
314693310772023296 48
314697718993915904 24
314700990534258689 24
314701372215934976 25
314702672454369280 43
314703142216413185 50
314708380897931265 70
314708573844291584 27
314709232354222080 24
314711841207111680 27
314715385368829952 16
314716522037800960 16
314719072166244354 10
314719361581608960 28
314720372417241089 28
314724092752326656 25
314724453458251776 43
314725585924526081 13
314730296144715776 43
314731550224818178 27
314734805025705986 48
314736738595643393 31
314738651194068992 9
314739511001231360 44
314739821409075200 16
314740106625957888 45
314743348789391361 70
314744779047055360 48
314745387233730561 70
314747274657951744 16
314747471802798082 16
314748373582352384 16
314751464776007680 16
314754287551016961 16
314758335037583360 16
314758565753655297 32
314764718780846080 13
