624085298083803136 45
624085872674217984 22
624086313080369152 35
624086338246180865 50
624086380197617664 22
624086757705805825 45
624086766069288960 45
624086967387557889 45
624088062113501184 5
624090121520984064 46
624090192811421696 16
624090285111259136 16
624092503885639680 36
624093372098211840 46
624093627963146240 16
624093766383591424 35
624094827538284545 31
624094949173252096 16
624095918053142528 31
624096438126051328 47
624097297958174720 23
624097713215270912 36
624098187184205824 16
624098757580173313 24
624101383222898688 0
624101391624089604 24
624102033356902400 44
624102184360095744 46
624103685916893184 44
624106596730314752 47
624109411133485056 46
624111856416755713 16
624115425765240832 3
624118147856007168 23
624120177899212800 44
624121230669557760 29
624122111473418241 23
624122941945606144 23
624128126121971712 23
624128189024075776 31
624129355053010944 16
624129602487734272 16
624130281998565376 12
624133729712107520 40
624135277418692608 44
624136451819761664 23
624138645436563456 14
624139547182546944 34
624140419597643777 44
624140453177356288 44
624142835554500608 9
624144131577774080 9
624144198703255553 16
624145389868859392 45
624147134682501121 48
624148858575032321 16
624149424768458753 16
624150720816660480 19
624153984014622720 23
624154575382183936 44
624156282455363585 14
624157083571744768 16
624158413199642624 39
624159860205203456 22
624160111875895296 24
624162204816932864 46
624163807053643776 35
624163853174206464 50
624164092287168513 44
624164562024181760 23
624164780119425024 46
624164943731027968 12
624166311069757440 50
624168416581128192 23
624169603598385152 11
624171235157475328 50
624171717502627840 35
624172862539235328 47
624173793683107840 34
624176859710889985 23
624176981366714368 23
624178365487009792 40
624178424190402561 23
624180424877563904 14
624182010320269312 4
624182710794194944 23
624182828222148608 4
624183256024420352 22
624184703084425216 4
624185881692221441 4
624187261593251840 19
624188305987477504 35
624189862065733636 48
624189920798621698 39
624190008874766337 48
624190440871309312 44
624190549927432192 6
624190667388944386 31
624190805805109248 23
624191254595698688 40
624191808231317504 16
624192248628903936 16
624192760317239296 14
624192764524113920 14
624194823948349440 14
624195696338599936 14
624197277595357184 40
624198896621867009 16
624199156647755776 45
624199303439855616 23
624199961962524672 50
624200591082917888 41
624201052485619717 23
624202562439266304 16
624203254474350592 16
624203573232963584 50
624204542142320640 16
624208962938736640 23
624209529153040384 44
624210359646195712 46
624212242892861440 16
624213069158305792 9
624213375342526465 44
624215086635155456 22
624215812233109504 19
624216219072098304 23
624216286172557313 16
624217007605575680 16
624217431242727424 44
624217708062572546 16
624218152650600448 23
624218156828127232 16
624218307839827968 23
624218525947707392 48
624218559514845184 39
624221264819974146 23
624221696829034496 16
624221944288641028 23
624221998827356161 45
624222103697518592 48
624223299069833216 25
624224066606641157 40
624224452516184064 35
624224691578884097 45
624225882761248768 23
624226390246711298 16
624227061364883456 4
624227589842960384 16
624230181935263744 4
624230848829739009 16
624231729612619776 16
624232136468357120 23
624232820135841792 16
624233008862752768 16
624234267170594816 4
624234946647957504 40
624235563218964481 23
624235823261560833 4
624236003591651328 16
624236641142468608 23
624236662114123776 22
624236804737118208 29
624237018634166272 19
624237308020174848 22
624237408683429888 17
624237547112128514 35
624238054618738688 16
624238193030737920 22
624239572948381696 27
624239707161923584 23
624242047591972864 16
624243838551498753 40
624244778092363778 22
624244807465062400 14
624245038143242240 20
624246694889197569 41
624246791341379584 29
624247370189021184 44
624248360048967680 23
624248733304258560 14
624249077262352384 47
624249618302304256 39
624249752524226561 16
624249890965581824 14
624250092275527680 44
624250335553548288 16
624250394252845056 50
624252319471828992 45
624254148163211264 3
624254391420219392 23
624254966048403456 14
624255247091920896 44
624256601835315200 22
624257193253040131 23
624257503606341632 47
624257725908647937 23
624259051313057793 45
624259542038237184 23
624260603201368064 23
624260812924829697 23
624260833871163393 4
624261018429071360 47
624261114927443968 16
624261366564556800 30
624263753111085057 22
624264667481939968 16
624264680060620800 14
624265850279739392 16
624266076772270080 6
624266437474000896 4
624266844313157632 23
624267830003761153 8
624268027123638272 8
624268408817905665 46
624268584957689858 16
624268664645255168 45
624269302204600320 45
624269818103996416 16
624269901994270721 16
624270476601331712 46
624270757619761153 5
624271906850607104 45
624272015910924288 46
624272032663007232 40
624273743976771584 29
624274964494065665 16
624276814194704385 14
624277392983506948 14
624277497845272576 44
624277858551230465 45
624278496123187200 47
624279636961325056 23
624279716657283074 45
624279846651346944 35
624279859267772417 8
624280232539852802 24
624280245114404866 4
624280882673750016 23
624280886876471298 23
624281847367901185 23
624282036099006464 8
624284099683971073 23
624284363954458624 34
624285374752407552 45
624286075209547776 29
624287983630483456 46
624288751183917056 24
624289283856289792 23
624289543907373056 19
624289913010319360 47
624290449864441857 45
624291456522539009 22
624291909478010880 23
624294098913087488 4
624294174402215937 45
624294228932337664 31
624294258292445185 22
624294329616625664 16
624295088785629184 24
624295424325763074 4
624296879753428992 40
624297596983619584 16
624297819260719106 16
624297915733934082 16
624298809133264897 45
624299484416229376 23
624300004476325888 23
624301774501838848 45
624302286198583297 4
624302718199332864 19
624303062153330688 23
624303695484878848 44
624307025778839552 34
624307231262007300 23
624308875462754304 11
624310960006639616 16
624311303935365120 23
624311408788779008 49
624311492708450304 34
624312545457782784 3
624313984095645697 13
624314755868553216 22
624315842189115392 29
624317184353775616 44
624317373089103873 11
624317792540430336 4
624318874662481920 23
624319457674919936 4
624319835170717696 44
624321202517966848 4
624321714193723393 45
624322028787535872 44
624323605845794816 16
624324050429456384 44
624324243359055873 4
624324532770226180 35
624324729910919168 23
624327024220319745 4
624327502358384644 23
624327787562692609 16
624327879845777408 23
624327917590310913 44
624327959529132032 19
624330694202757121 49
624331734423744512 47
624334167120191488 35
624334355834474496 24
624335018555371520 14
624335064680173568 40
624335068891234304 20
624335094057046016 44
624335857399558144 14
624336734013272064 31
624337098917683200 4
624341880411545601 49
624343734323277824 3
624346137634304000 4
624346989094957056 9
624347114903089152 45
624348012488339456 16
624350134810218496 22
624350713645244421 16
624354333329461248 9
624357210626367488 22
624357927852208128 22
624358217255157760 23
624359047706333184 19
624359148361089024 26
624360243103830016 16
624360859637166080 16
624361107109580800 45
624361744668864512 4
624363535611486209 22
624363703408922624 23
624364429002543104 23
624364491904524288 22
624364907157262336 16
624365183981391872 23
624365985093566464 23
624366161266917377 45
624366727481024512 9
624368405190017025 46
624368782681735168 23
624368971429511168 48
624369462188244993 50
624369600583585792 16
624369772541558785 16
624371118900576260 16
624372599502598144 24
624372695992373248 27
624372704364228608 16
624373031519916032 40
624373035735347200 33
624373895538212864 47
624374596008046592 9
624375069943332865 16
624375099299250176 29
624375313208750080 16
624375321610092544 22
624375392904867840 16
624375506142646272 16
624375640381263876 23
624375950776643584 22
624376210798342144 23
624376340813348864 24
624376496023543808 22
624376772830695424 46
624377611720896512 23
624377737520648192 4
624377813030846464 47
624377964034195460 46
624377964042522624 16
624378077276147712 4
624378698008031232 23
624378706405007360 16
624378752567390209 23
624379813692862464 34
624380413478219776 4
624380912629874688 22
624381776648011778 23
624382389016379393 29
624382670034735104 50
624382720349749248 22
624382913321304064 23
624383022360608769 22
624383307564908544 22
624383349499400193 22
624383391446663168 44
624383420827856896 23
624383861225492481 45
624385006245277696 23
624385052386832384 16
624385396319887361 24
624385480201781248 23
624387443156979713 23
624388323952488448 22
624388579825983488 23
624389590640672768 22
624389771008323584 9
624395244541317122 22
624395605285163008 50
624395949184561152 50
624399136876572675 23
624399476590014464 16
624399845722337280 5
624400076375461889 22
624400453879656448 14
624400579691810816 4
624404467841146881 16
624404975360344064 23
624405117954072576 23
624406871164633088 34
624407286400692225 14
624407399630147584 14
624407487723249664 22
624407743571431424 23
624408595006902272 49
624409488431443968 23
624409790400303105 24
624412181157801985 23
624412411857014784 24
624412877403910144 46
624412919342567424 16
624414165055221760 23
624416136373882880 50
624416211871342592 40
624416983623331840 34
624417621165760512 44
624417784756338689 26
624417939937058816 22
624418787190833152 22
624418954946088960 14
624419743479529473 19
624419911268462592 2
624420695578136576 27
624421257610571776 35
624422004213485572 9
624422071334907904 22
624424239786029056 25
624425749714370561 47
624429126162759680 16
624429205854425088 16
624431055538405376 16
624431596603478016 14
624431751763464192 14
624432762603241472 48
624433714714443776 24
624433790212022273 22
624433861523570688 34
624434964612972544 22
624436847863824384 48
624438026446311424 13
624439016323186688 35
624439234397536256 44
624439968421642240 23
624440085853790208 31
624441147012743168 48
624444213057466368 26
624445144209694720 23
624446444439638017 23
624447572690604033 14
624448210237460480 16
624448478681407488 14
624448675788517376 9
624450173159272449 40
624450735187619840 24
624451880253562880 23
624455390877499392 16
624455663498846208 16
624458461108015105 46
624458817640665088 48
624459631327182848 23
624459744581828608 22
624463636883312640 48
624466304460812288 3
624466606450577409 22
624467155879235584 4
624467462088691712 23
624468300961951744 16
624468846221463552 48
624469206915018752 9
624469374682968064 4
624471966754340865 16
624474135238803456 29
624475263498342400 23
624477138331172864 34
624478144985198592 19
624479789156446210 23
624480900646998017 45
624482033109200896 16
624482041493635072 16
624482486072930304 50
624483656296452096 14
624486315493494784 23
624488177768660993 19
624490643998539776 35
624493852645269504 44
624499405903777792 14
624501570160447488 16
624501993789345792 50
624502610335170560 48
624503239501856768 16
624503902214426624 23
624504183220142080 7
624504854296145921 12
624505378605240320 16
624505793807818752 23
624505793841352704 4
624505827378884609 23
624507962292199424 2
624508637558538240 23
624510139110944768 31
624512311764647936 14
624513129662119936 24
624513955944374272 48
624514958378668032 50
624520478103744512 4
624523388925558784 50
624524018075369472 38
624525033101217792 9
624525951632822272 4
624526022944423936 22
624527058958467072 40
624532855465623552 48
624533002261889024 23
624533132297965568 23
624535166539542529 44
624536571618967553 50
624538207393349632 31
624538723309457408 48
624540182910496768 31
624540694632382464 44
624540744943030272 26
624540849821474819 48
624541835466158080 48
624543676786577408 48
624547170620952576 23
624547426469195776 48
624547946600730624 44
624548219222159360 48
624548714154205184 20
624548831561162756 48
624548974167355392 48
624549414573600768 14
624549624305463296 20
624549871748562944 48
624550177941135360 14
624551117494464516 31
624551201359724544 49
624551251682938880 48
624551771806015488 9
624551813732241409 44
624552791021875200 48
624554124806205440 9
624554665867227136 48
624555089496141824 48
624555261466808320 25
624556159035408384 23
624556704298971136 16
624556922394390528 23
624557534775390208 22
624557555730087936 23
624558226831360001 23
624559401232261120 40
624559757752463361 14
624559787087413248 14
624559820658618368 14
624559866804326400 14
624561074738741248 14
624561884268744704 48
624562190436036608 16
624562517575081984 35
624562668607672320 40
624562924439367683 35
624563218023845888 35
624564467938897920 16
624564967052865536 22
624565755590262784 48
624566288283648000 48
624566405694930946 36
624568205063921664 46
624568209266622465 29
624569022957359104 14
624569790498238464 40
624570310608732161 29
624570721633738754 16
624570910381621248 23
624571690551480320 4
624574295184908288 23
624574710425198592 16
624574764963594240 44
624575016609427456 35
624575406708928512 23
624575465416593409 25
624578753725898752 35
624580901238734848 48
624581626836598785 47
624581928834985984 16
624581983365165057 48
624582058866667520 23
624582142731911169 48
624583359075852289 23
624583875004641280 14
624584734815858688 43
624584923551297536 29
624585309456629760 22
624585334609686528 34
624585506588884992 22
624585770796494849 23
624586966173110272 23
624586966185676800 16
624587662452637697 29
624588014765887488 8
624588467771588608 24
624588799121625088 48
624589273040195584 48
624589486966632448 23
624590233544314880 46
624590657160478720 22
624591110183235584 35
624591873521291264 23
624592100030607360 14
624593270249631744 22
624593303778934784 36
624594838906744833 22
624595212208189442 2
624595530941730816 11
624595765835345921 23
624597523265536000 23
624598534088568832 22
624599624620179456 16
624600329238130688 23
624601235220357120 48
624604938765635584 16
624604947183595520 22
624606184507490304 35
624606624888418304 4
624607056914321408 49
624607979648606208 48
624607988024631296 23
624608524916518913 14
624608592029585408 22
624608847861186560 40
624609787410382848 16
624610043237806081 6
624611091822219265 8
624611871979499521 22
624612522067230720 44
624613239297474560 44
624613738432180224 48
624613809726951424 40
624617098057158657 48
624617991443906560 15
624618020804018176 45
624618507376857089 16
624619463678136321 9
624619971184738305 38
624621858587971585 40
624622500337446914 23
624622873609572352 44
624624081598418944 44
624624337446961153 48
624625079842816000 44
624625503463313408 50
624625692202807296 8
624625721563066368 35
624625746745540608 22
624625864148267008 23
624627126646493184 45
624627126667505664 45
624628238128709632 22
624628829538009088 23
624630385616420864 44
624630549194235904 50
624631128037699584 14
624631199336656896 23
624631534855823361 36
624632050772013056 50
624632180799463424 16
624633212585832448 22
624634051434053632 23
624635209070174208 22
624635347486535680 23
624635469117067264 39
624636542854627328 23
624636622542209024 16
624637029393936384 16
624637620816056320 16
624638254156001280 22
624638388369522688 22
624638551934656512 26
624639143344115712 24
624642595231133696 39
624643203417796608 23
624644050663153664 44
624644713358970880 43
624645342517006337 35
624645472536408064 45
624645669672878080 35
624646441403678720 45
624646516909719553 23
624647188023390208 14
624648320481275905 45
624648710534860800 23
624648974771879936 24
624649775913144320 29
624651650729410560 45
624653840168697856 16
624654171522764801 39
624655115258040322 39
624655194920333314 20
624655329159200768 23
624655387875241985 31
624655962507464704 47
624656981698191360 40
624657065575849984 23
624657451472846848 9
624658617506136064 9
624659124987412480 44
624659410221203460 16
624659703822462976 16
624659850597896194 45
624660718844035072 48
624660727207362560 23
624661540898127872 16
624662245570555908 46
624662841153441792 39
624663088630001664 16
624663608727859200 12
624663961032462337 23
624664141379313664 14
624665332548960256 16
624665416447569921 40
624667333257232384 23
624667786246246400 12
624668067235262464 45
624668558002421761 9
624669065508990976 23
624669417805189120 16
624670252471705600 23
624670386702172161 45
624670504163545088 48
624671586256330752 23
624671745677619200 14
624671758260436992 6
624672039241150464 45
624672953607847936 23
624673096222515201 47
624674601973489665 2
624675168217112576 22
624675692479913984 50
624676065793937408 26
624676938213363712 23
624677659612708865 34
624678548838744064 9
624679136024522752 19
624679232493322240 14
624679983269556224 22
624680536926257152 48
624681296078319616 46
624682306930917377 50
624685456848982016 23
624686115329409024 39
624686140528967680 12
624686174062247936 36
624686241179566080 44
624688560604475392 22
624689172972867585 16
624693296007262208 20
624693384087646209 4
624696815003107328 24
624698173987143680 4
624699541313339392 34
624701328078544896 48
624701516818083840 22
624702049503047680 29
624702095636201472 23
624702129182130176 9
624702175336230913 4
624702544413986818 16
624703299397283840 14
624703483976019968 8
624705744684736512 48
624706411574988800 48
624706570975182848 39
624706906523856896 46
624707208513609728 30
624708533917995008 29
624709414700777472 2
624709448246915073 22
624709620213264384 4
624710324885811200 14
624711750928044032 16
624712728201052160 50
624712728205230080 50
624712728205242368 50
624712887592992769 22
624712891791491072 47
624713403475464192 4
624714338822041600 35
624714695312830464 22
624715039279304704 22
624715651626614784 22
624715852944965632 14
624715890718834688 20
624716549207814144 22
624717841053417473 14
624718134675685376 4
624721062274695168 19
624723121690554368 14
624724048644194304 23
624724958808137728 16
624728775595458560 4
624729899685646336 22
624730344269287424 44
624730512037298176 23
624730759501336577 24
624730805642760193 16
624731560621813764 16
624731774548078593 23
624731996837814272 23
624732177201254400 22
624732584057028608 22
624733309659058176 23
624734228186435584 23
624734588904931328 22
624734802835456000 50
624734807021498368 22
624734832187318272 23
624735255803596800 16
624736295978405888 22
624736476371103744 47
624736610551083008 8
624736878999154688 49
624738871293685761 45
624738942596816896 16
624739081012928512 9
624739240413270016 16
624741668911230976 16
624741698258759680 39
624741928945364992 39
624742981736644608 23
624743275317055490 23
624743707338764288 19
624745070483259392 23
624745770919571456 23
624745942885904385 23
624747016648691712 9
624748149119168512 23
624748648203575296 23
624748664980770819 48
624749533231120384 22
624749583562752000 23
624749705189306368 16
624750061692432384 44
624750489528311808 14
624750858622902272 14
624751454209843200 22
624751504524750848 6
624752662152613888 22
624752750270750720 16
624752863483437056 4
624753240970694656 3
624753295496740864 14
624754184714326016 22
624754281179037697 23
624755585611862016 23
624757846341746688 3
624758613895049216 24
624760123827875840 22
624761734432034816 48
624762262914531328 48
624763584153845760 14
624764519458447361 24
624764909532790784 14
624765022787534848 23
624765345752989697 23
624765526091431937 22
624765584824238080 26
624765622589722624 23
624765723215327233 26
624766088119611392 16
624767115757645824 23
624767514220756992 23
624767568717328384 45
624768130762452993 22
624768558594048000 22
624769456145829888 22
624769732978176004 22
624769854617223168 22
624770194381017088 24
624770722846486528 34
624770739611267073 22
624771343603617793 16
624771431679655936 23
624771465242669056 22
624771557529796609 40
624773805668352000 16
624774455772991488 22
624775001053343744 22
624775823137079297 22
624776267708153856 23
624776460646117377 22
624776942990954496 16
624778222270414848 15
624778352298184704 16
624778486490771456 44
624779207923625984 16
624779358926823424 40
624779669275979777 45
624779702838931456 47
624781011486941184 11
624781200218017792 22
624781607044554752 16
624781988755472385 50
624782496241074177 23
624782978581987328 22
624784018807128064 16
624785776216125440 19
624787273561829376 40
624789458781470720 40
624789576234745856 26
624790327031918593 14
624793242077384706 4
624793288218783744 22
624794928166535168 14
624794961716707328 50
624795582482223104 23
624796513605062656 16
624797381821775873 23
624798778525003776 11
624799378318843904 16
624799890044948480 4
624800670181257218 23
624802826066264064 16
624803241277132801 22
624803648116256768 46
624803799119433729 16
624804621198864385 16
624805896275668993 16
624808198969671681 4
624809612420730880 40
624811361453895681 16
624811466324058112 23
624811902519087104 40
624815983593693184 16
624816126174740480 44
624816524662980608 16
624817304786767872 45
624818479191990272 45
624819120937304065 11
624819733301436416 35
624821394250039296 40
624821574571462656 35
624822186960785408 23
624824435099439104 16
624825278167060480 39
624829979977719808 35
624831355722010624 48
624832785941839872 3
624832794355613696 3
624832836298756100 14
624833935189639168 2
624837055776817153 24
624839140312489984 44
624839215822557184 24
624839333288112128 44
624840121817399296 14
624841036150538240 23
624841195538239488 23
624841782749085696 48
624842839697047552 14
624843691144785920 45
624844236396044288 23
624845582796877824 35
624848049051795456 48
624849185687347200 14
624851035358498816 8
624851882637287424 22
624852578879188992 50
624852968962064385 4
624853237372301312 4
624853451311349765 39
624854118205493248 4
624855682660085760 48
624855766558736384 4
624855829452300288 4
624858044074192896 4
624858782250725376 16
624859000367120384 2
624859197495201792 4
624859981825728512 16
624861487597756416 14
624861709883326464 4
624863828006830080 50
624866583681171456 3
624867145692766209 22
624869108648161280 16
624871272888016896 40
624871482594754560 40
624874678650191872 44
624874938730741760 5
624876025021886464 22
624876528355008512 47
624878428358078464 4
624878919091650561 14
624879292401459200 14
624881486014083072 19
624881511196663808 5
624881762859024384 4
624882064840638464 35
624882337487130624 23
624882983376261122 4
624884153620807680 34
624884963104567296 2
624886707935031296 4
624892152124981253 14
624892152145911808 3
624892407990063104 26
624892487694336002 9
624894266070933504 14
624895046219898880 23
624897600546705408 26
624900045834461184 47
624900599457402881 23
624901790643916800 4
624901966808793088 40
624904219141767168 22
624904487593975809 22
624906324707573760 45
624907016763482113 14
624907054516297728 16
624908925163433984 16
624910355429498881 14
624910732908302336 40
624910867113594880 22
624911865349435392 4
624913023010902016 48
624913908000669696 4
624914025449521152 16
624914025453727745 16
624914763651371008 14
624914847516340224 23
624915283732492288 12
624915778660270080 44
624916411987554304 23
624916885952458752 14
624917640910209024 23
624920304305831937 26
624920971200339968 40
624921168349237248 4
624922334365921280 40
624924314073219072 44
624925069031153664 49
624925186492661760 45
624926050498314240 23
624926834849812480 44
624927212320477184 23
624928097310109696 44
624929519187685376 5
624929670182494208 14
624930458715820032 16
624931847026438144 44
624933541525200896 16
624933629618192385 3
624933675759566848 44
624933763839950849 44
624934288119697409 16
624935424755171328 31
624935508641214465 14
624935827408224256 47
624935953241649152 12
624936452363788289 46
624936855050522624 40
624937249294168064 12
624937253496819713 31
624938700514799617 4
624940143355375616 45
624940365653487616 4
624941716244721664 14
624942626383470592 19
624942878045765633 4
624942878050029568 4
624943901447692288 22
624943905646190593 46
624943968556482561 39
624944291543171072 41
624944455129370624 41
624945071691988992 49
624946262865940480 4
624947273672228864 4
624947525347377154 22
624948808796012544 48
624949836421464064 19
624950197114773505 31
624950314542575616 14
624951010797207552 23
624951887423340544 26
624953670011088896 40
624954412398739462 44
624954424956481537 34
624954781480681472 7
624954869548453888 49
624955213493968896 14
624955314148913152 36
624956119467839488 14
624956127843713024 44
624956660554035201 49
624957298054692864 14
624957335803269120 11
624957914650923010 14
624958002710364161 14
624958610896859136 49
624958682170851329 8
624958766077730816 14
624959143581880320 16
624960108271902720 48
624960959690502145 23
624961169422336001 49
624961244915744768 24
624961723066380288 23
624962419329224704 40
624962582890151936 2
624962956191625216 14
624963908273508352 9
624963958642847744 14
624964780692901890 31
624965288212049920 40
624965548263129088 11
624967108531589120 24
624967150495621120 50
624967318280531968 22
624967486035914753 14
624968127747592192 48
624968916289220608 40
624970342365270016 14
624970501757247488 27
624972309489696768 22
624972649236721664 36
624973353858658304 48
624973521643397120 22
624973634897997824 12
624974821890347008 40
624975086114721792 45
624975258089619456 12
624975610415329280 23
624975753000689664 16
624976067598508032 22
624976713496203264 49
624978076670099456 23
624978361866170368 31
624979112629669888 23
624979435624599556 22
624979569834127360 23
624980651972825088 45
624980853295190016 22
624981104919842816 14
624981411112570880 23
624981809571311616 23
624982023472586752 1
624982585517551617 35
624984842065711104 9
624985769002827776 16
624985819338678272 34
624986008086556673 46
624986347833421824 14
624987035665858560 16
624987174094548992 35
624987333473910784 44
624987958421102592 23
624988243642163202 23
624988621133615104 46
624989652928307200 20
624990248540487680 23
624990684710223872 16
624992203065069568 16
624992727369916417 35
624993138382389248 34
624993272616878080 14
624993792706285568 24
624995298453155840 22
624995411724517377 23
624996162483847168 9
624996506416844800 23
624996883895857153 14
624997181716590592 48
624997252994482176 14
624998494533582848 14
624999031400464384 14
624999215962284032 9
624999484385296384 22
625000948184690688 22
625001661224886273 23
625001745119358976 45
625001791256719360 4
625002110011084801 48
625002617538760705 22
625003125032808448 8
625004425266892800 30
625005524166127616 4
625007310952374272 48
625007633926193152 16
625008099472965632 22
625008401454661633 23
625008883824619524 23
625008887989559297 22
625010666391273472 22
625011689797226496 23
625012713207562245 48
625012893554061313 37
625012910327095296 16
625013413668851712 35
625014424483561472 23
625014504171008000 11
625015779235237888 16
625016030906068992 22
625016093829144576 8
625017775744942080 16
625018736219557888 26
625019453475004416 35
625019893851754496 23
625021588350439424 16
625022024579051520 4
625022070691340288 22
625022204925870080 4
625022204942659585 24
625022511122530304 16
625022586607521792 46
625022888588881920 48
625025245783695362 4
625026873194643456 22
625027015771471872 22
625028295072063492 22
625029196838891520 23
625029586913357824 36
625029674968686592 44
625029830187319298 4
625030866180268032 4
625031218476617729 48
625031226869608450 23
625031805666639872 16
625032288015794177 31
625032799720972288 45
625033999317106688 22
625034292888899585 9
625034842351214592 23
625035345680273409 4
625035890952278017 13
625036503308107776 23
625036658497454080 45
625037711255146496 4
625037732218277888 16
625038789203918848 3
625038998910705664 16
625039091185414145 23
625041326740877312 24
625042215946072065 23
625043679745605632 23
625046678668640256 4
625047584651014144 35
625047777584611329 4
625047781783285760 44
625047987325128704 31
625048813607096320 4
625049774102724608 4
625050696828588032 48
625051783165947904 22
625052479403659264 41
625053037237633024 11
625054429754974208 48
625054752733294592 16
625056157833428992 36
625060243077263360 48
625061983721816064 22
625062394730053632 45
625062940018872320 14
625064617740476416 4
625065594983837696 4
625065687267024896 44
625066152822185984 22
625067746695360514 23
625068329703608320 9
625069831247630336 22
625070468765253636 22
625071760615063553 23
625071961971032064 4
625072331040362496 22
625072834365231104 4
625072926635765760 23
625074738591858689 44
625075631966003200 4
625078085629706240 16
625079171971035136 24
625080547686117376 23
625080614807429120 16
625082330290335744 14
625083076872310785 48
625083802470227968 23
625086335813033984 23
625087250196336641 14
625091176056627200 16
625092342094123008 24
625094447617814528 26
625094456023224320 26
625095009654734848 22
625095122900758528 22
625095177410093056 22
625095877888184320 22
625095965960196096 22
625096565749755904 19
625096800639135744 16
625096955803234305 23
625097261991743488 45
625098323154710529 4
625098356709281792 22
625098478331527168 4
625098637736079360 23
625098809702416384 25
625098935539888128 15
625099443021418496 23
625099644352233473 22
625099732428423168 22
625100231559000064 22
625100634195279872 23
625101116578131969 22
625101426935644161 36
625102924314746881 22
625103155001458688 4
625103356332244992 23
625103951894069248 46
625104211961872384 23
625104832701972481 22
625105075980140544 22
625105600263815168 23
625105839356047362 16
625107311539978240 16
625108045555589120 23
625108720842752000 4
625108838270824448 20
625110415341699073 46
625110696360067074 45
625110889272717312 9
625111455512297476 16
625112176924102656 29
625112265008635904 23
625112315369771008 45
625112428594925568 44
625112999037046784 16
625113242273218560 22
625113552655896580 14
625114827753549826 22
625115528189730818 22
625115595290353664 23
625115666593415168 45
625116014737510401 22
625116304140312576 12
625117482752282624 3
625117654718636032 48
625118069925371905 22
625118363547774976 16
625118871041785856 46
625119567321407489 34
625120372606767104 22
625120544594137088 48
625120712362082304 35
625121240840318976 22
625121681229619200 4
625122222278090752 22
625122352335077376 14
625123484772003841 44
625123610630340608 0
625124344629342208 4
625124344633556992 4
625125418375340032 14
625126487910391808 14
625128190793678848 22
625128526329610240 14
625128861882261504 16
625129503593996288 22
625130308925542401 4
625130837407698944 22
625131038717554689 22
625131814689107968 23
625132884202909696 22
625133840504332288 45
625134020867788801 22
625134905890967553 3
625136835249876992 4
625136864626896897 3
625137191770042369 45
625137967703683072 4
625138068371017729 22
625138391340974082 4
625138928195080192 23
625138991126306816 26
625140400429273088 22
625141004396589056 16
625143839733346304 22
625144473069187072 22
625145697818574848 23
625146243094679552 19
625146578613829632 22
625147719481470976 16
625148071811256320 24
625148310886584321 23
625148612838735873 29
625151565637095425 24
625151624374161408 16
625152857503698945 22
625155948693299200 16
625156246497157120 48
625158100371271680 22
625160465962790912 16
625160679868084226 47
625162516981641216 48
625163020294049792 22
625163825604485120 44
625165171988652032 30
625167550150610944 16
625167684359995392 26
625168607115386880 4
625168992966053889 4
625169907336876032 9
625170075117486080 4
625171681544417280 23
625172927235801088 50
625174525261385728 23
625176207190061056 4
625176236524834816 23
625177708729774081 4
625178748917272576 35
625178778298417152 4
625179097069563904 16
625179138987429888 48
625179378088067072 46
625180263086059522 46
625181257136242688 2
625181634598273024 23
625183945676619776 35
625184113457242112 31
625188257400107008 4
625190329398923264 46
625190622991781888 19
625191780653273088 24
625192757888446464 23
625192875345768448 35
625194280454356992 14
625194662102331392 17
625195941365157888 23
625196687963746305 16
625196872513138688 26
625198701229666304 16
625199938557706240 26
625202488694603776 4
625202757134323712 4
625203063301668864 40
625203193320898560 14
625207182129102848 11
625210080363999232 4
625212173334224896 16
625214178219962368 12
625214811564044288 22
625215927248793600 44
625216325690851328 44
625217370068398080 16
625217730782842880 5
625218200565886976 23
625218359949422592 44
625221535020613632 22
625223577667645440 44
625223980325208064 44
625227386079023104 44
625227797129117696 48
625228015207849984 16
625229751670566912 4
625229768439377920 4
625230473074053120 4
625231328733208576 23
625231425210421248 16
625232150812454912 16
625232956102156289 4
625235116189741057 4
625236038945009664 34
625236076676804608 4
625238748444274688 16
625239172077481984 8
625239406950096896 23
625239528576565249 4
625240740751249408 16
625241818691686400 4
625244758869417984 14
625244825999138817 26
625245664855748608 16
625247778797682688 22
625248496006905856 4
625249829782818816 40
625251180353032192 29
625251633371308032 19
625251637548810240 16
625252988123262976 16
625253139113865216 4
625254430938660864 4
625255378851205120 4
625255890585677824 23
625260403656818688 9
625261976520949760 19
625263083817046016 22
625265285814185984 9
625267345221484544 48
625270033783103488 16
625270058936201216 44
625271522723237888 14
625271707272613888 35
625272143484485632 16
625275012417724416 16
625277491226087425 48
625278573360885760 4
625279760369885184 36
625279991048183808 44
625280460801843201 16
625283447158747136 16
625285292661055488 4
625285829506822148 26
625288782321950720 16
625288849405689856 23
625288887167008768 22
625290745235283968 23
625290782967267328 46
625290858481319936 40
625290900407775232 45
625293580588986368 48
625293949704491008 45
625293953894518785 46
625294830499987456 40
625295375746727936 4
625296160102617088 40
625296436897402880 2
625297057650208768 35
625297921681059840 44
625298966071128064 2
625300304045703168 16
625301767878787073 40
625303760164655104 44
625303953098567680 31
625304678704783360 4
625307375658905600 4
625308009011519488 23
625309061781663744 4
625309212738981888 45
625309372130922496 44
625310143903854592 45
625311108572823552 45
625313390299234304 22
625313398658568192 22
625313398691987456 22
625313402882277376 22
625313407042985984 22
625313407051427840 22
625313411245690880 22
625313411262476288 22
625313415435825153 22
625313415440039937 22
625313415460978689 22
625313423857975296 22
625313428018757632 22
625313428035473409 22
625313436411502592 22
625313440610021376 22
625313444791775232 22
625313444800122880 22
625313444804304896 22
625313444825333760 22
625313444829491200 22
625313444829503488 22
625313448994279424 22
625313449019613189 22
625313453197127681 22
625313453197144064 22
625313453205536768 22
625313457395625984 22
625313457395630080 22
625313465792602112 22
625313469965991936 22
625313469974323201 22
625313469974335488 22
625313474168659968 22
625313474181083136 22
625313474185428992 22
625313482565681152 22
625313490954264577 22
625313495131754496 22
625313499347058688 22
625313507714691072 22
625313507714711552 22
625313507735662592 22
625313511925784577 22
625313520293384192 22
625313541298487297 22
625313549666025476 22
625313562265808896 22
625313566447542272 22
625313574815145984 22
625313579017736192 22
625313579026264064 22
625313583216377856 22
625313587402182656 22
625313587402285056 22
625313587406442496 22
625313587414761472 22
625313599993462784 22
625313600010260480 22
625313600014565376 22
625313612584910848 22
625313616791760896 22
625313616795971588 22
625313641936478208 22
625313646143389697 22
625313696458383361 22
625313755208007680 22
625313771976847360 22
625313801341022209 22
625313855833538560 22
625313906173583360 22
625313952315088896 22
625313981666869248 22
625313985881989120 22
625314032002596864 22
625314040412303360 22
625314069743054848 22
625314086545260544 22
625314145274101760 22
625314157823397888 22
625314166220423170 22
625314237548744704 22
625314354959908864 22
625314388510019584 22
625314682119815168 22
625314698901061633 22
625314749224513536 22
625314757625675776 2
625314761803051008 22
625314770200199168 22
625314782799724544 22
625314799572815872 22
625314803771408384 22
625314887632171008 22
625314933782220800 22
625314937968181248 22
625314950551052288 22
625314967349272576 22
625314967357624320 22
625315038635520004 40
625315055412903936 22
625315055442137088 22
625315084789805057 22
625315088996638720 22
625315114145685505 22
625315139328344064 22
625315223180832768 22
625315227375136768 22
625315294488080384 22
625315302885081088 22
625315332236967936 22
625315445487337472 22
625315617441218560 22
625316162738503680 22
625316242400768001 22
625316250789396480 22
625316301146300416 45
625316418586845185 22
625316460508934144 22
625316552804593664 22
625316565374775296 16
625316770887249921 22
625316838008881152 22
625316988986990593 46
625317043533799424 22
625317152564752384 22
625317169333673984 22
625317395842887680 22
625317421016985600 22
625317559429148672 22
625317584599150592 22
625317748181213184 22
625317802711351296 22
625317945317662721 22
625318092118327296 22
625318108882821120 22
625318423464120321 35
625318457001791488 22
625318733813313536 22
625318993868386304 22
625319132293132288 22
625319262316441600 45
625319568492392448 22
625319597835702272 22
625319920834756609 4
625320394753470464 22
625320482854670336 22
625320491260186624 22
625320516426039296 23
625320608683978752 22
625320671581720576 22
625320990361260033 47
625321233647824896 22
625321250408300545 22
625321271388049408 22
625321938274156544 22
625322387056128000 22
625322529662472192 22
625322634528620544 22
625322789709418496 22
625323330774675456 22
625323372709302272 4
625323574073643009 22
625323972532408322 39
625323976693272576 22
625324769425141760 22
625324878485409792 22
625325251770085376 22
625325390194540544 26
625325486642565120 22
625325515998666752 22
625325901903982592 22
625326107420684289 39
625326510057082881 22
625326623303315458 26
625326807873531904 22
625326933677613056 22
625327185344262144 4
625327223084597248 22
625327424440528897 39
625327478966460416 22
625327520884391936 22
625327550269538304 22
625327671883509760 22
625328099710926848 22
625328108112117761 39
625328758199693312 22
625328938567360512 22
625329102128607232 22
625329118922543108 22
625329144084107266 39
625329412507086848 23
625329508980273152 22
625330029086547968 16
625330050079064064 39
625330104579682304 39
625330599524483072 22
625331086046965760 39
625331270587916288 23
625331362862637056 22
625331505464782848 45
625331652269445120 22
625331790689861632 22
625332210112024576 22
625332486957101057 22
625332562433589249 22
625332616955301888 22
625333032208199680 22
625333111899852800 22
625333204170338305 40
625333250311987200 22
625333497775935488 22
625333690734764032 22
625334303103303680 22
625334378588209152 22
625334521198612483 40
625334785427148802 9
625334789609013248 16
625334818994139136 7
625335188101447680 22
625335209060229121 22
625335246817329152 39
625335318087081986 8
625335414556131328 22
625335418767167488 24
625335687210889216 22
625335733323108353 22
625336068888489985 22
625336165370040320 3
625336521881743360 22
625336677041614848 22
625336857430216704 22
625336886773587968 39
625336890980483073 22
625336924513902592 14
625337339754098688 22
625337369122619394 22
625337406867308544 40
625338434480017408 22
625338719701053440 22
625338887469178880 22
625339600505020421 22
625339613071179776 22
625339793409507329 22
625340170909425664 22
625340246402723840 22
625341957695520768 22
625342331001028608 22
625342477801795584 4
625342528133447680 16
625342930778075136 22
625342972729651200 22
625343056611512321 23
625343119513358337 22
625343161452396545 16
625343438297272320 22
625343505393709061 22
625343811586236417 22
625344214218379264 23
625344679786078208 22
625345048910168064 3
625345459926773761 22
625345476716408832 23
625345560581681153 14
625345665435049984 22
625345669633413120 22
625345854199726080 22
625346776934051840 22
625346936321777665 4
625346999227957248 50
625347435435552768 22
625347716466503680 22
625348085573636096 22
625348223981359104 22
625348941194903552 22
625349117376598016 23
625349276751765504 22
625349431957655552 4
625349520004673536 22
625349671016267776 48
625349683599306752 22
625349700368093188 22
625349985589026816 48
625350245648433152 3
625350631503495168 4
625350988040400896 22
625351382288109569 16
625351432624054273 34
625351436797263872 23
625352154052608000 22
625352330217521152 22
625352401503936513 22
625352510551785476 41
625353672373878784 4
625353760445825024 22
625353894676328448 22
625354431543025664 22
625354486085734402 16
625354548987699200 22
625354867763232768 22
625354926462349312 9
625355001972531200 22
625355413014319104 22
625355442374340608 22
625355572385153024 22
625355643721924608 48
625355740157448193 22
625356184766189568 23
625357430482821120 19
625358692976824320 22
625361029179047936 22
625361842903379968 22
625361876420050944 22
625362132289363968 23
625362639816945665 22
625362677548871680 6
625362899834413056 22
625363487057809408 22
625363587700146176 39
625363705136414720 22
625363772253671424 23
625364032304848896 22
625364997019799553 35
625365013780373504 14
625365118625415168 22
625365579994689536 22
625365991061479425 22
625368096572751872 44
625368167901200385 22
625368180483993600 22
625368616695894016 22
625368864168148992 16
625369229068517376 40
625370109863923712 48
625370185373908996 48
625371426867007488 45
625371795961413632 22
625371984722010112 22
625372567734390784 45
625372974581985280 22
625373712758538241 22
625373867964395520 14
625373943441002496 22
625374358685376513 22
625374618753347584 23
625375071717031936 44
625375243696254976 22
625376057374412800 22
625378238425092097 22
625378372621697024 22
625378515253243909 22
625378817226485760 22
625379844826755073 14
625380046157426689 23
625380578859225088 22
625381040194846720 22
625381468034838528 22
625382348838690816 22
625382952831184897 45
625383259015245824 22
625384542438731776 22
625386404709732352 22
625386476012879872 4
625386786424918016 23
625386895481028610 22
625387059021283328 22
625387486861242370 16
625387537180327936 46
625387616880300032 22
625387633640873984 22
625388128577134592 16
625388426368524297 22
625388476725362692 23
625388501895352320 23
625388715783753728 23
625389147809820672 22
625389277841522688 39
625389609195827200 35
625389852431921152 16
625389961508859904 23
625390745831108608 23
625391333025316864 23
625392041858498560 22
625392138340147200 2
625392444545335297 22
625393161767124992 23
625393312728420352 22
625393895749193728 48
625394948507103233 23
625395309217193984 22
625395875456528384 35
625396257138307072 22
625396684965568512 8
625396819170701312 22
625397288953868288 23
625399004403236866 22
625399126038085634 22
625399214114127873 23
625399230912425984 38
625399398680281088 22
625399407081619456 44
625400153676103680 22
625400426272133120 35
625400656984195072 39
625400791210266624 22
625400942196883456 23
625401223190040577 22
625402179503796225 34
625403332937523200 45
625403366512951296 44
625403655911555072 22
625404092119183360 16
625404415076380674 22
625404482168328193 24
625404792567898116 23
625404960323301376 22
625406126364979200 22
625406344443658240 22
625407183312789504 11
625407581767516164 8
625407753754800128 46
625408068294209536 16
625408454170165248 22
625408793925525504 22
625409314010742784 22
625409859266215936 22
625410442278506496 22
625412531058835456 22
625412891760574464 47
625413306984079365 22
625413428623110144 22
625414217177374724 22
625414770825523200 22
625416368825827329 16
625416456902041600 22
625416528201027584 22
625416935048478720 23
625417056708460544 39
625417593579397121 22
625417778128928768 22
625418067523153921 16
625418709243445248 47
625418830890676225 23
625418864453681152 23
625418948322832384 0
625419107731701765 22
625420458289049600 22
625420475070607360 22
