625421041305653248 0
625421066471632896 0
625421108397785088 0
625421154522669056 0
625422698055794688 0
625422765156274176 0
625422773553238016 0
625422819661213696 0
625422865811156993 0
625422932915957760 0
625423293646946304 0
625423897631043588 0
625424384166129664 0
625424774207025152 0
625426481292922880 0
625427496314490880 0
625429010470825984 0
625429710923767812 0
625430994372435968 0
625431824853024772 0
625432412030304256 0
625432500115009536 0
625432500131606528 0
625432546252341249 0
625432751802597376 0
625432873420505088 0
625433083144208384 0
625433141868498945 0
625435620706549760 0
625438594447093760 0
625439420729171968 0
625439752095969280 0
625441866004037632 0
625442100889321472 0
625442272864288768 0
625442339952066560 0
625443002656391168 0
625444646815170560 0
625445389207011328 0
625445749921304581 0
625445779281420288 0
625446370699292672 0
625446618138066946 0
625447041791979520 0
625448929224605696 0
625449172494381056 0
625449512220229632 0
625450212669132800 0
625450283972329472 0
625450590173184000 0
625452037208027136 0
625452548908953601 0
625453144491884545 0
625454365030129664 0
625454763493044224 0
625455430399979520 0
625455703012970496 0
625455904364888065 0
625456562836910080 0
625456596399755264 0
625458223806427136 0
625459456915193856 0
625459461105315840 0
625459503052406784 0
625459792467857408 0
625459960219090944 0
625460937491771392 0
625461533083103232 0
625461881218568192 0
625461881222897666 0
625462795597955072 0
625464838207225857 0
625465148606652416 0
625465161164410880 0
625465752552869888 0
625466130044289024 0
625466490787999744 0
625467283477954560 0
625467551925952513 0
625468818614136832 0
625468847953350656 0
625468919256461313 0
625469342885527554 0
625469837838409728 0
625469942675152896 0
625470068516909056 0
625470605375225856 0
625470680864178176 0
625470991255244801 0
625471054157234178 0
625471104505610241 0
625472656394067968 0
625473986009239553 0
625474053084704768 0
625474153752170496 0
625474917119561728 0
625475412051783680 0
625475470763540480 0
625476179613450240 0
625476603221389312 0
625477563733962752 0
625478926891155456 0
625479405029224449 0
625481472812687360 0
625482001307426816 0
625482093573840896 0
625483901314560000 0
625484740204728324 0
625485495179603972 0
625486279514284032 0
625486455670984704 0
625486883460677632 0
625487407744315392 0
625488183711662080 0
625488779294474240 0
625489655908184064 0
625490087917264896 0
625491312662458368 0
625491694335586304 0
625491891463663616 0
625492394805325824 0
625495754409295872 0
625497121756594176 0
625497482466840576 0
625498912737132545 0
625499499927089152 0
625499554469806080 0
625499931961262081 0
625501039249223680 0
625502326904762368 0
625503094445441024 0
625503153165873153 0
625504688306196480 0
625505153861332992 0
625505694909906944 0
625506508642631681 0
625507200694394880 0
625507414612275200 0
625507590760435714 0
625507926313074689 0
625508081477115904 0
625509289453555713 0
625509880846127104 0
625511428535881729 0
625511504024973313 0
625511579551973376 0
625512544220905473 0
625512779122782208 0
625512875566723073 0
625513051739983872 0
625513139799478272 0
625513164973690880 0
625513395685560320 0
625514431682756608 0
625514523936436224 0
625516809853214720 0
625518311376330756 0
625519011845910528 0
625519817165000704 0
625522568620064769 0
625526041478565888 0
625526096042176512 0
625527752784019456 0
625529661175410688 0
625529904445177856 0
625530030299422720 0
625530827183640576 0
625532064511569920 0
625532181977395200 0
625533020821303296 0
625534035826098176 0
625537873643634688 0
625539475867742208 0
625539840755548160 0
625540222432907264 0
625540616701747200 0
625541392652054528 0
625542130845356032 0
625542135052398592 0
625542873220448258 0
625542885824405504 0
625543498209456128 0
625543611422085120 0
625543980537749504 0
625544748112191488 0
625546237052260353 0
625546681656979457 0
625546719414108160 0
625548137093013505 0
625549311485448192 0
625550846625992704 0
625551299585687552 0
625552188790550528 0
625552218129694720 0
625552260072869889 0
625552553690927104 0
625553015068426241 0
625553300264497152 0
625553883293577216 0
625556911564439552 0
625557259721011200 0
625557637195698177 0
625559927269031936 0
625561303029907456 0
625562389342199808 0
625562406111027200 0
625563135915655168 0
625563534382858240 0
625565673469681664 0
625565761570930689 0
625566562687127553 0
625566646535479296 0
625566692702203904 0
625568198457331712 0
625569242847551488 0
625569469310459904 0
625569892935274496 0
625571084138627072 0
625571293828661248 0
625571931371270144 0
625573437117849601 0
625575098070757377 0
625575236507992064 0
625575630764011520 0
625577480431247360 0
625578214430216192 0
625578591942766592 0
625579166562426880 0
625579275597516800 0
625579376281841664 0
625581293053423617 0
625582983349686272 0
625583159543869441 0
625583197263257601 0
625584254253170688 0
625584979846791168 0
625587475482738688 0
625591887865380864 0
625592244393934848 0
625592768694493184 0
625594714830430208 0
625594790323712000 0
625595058759168004 0
625596795201024000 0
625597072050388992 0
625598502295486464 0
625599324366499840 0
625599580223209472 0
625599819294244864 0
625601417328222208 0
625601664804896768 0
625601929029156864 0
625603510277517312 0
625603980068941825 0
625605095737176065 0
625607108994703360 0
625608002406629376 0
625608962893725696 0
625610703538360321 0
625611949246537728 0
625612569982693377 0
625613471783231488 0
625614587430313984 0
625615489235054592 0
625616177109331968 0
625616810444877824 0
625618542671454208 0
625619016636305408 0
625621709371084800 0
625621751309991936 0
625622611159089153 0
625623869450289152 0
625625954014986240 0
625626088241106944 0
625626717361713152 0
625627480758456320 0
625628252472803328 0
625629741454757888 0
625630064428883968 0
625631033329852416 0
625631486297796608 0
625632207739162624 0
625633193392250880 0
625633428260712448 0
625634065790697473 0
625636259432677376 0
625636422989406209 0
625636620138622976 0
625637819717943297 0
625637861627289602 0
625638792758558720 0
625641292568117248 0
625642919970471936 0
625643838544183296 0
625644627052228609 0
625645767924039680 0
625645847611445248 0
625645860173541376 0
625647718271188992 0
625647735039864832 0
625647990896590850 0
625648037038280704 0
625648087344615425 0
625648422897459200 0
625648880080785408 0
625648984938287104 0
625649521805131776 0
625650968831471617 0
625651136616337408 0
625651660912594944 0
625653829342752768 0
625654332676009984 0
625656236894195712 0
625656354338938880 0
625657247700492288 0
625657650366255104 0
625658296272322564 0
625659256797200385 0
625659370043506688 0
625659613300555776 0
625660036920946689 0
625660133402628096 0
625661026772586496 0
625664193493078017 0
625665007188070400 0
625665393064026112 0
625665594394865664 0
625665787315929088 0
625666135459954688 0
625667376978239489 0
625667490199179266 0
625668098364813313 0
625668480067629056 0
625668702340431872 0
625669071439286272 0
625670115833552896 0
625671533504163840 0
625671936178307072 0
625672015853322240 0
625672514983882752 0
625672523376492545 0
625673538406629376 0
625674779891224576 0
625675312563625984 0
625675832678199296 0
625677015488819200 0
625677460047310848 0
625679137793900544 0
625679624345907200 0
625679712401100801 0
625679817267089408 0
625681310443565056 0
625682195416379392 0
625682518415687680 0
625682690344374272 0
625683399198552064 0
625683415963045888 0
625683969640521728 0
625688373630365696 0
625688541431894016 0
625690743441526784 0
625690785376178176 0
625691041224650753 0
625691104134983680 0
625691494226239488 0
625692471469703168 0
625693327111749632 0
625693406828703744 0
625694069495341056 0
625695076161712128 0
625695529134125057 0
625696535750279168 0
625698112821153793 0
625699127846776834 0
625699262039478272 0
625700876879990785 0
625701753476878336 0
625701908645310464 0
625702130951827456 0
625702332303446017 0
625702994990997504 0
625706149086658560 0
625706425910558720 0
625706996344463360 0
625708133025865728 0
625708309165789186 0
625708342716026881 0
625708380485722113 0
625708904773648384 0
625709538101039104 0
625709810739212291 0
625710364387332096 0
625711366826016769 0
625712209885179904 0
625712541218398208 0
625714084730662912 0
625714764195479553 0
625715632428855296 0
625715913463984128 0
625716186072936448 0
625716974610333696 0
625717549221556225 0
625717880559173632 0
625718102865670144 0
625718639723810816 0
625718639740743681 0
625720015485042688 0
625720288118902784 0
625721596712345600 0
625721928062361600 0
625722402039799808 0
625722880173604864 0
625723459017023488 0
625723966502604800 0
625724041987493888 0
625724151051870208 0
625724880865001472 0
625725874936119296 0
625726961222967296 0
625728324409667585 0
625728655751254016 0
625729121298055169 0
625729498777001984 0
625731004540399616 0
625731096819318784 0
625731239425785856 0
625731369440800768 0
625731566572933120 0
625732522895388672 0
625732686477455364 0
625732904589651968 0
625733126866644992 0
625734095767760896 0
625734280283422720 0
625734590678831104 0
625734963992915969 0
625734989158576128 0
625737790928613376 0
625737816090148864 0
625738369742581760 0
625740013922168832 0
625740106188627968 0
625742522111766528 0
625744996734488576 0
625745147762860032 0
625746275997102080 0
625746598992199680 0
625747278435737600 0
625747366549823489 0
625747685279035392 0
625747987285807104 0
625748259919777792 0
625749182666530816 0
625749631444627456 0
625749753100378112 0
625749946021490688 0
625750516442755072 0
625750784895021056 0
625750914910060544 0
625751216883171328 0
625752110278254592 0
625752802346713088 0
625753100150829057 0
625754966590889984 0
625755004352249856 0
625756547851812865 0
625756963083825152 0
625757063755485184 0
625758825354674178 0
625759072827125760 0
625759496443310080 0
625760377243103233 0
625760616335052800 0
625761123845844992 0
625762042402734080 0
625764215039619072 0
625765410433052672 0
625765653706895360 0
625766584838062080 0
625767591445860353 0
625769441146589184 0
625772121327800321 0
625773425747980288 0
625773476067065856 0
625773614479097856 0
625773622867722244 0
625773752899375104 0
625773979396112385 0
625774679823810562 0
625776168826843136 0
625776374351933440 0
625776437233123328 0
625776756029566977 0
625776810563923968 0
625777200600494080 0
625777959790469121 0
625778035283722240 0
625778446342426625 0
625778815432835072 0
625778895120302080 0
625779905947635712 0
625780933564592128 0
625781298443857920 0
625781587850973184 0
625782565111242752 0
625783127147986944 0
625783244621910016 0
625783513040691200 0
625785341740318720 0
625785866062045184 0
625788743325122560 0
625789527676858368 0
625789733214494721 0
625790899226812416 0
625790915978735616 0
625791087966339072 0
625791478019825664 0
625791494784286720 0
625791738066665472 0
625791830362353664 0
625792140740837377 0
625792304285122561 0
625792501455159296 0
625792685966692353 0
625793130592399360 0
625793822639980544 0
625794535692464128 0
625794971891662848 0
625795080926834688 0
625795995272658945 0
625796897047904257 0
625797098399748097 0
625797803030257664 0
625797949830877185 0
625798297970733056 0
625798327305531393 0
625798327318237185 0
625798553831669760 0
625798570592071680 0
625800516749144065 0
625800579680497664 0
625801292686979076 0
625801384961658881 0
625802152523468800 0
625802756494897152 0
625802945272094720 0
625804232902508545 0
625804769785978880 0
625804782339555328 0
625804803336093697 0
625804870444945408 0
625804920755720192 0
625805159864639488 0
625805239535276032 0
625806485247893504 0
625806690773041153 0
625806829176500224 0
625807370224939008 0
625807793866584065 0
625808049723305984 0
625808716621836288 0
625808846632542209 0
625809983301484544 0
625810000074530817 0
625810222376988672 0
625810599876792320 0
625810616628875265 0
625811841353035776 0
625811933644492800 0
625812130760032256 0
625812571187097601 0
625813225502863360 0
625813456193589249 0
625813917537816581 0
625815452653068288 0
625815691761946625 0
625815884683022336 0
625815926634643456 0
625815930828779520 0
625815955994574850 0
625816467708243968 0
625816488650387456 0
625816689997844481 0
625817092659511296 0
625818275448881152 0
625818816514248705 0
625820557137825794 0
625820569703985152 0
625821056276819968 0
625821391795916800 0
625821479880536064 0
625821857388855296 0
625823161800617984 0
625823199540871169 0
625823321179885568 0
625823618967146496 0
625824449447755776 0
625824977925898241 0
625825548355268608 0
625825950991806464 0
625826584369479680 0
625826844378402816 0
625826882131480576 0
625827892979593216 0
625828572444254208 0
625829432293519360 0
625829591660171264 0
625830074009321472 0
625830254356119552 0
625830816422080512 0
625831260993097728 0
625831881775411201 0
625833534310100992 0
625833601419071488 0
625834318661693440 0
625834419316764673 0
625836294157963264 0
625837074285989888 0
625838215165939712 0
625838844294791168 0
625839486031671296 0
625839934830579713 0
625839997740953600 0
625841847441752064 0
625845169322098688 0
625845530023825408 0
625846943516745728 0
625846972876984320 0
625847128057888768 0
625847195162382336 0
625850890323410944 0
625851385259630592 0
625851737581039616 0
625853675366391808 0
625854459701252096 0
625854577120677888 0
625854937855979520 0
625855004969046017 0
625855223039434752 0
625855940269465600 0
625856183551660036 0
625856313596186624 0
625859782285529089 0
625860189103636482 0
625860533032472576 0
625860625323798529 0
625860960885022720 0
625862269495287808 0
625863284520910850 0
625864349874302976 0
625864886745108480 0
625865968871321601 0
625867906644078596 0
625868145698455552 0
625868804204015617 0
625869403989671936 0
625871165601419264 0
625871530514358274 0
625871941539205120 0
625872809760305152 0
625872818161344514 0
625872960755097600 0
625873594115993601 0
625874743330107392 0
625875527681900544 0
625876605609603073 0
625876928570896384 0
625877012477968384 0
625877192828846080 0
625877280905150464 0
625877297661243392 0
625877574523092992 0
625877650003759104 0
625877838743252992 0
625878061024567296 0
625878144935985152 0
625878685992665088 0
625878782470168576 0
625878790858649605 0
625879210268057600 0
625879428371992576 0
625879495506046977 0
625879533250424833 0
625879625500073989 0
625879675856883712 0
625879889774780416 0
625880300803874816 0
625880485349171200 0
625880854468894720 0
625881038980521984 0
625881038984769539 0
625881152226762752 0
625881668159561728 0
625882578290110464 0
625882691561349121 0
625882825766469632 0
625882930645180416 0
625883270371119105 0
625883761087873024 0
625885149415251968 0
625885283645415425 0
625885606615347201 0
625887204615815169 0
625887322068905985 0
625888525850771456 0
625888630670626816 0
625888731338264577 0
625888731342471168 0
625888731350892544 0
625888970417659904 0
625889347909328897 0
625890232920051713 0
625890551687192577 0
625891428292534272 0
625891579295830017 0
625891923237076992 0
625892866943008768 0
625893307357483008 0
625893345097707520 0
625893781301137410 0
625894121022976001 0
625895349983416320 0
625895580640804864 0
625896046212702208 0
625896092371185664 0
625896289503326208 0
625896700532686848 0
625897329690677248 0
625897585535004672 0
625899741381967873 0
625900261513388033 0
625900714498220037 0
625900982900277248 0
625901582702391296 0
625903038121775104 0
625903600162570240 0
625904887805546496 0
625905642797199360 0
625906968192925696 0
625908562024267776 0
625908658480746496 0
625910097143857152 0
625910495594201089 0
625910843742404612 0
625911015700623361 0
625911082780094466 0
625911699359399936 0
625911732901277696 0
625912018135068672 0
625912659867611136 0
625913129629675520 0
625913683282145281 0
625913846826336256 0
625913943308017664 0
625914085922742272 0
625914358544121856 0
625914534700580864 0
625914639549902848 0
625917210662408192 0
625919014238195712 0
625919144257568768 0
625920515786543105 0
625922080274575361 0
625922600351326209 0
625922893969530880 0
625924475209560065 0
625925968394260481 0
625927121836314624 0
625927247648698368 0
625927738390548480 0
625928598201999360 0
625929487415439360 0
625930900874752000 0
625931907499446272 0
625931907499454464 0
625932234655178752 0
625934428292812800 0
625935829207126017 0
625936353499475968 0
625936881977421824 0
625937100064473088 0
625937351718518784 0
625938542917775360 0
625939063015501824 0
625939385964457984 0
625939977365553152 0
625940904285732864 0
625943777379749888 0
625943915816984576 0
625944490424049665 0
625944599480152064 0
625945169909649408 0
625945979393421313 0
625948198205566976 0
625948600862769153 0
625948869294166017 0
625949687191875584 0
625949901092995072 0
625950194673274880 0
625950513440251904 0
625950618327347200 0
625950916110217217 0
625952677697036288 0
625953491417214976 0
625954078590402561 0
625955986998603777 0
625956200912449536 0
625956884583981056 0
625957266282250240 0
625958751070199808 0
625958767822180352 0
625958897870737408 0
625959677994467328 0
625959816431800320 0
625960151959388160 0
625960730760622080 0
625960734971658240 0
625960743368790016 0
625960810469302273 0
625961674512728064 0
625962278483931137 0
625962303641550848 0
625962660161425408 0
625963142510678016 0
625963486426759169 0
625963922638696448 0
625964459522023424 0
625964660852948992 0
625966426629763072 0
625966737012338688 0
625967491999625216 0
625969052272467968 0
625969878541819904 0
625971581429231617 0
625973032666984448 0
625973296924893184 0
625973301094010880 0
625974869755166721 0
625974991406899200 0
625975058536607745 0
625976073520549888 0
625976971114246144 0
625977298295103488 0
625977524770598913 0
625977768023449600 0
625979961669586944 0
625980632741494784 0
625980867635245056 0
625981710665142272 0
625981786191826944 0
625982276912857088 0
625982469850804224 0
625982562117156864 0
625983153526607872 0
625983199680659456 0
625983543580225536 0
625983979791994880 0
625984210495492096 0
625985766586363904 0
625986525755502592 0
625987813406851072 0
625988094433439745 0
625988182513991681 0
625988362868895744 0
625989101049659393 0
625990711649943552 0
625990925559406593 0
625991646983753728 0
625992620079226880 0
625993895155863552 0
625994432026947585 0
625994947905257472 0
625995128247717888 0
625995774183079937 0
625996512397430785 0
625996634011242496 0
625996634015424512 0
625996667582578688 0
625996696951070720 0
625996709496233984 0
625996764026433536 0
625996772435980292 0
625996814362234880 0
625996814383226880 0
625996818577494020 0
625996881462710272 0
625996915054878720 0
625996948605173760 0
625996982159601664 0
625997028300984320 0
625997103765061633 0
625997103773323264 0
625997200242384896 0
625997305091592192 0
625997305108398080 0
625997342848647168 0
625997342869725185 0
625997380601651200 0
625997409961832448 0
625997586105696256 0
625997774857891843 0
625997888120721408 0
625997925865406464 0
625997997176807424 0
625998022317604864 0
625998118799187968 0
625998122980765697 0
625998236252155904 0
625998320125743104 0
625998500501843968 0
625998613743702018 0
625998869567029248 0
625999070910414848 0
625999393850793984 0
625999477749321728 0
626000043988922368 0
626000085936140288 0
626000224356564992 0
626000421488869376 0
626001000294424576 0
626001189050707968 0
626001289676197888 0
626001361004593153 0
626001688139276288 0
626001885292462081 0
626001931408961537 0
626001973351972864 0
626002233423859712 0
626002417977438208 0
626002615084560385 0
626002841572872193 0
626002946434707456 0
626003583981518848 0
626003680454643712 0
626004045346512896 0
626004292822962176 0
626004301220052992 0
626004334753394688 0
626004431218343937 0
626004687095926785 0
626004737415102465 0
626004980684689409 0
626005186197241856 0
626006188644106240 0
626006264137453569 0
626006268319268864 0
626006398351110144 0
626006746494992384 0
626006759056936960 0
626006763242827776 0
626006863914532866 0
626006939441324033 0
626006977186004992 0
626007564392767488 0
626007669220872192 0
626007895709237248 0
626008046720778240 0
626008629712408576 0
626008780719976448 0
626008940111728640 0
626009003005509632 0
626009414055645184 0
626009430824333312 0
626009472792702976 0
626010089334394881 0
626010261313425408 0
626010622019305473 0
626010907252953089 0
626011045643980806 0
626011075025178624 0
626011158911315968 0
626011246966370304 0
626011393767178240 0
626011460901015552 0
626011574147358720 0
626012375234293764 0
626012542998065152 0
626012748527243264 0
626013008574185472 0
626013625136885760 0
626013927135182849 0
626014195578875904 0
626015999125549056 0
626016204650639360 0
626016502416822272 0
626016535983878144 0
626016544376537088 0
626016548591898625 0
626016968009715712 0
626017345497137152 0
626017425201479680 0
626018628937363456 0
626018922542661632 0
626019052578828288 0
626019790784733184 0
626019924989743105 0
626019962734387200 0
626019992111292416 0
626020176627113984 0
626020919023128576 0
626021657224839168 0
626022101842034688 0
626022479316697089 0
626022957450678273 0
626022961674387456 0
626023028787249156 0
626023112656691200 0
626023947344154624 0
626023951521570816 0
626024949774286849 0
626025490835374080 0
626025784436592642 0
626025851553886210 0
626025889269157890 0
626025897678639105 0
626026191263268864 0
626026916873662464 0
626027063678517248 0
626027084671000576 0
626027315366133760 0
626027344700944384 0
626027411818344448 0
626027478943956992 0
626027722205171712 0
626027743185141760 0
626028313576931328 0
626028523296292864 0
626028586227601409 0
626028724648026112 0
626029303453646849 0
626029349586780160 0
626029664167948288 0
626029911644446720 0
626030096193687552 0
626030175873011712 0
626030247176241153 0
626030616287576065 0
626031371249692672 0
626031870380105729 0
626032176556023812 0
626032461760364545 0
626032528881807360 0
626032759564189696 0
626032839264333824 0
626032851839000576 0
626034156267548672 0
626034290493534209 0
626034563127488512 0
626035280332505088 0
626035477473308672 0
626035527792377856 0
626035842390335489 0
626037041957052416 0
626037482350620673 0
626037536880635909 0
626037708830470144 0
626037822072463360 0
626037826266767360 0
626037893371269120 0
626038463796785152 0
626039155865292800 0
626039193613938688 0
626040296716005377 0
626040460293873665 0
626040602916978688 0
626040665831526400 0
626042012203024384 0
626042188338757632 0
626042330970238976 0
626042549044662272 0
626043102717980672 0
626043232724586497 0
626043266291625988 0
626043316619079680 0
626043392112357380 0
626043392116404224 0
626043782195101696 0
626044059002388480 0
626044260328968192 0
626044356789673986 0
626045325707505664 0
626045816424243200 0
626045866776883200 0
626046097463455744 0
626046768552112129 0
626047074702790657 0
626047645153411072 0
626047783544442880 0
626047808731262976 0
626048186197655552 0
626048374970679296 0
626048433674059776 0
626048731478032384 0
626048802789535744 0
626049293489696768 0
626049335457918980 0
626049763280969728 0
626049817781743616 0
626050082014519296 0
626050233038934016 0
626050266585006080 0
626050719548706817 0
626050841187782656 0
626051935934763009 0
626051952678449152 0
626052107901267968 0
626052116268761088 0
626052300801314816 0
626052732848316416 0
626052976117821440 0
626053592647077888 0
626053672376537088 0
626053705926844416 0
626054167300321280 0
626054939027095553 0
626055958263922688 0
626056138627371008 0
626056436422938624 0
626056922924384258 0
626057195575095296 0
626057208170737666 0
626057266874175488 0
626057384318922752 0
626057514329743360 0
626057665349877760 0
626057690494537728 0
626057833126084608 0
626057875048275968 0
626058026047406080 0
626058546145271808 0
626058583877160960 0
626058604848746496 0
626058793609244672 0
626059317893050369 0
626059397597425664 0
626059749897932805 0
626060039309139968 0
626060089657556992 0
626060181898571776 0
626060186126557189 0
626060282591354880 0
626060588750368768 0
626061159196717056 0
626061578635448320 0
626061675100270592 0
626063189252403200 0
626063373772304384 0
626063377983512580 0
626063868691746816 0
626063893882736640 0
626064313300709376 0
626064535619678208 0
626065328334897156 0
626065487718387712 0
626065659684720640 0
626065772926869504 0
626067643569586176 0
626068264347652096 0
626068348242018304 0
626068432115625984 0
626068440512466944 0
626069031892688896 0
626069065463939072 0
626070369879724032 0
626070411835514880 0
626070487324585984 0
626071259072167936 0
626071263283429376 0
626071795947470848 0
626071871440576514 0
626071972124991488 0
626072483817324544 0
626072974542528512 0
626073020700844032 0
626073045849894913 0
626074115376590848 0
626074820028047360 0
626075839247978496 0
626075994462515200 0
626076703299870720 0
626077370194239488 0
626077433104461824 0
626077437303103488 0
626077487609573376 0
626077655398531072 0
626077969979539457 0
626078431315394560 0
626078506825478144 0
626078536210608128 0
626078620084121600 0
626079307941543936 0
626079588968366080 0
626079614142648320 0
626080113247956992 0
626080247453081600 0
626080595601440768 0
626080603977465856 0
626081790952779776 0
626082193635303425 0
626082545931821056 0
626084076856938496 0
626085628749463552 0
626085876213256192 0
626086190807154688 0
626086769625288704 0
626086786373029888 0
626087096755695616 0
626087553930797056 0
626087579121680384 0
626087793035489280 0
626087801390505984 0
626087813994299392 0
626087818192941057 0
626087826573144064 0
626087826593943552 0
626087834953322496 0
626087851730415616 0
626087855924887553 0
626087918831017984 0
626087927223877632 0
626087964989366272 0
626087990171975680 0
626088027916406785 0
626088032093999105 0
626088040478429184 0
626088044693729280 0
626088061458251776 0
626088061470941184 0
626088069851123712 0
626088090797522944 0
626088115975761921 0
626088120170205184 0
626088128554618880 0
626088136934690816 0
626088141141573632 0
626088195667722240 0
626088262780755968 0
626088287950737408 0
626088296326803456 0
626088359270682624 0
626088397002571777 0
626088409602375680 0
626088430544551936 0
626088472516915200 0
626088514447347712 0
626088598320844800 0
626088631875321856 0
626088699005014016 0
626088707368468480 0
626088778667532289 0
626088799651647488 0
626088803833356289 0
626088808035958785 0
626088829020024832 0
626088841603100672 0
626088849991692288 0
626089005159813120 0
626089131022487552 0
626089156188446721 0
626089290393604096 0
626089332324061185 0
626089378486554625 0
626089407821533185 0
626089412007477248 0
626089470736080896 0
626089529477332992 0
626089617553530880 0
626089969858289664 0
626090066335502336 0
626090099898499072 0
626090179598483456 0
626090359936942081 0
626090368333840384 0
626090410251653120 0
626090443835576321 0
626090456401752064 0
626090506716639232 0
626090586433540096 0
626090598999687169 0
626090682915102721 0
626090812930035712 0
626090838091780096 0
626090972309385216 0
626090984879710208 0
626091089724702720 0
626091135870435328 0
626091219756691457 0
626091567892312064 0
626091756644380673 0
626092041865424900 0
626092150913134592 0
626092394178551808 0
626092427707858944 0
626092469675884544 0
626092482258948096 0
626092612273881088 0
626092658419757056 0
626092947822346240 0
626093010724327424 0
626093216270536704 0
626093572773670912 0
626093581149679616 0
626093971219968000 0
626093992216674305 0
626094264825417728 0
626094319368318976 0
626094352931012612 0
626094453590257664 0
626094914950950912 0
626095095314542592 0
626095514744832000 0
626095686681935872 0
626095980321095682 0
626096051590705152 0
626096080963403776 0
626096085166108672 0
626096215176843264 0
626096362002616320 0
626096437487505408 0
626096882079637504 0
626097234380128256 0
626097788040949760 0
626097817401073664 0
626098161325465600 0
626098215876718592 0
626098262001459200 0
626098312320557057 0
626098404595212288 0
626098790483795968 0
626099113436643328 0
626099151198097409 0
626099574835425281 0
626099868419903488 0
626099960715476992 0
626100044576501760 0
626100162025230337 0
626100203972464640 0
626100325586374656 0
626100455605706752 0
626100505975107584 0
626100535297503232 0
626100535335108608 0
626100552112455680 0
626100761827647488 0
626100786985070592 0
626100795382042624 0
626100833114017793 0
626100950554550272 0
626101374158282752 0
626101374179110912 0
626101441283932160 0
626101449655742464 0
626101504215224323 0
626101558728638465 0
626101617448726532 0
626101898463059968 0
626101999122161664 0
626102041056776192 0
626102057859215361 0
626102229812903936 0
626102229821456384 0
626102385018941440 0
626102556951863296 0
626102951245844480 0
626103215470325760 0
626103366473674752 0
626103404218068992 0
626103441987735552 0
626103450376368128 0
626103592978546688 0
626103655888896000 0
626104264042127360 0
626104268236398592 0
626104285009309696 0
626104817715384320 0
626105283287347200 0
626105430071062528 0
626105744622948353 0
626106004699283456 0
626106382186471424 0
626106507986370565 0
626106679990591489 0
626106713545011200 0
626106986141196288 0
626107044873900032 0
626107044878102528 0
626107065828663296 0
626107116177203200 0
626107321702154240 0
626107413977014272 0
626107741136785408 0
626107967608258560 0
626108127021117440 0
626108185741410304 0
626108210882068481 0
626108743579635712 0
626108957472325632 0
626109041354391552 0
626109959919370240 0
626110438087000065 0
626110442243493888 0
626110840706613248 0
626110941399117824 0
626111360825446400 0
626111650224017408 0
626111989966700544 0
626112275171119104 0
626112438732226560 0
626112715556192256 0
626112778504437760 0
626112992417984512 0
626113386669957120 0
626113608943054848 0
626113692841713668 0
626113978066956288 0
626114493974753280 0
626115580282712064 0
626115643193053184 0
626115848734781440 0
626116498851889152 0
626117501286379520 0
626117555808305152 0
626118050715185152 0
626118176548519936 0
626118273021702144 0
626118545647251456 0
626118730204991488 0
626119288068407296 0
626119548115288066 0
626119732656091137 0
626119921391435776 0
626120248534523904 0
626120806372900864 0
626121188066996224 0
626121305490853888 0
626121326483361793 0
626121557178511360 0
626122085664854016 0
626122664470384640 0
626122844808712192 0
626124186981941248 0
626124220540522496 0
626124442863824896 0
626124799375360000 0
626124983912128512 0
626126124783833088 0
626126288344866816 0
626126300927934464 0
626126565185695744 0
626126779082797057 0
626126959425273856 0
626127580199002113 0
626128456812597249 0
626128729417322496 0
626128813311848448 0
626129148876992512 0
626129312454807552 0
626129459230453762 0
626129689912807425 0
626130004515139584 0
626130025465540608 0
626130365195907072 0
626130474268794888 0
626130553952022528 0
626130889504899076 0
626130994341519360 0
626131417966186496 0
626131761899114496 0
626131824813703168 0
626132189722357760 0
626132344932552704 0
626132529469370369 0
626132873414733824 0
626133087324389376 0
626133343147544576 0
626133611591417856 0
626134328825786369 0
626134358194176000 0
626134513375051776 0
626135599691358208 0
626135666787766272 0
626135763273580544 0
626136052680495104 0
626136098826272768 0
626136312714670080 0
626137852036841473 0
626139060000673792 0
626139944986275840 0
626141123598249985 0
626141454948298757 0
626141882775568385 0
626142318953762816 0
626142381889294336 0
626142423828275200 0
626142641915236352 0
626142809721057280 0
626143422076874752 0
626144147708100608 0
626144739100721152 0
626144978171990016 0
626145066260762624 0
626145187866148864 0
626145234032922624 0
626145716348526592 0
626147196963037184 0
626147545060888576 0
626147578623717376 0
626148430067294209 0
626148564293566464 0
626148832707940352 0
626148878845263872 0
626149122127601665 0
626149315069657090 0
626149650634899456 0
626149944211062784 0
626150116198621185 0
626150434948775936 0
626150741120548864 0
626151911331201024 0
626152553076629504 0
626152704084168704 0
626153366754693120 0
626153370944995328 0
626153442269077504 0
626153471608164352 0
626153714903085056 0
626154197256286208 0
626154205636472832 0
626154419550195712 0
626154629261340672 0
626154650237014016 0
626155199686647808 0
626156101470261248 0
626156520888254464 0
626156772529709056 0
626157074515279872 0
626157598803275776 0
626157686921502720 0
626157825312423936 0
626157993101512704 0
626158064383733761 0
626158106322579458 0
626158907438800896 0
626159037474861056 0
626159314311491585 0
626160086029697024 0
626160513853091840 0
626160606136172544 0
626161180772581377 0
626161218500300800 0
626162518759735296 0
626162531321524224 0
626162799773790209 0
626163009472364544 0
626163248539131904 0
626163777025744897 0
626164431324471296 0
626166385882705920 0
626166650144989184 0
626168596297875456 0
626168789235826689 0
626169690990088192 0
626169695175979008 0
626169779083210753 0
626171003811463169 0
626171779774611458 0
626172572502110208 0
626172752836190208 0
626174447335174144 0
626174992586252288 0
626175961495699456 0
626176003446943744 0
626176108275367936 0
626176452229206016 0
626176523503013888 0
626176536111116288 0
626176741623492608 0
626177064601694208 0
626178599683383296 0
626178738116542464 0
626178826201137152 0
626178998167539712 0
626179392436367360 0
626179476293033984 0
626179589547528194 0
626179597927870464 0
626179698607964160 0
626179937666510849 0
626180017366695936 0
626180361299464192 0
626180755555774464 0
626180843652947968 0
626180982069141504 0
626181762222264320 0
626181925770776577 0
626182169073975296 0
626182307460722688 0
626182521382809600 0
626183087609610240 0
626183226009251840 0
626183632848310272 0
626183813228425216 0
626183829988839424 0
626183850981396480 0
626184249448787968 0
626184333297090560 0
626184467527266304 0
626184996009680897 0
626185163769290752 0
626186145240514561 0
626187361584611328 0
626187890096078848 0
626188192056643584 0
626188775077482496 0
626189077092544513 0
626189160953442305 0
626189181912530944 0
626189374888243200 0
626189420987748352 0
626190163388035072 0
626190981298163716 0
626191467816595456 0
626191505594650624 0
626192461866532864 0
626192759658020864 0
626193053255122944 0
626193468507840512 0
626193481099309057 0
626194034759979008 0
626194290578952192 0
626194311575683074 0
626194567398825984 0
626194714216255488 0
626195288844275712 0
626195506960670721 0
626195603408711680 0
626195670504972288 0
626195674724331520 0
626195775362629632 0
626196001871822848 0
626196102547640320 0
626196161267810304 0
626196169643810816 0
626196190607114240 0
626196253513261056 0
626196337432915969 0
626196740060880896 0
626196807190646784 0
626196811385053184 0
626196962379964416 0
626196979127705600 0
626197390203219968 0
626197499229945857 0
626197671217246208 0
626198816253956096 0
626198996592250880 0
626199365699399680 0
626200368146436096 0
626200699475468292 0
626200720451092480 0
626201420891467776 0
626201441871466496 0
626201525782646786 0
626201550923259904 0
626201664165429248 0
626201680946831364 0
626201794201407488 0
626201945196335104 0
626201982953517056 0
626202159126851588 0
626202180060585984 0
626202217838718977 0
626202226222960640 0
626202603710488576 0
626202637260591104 0
626202700158496768 0
626202750498385920 0
626202914101444608 0
626203014735355904 0
626203320944840705 0
626203333523542016 0
626203924928851968 0
626204268828205056 0
626204340156559360 0
626204365318033408 0
626204491126321153 0
626204616972066816 0
626204726036668416 0
626204742809690112 0
626204856043368448 0
626204969310380032 0
626205346776809472 0
626205585868873728 0
626205871064768512 0
626205980133605376 0
626206307289182208 0
626206814799945728 0
626207028684431360 0
626207037077241857 0
626207196473356288 0
626207234196770818 0
626207590716801026 0
626208081471520768 0
626208379258699777 0
626208412813144064 0
626208442160541700 0
626208622540775424 0
626208748365873152 0
626208786118606848 0
626208886786248704 0
626209423657172992 0
626209805309378561 0
626210262492680192 0
626210577078206465 0
626210639971680256 0
626210736478515200 0
626210866464059392 0
626210933598089216 0
626211529172647936 0
626211797637427200 0
626212120569352192 0
626212229621358592 0
626212472903606273 0
626212523214155777 0
626212720384192512 0
626213513082482688 0
626213743794372608 0
626213978637778944 0
626214398072262656 0
626214800759001088 0
626214825903828992 0
626214993697079296 0
626215245346963456 0
626215488612376576 0
626215933212815360 0
626216029681766400 0
626216432343379969 0
626216696563527680 0
626217304729235456 0
626217527018954752 0
626217724172111872 0
626217740962033664 0
626217791272546304 0
626217795458433024 0
626218009367973889 0
626218063919206400 0
626219066328399872 0
626219141842751488 0
626219355739545600 0
626219502569570304 0
626219523541086208 0
626219829721202688 0
626219959719301120 0
626220265907818500 0
626220542736105472 0
626220651800580096 0
626220689536716800 0
626221385799503872 0
626221872317739008 0
626221956216549376 0
626221985576689664 0
626222325340344321 0
626222350472753153 0
626222858008690690 0
626223399052922880 0
626223420020248576 0
626223508129869824 0
626224225360068609 0
626225055828086785 0
626225114544230400 0
626225429095972864 0
626226108573319168 0
626226616105062402 0
626227249453355008 0
626227484334419968 0
626227694049599488 0
626227773732990980 0
626228268664881152 0
626230030255833092 0
626230416127606785 0
626231133378899968 0
626231171123294208 0
626231296944017408 0
626231364036079616 0
626232039344328704 0
626232840443703296 0
626233226319777792 0
626233578658111488 0
626233691866533888 0
626233763199102976 0
626233998084280320 0
626234065176367104 0
626234111330422784 0
626234316826132480 0
626234350405705728 0
626234828556349440 0
626235344430612480 0
626235726108192769 0
626236283954835456 0
626236741154942976 0
626237051533275136 0
626237240277082112 0
626237705849020416 0
626237718406766592 0
626237751965417472 0
626237814905155584 0
626239731668422656 0
626240125941497856 0
626240637663375360 0
626240855767142400 0
626241501677268992 0
626242336356302849 0
626242424420044800 0
626242583820435456 0
626243611399553024 0
626243644983541760 0
626243988907909120 0
626244165068824578 0
626244173461590016 0
626244722898694144 0
626245469501550592 0
626245704365674496 0
626246589388972032 0
626246966851305472 0
626247025575604225 0
626247025583992832 0
626247226906570752 0
626247663118348288 0
626248355161767936 0
626248753645666304 0
626249378567733248 0
626249709942784000 0
626250028701495297 0
626250242598543360 0
626250292930158592 0
626251320559857664 0
626252448794025987 0
626253249931296769 0
626253258307313664 0
626253572871581696 0
626254164264288256 0
626255066052214784 0
626255259007086592 0
626256185923014656 0
626257926567665664 0
626257934951952385 0
626258668963524608 0
626258681563209728 0
626258819966980097 0
626259503617458176 0
626259948222181376 0
626260371872055296 0
626260518660100096 0
626261181360009216 0
626262519347175429 0
626262540297699328 0
626262649341239296 0
626262817142874116 0
626263236573163525 0
626263806985965568 0
626264494864404485 0
626265308538519552 0
626265673451212801 0
626266193532465152 0
626266906564018176 0
626267250530627584 0
626267330209779712 0
626267510552285184 0
626267644761509888 0
626267871249829888 0
626267938396336129 0
626268194219630592 0
626268366198583296 0
626268391355977729 0
626269318314098688 0
626269439919566848 0
626269439957331968 0
626272023648428032 0
626272027834318852 0
626272040404684800 0
626273126750359553 0
626273307092893696 0
626274619910135808 0
626275941124321280 0
626276486362738689 0
626279627904815104 0
626280131221270528 0
626280273844371457 0
626280835868663808 0
626281012021080064 0
626283658639503360 0
626283830614327297 0
626284489120088064 0
626284505897299974 0
626285319592108032 0
626285667689955328 0
626286057785528320 0
626286439433637888 0
626286514947928064 0
626287689344663552 0
626287882299293697 0
626288016512827396 0
626288343656071168 0
626290096904519680 0
626290101082005504 0
626290277255409664 0
626290373699178496 0
626290767963779072 0
626291053193261060 0
626291275470209024 0
626292089161060352 0
626293825611264000 0
626294370879143936 0
626295889221562368 0
626296581260644352 0
626298925876547584 0
626299269822214144 0
626300171618353152 0
626300259665362944 0
626303434765963265 0
626303443158876160 0
626303682242584576 0
626305984911273984 0
626307813611044864 0
626308275005431808 0
626309180983480321 0
626309575235383296 0
626310107903754240 0
626311118726819841 0
626311496226598912 0
626312209245839360 0
626312792262447104 0
626314113484918784 0
626315124291317760 0
626316013479444481 0
626318362302357504 0
626318563628879872 0
626318752385253376 0
626318915958874113 0
626318920136441856 0
626319620576641024 0
626319742245183488 0
626320727873093632 0
626321323472482304 0
626321533196177408 0
626321881302437888 0
626322963462230020 0
626323114436136960 0
626324607629426688 0
626325018666860544 0
626325622629863424 0
626325643626569728 0
626325769455816704 0
626326159500906496 0
626326817998114817 0
626327786890887169 0
626328172766851072 0
626328277632860160 0
626328768374796288 0
626329162622464000 0
626329259083104256 0
626330811005030400 0
626332018951917569 0
626332513884078080 0
626333373733191680 0
626333986063671296 0
626334996911931392 0
626335634425315328 0
626336347473747968 0
626337635137646592 0
626338914400231424 0
626338931152281600 0
626339317024223232 0
626339501573582848 0
626339539351552000 0
626343712688373760 0
626344744491307008 0
626345033860521984 0
626346757723717632 0
626348653557346304 0
626348846516445184 0
626351119829237760 0
626351904130531329 0
626352441026592769 0
626352491345612800 0
626352793327001600 0
626353313420832768 0
626354122955075584 0
626354513016819712 0
626355079243694081 0
626356866017325056 0
626358262707961856 0
626358396917313536 0
626358929619087360 0
626359072208625664 0
626359286118137856 0
626360221456150528 0
626360712194064384 0
626360926082625537 0
626361148384784384 0
