28965792812892160 11
28967095878287360 16
28967672074993664 13
28967914417688576 23
28968479176531969 4
28968581949558787 22
28969422056071169 16
28971749961891840 1
28973080491589632 1
28974862038994945 16
28974904342740992 1
28976409057697792 7
28976831738683393 16
28977078074343425 12
28977806142603264 2
28978641706684416 1
28978659108855809 16
28978692289994752 1
28978703102902273 1
28979189172412416 3
28979992025104385 1
28981073769660416 13
28981945648021504 22
28982306546913280 13
28982468296056833 2
28984121623576576 3
28984180876509184 0
28986888295550977 4
28988056103030785 1
28988679422738432 13
28991176921063424 7
28994160543408128 2
28994302659006464 13
28994415271878656 13
28995339910389760 20
28999985865424896 1
29002642571132928 1
29005862890643456 6
29007171412819968 20
29009276655636480 14
29009602066522112 2
29010214539763712 18
29011014699712512 1
29012766593384448 16
29012851536433152 2
29013131535581185 8
29013250238586880 5
29013441859555328 22
29013847473913857 13
29014332280938497 7
29015605554188289 0
29016926957084672 8
29017191445692416 18
29017327156592641 8
29017472875102209 10
29018239753256960 8
29018577633804288 1
29019891558252544 16
29019891822493696 16
29020394044260352 7
29021146103939072 1
29024308256841728 8
29026821307633665 1
29028073680674816 8
29028510521630720 13
29030764767088641 7
29030848766414848 12
29031139016445952 1
29033090055667712 13
29033478980894720 0
29035904588845056 22
29036103193337856 13
29036629293273088 17
29036816577335297 11
29036864241405953 30
29038355773657088 22
29040431006220288 7
29040434730762241 7
29041201420181504 11
29042615496216577 13
29043623660097536 13
29047015467917312 8
29047424135729152 11
29047669389271042 18
29050818732761088 1
29052291231252481 2
29052635168378880 13
29056059649822720 14
29058588605423616 2
29058623388778496 14
29058771531595776 7
29058812631580673 22
29061870996426752 20
29063040141885440 18
29063772995854336 12
29064561537585152 1
29065426277244928 2
29071969169182720 8
29072363442147329 1
29072661762023424 1
29073665941311489 2
29074237117440000 16
29076614587351040 22
29077290914680832 14
29077633538990080 18
29078328514187264 11
29078682777681920 2
29079234555150336 1
29084350452600832 7
29085488702824448 2
29085649403387904 1
29087393730527232 22
29088437193674752 0
29088769479016448 22
29091393200717824 1
29091743618039808 35
29092904379097089 10
29093916263321600 7
29095227042045952 13
29095951092162560 13
29096638077214720 1
29096870043197440 22
29098825436102656 0
29099298461319168 1
29099316220002304 7
29100379476066304 7
29100380419792897 7
29101955431276544 8
29103119283523584 7
29104248104951808 1
29104314123292672 10
29104841708015617 23
29105101847138304 16
29105358521769984 13
29106262545268736 2
29106526375383040 23
29107027947036672 14
29107028639092736 14
29107950761017344 0
29110953991741440 1
29111389117222913 8
29112368654974976 20
29113753194725376 0
29114303076372480 1
29114521511534592 7
29114635131031553 0
29114803469422592 13
29115103752228864 13
29116319165054976 2
29117892305879040 3
29118142898774017 0
29119858486546432 22
29121866333425664 1
29123189728616448 13
29123642625368064 1
29124540076400641 0
29125863362531328 2
29126956435906560 2
29128265566261248 1
29129506572734464 0
29132141535170560 11
29134791727124480 8
29135654331879425 1
29136769857359872 7
29137857578803200 13
29138077012205568 18
29138949117054976 13
29139325186736128 8
29140507888193536 7
29140664843247616 16
29140809852919808 2
29141590802956288 3
29141602358272000 3
29143112831995904 1
29144586089660416 5
29145239897776128 1
29146553318903809 13
29146763931680768 1
29147252261920768 2
29148548893253633 0
29150999595712512 1
29151488777388034 14
29152079591247872 0
29153973357252608 8
29154219843911680 3
29155795539066880 0
29158862636457985 1
29164514175881216 7
29166436077273089 17
29166438837133312 0
29166967269097473 11
29168296024604672 22
29168726137901056 1
29171452892684288 0
29171459813281792 0
29171861619216384 1
29172176569507842 7
29173446634115072 5
29173602393784320 1
29175079959011328 0
29175166785290241 0
29175211366547456 3
29176831886229505 35
29178579929538561 22
29179771002814465 11
29180827543801856 2
29181179513020417 8
29181964837715968 20
29182482070904832 3
29183559537262592 0
29186470539427841 3
29186969426726912 8
29187116969758720 22
29188097493180417 1
29188847954821121 11
29189252570939392 1
29189562559369218 0
29192127565004803 0
29192228123447296 7
29192428552454144 22
29194258317578240 13
29195285909471232 13
29196522360938496 7
29196777391390720 8
29197242816528385 1
29197406167900160 20
29197670975279105 22
29197831495483392 12
29200247053885440 23
29200769030815745 8
29201546298265601 0
29201550891028480 0
29203588412604416 1
29203713767772160 8
29204967151640577 3
29205049238364160 16
29205210224132097 3
29208577998594048 1
29208662060830721 3
29208901270380544 16
29209195513380864 0
29210488889937921 16
29211381676900352 7
29214357573337088 2
29215491029467136 13
29215711926685696 3
29216912974020608 1
29217387161059329 1
29218495354904576 8
29222279778926592 5
29222540199075840 2
29223206648815616 13
29226514037866496 22
29226741591441408 22
29226904787623936 5
29227384355954689 3
29227416035524608 5
29228028110307328 7
29230144925212672 22
29230625923792898 0
29231694141722624 2
29233976694546433 2
29234496406560768 22
29235792475852800 17
29235914429440000 2
29236957544456193 1
29237069125525504 12
29238274983723008 13
29241634667364352 3
29242044727697408 18
29242412538793985 2
29243435076558848 20
29243589611487232 5
29243795040116736 20
29244811177361409 23
29246402953482240 2
29246644692197377 0
29246794013614080 1
29246836107644928 11
29247069965262849 7
29247566075924480 1
29248153114906624 5
29249383400738816 1
29250441338425344 0
29250490843791360 22
29250575958810624 12
29251107381317632 1
29251507526307840 8
29251554775146496 1
29251730197712897 3
29254971430014976 23
29255276477554689 16
29256455995527168 22
29256538929500160 4
29257299906269184 22
29259665913151488 16
29260687704334336 35
29261940865892352 1
29262481184522240 1
29262698759856128 2
29263153892167681 14
29263176147140608 10
29263476715159553 16
29263670991126528 8
29263731053568000 22
29266440230019072 8
29266864873938944 0
29267269871734784 1
29272175030566912 8
29272545265975296 7
29272648764624896 8
29275053019369472 1
29277341330964480 14
29277466086342656 2
29277566439268352 20
29277801056043008 30
29278178451132416 1
29278582916251649 2
29279658964946944 14
29281084667596800 0
29282124716572673 1
29283019516813313 0
29283034075238400 22
29283663715762178 20
29285714403262464 8
29286944739434496 3
29286953627156480 5
29287792064339968 9
29289103866470400 1
29289771616436224 11
29290389810708480 1
29290573068247040 3
29292552209305600 1
29293919611133953 14
29294490275549184 3
29294970749849601 22
29297215990140928 2
29299895592554496 13
29300211947929600 2
29300432631234560 7
29301031120666624 8
29302423323414528 22
29303172388356096 2
29303621862559744 5
29305405138010112 22
29305604833017856 14
29306324906938368 16
29306705099624448 2
29307412297023488 30
29310054939238400 14
29311442557599744 8
29311598619262976 13
29311701673312256 1
29311751300317184 1
29312275479269376 3
29314381577723906 14
29314636050337792 14
29314641565847553 8
29315509799354368 1
29316453584867328 13
29320064947716096 3
29320241817325568 1
29321101733531648 8
29321310815387648 0
29323727535611905 1
29323783848329217 13
29325854488133632 8
29327276457857024 14
29327417629741056 5
29327826977030144 2
29327931427786752 3
29328192661618689 22
29329475531440129 13
29330291977883648 3
29331173427642368 8
29331910735958016 17
29331967497474048 2
29335042605977600 11
29336280995201024 22
29338126753202176 11
29338823653597184 14
29339489428045824 0
29340097937670144 22
29341103475916800 0
29341219486175232 30
29341940289904640 3
29342662498721792 3
29344909521588224 6
29347682497597440 3
29348720315203584 1
29350697359118337 2
29352089729634304 1
29353838351753217 22
29353925098344448 0
29354370453737473 2
29354563387523073 2
29354629007413248 13
29355599888125952 1
29355674039230464 16
29356159487967233 13
29356702981693440 3
29358297316327424 1
29359106275934208 7
29360570884956162 8
29361000377491456 23
29361168602636288 8
29362083367751681 2
29364039217840129 3
29367651801243648 8
29367743086075904 2
29368515894968320 22
29369814963191808 8
29369935687852032 1
29370043007500289 1
29371237864050689 2
29373310793949184 2
29373617028472832 3
29373860709142528 22
29374780612280321 1
29374874547912704 5
29375766793818113 14
29376703235100672 14
29376746486759424 0
29376866024427521 0
29377106878140417 22
29377314487799808 22
29377629832355840 10
29377651575627776 22
29378734347784193 11
29378827184504832 2
29379320292048896 10
29379848849858560 0
29379929242083328 16
29382130890964992 22
29382613344976897 0
29383227986677760 1
29385533499121665 11
29385989419966464 8
29386634248069120 10
29387692747788288 11
29387729661861888 22
29390531972825089 22
29391076510924800 8
29391931402358784 22
29392004358086656 1
29392044615008256 4
29392172935548928 0
29392648619954176 14
29393829845012480 13
29393905912905731 10
29394046883471360 2
29394719003910145 22
29395125557792768 8
29396791782805504 1
29397230024654848 1
29397858130075649 14
29399484085567488 16
29400947352403968 2
29401850142785536 13
29403913698414592 14
29404802370772992 1
29405551733510144 8
29406191079661568 22
29410053614206976 0
29412531344773120 16
29413932825321472 17
29417193758269440 13
29418121320206337 14
29418453752356865 23
29418788302622720 8
29418941566681088 13
29420719704117248 8
29421763876102146 8
29422588073607169 22
29422667366932480 14
29423124244074496 22
29424205585981440 2
29425694391930880 22
29427033297653760 23
29427913786920960 20
29428094217490432 18
29429262054334464 3
29430086130212865 14
29431560562282496 13
29431896442146817 7
29432310688391170 14
29433278888943616 2
29433614332592129 22
29434109830889472 11
29434736841588736 7
29436803878490112 10
29437469254492160 1
29437816727404544 16
29441565659238400 20
29442086180749312 1
29442450091147264 0
29443820294770688 22
29445578987413504 13
29447012155920384 13
29447130691145728 2
29447434786570241 8
29449234998628352 8
29450168357101568 13
29451123202981888 1
29454529678282752 5
29456912244285440 0
29460785918906368 2
29460827396378625 5
29461320667504640 14
29462246866292736 2
29462377116209152 2
29462722907217920 0
29463245546856448 0
29463557699538944 2
29463996230799360 1
29466565372018689 14
29467210300792832 20
29467337606307840 13
29469763075842049 7
29469928306245633 1
29470861052354560 1
29471048739065857 0
29476982622257152 2
29476995184205825 8
29479429189144576 0
29481716678660096 3
29482572392169473 3
29484939808350208 30
29485632304717824 1
29488481063407616 2
29488990407098368 1
29491383353999360 1
29492186055708672 18
29492612956160000 13
29493104444706816 7
29494391810818048 1
29496396902039552 7
29496629304229888 2
29498146396577793 3
29498314659471361 11
29498516329988096 13
29498744412045312 18
29499256096165888 11
29499681830604801 0
29502956738969601 3
29503307848355840 6
29504415798919170 6
29504669608841216 0
29506974437613568 0
29507293313769472 6
29509222337085440 5
29510639747604480 7
29513205877313536 1
29514405133684736 13
29514620972568577 14
29515408000163840 4
29516708800626688 7
29516843261624320 6
29517238008553473 13
29518120137793536 8
29520945555181568 3
29521175096852480 22
29521733983670274 8
29522709046099968 13
29524599578304512 1
29524604926033920 23
29525697491894272 14
29527121936261121 5
29528213755531265 12
29529500228263936 8
29530301344514048 13
29533665868382208 13
29534793855148033 13
29535294181085184 13
29536473149607936 17
29537133781843968 2
29540081047961602 1
29540259654012928 6
29540785812668417 1
29541128202096640 6
29541642675429376 11
29543284690915328 3
29544001833009152 6
29544749102792704 6
29544788994826240 6
29544990346575872 18
29545770474545154 6
29545782658994176 6
29546290585014274 6
29546625189810176 16
29546806463430656 5
29546810376720386 1
29547043429023744 2
29547345301479424 1
29547472200138752 2
29548970288087041 22
29549189025234945 6
29549210193887232 6
29549273586606080 6
29549304074997760 14
29549361918648320 18
29549382974046208 6
29549744053293056 6
29551012213690368 6
29551273996980224 18
29551299871645696 6
29551319312240640 6
29551337033179137 6
29551501537972224 0
29551756241276928 6
29552207099600896 16
29552418903556096 6
29552599313158144 6
29552720847310848 6
29552940691759104 5
29553089908318209 6
29553402820165633 6
29553812184236032 13
29554028815843328 6
29554549928759296 6
29554787393474560 6
29555033829801984 6
29555198468816896 8
29556043197456384 6
29557749993963522 1
29557934740475904 16
29558254828789760 6
29558284407017472 1
29558315142881281 6
29558389008764929 3
29558785567625217 6
29558795399073792 6
29558797357809664 1
29558893227016192 3
29559136538599424 6
29559477392900096 6
29559772608995328 6
29559836513406976 6
29559953379295232 13
29560038846627840 0
29560162062696449 6
29560443563413504 6
29560526166036480 6
29560614837813248 1
29560665794420736 6
29561025208520705 5
29561245891825664 6
29561661484433408 10
29561670661570560 1
29561687539453952 6
29561793160421376 10
29561849619943424 2
29562151593050112 6
29562272699387904 6
29562476559335424 3
29562697049710592 14
29563182779473920 2
29563292804448256 7
29563468457709568 1
29563563311894528 1
29564142490755073 8
29564334317244416 1
29564454236594176 1
29564664740319232 0
29564672332005377 6
29565007591116800 6
29565102738907136 3
29565469983768576 5
29566181853630466 2
29566246794035200 6
29566871443341312 6
29566903324254208 6
29567083746435073 6
29567320678465536 6
29567734865985536 6
29568332663361536 6
29568778559815680 6
29568894163222528 22
29569728729063424 6
29569972531372032 6
29570240769695744 3
29570360991023105 6
29570381123686400 22
29570422961872896 6
29570913141784576 2
29570991688519681 6
29571059577524224 16
29572476384055296 1
29572760653008896 6
29572800243040257 6
29573150907834368 13
29573451626844160 22
29574238285336576 6
29574765068951553 6
29575429509611520 0
29576023934763008 1
29576869535817728 2
29576989169950720 6
29577226227814400 5
29577506839339008 6
29577686108086272 6
29577827254800385 6
29578598998347777 18
29578813029486593 3
29579499209228288 0
29579580222214144 6
29579629861806080 2
29580472631689218 6
29581287262003202 2
29581474231492609 1
29582349108776960 2
29582409217347584 6
29582993177714688 5
29583847259639808 6
29583857741205504 6
29584371321151488 2
29584587608821760 6
29584884204838912 2
29585186899365888 5
29585781731360768 11
29585829366071297 6
29586261240979456 6
29586430565023744 1
29588051403472896 6
29588257599655936 6
29588761964707840 0
29588975958106113 2
29589718488326148 3
29590998380183552 6
29591063610007552 4
29591232598515713 6
29591502631997440 2
29591634073096192 13
29591998788800512 22
29593214549753856 6
29593467764080641 6
29593995650793472 1
29594595721478144 16
29594879080267776 6
29595502802636801 6
29595665151557632 17
29595695845478400 4
29596239066562560 6
29596302589300736 13
29596676607975425 6
29596816899047425 4
29596869017477120 6
29597394496655360 3
29597452319326208 1
29597810496110592 3
29598054659133442 6
29598665177829376 8
29599183350530048 14
29599260441837568 13
29599268759150593 23
29599277030318081 18
29599499252932608 4
29599650625363968 6
29599813435662336 3
29599968541016064 6
29600879954886656 6
29600983029907457 6
29601341303160833 7
29601874936074240 6
29601917139156992 6
29602019660533760 4
29602062153023488 2
29602145401569281 4
29602847783915520 7
29603137870364672 4
29603513705172992 17
29603699605118976 4
29603759118090240 6
29604188728074240 4
29604332601090048 4
29604868847050752 10
29605221294415872 4
29605381974007809 4
29605434390220800 4
29605916726788097 13
29606206976823297 6
29606415127547905 4
29606418566877184 4
29606637102702593 4
29606897057275904 6
29607190503362561 13
29607213706252288 4
29607812124377089 2
29607942009389056 3
29608545469075456 4
29609129211330560 1
29609239819325441 1
29609861318705153 4
29609975022096384 6
29610484609060864 4
29610644344934400 4
29610756999749632 4
29610815283793920 3
29610893926993920 6
29610900130373632 4
29610928903299072 4
29611197418442752 8
29611783794720768 6
29611896227233792 13
29612016519876608 2
29612419269525504 4
29612648744091649 7
29613127372898304 2
29613406227013632 22
29613737421840384 11
29615199631708161 4
29615296666931200 2
29615511243333632 6
29615950496006144 2
29616051847176192 4
29616966620676096 4
29617082194731009 8
29617792286203904 1
29617833742696448 4
29618823254507521 8
29619667924422656 2
29620957748396032 6
29620982062776320 4
29621049763045377 6
29621072722661376 4
29621073565712384 4
29621111599669248 6
29621272430256128 6
29621742011944960 5
29621747393232896 7
29621949403504641 6
29621986695057408 4
29622573750812672 30
29622817754447872 4
29623945313386496 6
29624481538379776 6
29625194561671168 17
29625717599764480 2
29626174858592256 12
29626342530088960 22
29626669606113280 6
29626957297618944 6
29627399503085568 6
29627688838766592 6
29627925611413504 7
29628012471255040 4
29628107568717824 8
29629278287040512 6
29629635817906176 5
29629928030863360 6
29630798625767425 4
29630987063271425 22
29631260305391616 4
29631879036534785 30
29631889320968192 12
29632035089813504 8
29634620702068736 6
29634699332685824 4
29635021144850432 6
29635195187499009 4
29636568536850436 23
29637500142100480 2
29637526532657154 6
29637571675951104 4
29637979966283776 0
29638079941705729 6
29640336099774464 6
29640617856344066 6
29641128936472576 6
29641344980877312 6
29642099909468160 4
29642299692556288 6
29642564055339008 6
29642946265485312 4
29643020705988608 11
29643884711649281 4
29644284449792000 3
29644659156324352 3
29646060792057856 1
29647050492616704 6
29647340759420929 6
29647530908196864 6
29648670563504128 6
29648841024208896 7
29649099301064704 6
29649212366917632 4
29650557811556352 2
29651554860531712 23
29651702625869824 2
29652571551440896 13
29652947444961281 23
29654031882256384 16
29654222127497216 14
29655015152951297 18
29655040394272768 2
29656022670909440 14
29656456781365248 18
29656497839415296 4
29656727611768832 11
29656748692348929 13
29657328542294016 7
29657409127448576 20
29658051833237504 30
29658208410796032 2
29659278520356865 0
29660413738090496 6
29661336879239169 4
29661394676752385 0
29661884764389376 6
29661960660328448 22
29662145364889600 0
29662937660530688 4
29663138731261952 8
29664641084821504 6
29664698353848320 8
29666432501424128 3
29667540510703619 10
29667576967593984 13
29667634018516993 6
29669512055881728 8
29669552937766912 6
29669786392731649 0
29670369258381312 6
29670909463756801 1
29671069405151232 4
29672218304712704 6
29674244312928256 9
29674954899333120 6
29675264728371200 13
29676481558880256 3
29676501125304320 11
29676981104680960 4
29677555330056192 8
29680363324309505 8
29680649380036609 13
29680787532029954 16
29681096245387264 30
29681908606574593 4
29684177121050626 9
29684761366630400 7
29685657500651520 8
29686042680365056 2
29686043330478080 2
29686311522664448 8
29686869818085376 3
29687259007553536 10
29687604597235712 4
29687851910168576 5
29688185005019136 4
29689223367892992 16
29689739560878080 11
29690351845384192 3
29692920055463936 1
29693706860756992 23
29693898129412098 3
29694510963367936 4
29694773816197120 3
29695117258399744 23
29695285814894592 4
29695343478185986 5
29696211258712064 5
29696941470257153 22
29697616262467584 2
29697622042214400 2
29697801243860992 13
29701100999282688 5
29701297317871617 18
29702854893641728 1
29702973026209792 11
29703263859249152 13
29705297664671744 13
29705357651615745 12
29706696691552257 0
29707160514469888 14
29708217516826624 4
29709934362890240 11
29712384855642114 13
29712843959967745 22
29713628508725248 2
29713699522482178 9
29714838418628608 4
29716088212168705 4
29716366118363136 11
29717543878926336 13
29717718437462016 18
29718777096572928 2
29719611595300864 30
29720077087547392 4
29720247393062913 2
29720925364559872 3
29722170087186432 16
29723135502716928 3
29723582753939456 11
29723801801465856 9
29724354489090048 3
29725927323738112 11
29725943555686400 1
29726027206893568 10
29726337899962368 4
29726446595346433 13
29727115012218880 11
29727204837425152 1
29727639866445824 23
29729687152369666 3
29729923488808960 13
29731573569949697 7
29731756131225600 3
29732073640042497 16
29732829050970112 22
29733746416553984 1
29734651887099904 22
29735404542369793 3
29736787173707776 4
29738513024942080 2
29739685408415745 12
29739750512394241 0
29740251769470976 13
29740631555317760 8
29740831803973632 18
29742734247989249 2
29742835490095104 16
29743437506936832 20
29744023577038851 0
29744502428147712 14
29746381514088448 30
29747308631433216 16
29747641034219520 0
29749337743433728 18
29750037760188416 11
29750994304770048 7
29751391337586688 0
29753054228119553 4
29754356584677377 16
29755403222908929 3
29756690916179968 1
29759913395752960 8
29760576792043520 3
29762750498480128 1
29763560905121792 9
29764200372895744 10
29765079624851457 17
29766707006406656 0
29768355124617218 13
29769479718178816 10
29770594270576641 23
29771509908111361 8
29775303513481216 7
29776164155301888 14
29778507861069824 22
29779261837541376 2
29779685860712449 3
29781878110167040 2
29783073931403265 1
29783111403307008 2
29784054542893056 2
29784257589153792 14
29787452214353920 13
29787963139297280 1
29789941277925376 9
29790192529309696 9
29795082232143873 1
29796903000477696 13
29802581299560448 14
29802949865639937 30
29803474820538369 3
29805486199013377 2
29807539596042240 0
29811282865557504 22
29811952289054721 8
29812340153131008 4
29816281410576384 7
29816837160046592 4
29817323913216000 1
29817437197180928 22
29818078351073280 22
29823099574681600 10
29824673671815168 3
29829052973977600 20
29829604780802048 23
29832119660318720 2
29835895813181440 8
29836714683924480 1
29837588248403968 3
29840302952947712 17
29844641842987008 14
29846231668752386 1
29847285055627264 8
29848912021950464 0
29850019083329536 0
29852246200029184 2
29853985930219520 9
29854698869620736 11
29855485028995072 8
29856377618833408 10
29857838096449536 2
29860294255710208 10
29860297460162560 0
29861059149955072 3
29863967606177792 1
29863973453037568 1
29865041629024256 1
29865300723761152 1
29866252864331776 1
29866256576282624 1
29866769262837760 1
29870623777890305 8
29870880108576768 2
29873644121362432 18
29873701256167424 4
29874737240870912 16
29876347409010688 2
29876855435694080 5
29878816281206784 11
29879906003324928 0
29880470950912000 5
29881513252225024 8
29881782203580416 4
29881885689643008 1
29883734643703808 1
29884189062987777 22
29885005362630656 17
29886962143854592 1
29887602710548480 0
29887625179435009 11
29889129990848512 9
29890537037242369 5
29891046645170177 4
29892346430619648 3
29892534008287232 9
29892632628957184 9
29893213850443776 3
29894770717368320 4
29895163560071168 18
29895343462154241 9
29896590613282816 0
29896683269656576 11
29896733693579264 13
29896951159853056 7
29897040926343168 10
29897192697233408 1
29897363770318848 10
29897763051282432 1
29898299192385538 18
29898964337696769 1
29899007908118528 1
29899866511515649 1
29899888217030656 1
29900173027049472 5
29900230732292096 2
29900659306266624 1
29901748629938177 1
29902271479287808 9
29902469320409088 22
29902740717047808 1
29902841330012160 16
29903210235822083 1
29903413542125569 3
29903671839948800 0
29903758779490304 11
29905485217927168 8
29905607339286528 23
29906021270953986 1
29906116062220290 9
29906333624958976 1
29906503271981056 12
29906997293879296 1
29907108707176448 8
29908397922983936 1
29908807836499968 1
29908923867734016 3
29908958084857856 18
29908982239854592 1
29909262767489024 10
29909266101968896 1
29909651365564416 1
29909930827841536 1
29910562850742272 1
29910567581913089 1
29910591149707264 7
29910681163661312 1
29910756409483266 1
29910800948797440 1
29910857743867905 1
29911103811100672 5
29911374503088128 17
29911466186375168 13
29912296008450048 8
29912424681312256 1
29913791437209601 1
29913987764195328 11
29914525234896897 4
29914542762889217 1
29914827342221313 1
29915570119905281 1
29915805172895745 7
29916158782078976 1
29916477377220608 1
29917417236860928 10
29918170810679297 1
29919335707320320 8
29919543019180032 8
29919664423305217 20
29919735382540288 13
29919964735479808 1
29921391146967040 1
29921460889849856 5
29921489213980672 1
29921652779253760 8
29922350656921600 1
29922787854385152 7
29922965202141185 9
29923025881145346 1
29923075621392387 1
29923152343601155 1
29923541772144641 1
29923754175893506 13
29924042723041281 9
29924423586811904 8
29925221569925120 18
29925252460969984 18
29925540970364928 1
29925827529416705 1
29926077681893376 22
29926990999986177 2
29927010822258688 1
29927029684051968 1
29927470941609985 23
29928027760627712 2
29928774757781504 13
29928878730387459 1
29928974628954114 1
29929132829708288 17
29929865545256960 2
29931459791822848 1
29931742685044737 9
29932246110568448 1
29932438171951104 11
29932532732526592 1
29932808952614912 12
29933002024812544 4
29933930039738368 9
29934157463293952 4
29934471260151808 9
29934479816523777 2
29934524682993664 9
29935111780700160 23
29935861109891072 1
29936272629829632 1
29936391567712256 1
29936456067719168 8
29936532865417216 8
29936831172710400 1
29936882334830592 1
29937130155278337 2
29937155568574464 1
29937185994051584 1
29937840850739200 1
29938994254979072 4
29939947347644418 17
29940184141266944 1
29940520516063232 16
29941525441937408 23
29941674264236032 1
29942015110160384 9
29942371579854848 7
29942593399820288 1
29942734030635008 4
29942866067329024 2
29944405947322368 4
29944510477770753 11
29945062523674625 9
29947258413776896 2
29947404203593728 1
29947768046886912 10
29948763707543552 4
29949320493015040 0
29950097202610177 3
29950309744779264 1
29950628679655424 1
29950724490133505 4
29950829746196480 8
29951707270090752 9
29951892234698752 14
29952377113022464 1
29952618084171776 11
29952644176936960 1
29952775488012288 1
29952781913694209 1
29953060205760512 10
29954269654286336 22
29954672672378880 23
29954885638164481 9
29955092178276352 11
29955096955588608 20
29955716676583426 9
29956594770907137 9
29957073382936576 3
29957578159038464 8
29957735441235969 1
29957866773282816 9
29959012724244480 9
29959763458527232 1
29961115022655489 18
29961878142722048 1
29962394386038784 16
29962873480413184 2
29962947937705984 1
29963221750251520 4
29963380718567424 1
29963747619512321 3
29963957057880067 4
29964149756788736 13
29964806458970112 4
29965172969840640 2
29965595789230080 20
29966258715758592 9
29966764259418112 4
29967133987311617 4
29968062279065600 10
29968099797110785 1
29968472767201280 9
29968696868864000 4
29969140395544576 4
29969261619318791 17
29969536539164673 9
29969560778051586 18
29970038337306624 9
29970359025401856 13
29970600042692609 1
29970743043297282 2
29970854871826433 3
29970886933090304 8
29971327473426432 1
29971370016243713 11
29971553881952256 1
29971638543982592 9
29972408785960960 5
29974270754947072 0
29976628511645697 4
29977398191595521 3
29978006919319552 10
29978784442613761 4
29978962599870465 5
29979186709925888 9
29979785870450690 4
29979787090984960 4
29980477968355328 4
29980635686772738 8
29980771821293569 1
29980992311656448 22
29981352543649792 10
29981750247563264 4
29982067924144128 30
29982416521142273 9
29982673552281602 22
29983067007356928 4
29983478363717633 5
29983766109757440 1
29983840793530368 0
29984725615513601 11
29984984123056128 8
29985566330191872 18
29985708722618368 10
29986568634634241 4
29986572824739841 1
29987499350687744 13
29987900749783041 9
29988033105240064 4
29988348554641408 9
29989922634997760 8
29990098707677184 11
29990212637560832 9
29990350961516545 1
29990983902961664 5
29991159749152770 18
29991643910242304 5
29992277275316225 4
29992682847735808 10
29992927153360897 1
29993056316948480 10
29993449017057281 4
29993695927336960 5
29995067955482624 4
29995290803044352 4
29996481968611328 4
29997573569777664 9
29997693933719553 5
29998052534124544 8
29998791792791552 3
30000430683529216 7
30000726482620418 0
30000795378257920 8
30000810200928256 8
30002352819798016 17
30002459317374976 11
30002622148644866 4
30004282195443712 8
30005448316821504 1
30006118478512129 11
30006256999604224 7
30007189145919488 2
30007910994022400 3
30008563728392192 4
30008888187158529 22
30008891647467520 8
30009328891076609 9
30009957734678529 2
30010242251104256 7
30010570367303680 10
30010571197775873 8
30011415892852736 18
30012275423186944 9
30013773049757697 1
30013912095137792 3
30013954906398720 4
30014370507395073 7
30014717997092864 2
30015564571217921 18
30015571043033088 4
30015603104284672 4
30016054197489664 22
30016732944924672 11
30016851715031040 5
30017319606427649 13
30018283402960896 9
30018304034738177 0
30018721376378881 4
30018781489139713 11
30020231271284736 2
30020862862168065 18
30021228290904064 9
30021375947177985 1
30022191554764802 16
30022330415587328 2
30022830624088064 4
30023844370579456 1
30024621822582784 1
30025465972396032 20
30025535761420289 5
30026246704340992 5
30026692252663808 9
30026776419766272 8
30027043655655424 11
30028088104456192 8
30028579458785280 1
30029777607860224 9
30029810507976707 13
30029905936781312 3
30029906716917760 17
30030351812268032 0
30030900846665728 5
30031559738265601 0
30031825472589827 20
30032342810628096 12
30032665637822464 2
30032743513464832 3
30033690314670081 1
30034234726940673 23
30035299383910401 9
30035396582707200 13
30036270692433920 11
30037191400890368 2
30037379448307712 13
30039074249113601 11
30040220187496448 16
30043083580112896 10
30043654965960705 18
30044028439363584 9
30044528048087041 16
30045171471089664 2
30045176936271873 2
30046182872977409 3
30046436179578881 1
30047760992436224 30
30048895966904320 2
30049849156050944 1
30050208213639168 1
30050959887433728 1
30051954050727936 5
30052152558747649 2
30052214336651266 7
30052868887158785 8
30053730267168768 1
30054633808330753 17
30054819175596032 8
30055029759021057 9
30055514381488128 14
30055652839653376 1
30056094067859456 16
30056132479287296 1
30058868079861760 3
30059853560938496 4
30060103956697088 1
30060880158785536 0
30062422576336896 20
30062538221686784 3
30063104272371712 11
30063339698655233 1
30064870233735169 11
30064964521697282 0
30065597966454784 3
30066056034779137 13
30067181584654336 3
30067612700381184 8
30067826060435456 4
30067834360963073 4
30069747622088705 1
30071138327470081 4
30071769100460032 16
30073810464018432 3
30074745030451200 4
30075063562670080 9
30075242592337920 13
30075264339804160 1
30076476434944003 30
30077168956473344 1
30078056517341186 11
30078388416806912 13
30082199986380800 16
30082294580510720 11
30082564710473728 3
30082793262288897 3
30083577085427713 13
30084233934409728 8
30084940368453632 11
30085531765317632 5
30085569992200192 3
30087830369734656 9
30087967800299520 9
30088243047301122 3
30088866102771712 3
30089000043675648 3
30089231133057024 10
30089466064404480 3
30089553725366272 0
30090420985794561 17
30091359255789568 3
30091502759710720 4
30092054042251264 22
30092449464459264 23
30092659175464960 6
30092859558330368 3
30093167172788224 10
30093435356577792 3
30093569540751360 4
30093892678324224 3
30094680389586944 23
30094802171199491 16
30095059768573953 1
30095105796874240 17
30095792811278336 3
30095980074377217 23
30096601695395841 11
30097279297781761 3
30097429839740928 4
30097913690456064 3
30098010864091136 17
30098088563572738 8
30098175503110144 22
30098281497362432 0
30098586972721152 3
30098736520630273 3
30099064997543936 3
30099312893501441 9
30099738275614720 8
30101530644316160 10
30101682566209536 4
30101705064456192 8
30102878777511936 5
30102989704269824 3
30103606875136000 11
30104014272069632 3
30105060742529024 0
30105160940265474 8
30106875533991937 1
30106968714645504 3
30109318141444098 1
30110157539123200 10
30111307600498689 3
30111920656748544 16
30111998276542464 17
30112643482124289 1
30113140213555201 13
30113223487266816 16
30113457042882560 16
30113778855055360 16
30115178284589056 18
30117229777387520 3
30117313898348544 10
30120295868137472 2
30121003757604865 3
30121100952215552 8
30121573998399489 22
30122759342264320 1
30123883717730304 7
30124685698015233 23
30125619333308416 1
30126067448553473 9
30127796827201537 13
30127871053799424 9
30129060491304962 8
30131071488102400 8
30133181982183424 13
30136419355725824 1
30136517234003968 11
30136519461175296 10
30136925230727168 9
30137431932010498 5
30137504334090240 5
30138904044634112 22
30140006722969600 8
30140350932713473 5
30140543900057600 13
30140639110762496 23
30141839524761600 1
30141947922358272 3
30142813622505472 14
30143061707202561 3
30144612324610048 5
30144626258083840 17
30144954164580352 2
30145973258817536 5
30146528110710784 14
30146625129160704 1
30146920135532544 1
30146947197177857 1
30147216362446848 5
30148085053136897 1
30148156909948929 3
30149086560657409 5
30149943758954498 1
30150397205159936 18
30150979655569408 3
30151108915625984 5
30152221719007232 8
30155463421071360 22
30156262612140032 17
30156364240130049 20
30157835434201089 5
30159528762810368 1
30162553262841857 5
30163860283465728 8
30164361624428544 5
30166204228308992 5
30166783797239808 5
30167063326629888 5
30171143117733889 5
30172275693068288 5
30172392424738816 18
30172846525251585 5
30173101094342657 5
30173229582655489 5
30173889518637057 2
30174694464299008 5
30175318723530753 18
30176624745906176 20
30178090084732928 1
30178149971001344 2
30178154253389824 1
30179590383075329 5
30179593696579584 1
30179680120213504 5
30180852956667904 5
30181238492897280 1
30181259464413184 1
30181261322485760 1
30181945539301376 5
30182630423003136 7
30183732333780992 2
30183931399639040 16
30184174069485569 3
30185132027551744 1
30185572010033152 11
30187870459273216 5
30188073790742528 2
30188238920491008 2
30188246860304384 16
30189430073458688 11
30190476850106369 7
30191539678347266 5
30194530934333441 18
30194947625852928 5
30195250039361536 5
30195703720448001 18
30195734397587456 5
30195992632496128 5
30197648455630848 0
30198105513140224 5
30198546422566912 5
30201090108555264 1
30202078395637760 5
30203004422463488 5
30203027998638080 5
30204964789821440 1
30205821816152064 13
30205882033766400 5
30206292555464705 8
30207328506613760 5
30209263733313536 22
30209514821128192 5
30209763061010432 2
30209944758255616 5
30213489180016640 5
30216730722701312 5
30217175910318080 5
30217648230891520 8
30218527092772864 5
30219282595979264 1
30219417262493696 13
30219468592386048 12
30219578076299264 8
30219793458008064 5
30220405885112320 5
30221423737835520 10
30222943480979456 5
30222946924503041 16
30223544906424320 5
30224456668418048 5
30224947863363584 5
30225127555727360 3
30225196061302784 10
30225639298568192 5
30225672072855552 5
30227252268503040 5
30229057178177536 10
30231086277591041 7
30231547399376896 10
30231673970884608 13
30231756779028480 5
30233366276087808 4
30234474604142592 8
30235602540564480 7
30236041789050880 5
30236884051435520 5
30236969338408960 5
30237749344735232 1
30240863992938496 14
30240936592154624 16
30241029483397120 8
30241666954698752 2
30241891786166273 16
30241993720332289 2
30242277993480192 3
30242320716664833 5
30242865485447168 3
30243858654691328 8
30245154598158337 9
30245741335154688 16
30246103811096576 8
30246786849312768 16
30247261657104384 16
30248740119908353 5
30249301665910784 4
30249363020189696 22
30249411535704065 8
30249635062751233 5
30251343092391936 9
30251634873335810 5
30252359724572672 4
30252424555921409 5
30254032589168641 1
30254811135873024 5
30254886801121280 11
30255228381036544 1
30255811091501056 1
30256937165651969 22
30257444508672000 8
30257918918000640 3
30259745067638784 23
30260511308255232 8
30261187492978688 9
30262198236348416 3
30262721979092992 1
30264116249624576 5
30264223292465152 4
30266211619049473 12
30266409938321408 13
30268814184677376 5
30271122431803392 2
30272609513897984 4
30272744067174400 5
30273369303683072 23
30274519411195904 7
30274668183166977 9
30275118093574144 3
30275282464153600 5
30276303584231425 8
30276712407240704 8
30276978678435840 8
30277006646054912 2
30277420942622720 9
30277535400988673 3
30278755226230785 3
30279411047600128 2
30279445751271424 1
30279515653545984 2
30279572930953216 2
30279900619345921 8
30280006311612416 5
30280080747921408 5
30280495124193280 14
30282297689251840 5
30282761939980288 2
30282776829759488 2
30282798283620353 2
30283047223955456 2
30283063699177472 9
30284070894174208 5
30284693416968192 17
30285015719870464 20
30285149287481344 1
30285155067236352 1
30285327859982336 3
30285763908206593 20
30286115457998849 2
30286442685014016 14
30286636432494593 1
30286890129162240 9
30286912686133248 1
30287088289058817 20
30287161899094016 13
30288715846787072 1
30288842204381184 10
30290348043407361 12
30290716475260929 5
30290882041225216 3
30292656965816320 13
30294049474744321 8
30294083331170304 2
30294939292139520 11
30295023958364160 18
30295306801254400 5
30297416687161344 3
30297740420321280 30
30298228616335360 2
30298754699497472 3
30299217419304960 5
30299819595534336 9
30303527939084289 13
30303893518819329 0
30304023416410112 5
30305888401104896 4
30306064587030528 3
30306370184019969 16
30306897550647296 1
30306965607415808 22
30307254150365184 4
30307642370949121 13
30307841604591616 8
30308171595649024 1
30308242710069248 7
30308676094926848 5
30309361721024512 18
30309789984628736 22
30309859220004864 10
30310592120102913 17
30310664287289344 0
30311489055232000 0
30311869868670977 1
30312146520776704 17
30312161397964801 1
30314389370306560 0
30314524003270656 8
30314993614323712 3
30315979753922560 5
30316304493707264 5
30317108462096384 23
30317312351412224 2
30317495017545729 5
30317567532863489 10
30317726136270848 5
30317913206431744 5
30318243478507520 5
30318347975397376 5
30318599885291521 20
30318891519447040 23
30319208176820224 5
30320833654161408 23
30323782577037313 3
30324895254585344 1
30325037932216320 1
30325151543332864 5
30326090954182656 10
30326405107552256 2
30327110438486017 5
30327223667920896 1
30327554120351744 9
30328228853846016 5
30329279422144512 5
30329435676741632 22
30329668477386752 1
30330100922716161 7
30330644261244928 35
30330694089580545 3
30331396039909376 3
30331697530667009 3
30331742611046400 12
30332237778001920 5
30332641186160640 2
30333108687470592 12
30334041655873536 11
30334316655415298 10
30335134557274112 0
30335360378609664 2
30336632099966976 30
30337914273538048 9
30341918521040896 5
30342472882196480 5
30343979849482240 4
30344159634132992 5
30344501788672001 2
30344561100324864 13
30344844010332160 22
30345391052423168 23
30346001420128256 12
30346926125752320 2
30349010376065024 1
30349124234641408 30
30349168828481536 3
30349244057526272 2
30349976752099328 9
30350155270062080 5
30350226606784512 3
30350599161643008 8
30351040977047552 1
30352981819920384 13
30354026755268608 9
30354467463372802 2
30354903104749568 8
30354952433967104 0
30355370538958850 13
30355575934033920 1
30356159202336768 4
30356287451566080 5
30356296486100993 8
30356559221493760 0
30358072098562048 5
30358150280380417 9
30358360507293696 11
30358431999205377 8
30358787344830464 0
30359830988324864 17
30360018473713664 5
30360091202953216 9
30360257209307136 12
30360271113424898 9
30360893862715392 2
30361012511186945 13
30361134234075136 2
30361362878169088 2
30363334750502913 18
30363602187722752 4
30363847143464961 13
30364148424515584 18
30365221067427840 3
30365345097187328 5
30365823444983809 13
30366467505528832 11
30367363798933504 18
30368004080410624 5
30369284123262976 0
30369426192728064 8
30369516349292544 1
30369843635036160 13
30369999617007617 2
30370115123945473 16
30370913199333376 9
30371615850106880 3
30371703578169344 13
30372021468667904 1
30372369704951808 5
30373175778869249 17
30375038867738624 22
30375048644665344 18
30376934647005184 35
30377350315114497 22
30377622064078848 5
30377942009774080 18
30377976881217536 1
30378781550055425 2
30381116489736193 5
30382527768166400 13
30382993356886017 5
30384057296617473 22
30384595740401664 13
30384640908853248 0
30385544127062016 9
30386385739317250 1
30386693102112769 9
30387072019730432 13
30387130903568385 9
30387479815131136 7
30387986306699264 22
30389268501241856 1
30389512999796736 1
30390248491982848 2
30390517741129728 1
30391135373361152 13
30393246936997888 12
30393441779195905 8
