301396402376933376 10
301396620480770048 22
301397023154905088 10
301397304181673985 10
301397492912775169 10
301397505491484672 10
301397899751874560 35
301398013023240194 10
301399233557299200 6
301399376172036097 6
301399661372129280 6
301400189841846272 10
301400399561240576 10
301400496042807296 10
301400663814975488 6
301400743498379264 10
301400789635698688 6
301401141953056768 10
301401238405255168 10
301401473319829506 10
301401666228473857 10
301401808838987776 10
301402337325481984 6
301402714821259265 10
301403004219822080 10
301403331396509696 10
301403746607435776 10
301404778402037762 28
301405877326462976 10
301405894086893569 10
301406061875843072 26
301406376465416193 10
301406498062495744 10
301406762312024064 6
301407185957707776 10
301407274025492480 10
301407441793470465 10
301407727031291904 6
301408754619011072 10
301408872046927872 26
301409341800579072 6
301409509593735169 10
301409668960514049 10
301409970979737600 10
301410205839802368 10
301410558148767744 10
301411124417552384 10
301411258610114560 10
301411367649427456 10
301411380236529664 10
301411577389805570 3
301411602551410688 10
301411606733148160 10
301411879371280385 10
301411933893033984 6
301412269424779266 10
301412621763096576 10
301412797932265472 10
301413049603067904 10
301413515133067264 10
301413645177479168 10
301414156899319808 10
301414702137880576 10
301414756676407297 10
301414974771851264 10
301415939449163777 10
301416023343632384 10
301416119821012995 10
301416350499368961 31
301416446972538880 0
301416820282372097 10
301416954474921984 10
301417159987437568 33
301417403261272064 10
301417449419599873 10
301417646556065793 10
301417747215183874 10
301418162430296065 22
301418166633000961 10
301418527334748160 10
301418791605264385 10
301418892264345600 10
301419437515481089 10
301419471065718785 31
301420226048827393 10
301420410577244161 10
301420658045370368 10
301420821623226369 10
301421215908761600 10
301421253661700096 10
301421874414489600 10
301422440611987456 10
301422826504740864 10
301422872650448896 31
301423476642832384 10
301423732457619457 10
301423975752417281 10
301424357429870594 10
301424378380443650 10
301425259192655873 31
301425485706063874 30
301425536037711875 36
301426362315591680 31
301429596119785472 33
301430367880097792 31
301431030584328193 6
301431747780943872 34
301431798120988674 6
301434272772943875 6
301436214718918656 6
301438341218435073 6
301439192666365952 6
301439427564163072 28
301439549203161090 28
301439582740824064 30
301439997972709376 31
301440102826143744 23
301440656486846465 6
301441306629140480 12
301447560336379904 6
301450131423780865 6
301450798322286594 31
301450873819779072 31
301451452642127874 6
301451511362379776 31
301451712659603456 30
301452010463571968 31
301452538941681664 28
301453176509444096 31
301453579141652481 6
301453717536903168 33
301453965009231873 31
301454145364299777 6
301456565494505472 28
301456640979394560 6
301458306143240192 25
301458507465633792 31
301458696196726785 6
301459639931908097 31
301460050944339970 31
301460902404837376 31
301461397311717376 23
301461422494318592 31
301462190043586564 31
301463767089287170 31
301464123609317377 31
301465071551393793 31
301467659428581376 31
301468166935154688 15
301468947092480001 35
301471342010703872 31
301472268943491072 31
301472818397339650 31
301472885518770176 31
301473795707899904 20
301474974277967872 22
301477822222970880 6
301479705478049793 6
301479743193231360 21
301485862707933184 24
301487552999878657 23
301500475671449600 22
301502119813464065 26
301503197778952192 6
301504921637908480 13
301504942601031680 31
301509292064907265 22
301509350785159168 26
301509480846327808 30
301509933818585088 22
301510109954195457 22
301510177084035073 8
301511473115561984 30
301511552819924992 6
301512475554242560 31
301515315106418689 30
301515403203575808 30
301519190643322882 31
301519417127350274 30
301519547163357184 6
301522273444179969 22
301523003253092352 26
301526505509515264 31
301526820065509376 25
301527478604800000 6
301529751900782593 6
301530242625978368 6
301531169588129792 6
301532306227724288 6
301533283504750592 30
301534185263362048 6
301537209385906176 31
301542771024617472 22
301543240774066178 6
301550249447661568 30
301551490974224387 31
301552753451343872 24
301556343775584256 21
301562471653715968 6
301562601668743168 22
301568633098887168 26
301574165381664768 6
301582553998053377 2
301594943972077568 31
301596596523630592 10
301604381147680768 6
301611469525643264 14
301612736201256960 22
301616712393031682 22
301617047949959168 15
301617052123291648 33
301620843799273472 6
301621993021796353 23
301623331025715200 22
301624924848668672 14
301637910422253568 0
301638157873602560 6
301657367785902080 22
301659578209275904 30
301660618371518464 0
301665567641849856 28
301666511360249857 31
301675235525152768 23
301684085489815552 6
301685574505488385 4
301691803046932484 1
301696165114683392 33
301696261566889985 10
301696588739399680 19
301698010579079169 30
301703136035348481 31
301704151056924672 10
301704193004167169 22
301704566301421568 31
301704671133831171 26
301705249964576769 22
301707330339356673 26
301707904979963904 25
301707997221097473 25
301709851137019904 4
301710354440937472 28
301710958420688896 30
301712858427834368 19
301715265958330369 6
301720005513457664 31
301720294924623874 34
301721171546750977 22
301722618585821184 31
301723402916470784 21
301732731040169985 22
301733611860815872 21
301737038615560192 8
301737546126336001 26
301738867319525376 6
301739186086633472 39
301742432465330176 22
301743875293315073 28
301745578197516290 33
301749638287994880 22
301750191952908289 22
301751437627625472 43
301753878729342977 22
301754562379923457 10
301758135956295680 30
301761315221946368 22
301769091469946880 25
301769833853366272 6
301771301855580160 12
301771406742532096 22
301772165886382082 35
301773000561274880 0
301773403193499649 43
301775206752600064 22
301776389546332161 15
301777240994217985 10
301778335715975168 22
301778339889307649 3
301778407010734081 15
301779338133659648 36
301779417838002178 31
301782232211783681 15
301784018993692673 22
301786225218576384 25
301789979087081473 31
301790788596146176 15
301791514231717888 23
301791677784416258 33
301792441151938562 22
301792558584041472 25
301792625709678592 33
301794131443871744 25
301797008757383168 30
301801932857696256 33
301802251616415744 31
301802838852505601 6
301803505734283265 1
301805632233799680 45
301806999572709376 31
301807398039986176 25
301807733584297986 30
301809100919042048 31
301810900292222977 22
301811361669840896 31
301811416179040256 22
301811634274447360 31
301812141806206977 6
301813702091489280 33
301814679360118784 25
301814876475621378 21
301815484649717760 26
301816029930217472 31
301819553120399360 30
301820052246781954 22
301820740146176000 28
301823067947159553 39
301826113037008897 26
301828147249291264 0
301829950812610560 25
301830718366023681 25
301831347524231168 31
301831389467258880 22
301831989265321984 35
301832127673159681 25
301832131867471872 28
301835432755331072 22
301835705401872384 31
301839920681611265 8
301840344314683392 25
301842089124171776 25
301843322262147073 25
301843326456434689 25
301843716526731264 25
301844601512275968 22
301846199542112256 31
301846644155105280 30
301850041545543681 30
301850452557963264 33
301851014619873281 31
301851861848322048 22
301852516189102081 31
301852587462893569 25
301852772041621504 25
301852868493840384 25
301852927230889984 25
301853006889107456 25
301853174686445568 25
301853631861366784 25
301854407799230464 31
301854701413089281 43
301856127463858176 25
301856437842362368 31
301856702091907072 33
301856785973772288 25
301857423516377088 25
301858618884632577 30
301858719547924480 25
301858979611570176 25
301859252224552961 2
301859537437204481 25
301859873002491905 22
301860699255226368 25
301860846051663872 30
301861198385799169 25
301862465057218560 25
301862867727155201 25
301863685616451584 25
301863765312430080 25
301863828197629952 25
301864113431273473 25
301864339915296768 25
301865149436923904 25
301865254265180160 0
301865367536537601 31
301865791131893760 28
301865816306106368 25
301866168631832576 25
301866403517042688 23
301867028476727298 36
301867242361065473 25
301867691159990272 7
301868811039170560 30
301869041730080768 25
301869113037447168 25
301870425858777089 25
301871126303371266 26
301871298274017280 25
301872137126412289 25
301873445740896256 31
301873609343897602 22
301874339140206592 25
301874339144425473 25
301874376876384256 25
301874762773311488 25
301874825683689474 28
301875018621665280 31
301875312197775362 25
301875664519323648 25
301875748426350592 37
301876495025070081 25
301876763443744769 25
301877384213299201 25
301877472268541953 25
301877547761823744 25
301877648450273280 31
301879296807555072 25
301881519805435904 25
301882182505480192 26
301883482739728384 25
301883554021904384 31
301883658866941953 25
301884770370064385 15
301889757384962049 25
301891355439947776 2
301892596928749568 31
301893809103568896 25
301894798934175744 25
301895545528659969 36
301896313082093569 25
301896367633207297 25
301898359902441473 0
301898947125981184 25
301899639165186048 31
301899660149284865 25
301900398363561984 0
301901170102915072 25
301901547573506048 25
301901639852388352 25
301901996380811265 25
301903128830291968 31
301904546496651265 31
301904575873548289 30
301904861077839872 25
301904936587890688 25
301906429764325376 25
301906748506259457 31
301906874352164864 30
301908933759614976 22
301909676138844161 25
301909797777846272 25
301911232225615872 1
301911471326117888 25
301912536666763265 25
301913014821593088 25
301913664942927873 25
301913811735158784 25
301914608661303296 25
301916475114024960 25
301917007778021376 25
301919616656101376 25
301921067864322048 34
301922502337261569 31
301923861287555074 6
301925736137228289 21
301926080082755584 33
301927887831969792 30
301929133531869184 35
301929146093809664 6
301929146093817857 6
301929146102210560 6
301929146114797568 6
301929276134006784 6
301941364109742081 39
301941494124789760 30
301942853075079168 25
301944925073842176 25
301944971198607361 25
301954123207700482 26
301954857210896384 30
301956476182859776 25
301957013066358785 43
301958120375197696 25
301958590116290560 21
301960985072250881 25
301965317784096768 25
301973114991022081 28
301973660246355968 23
301976512377278465 26
301977296716320768 31
301980903817756673 21
301981260316831744 22
301981906239635456 25
301982124381196288 30
301983634326433792 25
301989942530301952 31
301993776149315584 6
301994786951397376 6
301995114140676097 35
301995919447056384 25
301996712162107392 25
301998016569675778 0
302005931217149954 25
302006547809198080 10
302007546036764672 25
302007852216758272 22
302009592873902080 33
302011538997399552 22
302011820032524290 25
302014068166897664 25
302014676357754880 33
302019956990681089 25
302021185896599552 22
302021781487771649 25
302021919929143296 25
302022540694544384 25
302022859457458176 25
302023295656660993 25
302024344215879682 25
302024428131336192 26
302024834945257472 25
302025619301089281 25
302025686401548289 25
302026432975081472 25
302027800347566081 31
302029016678944768 25
302029310288617472 25
302029448709029888 25
302029893271691264 36
302030862155923456 25
302030958650085376 25
302031558414577664 25
302032279839047680 10
302032321773707264 25
302032372113760257 25
302033378759286784 26
302033752031379457 25
302033886265892864 25
302034351821041665 25
302038801985966081 25
302039770865999872 25
302040517473095682 25
302042119697211393 25
302044590125481984 25
302044590125506561 39
302045886152839168 31
302046439813574656 25
302046670512865281 25
302047651992567810 22
302047903625654273 22
302048306283036672 22
302048931225956354 3
302051661717848066 25
302051905008455680 31
302053251371651072 31
302053314282020865 25
302054501270032385 25
302054803264139264 22
302058636841201664 25
302058800452628480 25
302059907715317760 22
302060033548632064 25
302061438636265472 25
302062105534812161 3
302063531602350081 12
302063640641671169 25
302064290796556288 25
302066379551551488 25
302066689909063681 31
302068476695150592 25
302070544495431681 25
302071169421557760 25
302072721339207682 0
302072813605515264 25
302073446932819969 37
302073585374216194 22
302077116948815873 26
302077498622083072 25
302077662208344064 25
302079172149407745 22
302079272850432003 10
302080405299937280 25
302080707268849664 31
302081604870864896 31
302081634205843456 0
302081852330622977 25
302082204668919809 33
302082380825522176 22
302083475534651392 31
302083878183641089 25
302085677548437505 31
302085866262777856 31
302086445085126656 36
302089024590471168 19
302090316440272897 25
302091268555685888 25
302091495043895297 25
302091771863764993 25
302092195484299264 31
302092556206997504 22
302092640097300480 26
302092690428919808 22
302093910950432768 25
302094535893348352 30
302094582022299648 25
302095131488694273 25
302097622901075968 25
302099128664600576 36
302099321598377984 33
302100152095739904 25
302100957364359168 25
302101154517643264 25
302101620102152193 25
302102140162285569 26
302102727364841472 22
302103356531425280 25
302105004871909376 26
302106695184814080 35
302107877999534081 31
302107898971041794 25
302107945087422465 31
302108234515369984 25
302108511322636288 22
302109899645661184 31
302110151295528961 22
302111472492888064 25
302111770288476164 25
302112235872997376 22
302112588198719488 30
302112957293273088 10
302114031030902784 31
302114148475600896 22
302116291760754688 25
302117294178455553 31
302117461963206657 22
302117558427975680 31
302118711878373377 31
302118791549186049 26
302119433307033600 31
302120167301840897 25
302120884506857473 22
302123547889917952 31
302124063785107456 22
302125888319930368 22
302126999802085376 39
302127155016519680 25
302127461171351552 26
302127490531475456 25
302127704440967168 25
302127834502135808 22
302127939351367680 25
302129029841047552 31
302132825686163458 31
302133933007581184 25
302134180446355456 26
302136466375602176 31
302137452007669761 30
302137569456562176 18
302138274087055360 22
302138378969817088 22
302139314308018176 22
302140983624228864 31
302141004608319488 25
302141067522879488 10
302141361098981376 2
302141835084713984 31
302142422278885376 25
302142900421152768 28
302143848333840384 22
302143969968664576 26
302144624301047808 25
302145370870382592 25
302145693844398080 31
302145710588063745 26
302146784350838784 30
302147073749442560 31
302147585450340358 25
302147669332205568 31
302149623911428097 21
302150546620563456 4
302151414862454784 44
302151851070066688 22
302152639578263552 33
302153587499364352 22
302153889501814784 25
302153910481715201 25
302154015309983745 14
302154195702800384 25
302155177148944384 25
302155202331557888 22
302157442085711872 22
302157777613246464 22
302159094637264897 31
302159203680780288 25
302159954457006080 31
302160944337928192 19
302161082720587777 22
302161476997771264 31
302162529759682561 31
302164731777662978 31
302164849205579776 31
302164891148636160 31
302165398671990784 22
302167218987352064 31
302167869108654080 31
302168175313842176 22
302168338891677696 25
302168779272630273 25
302168968016302080 31
302169211294322688 31
302169987240579072 37
302170675110608897 25
302171958567636992 31
302174462571327489 39
302174785524359171 25
302174861005037568 31
302175649534185472 22
302175708279631873 31
302175771177394176 31
302175943131267072 22
302176719081713664 31
302176777835520000 31
302176882667974657 31
302176912040677377 31
302177125941776386 23
302177163690520577 31
302177717342838788 34
302177813790863362 31
302177847383048192 31
302178048688676864 22
302178170319278080 31
302178250023653376 22
302178421977526273 31
302178736537759744 31
302178954658340864 31
302179063701848064 31
302181081153675265 31
302181232186359809 31
302181345432584192 31
302181597053063170 31
302181810983555072 22
302181890658545664 31
302181899055542272 36
302182020698763265 31
302182192681996288 31
302182251377070081 31
302183044108918785 31
302183371247845376 31
302183631303106560 31
302184323354853376 31
302184365310488576 31
302184713446121474 31
302185078354743296 31
302185799762448384 31
302186592473346048 31
302187951440404482 31
302188047930388480 23
302188073087807488 30
302188295381733377 34
302188542841475072 22
302189117465309184 31
302189377491181568 31
302190468043780096 30
302191470461460480 31
302191558541864961 31
302192057659826177 31
302193940923285504 31
302194259686195200 31
302194280661938176 31
302195740246171648 31
302196478468833281 31
302196914655461377 31
302197279589281793 31
302199787778895873 31
302199926190911488 22
302200500806361088 31
302200735691595777 31
302200869884157953 31
302201767481974784 24
302202438570610688 31
302203579429703680 22
302204531515740160 25
302205190050807808 31
302205919838732289 14
302206083437568000 25
302206511223025664 31
302207840829964290 22
302208159580307457 22
302209136890871808 31
302210919436541952 25
302211762487451650 36
302212156777168897 21
302212441985654784 31
302212580380909568 25
302214052598398977 22
302214748848656384 34
302215063425671170 22
302218024583303168 22
302218028802768896 31
302219073184493569 22
302219933029392384 31
302221409390837760 31
302222764155211777 31
302223342981763073 16
302224001500057600 31
302225314287845376 22
302226035737513985 26
302229600883331074 22
302230129348849665 31
302230171308670976 31
302230292951867393 22
302231773549563904 31
302233207976386560 25
302233581286195200 22
302236450181742592 25
302238236938489856 25
302239809836032000 29
302242368327925761 30
302244138349375489 22
302245337899364352 28
302247254687883264 0
302249528017436672 22
302249658032455681 22
302250245239234560 22
302250303976259584 31
302250626929262592 25
302251604189515776 22
302251608413184000 30
302252967359303680 30
302253982351499264 22
302254963856375808 23
302255060304408576 39
302255160963497984 30
302256951952293888 22
302257052607213569 22
302257174237835264 22
302257539142262784 22
302259015528890369 22
302259019719000064 25
302259384627638272 22
302262270317170689 0
302262417126199296 22
302265290199269376 22
302265508307275777 25
302265655124705280 22
302266229756928001 30
302266745652125696 25
302267022446833664 22
302267928433283073 22
302268238811779072 25
302269094449774593 22
302269572587859968 29
302269698408591360 25
302271854301822976 22
302272932225351680 22
302273586549387264 28
302275360723185664 33
302276451275784192 25
302277898289704960 9
302278082851659777 22
302279504716509184 31
302280163226443776 26
302284407836921856 22
302286186230210560 26
302287218016407552 22
302287394185568256 9
302287520023076864 22
302287876559876097 9
302287981413277697 25
302288518271602688 25
302290183422877696 31
302290300859195392 9
302290380521631744 9
302290497991479296 9
302291072602746880 9
302291588493750272 25
302291689169645569 9
302292012105887744 9
302295086551666688 9
302295933805281280 9
302296122540584960 22
302296692970102784 25
302297137583116288 9
302297154347749376 9
302297716371910656 9
302298383270432769 9
302298655904387072 9
302299473806241793 9
302299624792813568 9
302301117956648960 9
302301122138349568 9
302301331857739776 9
302301495460765696 9
302301587731251200 25
302302791483944960 9
302302795674050560 9
302303546441871360 9
302304339182108674 31
302304746029588481 9
302305069007794176 9
302306054635675648 9
302306084020953089 9
302306776093704192 9
302306880938721280 9
302307342286983169 9
302307371684876288 9
302307614946099200 39
302307711389929472 9
302307887584268289 9
302308231487827969 9
302308390879768576 9
302308567044734976 9
302309238129172480 9
302309728850161664 9
302309728858542080 31
302309946974953472 9
302310378975678464 31
302310399942983680 9
302311410770255872 9
302311729541550080 22
302312790725623808 30
302314086748811264 33
302314980135563264 9
302315047231823872 9
302315064013225984 9
302315361813028864 9
302315365990551552 9
302315550577676288 9
302315907080925185 9
302316116775157761 9
302316930465923072 9
302317345702035457 9
302317542851084288 9
302318469809045505 39
302318985700077569 33
302319707095191552 9
302319950364803073 9
302320294310322177 9
302320415932563456 9
302321082852069376 9
302321091228098560 9
302321376453345280 9
302321766511046656 9
302322668278005761 9
302323263864987648 9
302323746247684096 9
302323880427675648 22
302324153074208768 9
302326921323220992 9
302328045379915777 9
302328942986162176 9
302328980705521665 9
302330176111509504 9
302330280960729088 9
302332789146124288 9
302332843680464896 22
302333544104075264 9
302333611229732865 9
302333976134180865 9
302334135500943360 9
302334450086322176 9
302334735303196672 25
302334777250443264 9
302335075037614080 9
302335200879316992 9
302335259578621952 9
302335947440263170 9
302336987627675648 9
302337834889658368 9
302338233373696000 9
302338560516833280 9
302338598244593664 22
302339613295509504 22
302340183704076289 22
302340577964474368 9
302341702033764352 9
302341806895546368 9
302342222156804098 9
302342645756342272 25
302342763213635584 25
302343329440473088 9
302343379755360257 9
302344046674857985 9
302344382194012160 23
302344625463644160 9
302344667431837697 9
302344839373135872 22
302345372045565952 9
302345690812657664 9
302345846035451904 25
302345929921548288 31
302345971835219968 22
302346009609138176 9
302346907181780993 9
302346991063670784 9
302347175613050880 22
302347360149856257 9
302347632771223553 9
302347670536724480 9
302347787973058561 25
302347943170691072 9
302348651999682560 9
302349432161193984 9
302351181156585472 9
302351453803147265 9
302351529292230656 9
302351952929505280 9
302352087122059265 9
302353429307719681 9
302353655825309696 10
302355941725175808 9
302356105269489664 9
302357443277635584 9
302358529581408256 9
302359116792352768 9
302359137776455680 31
302359657844981761 21
302359863365865472 9
302360924545769472 9
302361239126941697 9
302362551918944256 9
302363101376962560 9
302363139125682176 22
302363533402861568 9
302363894121381888 9
302364514844807168 25
302366469394669568 9
302367421531037696 9
302367450882789376 9
302367538954764289 9
302367899664936960 9
302368138761211904 9
302368482677374976 9
302368675611156480 39
302369191523147776 25
302370294612496384 9
302370512728911872 9
302370877624971264 9
302371531915395072 9
302371716498337794 9
302371850699292672 9
302374065287618560 9
302374077862129664 9
302374543438274560 9
302375013225476096 29
302375231291523072 9
302375583650828288 9
302375977890242560 9
302376212771262464 9
302376527348256769 9
302376661578559488 9
302376837714149376 9
302377110369075200 23
302377211011407872 18
302377227818004481 22
302378641290059776 9
302379505304076289 9
302380037976510464 22
302380042162413569 9
302380465782939648 9
302380507730157568 9
302380788782080001 9
302380855874183168 9
302382240007090177 9
302382353240702976 9
302382453887234048 9
302382709773316096 9
302383397634969600 9
302383414412193794 9
302384869818908672 9
302384970494771200 9
302385406685638656 9
302385930977824768 9
302387126341869570 9
302387206029455360 9
302387210253119488 25
302387407393783808 9
302387801645785088 25
302388040716918784 9
302388166558633984 35
302388791497330688 30
302388913148932096 9
302389462565015552 22
302389580039081985 9
302389605175533568 9
302389621973741568 9
302389621986308096 9
302390569890615296 9
302390787998621697 9
302391199044599808 9
302392440546025473 9
302392444727750657 9
302393870799470593 9
302394520933384193 22
302395342983421954 9
302395439452401664 9
302396014067855361 9
302396056023486464 9
302396576117178368 9
302396722942988288 9
302396777464733699 9
302396966212599809 22
302397171695759361 9
302397456912617472 9
302398056706498561 9
302398081884909568 9
302398480335380481 31
302398673277550592 31
302399692493430784 9
302399717667647488 2
302400107716943873 9
302400141271384065 31
302400296481591297 9
302400418099638273 6
302400606855892993 9
302400963380129792 22
302401533805469696 9
302401726709903360 9
302402410419220480 9
302403366720524288 9
302403479933169666 22
302403572216233985 9
302403580630011906 22
302404373319929856 9
302406101394141184 22
302406462083309568 9
302406575342112768 9
302406642455175168 9
302407200276615169 22
302407674262347776 9
302408051732926464 24
302408366330896384 9
302408760587067393 9
302409247130546176 9
302409310049292288 9
302410161476218882 9
302410295685570560 9
302410446672101376 22
302410631242457088 9
302410836754968576 9
302410861929168896 9
302413013615513600 9
302413156192509953 30
302413168804765698 9
302414284489625600 9
302414984930021377 31
302414993297649664 9
302415026856267778 9
302415433699577856 9
302416482300735490 9
302416520036880384 9
302417082073616384 9
302417220502429696 30
302417228886839298 9
302417581187420160 9
302418147439427584 9
302418533298610176 22
302418646569992193 9
302419921609048066 32
302419992941580289 9
302420232012722176 9
302420550767239168 9
302421221868445696 9
302421628720140288 9
302422203335577600 9
302422232691523584 9
302422283006377984 22
302422949888159744 9
302423121858801664 9
302423163814436865 9
302423209955958784 9
302423285440856065 9
302423419650183168 35
302423876854497280 25
302423893644304384 15
302424040432345088 9
302424040440725505 9
302424061395484672 4
302424560538615808 9
302424677974958080 30
302424954803212289 9
302425407788032000 23
302425672020791297 12
302426921910820865 9
302426934506291202 9
302426959667937280 9
302427479753252865 9
302427655922413569 9
302427790140112896 9
302428280869498880 9
302428574449815552 9
302428784190169088 6
302428821926313985 9
302428830323310592 9
302428922602196992 9
302429132292227073 22
302429367206830080 22
302429602079453184 9
302429979575209984 9
302430076044201984 9
302431204278427648 31
302431493685399552 9
302431787303444480 29
302431942509473792 9
302432038974279680 9
302432278024441859 9
302432382890418176 9
302432554882064385 9
302432911389515776 9
302433347580350464 9
302433381151567873 26
302433431453847552 9
302433678938759168 9
302434459083476992 31
302434513596862465 9
302434660418457600 9
302435260203941888 31
302435910295879680 9
302436363280723968 9
302436413624967169 9
302436765963264000 9
302437692870885378 9
302437705474777088 9
302437906813947905 9
302437982277865472 9
302438263317225473 9
302438376546643969 9
302438540141268992 31
302438540145467392 31
302438888264310784 9
302438925996285953 26
302439186072481792 9
302439651631841280 9
302440394027855874 9
302440503054573568 19
302440612119060480 9
302440842797412352 31
302440901517643776 9
302441648116334593 9
302441698435420160 9
302441790726868992 9
302441908167393280 22
302441992053460993 25
302442277257768960 9
302442277274533888 9
302442352759410690 9
302442377908469760 31
302442755412606978 33
302442851868999680 9
302442864456126464 9
302442910614441984 9
302442990297808897 9
302443455844589568 9
302444202455883777 9
302444793835958272 25
302445792080302080 9
302446513517379584 9
302446614180687873 9
302446840681467904 10
302447641764179969 25
302448249942450176 9
302448719717089280 9
302448723886211072 9
302448803611541504 9
302449520808173568 9
302449655030091776 9
302449822798073856 21
302450003161542656 9
302450196112109569 9
302450204488105984 39
302450368082747394 9
302450384864157696 22
302450523251015680 9
302450674241781760 9
302450942685638656 12
302451739590799361 22
302451886412419072 9
302451970281717761 9
302452070957600768 39
302452293251526656 9
302452448428179457 9
302453081805844481 9
302454281368371200 9
302454293955493888 9
302454298137206784 9
302454461719252993 9
302454814028206082 22
302455086678958080 9
302455116043280384 30
302455204115259392 31
302455455777701890 44
302455560635310081 9
302455665463529473 9
302455816492032000 9
302456382689513473 9
302456382697914369 9
302456877650948096 9
302456894428168192 9
302457104126586880 9
302457108316688384 25
302457242526023680 9
302457796186750976 9
302458710528258048 9
302458958021537792 9
302458999960371200 9
302459398406688769 9
302459822052356097 9
302459905913274369 9
302460061089943552 9
302460069499502592 12
302460170146025473 9
302460258243211264 44
302461717852585984 9
302462242161557506 9
302462393127141377 9
302462661591961601 9
302463076828057601 9
302463475261771777 9
302463567532261376 9
302463735312838656 4
302464330908192768 9
302464330929172480 25
302465010372861955 9
302465790509211648 9
302465819877732353 9
302466348364206081 9
302466524541767680 9
302467447259267072 1
302467447284453376 9
302467564712382465 22
302467694760955904 9
302467946410803200 22
302468676194545664 9
302469913535213570 32
302470685295509504 31
302471045972119552 9
302471289275314177 9
302471444456161280 9
302471515750944769 22
302471528346447873 9
302471545123639296 9
302471566086787074 9
302471599632822272 9
302471603831320577 9
302471960359755777 9
302472232993710080 9
302472316850421762 23
302472946008608768 31
302473793245437954 9
302474015564513280 9
302474304975671299 9
302474606957174784 9
302474720182407168 9
302474917327273984 9
302475076719226881 9
302475248681496576 9
302476733473517568 9
302478142751260673 9
302478381847543808 26
302478553809833984 22
302478717379309569 9
302479224873295873 39
302481007465095168 9
302481351385419778 3
302481695326732289 9
302483616313790464 31
302483784102715392 9
302483872162148353 25
302484027359764480 9
302484430012956672 22
302484740378865664 9
302484765574066176 9
302484941722243072 6
302485675742228481 28
302486229386158080 9
302486573298110464 33
302487177294651392 9
302487265362460673 9
302488204894953472 9
302489370911444992 9
302492407591739392 9
302492583723167744 19
302492868935835648 9
302493133189558273 9
302493506474233856 26
302493544222969856 9
302494093701967872 9
302494236287303680 9
302495863694032896 31
302497549800054784 9
302497646252273664 21
302497646256484353 9
302498657104695296 21
302498900349161473 9
302499248505774080 28
302501542769082368 31
302501945413865472 9
302502717182578688 30
302502780097134592 28
302505581883817984 9
302507154739458048 9
302509335798505473 9
302509851710468096 9
302510216577171457 9
302510363386208256 15
302511449727721474 9
302512053715877888 9
302512288580112388 31
302512846418362369 9
302513119064907776 9
302513634955894784 9
302513727222190080 9
302513970483458050 9
302514679337586688 9
302515606291365888 9
302516705203220481 22
302516747137863680 22
302517200126873601 9
302518340969189377 9
302518592610631681 39
302518785565413376 9
302519272083709952 9
302521394426683392 9
302521411187126272 9
302521453134364672 21
302521587335327744 9
302525727142723586 9
302525907506184193 9
302526683427241986 26
302527060914606081 22
302527069299044352 22
302527312598028288 31
302529531359674368 39
302529678147743745 31
302530026274951168 9
302530051478532096 9
302531771130593280 9
302531855004098562 9
302531905360908289 9
302532287013199872 9
302533566292717569 9
302533570474414081 9
302533759226482690 9
302534249960050688 9
302534254137602048 9
302534610661806081 9
302535919301455872 9
302537106268508161 9
302537580229038080 11
302538570084794368 9
302540272984809472 35
302541636141977600 9
302542219125071872 31
302542978294104064 35
302545855603408898 9
302546279219748865 9
302547982115536896 30
302548279911120896 9
302548388971438081 28
302548665774510080 9
302549315887448064 9
302550955864510464 9
302551639540236288 9
302554747502739456 9
302555418624937984 22
302555984822407168 22
302556555264540673 31
302556978893430786 9
302557322817982464 33
302559021515284480 9
302559357051224064 9
302560443388530691 9
302560518902775808 9
302561978520588288 9
302562876080664577 9
302563622654201856 9
302563681407995904 9
302564969029980160 2
302566093103435777 31
302566814523748353 9
302567418528661504 9
302568710378487809 30
302569289192464384 9
302569452749336576 15
302570052555792385 1
302570501342130177 2
302571382150152192 9
302572317450588160 9
302573437333934080 9
302574074872344578 30
302574213288587265 6
302574431404969984 9
302574871777533952 9
302574980862967808 44
302575006024609793 22
302577119932841985 9
302579435180269568 9
302579540054654976 9
302579774939885569 22
302581247136382976 9
302581926609448960 9
302582354432634880 30
302583323325263873 22
302586171257663488 39
302587152699621377 9
302587530207965184 26
302588314546999296 22
302588385837600768 25
302589870625415168 6
302589975478816769 31
302592252969107456 9
302592471077093376 30
302592680817467394 9
302594933167095808 9
302595159625986048 9
302596422111465472 9
302597428748627968 9
302602583539859456 9
302603267240763393 9
302603573399789568 31
302603971871268864 9
302604521333473280 13
302605020443066368 9
302605515366727681 44
302606371017334785 9
302606438142988288 8
302606496850653185 9
302613899809787906 9
302613916582813696 36
302614398923599872 9
302617146184323073 22
302617297187651584 9
302617800491548673 9
302618026988146690 9
302619151049031680 4
302620178674503680 9
302620426134224896 9
302621646680903680 35
302627946496139265 10
302627992646062080 31
302628701475049473 33
302628768588107778 13
302632782528659456 9
302633294271479809 9
302635013927759872 9
302635047457013760 9
302635752129433600 9
302635852759187456 9
302637723422949376 25
302640122573246465 30
302640382624296960 9
302640634299314178 25
302643213779496960 9
302643922604269569 31
302644098786025473 1
302646091067834368 9
302649429733826561 9
302649949844283393 9
302651216515719168 21
302652151828709376 9
302652453847965696 9
302652520931672065 31
302652617404866560 31
302652789375508481 35
302653900866084864 35
302654009934749696 35
302654177681739778 35
302654878143090689 35
302654962020786177 9
302655360496451585 15
302657063371284480 9
302658028061208576 9
302660972445831169 9
302661198950825985 9
302662776017522689 9
302664004956991488 9
302664126575017984 9
302667511382560768 9
302667935015661568 6
302668358644543488 9
302671642763595776 9
302672422908342272 35
302673458893029376 9
302673488253165568 9
302674020954939392 30
302674343891181568 9
302676701098430466 9
302676743045668864 9
302676881440919552 9
302677539971813376 9
302678223634956288 9
302682791248818176 44
302683273581191168 44
302684439589306368 15
302685777576488960 44
302687220438020096 34
302688180900089856 9
302688885559930880 9
302689556640178176 44
302689661501992961 35
302692761088430080 9
302696468844781569 9
302698888962400257 15
302700591858212864 9
302701841781772289 9
302702315733909504 31
302702986805780480 9
302703301366001664 9
302703641108811776 28
302705822151110656 9
302707655082905600 6
302709701878087680 25
302709802553966592 9
302711652237852672 9
302711778075365376 9
302711828394438656 9
302712625307979776 9
302717117436936192 9
302717574616068096 9
302717662667096064 9
302718614769922048 9
302719206191927297 9
302719256494223360 9
302719294247161857 9
302719738843394049 9
302721802453536768 9
302723446608121856 9
302723966735380480 9
302725061436121088 9
302725736723259392 9
302725875118534657 35
302726739140960257 3
302729599681454080 9
302733525520633856 9
302737430417641474 9
302739762463272960 15
302739976381136899 18
302741528282034179 9
302741620531539969 9
302741620539916288 9
302741620539916289 9
302744678208528384 15
302746523677122560 22
302747932954861568 34
302748318835027969 34
302748801200959489 22
302749182857474048 22
302749681996414978 2
302749853958688769 30
302750919316078592 9
302753222005760000 9
302753293271191552 9
302753389773717504 9
302753658192412672 9
302757764407631873 26
302758724920016896 9
302759052084129792 30
302762642374799360 9
302763196039692288 9
302766505362345984 22
302767914619129856 9
302769558794665987 9
302771425276723201 34
302772314477580288 22
302772478021877761 9
302773182673338368 31
302774298345631744 9
302775808324407297 9
302776164823465984 9
302776303243898881 9
302776718496763906 15
302776756211941376 9
302778316497248256 22
302778735940214784 9
302782309504000000 39
302782317875851265 30
302783815242371073 8
302784264037101570 9
302787573342949376 26
302787892101652480 9
302789121053696001 9
302789284623155201 9
302791457251663873 9
302791734079934464 30
302792245810167808 9
302792312914849792 9
302795894842093568 31
302796142289252352 30
302797656432984064 9
302798503682400258 15
302798696628748290 9
302799518724931586 15
302803767559073792 22
302806967808835585 15
302808125428350976 30
302808393842847745 9
302808490341179393 21
302809635390361602 30
302810998518194177 31
302812185514614784 22
302812936282456065 9
302815247352356865 10
302815826162118656 44
302816098808647681 44
302816732131753984 44
302817466147557376 6
302819072565993473 34
302819278095265793 34
302820121121026048 28
302821320687775745 34
302822121812398082 0
302824537752494080 9
302824969744822273 9
302824990724739072 9
302825817015209985 9
302826446139830272 9
302826634891894787 36
302826764898541568 9
302827939328819200 9
302829893853519872 30
302830090998382592 9
302830682407854080 34
302830883721838592 9
302831156330627074 30
302831181534208004 9
302832892772483072 9
302833597453332480 10
302835241607913472 34
302839775625359360 9
302840748703903744 9
302843047216029697 30
302844179657150464 9
302845077254987776 9
302845278552199169 31
302846574621507585 31
302848084579328000 9
302848407519784962 33
302849636459233280 9
302851586810597376 9
302854929649913858 9
302854963208536064 30
302856078914375680 39
302856687092629505 9
302856741610201088 15
302857756635975680 44
302858033468416000 35
302861976089026563 9
302862299042041856 9
302862584254705664 34
302862588478373890 34
302862647173447680 0
302862722696101888 0
302865952276623361 22
302867005067894785 0
302868431114469376 34
302868577915129856 34
302868649251848193 34
302868787638706176 34
302868900872343552 9
302869395812782080 0
302877142688083969 0
302877490815332352 33
302877511778455552 12
302880665928609792 9
302881580253327362 13
302882087789277184 9
302882108752416769 9
302884390445383680 39
302887792030142464 4
302889251664719872 9
302895840924688386 30
302896897859919872 9
302898986652680192 9
302903482929778688 4
302904644743598080 9
302905051595300864 30
302905617809547264 4
302905802367311872 4
302906037260918784 9
302907094238130176 9
302910948782530561 31
302911707955736576 23
302914505560694784 25
302917043097858048 31
302919190606643200 9
302920469873573889 9
302922621522149376 44
302924257309097985 30
302924345389486080 9
302924668371873792 9
302928661345095680 9
302930091606958080 9
302930125132009472 9
302931001745756161 9
302931362485248000 9
302931500867940352 9
302931693814312961 9
302932142600617984 9
302932322964082688 9
302939847532896256 30
302939931423150080 9
302940514418819073 9
302945220461486082 30
302950794674704386 9
302952510136651776 9
302953214779744256 9
302953600672481281 2
302957803377659905 10
302958096962162689 9
302958721900900352 3
302960949072121856 9
302962148655652865 30
302969463509241856 9
302970092667420673 9
302977969557762049 6
302979471122763776 28
302981178212888578 4
302983204053344257 25
302983304716640256 9
302987570353164288 25
302991047426990080 15
302997573768192000 29
303000832713048064 14
303005257724723200 9
303006792823230465 15
303007262593671169 9
303008567026397184 13
303010076959068160 15
303021137363861505 30
303028259292069888 9
303045292339634177 23
303050698822668289 9
303056377876721664 0
303062891639226368 9
303066158989455360 22
303066356125929472 9
303066934948294656 9
303067035619975168 9
303067295650050048 28
303072068772175873 9
303072614056865792 9
303072882492325888 25
303076359557767168 9
303077731078402048 28
303079463359479808 26
303089298993983488 0
303098086065049600 31
303100619424681984 28
303103375078203392 22
303108081083117568 31
303112904541093888 21
303115400139395072 9
303117602161569792 9
303117627327381504 9
303127882379718656 0
303128184356995072 25
303129199399542784 22
303129295864352770 44
303130868728344577 28
303138816947003393 23
303138967929380864 36
303141643891113986 37
303142835098628099 31
303147314598531072 2
303152452612538369 44
303155350893363200 30
303159574544912385 44
303159914291929088 9
303163143889223680 31
303164070834626560 33
303164544816119808 28
303169468916449281 2
303169930294095872 31
303172614652846080 9
303173059232268288 30
303177379361198080 31
303181804339343360 13
303183775691583488 35
303186082562973696 9
303186476819177474 18
303188070658871296 31
303188607500423168 9
303189001781780480 26
303189907743072256 9
303189928722972672 26
303190289441517568 10
303199277822390272 31
303201203033108480 26
303206424924794880 9
303209075716521984 23
303212271801335808 31
303212313727602688 31
303213408432570370 31
303215144899600384 9
303215979566100480 31
303218848465829889 1
303220798800424960 31
303224556905193472 35
303226683421499393 35
303240239403651073 12
303240566555164672 26
303251140382973952 25
303252302221963264 8
303253589890039811 26
303254088982872064 36
303255015928262656 28
303255607329300480 30
303261919756820480 28
303262699893170177 1
303263320675344384 12
303265052901904384 1
303270002189008897 23
303271575027863552 22
303271814136729600 36
303282945802776576 15
303283717567295488 30
303285206528450560 12
303288150938222592 35
303288801059557377 28
303290206130429952 31
303290231317225472 2
303294287196585984 2
303294727623671808 21
303299211322093568 26
303299475538063360 12
303302000525856768 33
303302449333161984 9
303309122441465858 14
303314642145513472 1
303317011960848384 35
303323555045728256 15
303331507450294272 6
303333906604752899 16
303339665396736001 9
303343914201534464 22
303348297236627456 9
303348553118523392 35
303349165474332675 21
303349522002747392 21
303349601690341376 21
303351463969697792 16
303353800180252674 21
303353913409695744 21
303353938579685376 21
303358061614080001 21
303359269565263874 21
303362645988356098 31
303362759230373889 21
303363132506648577 0
303363610661502976 26
303364378202370049 9
303366169170149376 21
303366349558804481 21
303366840283979777 21
303384196318126081 30
303385764954271744 9
303388747116974080 21
303390777151741952 9
303395713864318977 8
303398930903859200 21
303418853831110656 30
303420766421127168 30
303421357830578176 20
303421458510667776 21
303423585031188480 21
303424121864331266 8
303426193867284480 30
303426214855593984 1
303429050209271808 24
303437749170630658 30
303439175254949888 3
303444703326633985 31
303445118550159360 12
303449426133921792 15
303450885751713792 9
303454123750223872 9
303465465123061760 11
303467713290973184 3
303469965632225280 28
303481734857621504 21
303486503777075200 9
303487103562563585 2
303487929840455680 21
303488596734799872 21
303491767624429568 21
303493101413072899 21
303494074483220480 45
303494183522541568 1
303496595259928577 35
303497920672567297 22
303506175071236096 8
303507026502381568 2
303508381258362880 26
303509513716256768 28
303517986210316289 21
303518061716185088 21
303518841856729088 45
303519315821486081 31
303521152930807808 3
303521844990967808 9
303521849176895488 43
303522608320770048 31
303529029795971074 9
303529789002756096 9
303530363584643072 9
303530921464840192 9
303530925646573568 9
303535593915310080 31
303536386634563584 30
303538425041154048 21
303538626401300480 10
303540761285251072 21
