28965792812892160 12
28967095878287360 0
28967672074993664 6
28967914417688576 16
28968479176531969 7
28968581949558787 2
28969422056071169 0
28971749961891840 1
28973080491589632 1
28974862038994945 26
28974904342740992 1
28976409057697792 1
28976831738683393 13
28977078074343425 16
28977806142603264 0
28978641706684416 1
28978659108855809 13
28978692289994752 1
28978703102902273 1
28979189172412416 17
28979992025104385 1
28981073769660416 6
28981945648021504 3
28982306546913280 17
28982468296056833 0
28984121623576576 7
28984180876509184 3
28986888295550977 7
28988056103030785 1
28988679422738432 6
28991176921063424 13
28994160543408128 0
28994302659006464 6
28994415271878656 25
28995339910389760 10
28999985865424896 1
29002642571132928 1
29005862890643456 8
29007171412819968 10
29009276655636480 12
29009602066522112 3
29010214539763712 12
29011014699712512 1
29012766593384448 13
29012851536433152 3
29013131535581185 23
29013250238586880 8
29013441859555328 2
29013847473913857 6
29014332280938497 1
29015605554188289 4
29016926957084672 2
29017191445692416 1
29017327156592641 8
29017472875102209 2
29018239753256960 2
29018577633804288 1
29019891558252544 0
29019891822493696 0
29020394044260352 1
29021146103939072 4
29024308256841728 2
29026821307633665 1
29028073680674816 17
29028510521630720 6
29030764767088641 1
29030848766414848 16
29031139016445952 11
29033090055667712 15
29033478980894720 3
29035904588845056 2
29036103193337856 6
29036629293273088 15
29036816577335297 13
29036864241405953 25
29038355773657088 2
29040431006220288 1
29040434730762241 1
29041201420181504 13
29042615496216577 15
29043623660097536 1
29047015467917312 15
29047424135729152 13
29047669389271042 0
29050818732761088 1
29052291231252481 3
29052635168378880 15
29056059649822720 14
29058588605423616 3
29058623388778496 14
29058771531595776 17
29058812631580673 2
29061870996426752 10
29063040141885440 17
29063772995854336 16
29064561537585152 4
29065426277244928 0
29071969169182720 2
29072363442147329 4
29072661762023424 11
29073665941311489 4
29074237117440000 13
29076614587351040 2
29077290914680832 14
29077633538990080 3
29078328514187264 7
29078682777681920 3
29079234555150336 4
29084350452600832 1
29085488702824448 3
29085649403387904 4
29087393730527232 2
29088437193674752 3
29088769479016448 2
29091393200717824 4
29091743618039808 17
29092904379097089 10
29093916263321600 17
29095227042045952 12
29095951092162560 6
29096638077214720 1
29096870043197440 14
29098825436102656 3
29099298461319168 1
29099316220002304 5
29100379476066304 1
29100380419792897 1
29101955431276544 2
29103119283523584 1
29104248104951808 1
29104314123292672 10
29104841708015617 5
29105101847138304 0
29105358521769984 6
29106262545268736 3
29106526375383040 15
29107027947036672 14
29107028639092736 14
29107950761017344 3
29110953991741440 1
29111389117222913 2
29112368654974976 10
29113753194725376 3
29114303076372480 1
29114521511534592 1
29114635131031553 3
29114803469422592 6
29115103752228864 10
29116319165054976 3
29117892305879040 5
29118142898774017 3
29119858486546432 12
29121866333425664 1
29123189728616448 6
29123642625368064 4
29124540076400641 3
29125863362531328 0
29126956435906560 0
29128265566261248 1
29129506572734464 6
29132141535170560 6
29134791727124480 2
29135654331879425 4
29136769857359872 1
29137857578803200 0
29138077012205568 2
29138949117054976 15
29139325186736128 23
29140507888193536 1
29140664843247616 0
29140809852919808 3
29141590802956288 5
29141602358272000 5
29143112831995904 1
29144586089660416 5
29145239897776128 1
29146553318903809 6
29146763931680768 1
29147252261920768 3
29148548893253633 4
29150999595712512 1
29151488777388034 14
29152079591247872 4
29153973357252608 2
29154219843911680 5
29155795539066880 3
29158862636457985 1
29164514175881216 0
29166436077273089 5
29166438837133312 3
29166967269097473 12
29168296024604672 6
29168726137901056 4
29171452892684288 4
29171459813281792 4
29171861619216384 4
29172176569507842 25
29173446634115072 5
29173602393784320 4
29175079959011328 4
29175166785290241 8
29175211366547456 5
29176831886229505 17
29178579929538561 2
29179771002814465 5
29180827543801856 0
29181179513020417 2
29181964837715968 10
29182482070904832 8
29183559537262592 4
29186470539427841 5
29186969426726912 2
29187116969758720 2
29188097493180417 4
29188847954821121 13
29189252570939392 1
29189562559369218 4
29192127565004803 4
29192228123447296 8
29192428552454144 1
29194258317578240 6
29195285909471232 15
29196522360938496 1
29196777391390720 2
29197242816528385 1
29197406167900160 10
29197670975279105 0
29197831495483392 16
29200247053885440 5
29200769030815745 2
29201546298265601 4
29201550891028480 4
29203588412604416 1
29203713767772160 12
29204967151640577 12
29205049238364160 23
29205210224132097 5
29208577998594048 4
29208662060830721 12
29208901270380544 13
29209195513380864 3
29210488889937921 13
29211381676900352 5
29214357573337088 12
29215491029467136 15
29215711926685696 6
29216912974020608 4
29217387161059329 4
29218495354904576 2
29222279778926592 5
29222540199075840 16
29223206648815616 15
29226514037866496 3
29226741591441408 2
29226904787623936 5
29227384355954689 5
29227416035524608 5
29228028110307328 1
29230144925212672 2
29230625923792898 3
29231694141722624 8
29233976694546433 0
29234496406560768 2
29235792475852800 17
29235914429440000 3
29236957544456193 1
29237069125525504 16
29238274983723008 6
29241634667364352 5
29242044727697408 7
29242412538793985 0
29243435076558848 10
29243589611487232 2
29243795040116736 10
29244811177361409 5
29246402953482240 0
29246644692197377 4
29246794013614080 1
29246836107644928 7
29247069965262849 26
29247566075924480 1
29248153114906624 2
29249383400738816 1
29250441338425344 3
29250490843791360 2
29250575958810624 16
29251107381317632 1
29251507526307840 2
29251554775146496 4
29251730197712897 12
29254971430014976 16
29255276477554689 6
29256455995527168 2
29256538929500160 6
29257299906269184 2
29259665913151488 13
29260687704334336 12
29261940865892352 13
29262481184522240 1
29262698759856128 0
29263153892167681 12
29263176147140608 1
29263476715159553 13
29263670991126528 23
29263731053568000 2
29266440230019072 2
29266864873938944 4
29267269871734784 1
29272175030566912 2
29272545265975296 5
29272648764624896 2
29275053019369472 1
29277341330964480 3
29277466086342656 12
29277566439268352 10
29277801056043008 17
29278178451132416 1
29278582916251649 12
29279658964946944 14
29281084667596800 4
29282124716572673 4
29283019516813313 3
29283034075238400 2
29283663715762178 10
29285714403262464 23
29286944739434496 5
29286953627156480 5
29287792064339968 17
29289103866470400 4
29289771616436224 2
29290389810708480 4
29290573068247040 5
29292552209305600 4
29293919611133953 14
29294490275549184 5
29294970749849601 2
29297215990140928 12
29299895592554496 15
29300211947929600 0
29300432631234560 1
29301031120666624 23
29302423323414528 2
29303172388356096 8
29303621862559744 8
29305405138010112 2
29305604833017856 14
29306324906938368 13
29306705099624448 0
29307412297023488 2
29310054939238400 14
29311442557599744 8
29311598619262976 15
29311701673312256 1
29311751300317184 4
29312275479269376 5
29314381577723906 14
29314636050337792 4
29314641565847553 2
29315509799354368 1
29316453584867328 15
29320064947716096 13
29320241817325568 11
29321101733531648 17
29321310815387648 3
29323727535611905 1
29323783848329217 15
29325854488133632 2
29327276457857024 13
29327417629741056 8
29327826977030144 3
29327931427786752 5
29328192661618689 2
29329475531440129 14
29330291977883648 5
29331173427642368 23
29331910735958016 10
29331967497474048 0
29335042605977600 5
29336280995201024 2
29338126753202176 1
29338823653597184 14
29339489428045824 3
29340097937670144 2
29341103475916800 3
29341219486175232 6
29341940289904640 13
29342662498721792 6
29344909521588224 5
29347682497597440 3
29348720315203584 1
29350697359118337 3
29352089729634304 1
29353838351753217 2
29353925098344448 3
29354370453737473 0
29354563387523073 0
29354629007413248 17
29355599888125952 1
29355674039230464 0
29356159487967233 6
29356702981693440 6
29358297316327424 4
29359106275934208 1
29360570884956162 2
29361000377491456 5
29361168602636288 2
29362083367751681 4
29364039217840129 5
29367651801243648 2
29367743086075904 3
29368515894968320 2
29369814963191808 2
29369935687852032 1
29370043007500289 1
29371237864050689 4
29373310793949184 3
29373617028472832 5
29373860709142528 2
29374780612280321 11
29374874547912704 2
29375766793818113 14
29376703235100672 14
29376746486759424 4
29376866024427521 0
29377106878140417 2
29377314487799808 2
29377629832355840 0
29377651575627776 2
29378734347784193 1
29378827184504832 0
29379320292048896 8
29379848849858560 4
29379929242083328 10
29382130890964992 2
29382613344976897 0
29383227986677760 1
29385533499121665 13
29385989419966464 2
29386634248069120 0
29387692747788288 12
29387729661861888 10
29390531972825089 2
29391076510924800 2
29391931402358784 1
29392004358086656 1
29392044615008256 7
29392172935548928 3
29392648619954176 14
29393829845012480 15
29393905912905731 2
29394046883471360 3
29394719003910145 2
29395125557792768 2
29396791782805504 1
29397230024654848 1
29397858130075649 14
29399484085567488 13
29400947352403968 0
29401850142785536 6
29403913698414592 14
29404802370772992 1
29405551733510144 2
29406191079661568 2
29410053614206976 3
29412531344773120 10
29413932825321472 5
29417193758269440 6
29418121320206337 14
29418453752356865 16
29418788302622720 0
29418941566681088 15
29420719704117248 15
29421763876102146 2
29422588073607169 2
29422667366932480 14
29423124244074496 2
29424205585981440 0
29425694391930880 2
29427033297653760 5
29427913786920960 10
29428094217490432 0
29429262054334464 13
29430086130212865 14
29431560562282496 6
29431896442146817 6
29432310688391170 14
29433278888943616 0
29433614332592129 2
29434109830889472 16
29434736841588736 1
29436803878490112 6
29437469254492160 1
29437816727404544 13
29441565659238400 3
29442086180749312 1
29442450091147264 3
29443820294770688 2
29445578987413504 15
29447012155920384 6
29447130691145728 4
29447434786570241 2
29449234998628352 17
29450168357101568 15
29451123202981888 11
29454529678282752 2
29456912244285440 3
29460785918906368 0
29460827396378625 2
29461320667504640 14
29462246866292736 0
29462377116209152 0
29462722907217920 4
29463245546856448 4
29463557699538944 0
29463996230799360 1
29466565372018689 14
29467210300792832 17
29467337606307840 15
29469763075842049 3
29469928306245633 1
29470861052354560 11
29471048739065857 6
29476982622257152 0
29476995184205825 23
29479429189144576 3
29481716678660096 15
29482572392169473 5
29484939808350208 5
29485632304717824 1
29488481063407616 3
29488990407098368 1
29491383353999360 1
29492186055708672 0
29492612956160000 6
29493104444706816 12
29494391810818048 1
29496396902039552 4
29496629304229888 12
29498146396577793 5
29498314659471361 13
29498516329988096 6
29498744412045312 0
29499256096165888 1
29499681830604801 3
29502956738969601 3
29503307848355840 4
29504415798919170 14
29504669608841216 3
29506974437613568 14
29507293313769472 4
29509222337085440 3
29510639747604480 10
29513205877313536 1
29514405133684736 6
29514620972568577 5
29515408000163840 10
29516708800626688 4
29516843261624320 14
29517238008553473 6
29518120137793536 2
29520945555181568 13
29521175096852480 2
29521733983670274 17
29522709046099968 6
29524599578304512 1
29524604926033920 5
29525697491894272 14
29527121936261121 3
29528213755531265 16
29529500228263936 2
29530301344514048 15
29533665868382208 15
29534793855148033 6
29535294181085184 15
29536473149607936 25
29537133781843968 3
29540081047961602 1
29540259654012928 1
29540785812668417 1
29541128202096640 1
29541642675429376 7
29543284690915328 5
29544001833009152 1
29544749102792704 1
29544788994826240 1
29544990346575872 2
29545770474545154 1
29545782658994176 1
29546290585014274 1
29546625189810176 15
29546806463430656 0
29546810376720386 1
29547043429023744 0
29547345301479424 1
29547472200138752 4
29548970288087041 2
29549189025234945 1
29549210193887232 1
29549273586606080 1
29549304074997760 14
29549361918648320 27
29549382974046208 1
29549744053293056 1
29551012213690368 1
29551273996980224 0
29551299871645696 1
29551319312240640 1
29551337033179137 1
29551501537972224 3
29551756241276928 1
29552207099600896 14
29552418903556096 1
29552599313158144 1
29552720847310848 1
29552940691759104 3
29553089908318209 1
29553402820165633 1
29553812184236032 15
29554028815843328 1
29554549928759296 1
29554787393474560 1
29555033829801984 1
29555198468816896 2
29556043197456384 1
29557749993963522 1
29557934740475904 5
29558254828789760 1
29558284407017472 1
29558315142881281 1
29558389008764929 16
29558785567625217 1
29558795399073792 1
29558797357809664 1
29558893227016192 13
29559136538599424 1
29559477392900096 1
29559772608995328 1
29559836513406976 1
29559953379295232 15
29560038846627840 4
29560162062696449 1
29560443563413504 1
29560526166036480 1
29560614837813248 1
29560665794420736 1
29561025208520705 2
29561245891825664 1
29561661484433408 10
29561670661570560 1
29561687539453952 1
29561793160421376 6
29561849619943424 0
29562151593050112 1
29562272699387904 1
29562476559335424 5
29562697049710592 14
29563182779473920 0
29563292804448256 15
29563468457709568 1
29563563311894528 1
29564142490755073 8
29564334317244416 1
29564454236594176 1
29564664740319232 3
29564672332005377 1
29565007591116800 1
29565102738907136 5
29565469983768576 3
29566181853630466 12
29566246794035200 1
29566871443341312 1
29566903324254208 1
29567083746435073 1
29567320678465536 1
29567734865985536 1
29568332663361536 1
29568778559815680 1
29568894163222528 2
29569728729063424 1
29569972531372032 1
29570240769695744 5
29570360991023105 1
29570381123686400 14
29570422961872896 1
29570913141784576 4
29570991688519681 1
29571059577524224 25
29572476384055296 6
29572760653008896 1
29572800243040257 1
29573150907834368 12
29573451626844160 3
29574238285336576 1
29574765068951553 1
29575429509611520 6
29576023934763008 1
29576869535817728 0
29576989169950720 1
29577226227814400 2
29577506839339008 1
29577686108086272 1
29577827254800385 1
29578598998347777 12
29578813029486593 10
29579499209228288 3
29579580222214144 1
29579629861806080 4
29580472631689218 1
29581287262003202 4
29581474231492609 2
29582349108776960 0
29582409217347584 1
29582993177714688 14
29583847259639808 1
29583857741205504 1
29584371321151488 0
29584587608821760 1
29584884204838912 0
29585186899365888 0
29585781731360768 12
29585829366071297 1
29586261240979456 1
29586430565023744 1
29588051403472896 1
29588257599655936 1
29588761964707840 6
29588975958106113 0
29589718488326148 6
29590998380183552 1
29591063610007552 7
29591232598515713 1
29591502631997440 4
29591634073096192 12
29591998788800512 2
29593214549753856 1
29593467764080641 1
29593995650793472 1
29594595721478144 28
29594879080267776 1
29595502802636801 1
29595665151557632 15
29595695845478400 7
29596239066562560 1
29596302589300736 17
29596676607975425 1
29596816899047425 7
29596869017477120 1
29597394496655360 5
29597452319326208 6
29597810496110592 5
29598054659133442 1
29598665177829376 2
29599183350530048 14
29599260441837568 6
29599268759150593 16
29599277030318081 13
29599499252932608 7
29599650625363968 1
29599813435662336 13
29599968541016064 1
29600879954886656 1
29600983029907457 1
29601341303160833 17
29601874936074240 1
29601917139156992 1
29602019660533760 7
29602062153023488 0
29602145401569281 7
29602847783915520 1
29603137870364672 7
29603513705172992 17
29603699605118976 7
29603759118090240 1
29604188728074240 7
29604332601090048 7
29604868847050752 13
29605221294415872 7
29605381974007809 7
29605434390220800 7
29605916726788097 6
29606206976823297 1
29606415127547905 7
29606418566877184 7
29606637102702593 7
29606897057275904 1
29607190503362561 15
29607213706252288 7
29607812124377089 0
29607942009389056 5
29608545469075456 7
29609129211330560 1
29609239819325441 6
29609861318705153 7
29609975022096384 1
29610484609060864 7
29610644344934400 7
29610756999749632 7
29610815283793920 5
29610893926993920 1
29610900130373632 7
29610928903299072 7
29611197418442752 2
29611783794720768 1
29611896227233792 6
29612016519876608 4
29612419269525504 7
29612648744091649 6
29613127372898304 12
29613406227013632 2
29613737421840384 7
29615199631708161 7
29615296666931200 12
29615511243333632 1
29615950496006144 3
29616051847176192 7
29616966620676096 7
29617082194731009 2
29617792286203904 1
29617833742696448 7
29618823254507521 0
29619667924422656 0
29620957748396032 1
29620982062776320 7
29621049763045377 1
29621072722661376 7
29621073565712384 7
29621111599669248 1
29621272430256128 1
29621742011944960 3
29621747393232896 1
29621949403504641 1
29621986695057408 7
29622573750812672 0
29622817754447872 7
29623945313386496 1
29624481538379776 1
29625194561671168 13
29625717599764480 7
29626174858592256 16
29626342530088960 2
29626669606113280 1
29626957297618944 1
29627399503085568 1
29627688838766592 1
29627925611413504 25
29628012471255040 7
29628107568717824 15
29629278287040512 1
29629635817906176 3
29629928030863360 1
29630798625767425 7
29630987063271425 2
29631260305391616 7
29631879036534785 10
29631889320968192 16
29632035089813504 2
29634620702068736 1
29634699332685824 7
29635021144850432 1
29635195187499009 7
29636568536850436 5
29637500142100480 0
29637526532657154 1
29637571675951104 7
29637979966283776 3
29638079941705729 1
29640336099774464 1
29640617856344066 1
29641128936472576 1
29641344980877312 1
29642099909468160 7
29642299692556288 1
29642564055339008 1
29642946265485312 7
29643020705988608 1
29643884711649281 7
29644284449792000 5
29644659156324352 21
29646060792057856 1
29647050492616704 1
29647340759420929 1
29647530908196864 1
29648670563504128 1
29648841024208896 10
29649099301064704 1
29649212366917632 7
29650557811556352 12
29651554860531712 16
29651702625869824 0
29652571551440896 6
29652947444961281 16
29654031882256384 14
29654222127497216 12
29655015152951297 0
29655040394272768 12
29656022670909440 14
29656456781365248 15
29656497839415296 7
29656727611768832 7
29656748692348929 10
29657328542294016 1
29657409127448576 10
29658051833237504 17
29658208410796032 0
29659278520356865 3
29660413738090496 1
29661336879239169 7
29661394676752385 3
29661884764389376 1
29661960660328448 2
29662145364889600 15
29662937660530688 7
29663138731261952 2
29664641084821504 1
29664698353848320 2
29666432501424128 8
29667540510703619 0
29667576967593984 10
29667634018516993 1
29669512055881728 12
29669552937766912 1
29669786392731649 6
29670369258381312 1
29670909463756801 1
29671069405151232 7
29672218304712704 1
29674244312928256 9
29674954899333120 1
29675264728371200 6
29676481558880256 14
29676501125304320 13
29676981104680960 7
29677555330056192 2
29680363324309505 2
29680649380036609 1
29680787532029954 14
29681096245387264 15
29681908606574593 7
29684177121050626 9
29684761366630400 5
29685657500651520 2
29686042680365056 0
29686043330478080 0
29686311522664448 2
29686869818085376 5
29687259007553536 13
29687604597235712 7
29687851910168576 14
29688185005019136 7
29689223367892992 13
29689739560878080 13
29690351845384192 13
29692920055463936 11
29693706860756992 6
29693898129412098 5
29694510963367936 7
29694773816197120 5
29695117258399744 5
29695285814894592 7
29695343478185986 2
29696211258712064 8
29696941470257153 2
29697616262467584 3
29697622042214400 3
29697801243860992 15
29701100999282688 2
29701297317871617 2
29702854893641728 4
29702973026209792 13
29703263859249152 6
29705297664671744 6
29705357651615745 3
29706696691552257 3
29707160514469888 14
29708217516826624 7
29709934362890240 13
29712384855642114 6
29712843959967745 2
29713628508725248 4
29713699522482178 9
29714838418628608 7
29716088212168705 7
29716366118363136 12
29717543878926336 6
29717718437462016 0
29718777096572928 3
29719611595300864 14
29720077087547392 7
29720247393062913 3
29720925364559872 3
29722170087186432 14
29723135502716928 14
29723582753939456 13
29723801801465856 9
29724354489090048 5
29725927323738112 13
29725943555686400 1
29726027206893568 6
29726337899962368 7
29726446595346433 6
29727115012218880 13
29727204837425152 4
29727639866445824 5
29729687152369666 5
29729923488808960 13
29731573569949697 10
29731756131225600 16
29732073640042497 15
29732829050970112 12
29733746416553984 11
29734651887099904 2
29735404542369793 6
29736787173707776 7
29738513024942080 4
29739685408415745 15
29739750512394241 3
29740251769470976 15
29740631555317760 12
29740831803973632 0
29742734247989249 0
29742835490095104 14
29743437506936832 10
29744023577038851 3
29744502428147712 14
29746381514088448 2
29747308631433216 14
29747641034219520 3
29749337743433728 15
29750037760188416 13
29750994304770048 26
29751391337586688 3
29753054228119553 7
29754356584677377 13
29755403222908929 5
29756690916179968 11
29759913395752960 8
29760576792043520 5
29762750498480128 11
29763560905121792 9
29764200372895744 0
29765079624851457 5
29766707006406656 3
29768355124617218 25
29769479718178816 10
29770594270576641 17
29771509908111361 2
29775303513481216 23
29776164155301888 14
29778507861069824 2
29779261837541376 0
29779685860712449 3
29781878110167040 0
29783073931403265 1
29783111403307008 0
29784054542893056 0
29784257589153792 14
29787452214353920 10
29787963139297280 11
29789941277925376 9
29790192529309696 9
29795082232143873 11
29796903000477696 6
29802581299560448 14
29802949865639937 15
29803474820538369 5
29805486199013377 17
29807539596042240 3
29811282865557504 2
29811952289054721 2
29812340153131008 6
29816281410576384 1
29816837160046592 7
29817323913216000 4
29817437197180928 12
29818078351073280 2
29823099574681600 0
29824673671815168 12
29829052973977600 17
29829604780802048 8
29832119660318720 0
29835895813181440 2
29836714683924480 1
29837588248403968 5
29840302952947712 13
29844641842987008 14
29846231668752386 6
29847285055627264 2
29848912021950464 3
29850019083329536 4
29852246200029184 0
29853985930219520 9
29854698869620736 8
29855485028995072 2
29856377618833408 0
29857838096449536 4
29860294255710208 6
29860297460162560 4
29861059149955072 3
29863967606177792 2
29863973453037568 2
29865041629024256 2
29865300723761152 2
29866252864331776 2
29866256576282624 2
29866769262837760 2
29870623777890305 2
29870880108576768 16
29873644121362432 0
29873701256167424 7
29874737240870912 25
29876347409010688 0
29876855435694080 2
29878816281206784 3
29879906003324928 3
29880470950912000 2
29881513252225024 2
29881782203580416 7
29881885689643008 1
29883734643703808 4
29884189062987777 2
29885005362630656 5
29886962143854592 1
29887602710548480 3
29887625179435009 3
29889129990848512 9
29890537037242369 2
29891046645170177 7
29892346430619648 5
29892534008287232 9
29892632628957184 2
29893213850443776 13
29894770717368320 7
29895163560071168 0
29895343462154241 9
29896590613282816 4
29896683269656576 7
29896733693579264 12
29896951159853056 1
29897040926343168 0
29897192697233408 4
29897363770318848 0
29897763051282432 4
29898299192385538 0
29898964337696769 4
29899007908118528 4
29899866511515649 4
29899888217030656 4
29900173027049472 8
29900230732292096 0
29900659306266624 4
29901748629938177 4
29902271479287808 9
29902469320409088 2
29902740717047808 4
29902841330012160 6
29903210235822083 4
29903413542125569 13
29903671839948800 3
29903758779490304 3
29905485217927168 8
29905607339286528 5
29906021270953986 4
29906116062220290 9
29906333624958976 4
29906503271981056 16
29906997293879296 4
29907108707176448 2
29908397922983936 4
29908807836499968 4
29908923867734016 5
29908958084857856 21
29908982239854592 4
29909262767489024 1
29909266101968896 4
29909651365564416 4
29909930827841536 4
29910562850742272 4
29910567581913089 4
29910591149707264 3
29910681163661312 4
29910756409483266 4
29910800948797440 4
29910857743867905 4
29911103811100672 2
29911374503088128 10
29911466186375168 6
29912296008450048 2
29912424681312256 4
29913791437209601 4
29913987764195328 13
29914525234896897 7
29914542762889217 4
29914827342221313 4
29915570119905281 4
29915805172895745 13
29916158782078976 11
29916477377220608 4
29917417236860928 0
29918170810679297 4
29919335707320320 2
29919543019180032 17
29919664423305217 10
29919735382540288 17
29919964735479808 4
29921391146967040 4
29921460889849856 2
29921489213980672 4
29921652779253760 2
29922350656921600 4
29922787854385152 1
29922965202141185 9
29923025881145346 4
29923075621392387 4
29923152343601155 4
29923541772144641 4
29923754175893506 10
29924042723041281 9
29924423586811904 2
29925221569925120 0
29925252460969984 12
29925540970364928 4
29925827529416705 4
29926077681893376 2
29926990999986177 0
29927010822258688 4
29927029684051968 4
29927470941609985 16
29928027760627712 3
29928774757781504 6
29928878730387459 4
29928974628954114 4
29929132829708288 16
29929865545256960 0
29931459791822848 4
29931742685044737 9
29932246110568448 4
29932438171951104 17
29932532732526592 4
29932808952614912 16
29933002024812544 13
29933930039738368 9
29934157463293952 7
29934471260151808 9
29934479816523777 0
29934524682993664 9
29935111780700160 16
29935861109891072 2
29936272629829632 1
29936391567712256 4
29936456067719168 8
29936532865417216 8
29936831172710400 4
29936882334830592 2
29937130155278337 4
29937155568574464 4
29937185994051584 4
29937840850739200 4
29938994254979072 7
29939947347644418 14
29940184141266944 4
29940520516063232 13
29941525441937408 14
29941674264236032 4
29942015110160384 9
29942371579854848 17
29942593399820288 4
29942734030635008 7
29942866067329024 0
29944405947322368 7
29944510477770753 10
29945062523674625 9
29947258413776896 0
29947404203593728 4
29947768046886912 8
29948763707543552 7
29949320493015040 8
29950097202610177 13
29950309744779264 4
29950628679655424 4
29950724490133505 7
29950829746196480 2
29951707270090752 9
29951892234698752 12
29952377113022464 4
29952618084171776 13
29952644176936960 4
29952775488012288 4
29952781913694209 4
29953060205760512 0
29954269654286336 16
29954672672378880 5
29954885638164481 9
29955092178276352 13
29955096955588608 10
29955716676583426 9
29956594770907137 9
29957073382936576 5
29957578159038464 2
29957735441235969 4
29957866773282816 9
29959012724244480 9
29959763458527232 4
29961115022655489 4
29961878142722048 1
29962394386038784 13
29962873480413184 0
29962947937705984 4
29963221750251520 7
29963380718567424 4
29963747619512321 7
29963957057880067 7
29964149756788736 6
29964806458970112 7
29965172969840640 0
29965595789230080 10
29966258715758592 9
29966764259418112 7
29967133987311617 7
29968062279065600 6
29968099797110785 11
29968472767201280 9
29968696868864000 7
29969140395544576 7
29969261619318791 16
29969536539164673 9
29969560778051586 15
29970038337306624 9
29970359025401856 25
29970600042692609 4
29970743043297282 0
29970854871826433 8
29970886933090304 8
29971327473426432 4
29971370016243713 13
29971553881952256 4
29971638543982592 9
29972408785960960 14
29974270754947072 6
29976628511645697 7
29977398191595521 13
29978006919319552 8
29978784442613761 7
29978962599870465 3
29979186709925888 9
29979785870450690 7
29979787090984960 7
29980477968355328 7
29980635686772738 8
29980771821293569 4
29980992311656448 2
29981352543649792 6
29981750247563264 7
29982067924144128 1
29982416521142273 9
29982673552281602 2
29983067007356928 7
29983478363717633 3
29983766109757440 4
29983840793530368 3
29984725615513601 8
29984984123056128 0
29985566330191872 6
29985708722618368 4
29986568634634241 7
29986572824739841 11
29987499350687744 6
29987900749783041 9
29988033105240064 7
29988348554641408 9
29989922634997760 14
29990098707677184 6
29990212637560832 9
29990350961516545 1
29990983902961664 3
29991159749152770 15
29991643910242304 3
29992277275316225 7
29992682847735808 0
29992927153360897 4
29993056316948480 6
29993449017057281 7
29993695927336960 3
29995067955482624 7
29995290803044352 7
29996481968611328 7
29997573569777664 9
29997693933719553 3
29998052534124544 11
29998791792791552 5
30000430683529216 1
30000726482620418 3
30000795378257920 2
30000810200928256 2
30002352819798016 13
30002459317374976 7
30002622148644866 7
30004282195443712 6
30005448316821504 4
30006118478512129 15
30006256999604224 13
30007189145919488 15
30007910994022400 5
30008563728392192 7
30008888187158529 2
30008891647467520 11
30009328891076609 9
30009957734678529 0
30010242251104256 1
30010570367303680 6
30010571197775873 2
30011415892852736 6
30012275423186944 9
30013773049757697 11
30013912095137792 13
30013954906398720 7
30014370507395073 26
30014717997092864 0
30015564571217921 6
30015571043033088 7
30015603104284672 7
30016054197489664 2
30016732944924672 12
30016851715031040 3
30017319606427649 6
30018283402960896 9
30018304034738177 3
30018721376378881 7
30018781489139713 15
30020231271284736 0
30020862862168065 15
30021228290904064 9
30021375947177985 4
30022191554764802 5
30022330415587328 0
30022830624088064 7
30023844370579456 4
30024621822582784 1
30025465972396032 10
30025535761420289 3
30026246704340992 2
30026692252663808 9
30026776419766272 2
30027043655655424 13
30028088104456192 2
30028579458785280 1
30029777607860224 9
30029810507976707 6
30029905936781312 13
30029906716917760 17
30030351812268032 5
30030900846665728 2
30031559738265601 3
30031825472589827 10
30032342810628096 4
30032665637822464 0
30032743513464832 26
30033690314670081 11
30034234726940673 14
30035299383910401 9
30035396582707200 12
30036270692433920 2
30037191400890368 0
30037379448307712 15
30039074249113601 13
30040220187496448 13
30043083580112896 8
30043654965960705 2
30044028439363584 9
30044528048087041 13
30045171471089664 3
30045176936271873 3
30046182872977409 5
30046436179578881 4
30047760992436224 25
30048895966904320 1
30049849156050944 4
30050208213639168 4
30050959887433728 11
30051954050727936 3
30052152558747649 12
30052214336651266 1
30052868887158785 23
30053730267168768 1
30054633808330753 5
30054819175596032 2
30055029759021057 9
30055514381488128 14
30055652839653376 4
30056094067859456 13
30056132479287296 4
30058868079861760 21
30059853560938496 7
30060103956697088 4
30060880158785536 3
30062422576336896 0
30062538221686784 5
30063104272371712 13
30063339698655233 4
30064870233735169 13
30064964521697282 6
30065597966454784 12
30066056034779137 6
30067181584654336 13
30067612700381184 23
30067826060435456 7
30067834360963073 7
30069747622088705 1
30071138327470081 7
30071769100460032 13
30073810464018432 5
30074745030451200 7
30075063562670080 9
30075242592337920 6
30075264339804160 4
30076476434944003 5
30077168956473344 4
30078056517341186 6
30078388416806912 25
30082199986380800 13
30082294580510720 13
30082564710473728 13
30082793262288897 13
30083577085427713 6
30084233934409728 23
30084940368453632 13
30085531765317632 2
30085569992200192 13
30087830369734656 9
30087967800299520 9
30088243047301122 6
30088866102771712 13
30089000043675648 13
30089231133057024 0
30089466064404480 13
30089553725366272 4
30090420985794561 4
30091359255789568 5
30091502759710720 7
30092054042251264 2
30092449464459264 16
30092659175464960 13
30092859558330368 13
30093167172788224 16
30093435356577792 13
30093569540751360 7
30093892678324224 13
30094680389586944 16
30094802171199491 13
30095059768573953 4
30095105796874240 2
30095792811278336 13
30095980074377217 16
30096601695395841 13
30097279297781761 16
30097429839740928 7
30097913690456064 13
30098010864091136 5
30098088563572738 17
30098175503110144 14
30098281497362432 3
30098586972721152 13
30098736520630273 5
30099064997543936 16
30099312893501441 9
30099738275614720 8
30101530644316160 0
30101682566209536 7
30101705064456192 12
30102878777511936 2
30102989704269824 13
30103606875136000 7
30104014272069632 6
30105060742529024 3
30105160940265474 23
30106875533991937 4
30106968714645504 13
30109318141444098 4
30110157539123200 23
30111307600498689 13
30111920656748544 13
30111998276542464 15
30112643482124289 2
30113140213555201 6
30113223487266816 13
30113457042882560 13
30113778855055360 13
30115178284589056 0
30117229777387520 8
30117313898348544 6
30120295868137472 0
30121003757604865 13
30121100952215552 2
30121573998399489 2
30122759342264320 4
30123883717730304 1
30124685698015233 6
30125619333308416 4
30126067448553473 9
30127796827201537 6
30127871053799424 9
30129060491304962 2
30131071488102400 2
30133181982183424 6
30136419355725824 1
30136517234003968 12
30136519461175296 0
30136925230727168 9
30137431932010498 3
30137504334090240 8
30138904044634112 10
30140006722969600 14
30140350932713473 8
30140543900057600 15
30140639110762496 8
30141839524761600 1
30141947922358272 13
30142813622505472 14
30143061707202561 13
30144612324610048 8
30144626258083840 5
30144954164580352 0
30145973258817536 8
30146528110710784 14
30146625129160704 11
30146920135532544 10
30146947197177857 1
30147216362446848 8
30148085053136897 1
30148156909948929 13
30149086560657409 3
30149943758954498 1
30150397205159936 0
30150979655569408 13
30151108915625984 8
30152221719007232 2
30155463421071360 12
30156262612140032 5
30156364240130049 10
30157835434201089 3
30159528762810368 1
30162553262841857 3
30163860283465728 2
30164361624428544 8
30166204228308992 8
30166783797239808 2
30167063326629888 3
30171143117733889 8
30172275693068288 8
30172392424738816 0
30172846525251585 8
30173101094342657 8
30173229582655489 8
30173889518637057 0
30174694464299008 8
30175318723530753 0
30176624745906176 10
30178090084732928 11
30178149971001344 1
30178154253389824 4
30179590383075329 8
30179593696579584 1
30179680120213504 8
30180852956667904 8
30181238492897280 1
30181259464413184 1
30181261322485760 1
30181945539301376 8
30182630423003136 17
30183732333780992 16
30183931399639040 13
30184174069485569 13
30185132027551744 4
30185572010033152 15
30187870459273216 8
30188073790742528 25
30188238920491008 3
30188246860304384 23
30189430073458688 14
30190476850106369 1
30191539678347266 8
30194530934333441 15
30194947625852928 8
30195250039361536 8
30195703720448001 6
30195734397587456 8
30195992632496128 8
30197648455630848 3
30198105513140224 3
30198546422566912 2
30201090108555264 1
30202078395637760 2
30203004422463488 8
30203027998638080 8
30204964789821440 4
30205821816152064 6
30205882033766400 8
30206292555464705 2
30207328506613760 8
30209263733313536 2
30209514821128192 8
30209763061010432 0
30209944758255616 8
30213489180016640 8
30216730722701312 8
30217175910318080 3
30217648230891520 2
30218527092772864 2
30219282595979264 11
30219417262493696 15
30219468592386048 3
30219578076299264 1
30219793458008064 3
30220405885112320 8
30221423737835520 0
30222943480979456 5
30222946924503041 13
30223544906424320 3
30224456668418048 8
30224947863363584 8
30225127555727360 5
30225196061302784 8
30225639298568192 3
30225672072855552 8
30227252268503040 2
30229057178177536 2
30231086277591041 0
30231547399376896 2
30231673970884608 6
30231756779028480 8
30233366276087808 7
30234474604142592 2
30235602540564480 0
30236041789050880 3
30236884051435520 3
30236969338408960 8
30237749344735232 11
30240863992938496 14
30240936592154624 13
30241029483397120 23
30241666954698752 12
30241891786166273 13
30241993720332289 12
30242277993480192 13
30242320716664833 8
30242865485447168 16
30243858654691328 2
30245154598158337 9
30245741335154688 13
30246103811096576 2
30246786849312768 13
30247261657104384 13
30248740119908353 3
30249301665910784 7
30249363020189696 2
30249411535704065 2
30249635062751233 5
30251343092391936 9
30251634873335810 3
30252359724572672 7
30252424555921409 3
30254032589168641 1
30254811135873024 3
30254886801121280 16
30255228381036544 1
30255811091501056 1
30256937165651969 12
30257444508672000 2
30257918918000640 5
30259745067638784 16
30260511308255232 2
30261187492978688 9
30262198236348416 5
30262721979092992 1
30264116249624576 8
30264223292465152 7
30266211619049473 4
30266409938321408 6
30268814184677376 3
30271122431803392 3
30272609513897984 7
30272744067174400 8
30273369303683072 16
30274519411195904 13
30274668183166977 9
30275118093574144 13
30275282464153600 3
30276303584231425 2
30276712407240704 2
30276978678435840 2
30277006646054912 0
30277420942622720 9
30277535400988673 5
30278755226230785 12
30279411047600128 3
30279445751271424 1
30279515653545984 0
30279572930953216 3
30279900619345921 2
30280006311612416 3
30280080747921408 8
30280495124193280 14
30282297689251840 8
30282761939980288 0
30282776829759488 0
30282798283620353 0
30283047223955456 3
30283063699177472 9
30284070894174208 8
30284693416968192 5
30285015719870464 10
30285149287481344 1
30285155067236352 1
30285327859982336 13
30285763908206593 4
30286115457998849 3
30286442685014016 14
30286636432494593 11
30286890129162240 9
30286912686133248 1
30287088289058817 10
30287161899094016 25
30288715846787072 1
30288842204381184 6
30290348043407361 4
30290716475260929 3
30290882041225216 7
30292656965816320 15
30294049474744321 17
30294083331170304 3
30294939292139520 5
30295023958364160 21
30295306801254400 8
30297416687161344 13
30297740420321280 15
30298228616335360 3
30298754699497472 13
30299217419304960 3
30299819595534336 9
30303527939084289 6
30303893518819329 4
30304023416410112 23
30305888401104896 7
30306064587030528 13
30306370184019969 2
30306897550647296 11
30306965607415808 2
30307254150365184 7
30307642370949121 15
30307841604591616 2
30308171595649024 11
30308242710069248 1
30308676094926848 8
30309361721024512 9
30309789984628736 14
30309859220004864 6
30310592120102913 13
30310664287289344 6
30311489055232000 3
30311869868670977 1
30312146520776704 13
30312161397964801 4
30314389370306560 4
30314524003270656 2
30314993614323712 5
30315979753922560 3
30316304493707264 3
30317108462096384 28
30317312351412224 0
30317495017545729 8
30317567532863489 2
30317726136270848 8
30317913206431744 3
30318243478507520 8
30318347975397376 8
30318599885291521 15
30318891519447040 16
30319208176820224 3
30320833654161408 16
30323782577037313 13
30324895254585344 1
30325037932216320 4
30325151543332864 3
30326090954182656 8
30326405107552256 0
30327110438486017 8
30327223667920896 3
30327554120351744 9
30328228853846016 8
30329279422144512 8
30329435676741632 2
30329668477386752 1
30330100922716161 12
30330644261244928 12
30330694089580545 13
30331396039909376 13
30331697530667009 5
30331742611046400 1
30332237778001920 8
30332641186160640 3
30333108687470592 1
30334041655873536 2
30334316655415298 8
30335134557274112 4
30335360378609664 3
30336632099966976 15
30337914273538048 6
30341918521040896 8
30342472882196480 2
30343979849482240 1
30344159634132992 8
30344501788672001 3
30344561100324864 6
30344844010332160 6
30345391052423168 5
30346001420128256 23
30346926125752320 0
30349010376065024 3
30349124234641408 10
30349168828481536 5
30349244057526272 0
30349976752099328 6
30350155270062080 8
30350226606784512 13
30350599161643008 23
30351040977047552 1
30352981819920384 15
30354026755268608 6
30354467463372802 3
30354903104749568 17
30354952433967104 3
30355370538958850 6
30355575934033920 1
30356159202336768 7
30356287451566080 8
30356296486100993 2
30356559221493760 3
30358072098562048 8
30358150280380417 6
30358360507293696 1
30358431999205377 23
30358787344830464 4
30359830988324864 17
30360018473713664 3
30360091202953216 9
30360257209307136 1
30360271113424898 6
30360893862715392 0
30361012511186945 6
30361134234075136 0
30361362878169088 0
30363334750502913 0
30363602187722752 7
30363847143464961 6
30364148424515584 0
30365221067427840 5
30365345097187328 17
30365823444983809 6
30366467505528832 4
30367363798933504 15
30368004080410624 2
30369284123262976 3
30369426192728064 15
30369516349292544 12
30369843635036160 6
30369999617007617 3
30370115123945473 13
30370913199333376 9
30371615850106880 13
30371703578169344 6
30372021468667904 4
30372369704951808 8
30373175778869249 13
30375038867738624 6
30375048644665344 28
30376934647005184 17
30377350315114497 2
30377622064078848 8
30377942009774080 0
30377976881217536 1
30378781550055425 3
30381116489736193 8
30382527768166400 6
30382993356886017 2
30384057296617473 25
30384595740401664 12
30384640908853248 3
30385544127062016 9
30386385739317250 1
30386693102112769 9
30387072019730432 15
30387130903568385 9
30387479815131136 25
30387986306699264 2
30389268501241856 1
30389512999796736 1
30390248491982848 0
30390517741129728 1
30391135373361152 6
30393246936997888 4
30393441779195905 23
