301396402376933376 48
301396620480770048 53
301397023154905088 48
301397304181673985 48
301397492912775169 48
301397505491484672 48
301397899751874560 23
301398013023240194 48
301399233557299200 44
301399376172036097 44
301399661372129280 44
301400189841846272 48
301400399561240576 48
301400496042807296 48
301400663814975488 44
301400743498379264 48
301400789635698688 44
301401141953056768 48
301401238405255168 48
301401473319829506 48
301401666228473857 48
301401808838987776 48
301402337325481984 44
301402714821259265 48
301403004219822080 48
301403331396509696 48
301403746607435776 48
301404778402037762 41
301405877326462976 48
301405894086893569 48
301406061875843072 30
301406376465416193 12
301406498062495744 48
301406762312024064 44
301407185957707776 48
301407274025492480 48
301407441793470465 48
301407727031291904 44
301408754619011072 48
301408872046927872 49
301409341800579072 44
301409509593735169 48
301409668960514049 48
301409970979737600 48
301410205839802368 48
301410558148767744 48
301411124417552384 48
301411258610114560 49
301411367649427456 48
301411380236529664 48
301411577389805570 1
301411602551410688 48
301411606733148160 48
301411879371280385 48
301411933893033984 44
301412269424779266 48
301412621763096576 48
301412797932265472 48
301413049603067904 48
301413515133067264 48
301413645177479168 48
301414156899319808 49
301414702137880576 48
301414756676407297 48
301414974771851264 48
301415939449163777 48
301416023343632384 48
301416119821012995 48
301416350499368961 43
301416446972538880 21
301416820282372097 48
301416954474921984 48
301417159987437568 13
301417403261272064 48
301417449419599873 48
301417646556065793 48
301417747215183874 48
301418162430296065 53
301418166633000961 48
301418527334748160 48
301418791605264385 48
301418892264345600 48
301419437515481089 48
301419471065718785 43
301420226048827393 48
301420410577244161 48
301420658045370368 48
301420821623226369 48
301421215908761600 48
301421253661700096 48
301421874414489600 48
301422440611987456 48
301422826504740864 48
301422872650448896 43
301423476642832384 48
301423732457619457 48
301423975752417281 49
301424357429870594 48
301424378380443650 48
301425259192655873 43
301425485706063874 25
301425536037711875 49
301426362315591680 43
301429596119785472 52
301430367880097792 43
301431030584328193 44
301431747780943872 45
301431798120988674 44
301434272772943875 44
301436214718918656 44
301438341218435073 44
301439192666365952 44
301439427564163072 34
301439549203161090 34
301439582740824064 23
301439997972709376 43
301440102826143744 52
301440656486846465 44
301441306629140480 13
301447560336379904 44
301450131423780865 44
301450798322286594 43
301450873819779072 43
301451452642127874 44
301451511362379776 43
301451712659603456 23
301452010463571968 43
301452538941681664 34
301453176509444096 43
301453579141652481 44
301453717536903168 35
301453965009231873 43
301454145364299777 44
301456565494505472 34
301456640979394560 44
301458306143240192 16
301458507465633792 43
301458696196726785 44
301459639931908097 43
301460050944339970 43
301460902404837376 43
301461397311717376 19
301461422494318592 43
301462190043586564 43
301463767089287170 43
301464123609317377 43
301465071551393793 43
301467659428581376 43
301468166935154688 41
301468947092480001 60
301471342010703872 43
301472268943491072 43
301472818397339650 43
301472885518770176 43
301473795707899904 22
301474974277967872 53
301477822222970880 44
301479705478049793 44
301479743193231360 5
301485862707933184 30
301487552999878657 52
301500475671449600 53
301502119813464065 30
301503197778952192 44
301504921637908480 22
301504942601031680 43
301509292064907265 53
301509350785159168 45
301509480846327808 23
301509933818585088 53
301510109954195457 53
301510177084035073 45
301511473115561984 23
301511552819924992 44
301512475554242560 43
301515315106418689 21
301515403203575808 21
301519190643322882 43
301519417127350274 34
301519547163357184 44
301522273444179969 53
301523003253092352 49
301526505509515264 43
301526820065509376 20
301527478604800000 44
301529751900782593 44
301530242625978368 44
301531169588129792 44
301532306227724288 44
301533283504750592 44
301534185263362048 44
301537209385906176 43
301542771024617472 53
301543240774066178 44
301550249447661568 21
301551490974224387 43
301552753451343872 45
301556343775584256 34
301562471653715968 44
301562601668743168 53
301568633098887168 45
301574165381664768 44
301582553998053377 1
301594943972077568 35
301596596523630592 41
301604381147680768 44
301611469525643264 21
301612736201256960 53
301616712393031682 53
301617047949959168 41
301617052123291648 52
301620843799273472 44
301621993021796353 19
301623331025715200 53
301624924848668672 21
301637910422253568 17
301638157873602560 44
301657367785902080 53
301659578209275904 21
301660618371518464 21
301665567641849856 34
301666511360249857 43
301675235525152768 34
301684085489815552 44
301685574505488385 13
301691803046932484 3
301696165114683392 45
301696261566889985 23
301696588739399680 34
301698010579079169 44
301703136035348481 43
301704151056924672 41
301704193004167169 53
301704566301421568 43
301704671133831171 45
301705249964576769 53
301707330339356673 55
301707904979963904 20
301707997221097473 20
301709851137019904 49
301710354440937472 41
301710958420688896 44
301712858427834368 34
301715265958330369 44
301720005513457664 43
301720294924623874 45
301721171546750977 53
301722618585821184 43
301723402916470784 45
301732731040169985 53
301733611860815872 45
301737038615560192 45
301737546126336001 49
301738867319525376 44
301739186086633472 55
301742432465330176 53
301743875293315073 23
301745578197516290 41
301749638287994880 53
301750191952908289 53
301751437627625472 49
301753878729342977 53
301754562379923457 48
301758135956295680 44
301761315221946368 53
301769091469946880 20
301769833853366272 44
301771301855580160 13
301771406742532096 53
301772165886382082 48
301773000561274880 45
301773403193499649 60
301775206752600064 53
301776389546332161 41
301777240994217985 45
301778335715975168 53
301778339889307649 1
301778407010734081 41
301779338133659648 52
301779417838002178 43
301782232211783681 41
301784018993692673 53
301786225218576384 20
301789979087081473 43
301790788596146176 41
301791514231717888 52
301791677784416258 45
301792441151938562 53
301792558584041472 20
301792625709678592 49
301794131443871744 20
301797008757383168 44
301801932857696256 52
301802251616415744 43
301802838852505601 44
301803505734283265 3
301805632233799680 8
301806999572709376 43
301807398039986176 20
301807733584297986 44
301809100919042048 43
301810900292222977 53
301811361669840896 43
301811416179040256 53
301811634274447360 43
301812141806206977 44
301813702091489280 52
301814679360118784 20
301814876475621378 21
301815484649717760 30
301816029930217472 43
301819553120399360 25
301820052246781954 53
301820740146176000 41
301823067947159553 60
301826113037008897 44
301828147249291264 21
301829950812610560 20
301830718366023681 20
301831347524231168 43
301831389467258880 53
301831989265321984 52
301832127673159681 20
301832131867471872 34
301835432755331072 53
301835705401872384 43
301839920681611265 45
301840344314683392 20
301842089124171776 20
301843322262147073 20
301843326456434689 20
301843716526731264 20
301844601512275968 53
301846199542112256 43
301846644155105280 34
301850041545543681 23
301850452557963264 49
301851014619873281 43
301851861848322048 53
301852516189102081 43
301852587462893569 20
301852772041621504 20
301852868493840384 20
301852927230889984 20
301853006889107456 20
301853174686445568 20
301853631861366784 20
301854407799230464 43
301854701413089281 58
301856127463858176 20
301856437842362368 43
301856702091907072 25
301856785973772288 20
301857423516377088 20
301858618884632577 44
301858719547924480 20
301858979611570176 20
301859252224552961 44
301859537437204481 20
301859873002491905 53
301860699255226368 20
301860846051663872 44
301861198385799169 20
301862465057218560 20
301862867727155201 20
301863685616451584 20
301863765312430080 20
301863828197629952 20
301864113431273473 20
301864339915296768 20
301865149436923904 20
301865254265180160 19
301865367536537601 43
301865791131893760 23
301865816306106368 20
301866168631832576 20
301866403517042688 19
301867028476727298 60
301867242361065473 20
301867691159990272 14
301868811039170560 44
301869041730080768 20
301869113037447168 20
301870425858777089 20
301871126303371266 44
301871298274017280 20
301872137126412289 20
301873445740896256 43
301873609343897602 53
301874339140206592 20
301874339144425473 20
301874376876384256 20
301874762773311488 20
301874825683689474 34
301875018621665280 43
301875312197775362 20
301875664519323648 20
301875748426350592 13
301876495025070081 20
301876763443744769 20
301877384213299201 20
301877472268541953 20
301877547761823744 20
301877648450273280 43
301879296807555072 20
301881519805435904 20
301882182505480192 44
301883482739728384 20
301883554021904384 43
301883658866941953 20
301884770370064385 41
301889757384962049 20
301891355439947776 44
301892596928749568 43
301893809103568896 20
301894798934175744 20
301895545528659969 45
301896313082093569 20
301896367633207297 20
301898359902441473 21
301898947125981184 20
301899639165186048 43
301899660149284865 20
301900398363561984 45
301901170102915072 20
301901547573506048 20
301901639852388352 20
301901996380811265 20
301903128830291968 43
301904546496651265 43
301904575873548289 44
301904861077839872 20
301904936587890688 20
301906429764325376 20
301906748506259457 43
301906874352164864 44
301908933759614976 53
301909676138844161 20
301909797777846272 20
301911232225615872 9
301911471326117888 20
301912536666763265 20
301913014821593088 20
301913664942927873 20
301913811735158784 20
301914608661303296 20
301916475114024960 20
301917007778021376 20
301919616656101376 20
301921067864322048 45
301922502337261569 43
301923861287555074 44
301925736137228289 21
301926080082755584 52
301927887831969792 58
301929133531869184 23
301929146093809664 44
301929146093817857 44
301929146102210560 44
301929146114797568 44
301929276134006784 44
301941364109742081 14
301941494124789760 34
301942853075079168 20
301944925073842176 20
301944971198607361 20
301954123207700482 45
301954857210896384 23
301956476182859776 20
301957013066358785 49
301958120375197696 20
301958590116290560 3
301960985072250881 20
301965317784096768 20
301973114991022081 34
301973660246355968 34
301976512377278465 49
301977296716320768 43
301980903817756673 49
301981260316831744 53
301981906239635456 20
301982124381196288 58
301983634326433792 20
301989942530301952 43
301993776149315584 44
301994786951397376 44
301995114140676097 23
301995919447056384 20
301996712162107392 20
301998016569675778 21
302005931217149954 20
302006547809198080 41
302007546036764672 20
302007852216758272 53
302009592873902080 52
302011538997399552 53
302011820032524290 20
302014068166897664 20
302014676357754880 52
302019956990681089 20
302021185896599552 53
302021781487771649 20
302021919929143296 20
302022540694544384 20
302022859457458176 20
302023295656660993 20
302024344215879682 20
302024428131336192 49
302024834945257472 20
302025619301089281 20
302025686401548289 20
302026432975081472 20
302027800347566081 43
302029016678944768 20
302029310288617472 20
302029448709029888 20
302029893271691264 7
302030862155923456 20
302030958650085376 20
302031558414577664 20
302032279839047680 41
302032321773707264 20
302032372113760257 20
302033378759286784 44
302033752031379457 20
302033886265892864 20
302034351821041665 20
302038801985966081 20
302039770865999872 20
302040517473095682 20
302042119697211393 20
302044590125481984 20
302044590125506561 20
302045886152839168 43
302046439813574656 20
302046670512865281 20
302047651992567810 53
302047903625654273 53
302048306283036672 53
302048931225956354 1
302051661717848066 20
302051905008455680 43
302053251371651072 43
302053314282020865 20
302054501270032385 20
302054803264139264 53
302058636841201664 20
302058800452628480 20
302059907715317760 53
302060033548632064 20
302061438636265472 20
302062105534812161 1
302063531602350081 6
302063640641671169 20
302064290796556288 20
302066379551551488 20
302066689909063681 43
302068476695150592 20
302070544495431681 20
302071169421557760 20
302072721339207682 21
302072813605515264 20
302073446932819969 41
302073585374216194 53
302077116948815873 49
302077498622083072 20
302077662208344064 20
302079172149407745 53
302079272850432003 41
302080405299937280 20
302080707268849664 43
302081604870864896 43
302081634205843456 21
302081852330622977 20
302082204668919809 43
302082380825522176 53
302083475534651392 43
302083878183641089 20
302085677548437505 43
302085866262777856 43
302086445085126656 45
302089024590471168 45
302090316440272897 20
302091268555685888 20
302091495043895297 20
302091771863764993 20
302092195484299264 43
302092556206997504 53
302092640097300480 45
302092690428919808 53
302093910950432768 20
302094535893348352 44
302094582022299648 20
302095131488694273 20
302097622901075968 20
302099128664600576 15
302099321598377984 52
302100152095739904 20
302100957364359168 20
302101154517643264 20
302101620102152193 20
302102140162285569 44
302102727364841472 53
302103356531425280 20
302105004871909376 49
302106695184814080 52
302107877999534081 43
302107898971041794 20
302107945087422465 43
302108234515369984 20
302108511322636288 53
302109899645661184 43
302110151295528961 53
302111472492888064 20
302111770288476164 20
302112235872997376 53
302112588198719488 44
302112957293273088 34
302114031030902784 43
302114148475600896 53
302116291760754688 20
302117294178455553 43
302117461963206657 53
302117558427975680 43
302118711878373377 43
302118791549186049 49
302119433307033600 43
302120167301840897 20
302120884506857473 53
302123547889917952 43
302124063785107456 53
302125888319930368 43
302126999802085376 43
302127155016519680 20
302127461171351552 49
302127490531475456 20
302127704440967168 20
302127834502135808 43
302127939351367680 20
302129029841047552 43
302132825686163458 43
302133933007581184 20
302134180446355456 49
302136466375602176 43
302137452007669761 44
302137569456562176 58
302138274087055360 53
302138378969817088 53
302139314308018176 53
302140983624228864 43
302141004608319488 20
302141067522879488 41
302141361098981376 21
302141835084713984 43
302142422278885376 20
302142900421152768 41
302143848333840384 53
302143969968664576 49
302144624301047808 20
302145370870382592 20
302145693844398080 43
302145710588063745 49
302146784350838784 44
302147073749442560 43
302147585450340358 20
302147669332205568 43
302149623911428097 49
302150546620563456 49
302151414862454784 55
302151851070066688 53
302152639578263552 23
302153587499364352 53
302153889501814784 20
302153910481715201 20
302154015309983745 49
302154195702800384 20
302155177148944384 20
302155202331557888 53
302157442085711872 53
302157777613246464 53
302159094637264897 43
302159203680780288 20
302159954457006080 43
302160944337928192 3
302161082720587777 53
302161476997771264 43
302162529759682561 43
302164731777662978 43
302164849205579776 43
302164891148636160 43
302165398671990784 53
302167218987352064 43
302167869108654080 43
302168175313842176 53
302168338891677696 20
302168779272630273 20
302168968016302080 43
302169211294322688 43
302169987240579072 34
302170675110608897 20
302171958567636992 43
302174462571327489 0
302174785524359171 20
302174861005037568 43
302175649534185472 53
302175708279631873 43
302175771177394176 43
302175943131267072 53
302176719081713664 43
302176777835520000 43
302176882667974657 43
302176912040677377 43
302177125941776386 19
302177163690520577 43
302177717342838788 58
302177813790863362 43
302177847383048192 43
302178048688676864 53
302178170319278080 43
302178250023653376 53
302178421977526273 43
302178736537759744 43
302178954658340864 43
302179063701848064 43
302181081153675265 43
302181232186359809 43
302181345432584192 43
302181597053063170 43
302181810983555072 53
302181890658545664 43
302181899055542272 45
302182020698763265 43
302182192681996288 43
302182251377070081 43
302183044108918785 43
302183371247845376 43
302183631303106560 43
302184323354853376 43
302184365310488576 43
302184713446121474 43
302185078354743296 43
302185799762448384 43
302186592473346048 43
302187951440404482 43
302188047930388480 49
302188073087807488 44
302188295381733377 45
302188542841475072 53
302189117465309184 43
302189377491181568 43
302190468043780096 16
302191470461460480 43
302191558541864961 43
302192057659826177 43
302193940923285504 43
302194259686195200 43
302194280661938176 43
302195740246171648 43
302196478468833281 43
302196914655461377 43
302197279589281793 43
302199787778895873 43
302199926190911488 43
302200500806361088 43
302200735691595777 43
302200869884157953 43
302201767481974784 45
302202438570610688 43
302203579429703680 53
302204531515740160 20
302205190050807808 43
302205919838732289 21
302206083437568000 20
302206511223025664 43
302207840829964290 53
302208159580307457 53
302209136890871808 43
302210919436541952 20
302211762487451650 52
302212156777168897 21
302212441985654784 22
302212580380909568 20
302214052598398977 53
302214748848656384 47
302215063425671170 53
302218024583303168 53
302218028802768896 43
302219073184493569 53
302219933029392384 43
302221409390837760 43
302222764155211777 43
302223342981763073 15
302224001500057600 43
302225314287845376 53
302226035737513985 47
302229600883331074 53
302230129348849665 43
302230171308670976 43
302230292951867393 53
302231773549563904 43
302233207976386560 20
302233581286195200 53
302236450181742592 20
302238236938489856 20
302239809836032000 10
302242368327925761 44
302244138349375489 53
302245337899364352 23
302247254687883264 21
302249528017436672 53
302249658032455681 53
302250245239234560 53
302250303976259584 43
302250626929262592 20
302251604189515776 53
302251608413184000 44
302252967359303680 44
302253982351499264 53
302254963856375808 19
302255060304408576 0
302255160963497984 44
302256951952293888 53
302257052607213569 53
302257174237835264 53
302257539142262784 53
302259015528890369 53
302259019719000064 20
302259384627638272 53
302262270317170689 21
302262417126199296 53
302265290199269376 53
302265508307275777 20
302265655124705280 53
302266229756928001 44
302266745652125696 20
302267022446833664 53
302267928433283073 53
302268238811779072 20
302269094449774593 53
302269572587859968 1
302269698408591360 20
302271854301822976 53
302272932225351680 53
302273586549387264 41
302275360723185664 52
302276451275784192 20
302277898289704960 0
302278082851659777 53
302279504716509184 43
302280163226443776 43
302284407836921856 53
302286186230210560 49
302287218016407552 53
302287394185568256 0
302287520023076864 53
302287876559876097 0
302287981413277697 20
302288518271602688 20
302290183422877696 43
302290300859195392 0
302290380521631744 0
302290497991479296 0
302291072602746880 0
302291588493750272 20
302291689169645569 0
302292012105887744 0
302295086551666688 0
302295933805281280 0
302296122540584960 53
302296692970102784 20
302297137583116288 0
302297154347749376 0
302297716371910656 0
302298383270432769 0
302298655904387072 0
302299473806241793 0
302299624792813568 0
302301117956648960 0
302301122138349568 0
302301331857739776 0
302301495460765696 0
302301587731251200 20
302302791483944960 0
302302795674050560 0
302303546441871360 0
302304339182108674 43
302304746029588481 0
302305069007794176 0
302306054635675648 0
302306084020953089 0
302306776093704192 0
302306880938721280 0
302307342286983169 0
302307371684876288 55
302307614946099200 0
302307711389929472 0
302307887584268289 0
302308231487827969 0
302308390879768576 0
302308567044734976 0
302309238129172480 0
302309728850161664 0
302309728858542080 43
302309946974953472 0
302310378975678464 43
302310399942983680 0
302311410770255872 0
302311729541550080 53
302312790725623808 21
302314086748811264 10
302314980135563264 0
302315047231823872 0
302315064013225984 0
302315361813028864 0
302315365990551552 0
302315550577676288 0
302315907080925185 0
302316116775157761 0
302316930465923072 0
302317345702035457 0
302317542851084288 0
302318469809045505 5
302318985700077569 52
302319707095191552 0
302319950364803073 0
302320294310322177 0
302320415932563456 0
302321082852069376 0
302321091228098560 0
302321376453345280 0
302321766511046656 0
302322668278005761 0
302323263864987648 0
302323746247684096 0
302323880427675648 53
302324153074208768 0
302326921323220992 0
302328045379915777 0
302328942986162176 0
302328980705521665 0
302330176111509504 0
302330280960729088 0
302332789146124288 0
302332843680464896 53
302333544104075264 0
302333611229732865 0
302333976134180865 0
302334135500943360 0
302334450086322176 0
302334735303196672 20
302334777250443264 0
302335075037614080 0
302335200879316992 0
302335259578621952 0
302335947440263170 0
302336987627675648 0
302337834889658368 0
302338233373696000 0
302338560516833280 0
302338598244593664 53
302339613295509504 53
302340183704076289 53
302340577964474368 0
302341702033764352 0
302341806895546368 0
302342222156804098 0
302342645756342272 20
302342763213635584 20
302343329440473088 0
302343379755360257 0
302344046674857985 0
302344382194012160 52
302344625463644160 0
302344667431837697 0
302344839373135872 53
302345372045565952 0
302345690812657664 0
302345846035451904 20
302345929921548288 43
302345971835219968 53
302346009609138176 0
302346907181780993 0
302346991063670784 0
302347175613050880 53
302347360149856257 0
302347632771223553 0
302347670536724480 0
302347787973058561 20
302347943170691072 0
302348651999682560 0
302349432161193984 0
302351181156585472 0
302351453803147265 0
302351529292230656 0
302351952929505280 55
302352087122059265 0
302353429307719681 0
302353655825309696 41
302355941725175808 0
302356105269489664 0
302357443277635584 0
302358529581408256 0
302359116792352768 0
302359137776455680 43
302359657844981761 21
302359863365865472 0
302360924545769472 0
302361239126941697 0
302362551918944256 0
302363101376962560 0
302363139125682176 53
302363533402861568 0
302363894121381888 0
302364514844807168 20
302366469394669568 0
302367421531037696 0
302367450882789376 0
302367538954764289 0
302367899664936960 0
302368138761211904 0
302368482677374976 0
302368675611156480 64
302369191523147776 20
302370294612496384 0
302370512728911872 0
302370877624971264 0
302371531915395072 0
302371716498337794 0
302371850699292672 0
302374065287618560 0
302374077862129664 0
302374543438274560 0
302375013225476096 10
302375231291523072 0
302375583650828288 0
302375977890242560 0
302376212771262464 0
302376527348256769 0
302376661578559488 0
302376837714149376 0
302377110369075200 19
302377211011407872 0
302377227818004481 53
302378641290059776 0
302379505304076289 0
302380037976510464 53
302380042162413569 0
302380465782939648 0
302380507730157568 0
302380788782080001 0
302380855874183168 0
302382240007090177 0
302382353240702976 0
302382453887234048 55
302382709773316096 0
302383397634969600 0
302383414412193794 0
302384869818908672 0
302384970494771200 0
302385406685638656 0
302385930977824768 0
302387126341869570 0
302387206029455360 0
302387210253119488 20
302387407393783808 0
302387801645785088 20
302388040716918784 0
302388166558633984 23
302388791497330688 23
302388913148932096 0
302389462565015552 53
302389580039081985 0
302389605175533568 0
302389621973741568 0
302389621986308096 0
302390569890615296 0
302390787998621697 0
302391199044599808 0
302392440546025473 0
302392444727750657 0
302393870799470593 0
302394520933384193 53
302395342983421954 0
302395439452401664 0
302396014067855361 0
302396056023486464 0
302396576117178368 0
302396722942988288 0
302396777464733699 0
302396966212599809 53
302397171695759361 0
302397456912617472 0
302398056706498561 0
302398081884909568 0
302398480335380481 43
302398673277550592 43
302399692493430784 0
302399717667647488 27
302400107716943873 0
302400141271384065 43
302400296481591297 0
302400418099638273 44
302400606855892993 0
302400963380129792 53
302401533805469696 0
302401726709903360 0
302402410419220480 0
302403366720524288 0
302403479933169666 53
302403572216233985 0
302403580630011906 53
302404373319929856 0
302406101394141184 53
302406462083309568 0
302406575342112768 0
302406642455175168 0
302407200276615169 53
302407674262347776 0
302408051732926464 5
302408366330896384 0
302408760587067393 0
302409247130546176 0
302409310049292288 0
302410161476218882 0
302410295685570560 0
302410446672101376 53
302410631242457088 55
302410836754968576 0
302410861929168896 55
302413013615513600 0
302413156192509953 44
302413168804765698 0
302414284489625600 0
302414984930021377 43
302414993297649664 55
302415026856267778 0
302415433699577856 0
302416482300735490 0
302416520036880384 0
302417082073616384 0
302417220502429696 23
302417228886839298 0
302417581187420160 0
302418147439427584 0
302418533298610176 53
302418646569992193 0
302419921609048066 29
302419992941580289 0
302420232012722176 0
302420550767239168 0
302421221868445696 0
302421628720140288 0
302422203335577600 0
302422232691523584 0
302422283006377984 53
302422949888159744 0
302423121858801664 0
302423163814436865 0
302423209955958784 0
302423285440856065 0
302423419650183168 48
302423876854497280 20
302423893644304384 55
302424040432345088 0
302424040440725505 0
302424061395484672 53
302424560538615808 0
302424677974958080 23
302424954803212289 0
302425407788032000 43
302425672020791297 11
302426921910820865 0
302426934506291202 0
302426959667937280 0
302427479753252865 0
302427655922413569 0
302427790140112896 0
302428280869498880 0
302428574449815552 0
302428784190169088 0
302428821926313985 0
302428830323310592 0
302428922602196992 0
302429132292227073 53
302429367206830080 53
302429602079453184 0
302429979575209984 0
302430076044201984 0
302431204278427648 43
302431493685399552 0
302431787303444480 10
302431942509473792 0
302432038974279680 0
302432278024441859 0
302432382890418176 0
302432554882064385 0
302432911389515776 0
302433347580350464 0
302433381151567873 49
302433431453847552 0
302433678938759168 0
302434459083476992 43
302434513596862465 0
302434660418457600 0
302435260203941888 43
302435910295879680 0
302436363280723968 0
302436413624967169 0
302436765963264000 0
302437692870885378 0
302437705474777088 0
302437906813947905 0
302437982277865472 0
302438263317225473 0
302438376546643969 0
302438540141268992 43
302438540145467392 43
302438888264310784 0
302438925996285953 30
302439186072481792 0
302439651631841280 0
302440394027855874 0
302440503054573568 22
302440612119060480 0
302440842797412352 43
302440901517643776 0
302441648116334593 0
302441698435420160 0
302441790726868992 0
302441908167393280 53
302441992053460993 20
302442277257768960 0
302442277274533888 0
302442352759410690 0
302442377908469760 43
302442755412606978 45
302442851868999680 0
302442864456126464 0
302442910614441984 0
302442990297808897 0
302443455844589568 0
302444202455883777 0
302444793835958272 20
302445792080302080 0
302446513517379584 0
302446614180687873 0
302446840681467904 41
302447641764179969 20
302448249942450176 0
302448719717089280 0
302448723886211072 0
302448803611541504 0
302449520808173568 0
302449655030091776 0
302449822798073856 21
302450003161542656 0
302450196112109569 0
302450204488105984 0
302450368082747394 0
302450384864157696 53
302450523251015680 0
302450674241781760 0
302450942685638656 6
302451739590799361 53
302451886412419072 0
302451970281717761 0
302452070957600768 43
302452293251526656 0
302452448428179457 0
302453081805844481 0
302454281368371200 0
302454293955493888 0
302454298137206784 0
302454461719252993 0
302454814028206082 53
302455086678958080 0
302455116043280384 21
302455204115259392 43
302455455777701890 55
302455560635310081 0
302455665463529473 0
302455816492032000 0
302456382689513473 0
302456382697914369 0
302456877650948096 0
302456894428168192 0
302457104126586880 0
302457108316688384 20
302457242526023680 0
302457796186750976 0
302458710528258048 0
302458958021537792 0
302458999960371200 0
302459398406688769 0
302459822052356097 0
302459905913274369 0
302460061089943552 0
302460069499502592 13
302460170146025473 0
302460258243211264 55
302461717852585984 0
302462242161557506 0
302462393127141377 0
302462661591961601 0
302463076828057601 0
302463475261771777 0
302463567532261376 0
302463735312838656 10
302464330908192768 0
302464330929172480 20
302465010372861955 0
302465790509211648 0
302465819877732353 0
302466348364206081 0
302466524541767680 0
302467447259267072 3
302467447284453376 0
302467564712382465 53
302467694760955904 0
302467946410803200 53
302468676194545664 0
302469913535213570 29
302470685295509504 43
302471045972119552 0
302471289275314177 0
302471444456161280 0
302471515750944769 53
302471528346447873 0
302471545123639296 0
302471566086787074 0
302471599632822272 0
302471603831320577 0
302471960359755777 0
302472232993710080 0
302472316850421762 19
302472946008608768 43
302473793245437954 0
302474015564513280 0
302474304975671299 0
302474606957174784 0
302474720182407168 0
302474917327273984 0
302475076719226881 0
302475248681496576 0
302476733473517568 0
302478142751260673 0
302478381847543808 30
302478553809833984 53
302478717379309569 0
302479224873295873 18
302481007465095168 0
302481351385419778 1
302481695326732289 0
302483616313790464 43
302483784102715392 0
302483872162148353 20
302484027359764480 0
302484430012956672 53
302484740378865664 0
302484765574066176 0
302484941722243072 34
302485675742228481 41
302486229386158080 0
302486573298110464 45
302487177294651392 0
302487265362460673 0
302488204894953472 0
302489370911444992 0
302492407591739392 0
302492583723167744 34
302492868935835648 0
302493133189558273 0
302493506474233856 30
302493544222969856 0
302494093701967872 0
302494236287303680 0
302495863694032896 43
302497549800054784 0
302497646252273664 45
302497646256484353 0
302498657104695296 45
302498900349161473 0
302499248505774080 41
302501542769082368 43
302501945413865472 0
302502717182578688 34
302502780097134592 23
302505581883817984 0
302507154739458048 0
302509335798505473 0
302509851710468096 0
302510216577171457 0
302510363386208256 55
302511449727721474 0
302512053715877888 0
302512288580112388 43
302512846418362369 0
302513119064907776 0
302513634955894784 0
302513727222190080 0
302513970483458050 0
302514679337586688 0
302515606291365888 0
302516705203220481 53
302516747137863680 53
302517200126873601 0
302518340969189377 0
302518592610631681 0
302518785565413376 0
302519272083709952 0
302521394426683392 0
302521411187126272 0
302521453134364672 21
302521587335327744 0
302525727142723586 0
302525907506184193 0
302526683427241986 45
302527060914606081 43
302527069299044352 53
302527312598028288 43
302529531359674368 34
302529678147743745 43
302530026274951168 0
302530051478532096 0
302531771130593280 0
302531855004098562 0
302531905360908289 0
302532287013199872 0
302533566292717569 0
302533570474414081 0
302533759226482690 0
302534249960050688 0
302534254137602048 0
302534610661806081 0
302535919301455872 0
302537106268508161 0
302537580229038080 19
302538570084794368 0
302540272984809472 23
302541636141977600 0
302542219125071872 43
302542978294104064 23
302545855603408898 0
302546279219748865 0
302547982115536896 25
302548279911120896 0
302548388971438081 41
302548665774510080 0
302549315887448064 0
302550955864510464 0
302551639540236288 0
302554747502739456 0
302555418624937984 53
302555984822407168 53
302556555264540673 43
302556978893430786 0
302557322817982464 52
302559021515284480 0
302559357051224064 0
302560443388530691 0
302560518902775808 0
302561978520588288 0
302562876080664577 0
302563622654201856 0
302563681407995904 0
302564969029980160 49
302566093103435777 43
302566814523748353 0
302567418528661504 0
302568710378487809 58
302569289192464384 0
302569452749336576 43
302570052555792385 25
302570501342130177 6
302571382150152192 0
302572317450588160 0
302573437333934080 0
302574074872344578 44
302574213288587265 44
302574431404969984 0
302574871777533952 0
302574980862967808 55
302575006024609793 53
302577119932841985 0
302579435180269568 0
302579540054654976 0
302579774939885569 53
302581247136382976 0
302581926609448960 0
302582354432634880 23
302583323325263873 53
302586171257663488 64
302587152699621377 0
302587530207965184 41
302588314546999296 53
302588385837600768 20
302589870625415168 44
302589975478816769 43
302592252969107456 0
302592471077093376 44
302592680817467394 0
302594933167095808 0
302595159625986048 0
302596422111465472 0
302597428748627968 0
302602583539859456 0
302603267240763393 0
302603573399789568 43
302603971871268864 0
302604521333473280 22
302605020443066368 0
302605515366727681 55
302606371017334785 0
302606438142988288 45
302606496850653185 0
302613899809787906 0
302613916582813696 45
302614398923599872 0
302617146184323073 53
302617297187651584 0
302617800491548673 0
302618026988146690 0
302619151049031680 49
302620178674503680 0
302620426134224896 0
302621646680903680 45
302627946496139265 41
302627992646062080 43
302628701475049473 43
302628768588107778 22
302632782528659456 0
302633294271479809 0
302635013927759872 0
302635047457013760 0
302635752129433600 0
302635852759187456 0
302637723422949376 20
302640122573246465 44
302640382624296960 0
302640634299314178 20
302643213779496960 0
302643922604269569 43
302644098786025473 25
302646091067834368 0
302649429733826561 0
302649949844283393 0
302651216515719168 34
302652151828709376 0
302652453847965696 0
302652520931672065 43
302652617404866560 43
302652789375508481 0
302653900866084864 0
302654009934749696 0
302654177681739778 0
302654878143090689 0
302654962020786177 0
302655360496451585 43
302657063371284480 0
302658028061208576 0
302660972445831169 0
302661198950825985 0
302662776017522689 0
302664004956991488 55
302664126575017984 0
302667511382560768 0
302667935015661568 44
302668358644543488 0
302671642763595776 0
302672422908342272 0
302673458893029376 0
302673488253165568 0
302674020954939392 44
302674343891181568 0
302676701098430466 0
302676743045668864 0
302676881440919552 0
302677539971813376 0
302678223634956288 0
302682791248818176 55
302683273581191168 55
302684439589306368 66
302685777576488960 55
302687220438020096 47
302688180900089856 0
302688885559930880 0
302689556640178176 55
302689661501992961 0
302692761088430080 0
302696468844781569 0
302698888962400257 41
302700591858212864 0
302701841781772289 0
302702315733909504 43
302702986805780480 0
302703301366001664 0
302703641108811776 41
302705822151110656 0
302707655082905600 44
302709701878087680 20
302709802553966592 0
302711652237852672 0
302711778075365376 0
302711828394438656 0
302712625307979776 0
302717117436936192 0
302717574616068096 0
302717662667096064 0
302718614769922048 0
302719206191927297 0
302719256494223360 0
302719294247161857 0
302719738843394049 0
302721802453536768 0
302723446608121856 0
302723966735380480 0
302725061436121088 0
302725736723259392 0
302725875118534657 0
302726739140960257 1
302729599681454080 0
302733525520633856 0
302737430417641474 0
302739762463272960 52
302739976381136899 58
302741528282034179 0
302741620531539969 0
302741620539916288 0
302741620539916289 0
302744678208528384 41
302746523677122560 53
302747932954861568 47
302748318835027969 47
302748801200959489 53
302749182857474048 53
302749681996414978 17
302749853958688769 44
302750919316078592 0
302753222005760000 0
302753293271191552 0
302753389773717504 0
302753658192412672 0
302757764407631873 49
302758724920016896 0
302759052084129792 23
302762642374799360 0
302763196039692288 0
302766505362345984 53
302767914619129856 0
302769558794665987 0
302771425276723201 47
302772314477580288 53
302772478021877761 0
302773182673338368 43
302774298345631744 0
302775808324407297 0
302776164823465984 0
302776303243898881 0
302776718496763906 41
302776756211941376 0
302778316497248256 53
302778735940214784 0
302782309504000000 43
302782317875851265 44
302783815242371073 45
302784264037101570 0
302787573342949376 49
302787892101652480 0
302789121053696001 0
302789284623155201 55
302791457251663873 0
302791734079934464 58
302792245810167808 0
302792312914849792 0
302795894842093568 43
302796142289252352 44
302797656432984064 0
302798503682400258 55
302798696628748290 0
302799518724931586 55
302803767559073792 53
302806967808835585 55
302808125428350976 34
302808393842847745 0
302808490341179393 34
302809635390361602 58
302810998518194177 43
302812185514614784 53
302812936282456065 0
302815247352356865 45
302815826162118656 55
302816098808647681 55
302816732131753984 55
302817466147557376 44
302819072565993473 45
302819278095265793 45
302820121121026048 23
302821320687775745 45
302822121812398082 49
302824537752494080 0
302824969744822273 0
302824990724739072 0
302825817015209985 0
302826446139830272 0
302826634891894787 19
302826764898541568 0
302827939328819200 0
302829893853519872 34
302830090998382592 0
302830682407854080 47
302830883721838592 0
302831156330627074 23
302831181534208004 0
302832892772483072 0
302833597453332480 48
302835241607913472 47
302839775625359360 0
302840748703903744 0
302843047216029697 23
302844179657150464 0
302845077254987776 0
302845278552199169 43
302846574621507585 43
302848084579328000 0
302848407519784962 23
302849636459233280 0
302851586810597376 0
302854929649913858 0
302854963208536064 23
302856078914375680 14
302856687092629505 0
302856741610201088 21
302857756635975680 55
302858033468416000 0
302861976089026563 0
302862299042041856 0
302862584254705664 47
302862588478373890 47
302862647173447680 21
302862722696101888 21
302865952276623361 53
302867005067894785 21
302868431114469376 47
302868577915129856 47
302868649251848193 47
302868787638706176 47
302868900872343552 0
302869395812782080 21
302877142688083969 21
302877490815332352 52
302877511778455552 13
302880665928609792 0
302881580253327362 22
302882087789277184 0
302882108752416769 0
302884390445383680 0
302887792030142464 53
302889251664719872 0
302895840924688386 44
302896897859919872 0
302898986652680192 0
302903482929778688 53
302904644743598080 0
302905051595300864 44
302905617809547264 53
302905802367311872 53
302906037260918784 0
302907094238130176 0
302910948782530561 43
302911707955736576 45
302914505560694784 20
302917043097858048 43
302919190606643200 0
302920469873573889 0
302922621522149376 44
302924257309097985 44
302924345389486080 0
302924668371873792 0
302928661345095680 0
302930091606958080 0
302930125132009472 0
302931001745756161 0
302931362485248000 0
302931500867940352 0
302931693814312961 0
302932142600617984 0
302932322964082688 0
302939847532896256 23
302939931423150080 0
302940514418819073 0
302945220461486082 23
302950794674704386 0
302952510136651776 0
302953214779744256 0
302953600672481281 17
302957803377659905 23
302958096962162689 0
302958721900900352 1
302960949072121856 0
302962148655652865 44
302969463509241856 0
302970092667420673 0
302977969557762049 44
302979471122763776 17
302981178212888578 53
302983204053344257 20
302983304716640256 0
302987570353164288 20
302991047426990080 55
302997573768192000 44
303000832713048064 45
303005257724723200 0
303006792823230465 55
303007262593671169 0
303008567026397184 22
303010076959068160 55
303021137363861505 44
303028259292069888 0
303045292339634177 3
303050698822668289 0
303056377876721664 52
303062891639226368 0
303066158989455360 53
303066356125929472 0
303066934948294656 0
303067035619975168 0
303067295650050048 41
303072068772175873 0
303072614056865792 0
303072882492325888 20
303076359557767168 0
303077731078402048 34
303079463359479808 30
303089298993983488 41
303098086065049600 43
303100619424681984 41
303103375078203392 53
303108081083117568 43
303112904541093888 21
303115400139395072 0
303117602161569792 0
303117627327381504 0
303127882379718656 9
303128184356995072 20
303129199399542784 53
303129295864352770 55
303130868728344577 34
303138816947003393 19
303138967929380864 52
303141643891113986 55
303142835098628099 43
303147314598531072 9
303152452612538369 0
303155350893363200 44
303159574544912385 58
303159914291929088 0
303163143889223680 43
303164070834626560 52
303164544816119808 34
303169468916449281 45
303169930294095872 43
303172614652846080 0
303173059232268288 44
303177379361198080 43
303181804339343360 22
303183775691583488 64
303186082562973696 0
303186476819177474 9
303188070658871296 43
303188607500423168 0
303189001781780480 30
303189907743072256 0
303189928722972672 41
303190289441517568 41
303199277822390272 43
303201203033108480 45
303206424924794880 0
303209075716521984 52
303212271801335808 43
303212313727602688 43
303213408432570370 43
303215144899600384 0
303215979566100480 43
303218848465829889 3
303220798800424960 43
303224556905193472 64
303226683421499393 64
303240239403651073 34
303240566555164672 45
303251140382973952 20
303252302221963264 52
303253589890039811 58
303254088982872064 45
303255015928262656 23
303255607329300480 58
303261919756820480 23
303262699893170177 9
303263320675344384 13
303265052901904384 44
303270002189008897 19
303271575027863552 53
303271814136729600 52
303282945802776576 21
303283717567295488 3
303285206528450560 34
303288150938222592 23
303288801059557377 34
303290206130429952 35
303290231317225472 9
303294287196585984 9
303294727623671808 34
303299211322093568 49
303299475538063360 13
303302000525856768 17
303302449333161984 0
303309122441465858 58
303314642145513472 41
303317011960848384 0
303323555045728256 0
303331507450294272 44
303333906604752899 27
303339665396736001 0
303343914201534464 53
303348297236627456 0
303348553118523392 64
303349165474332675 45
303349522002747392 45
303349601690341376 45
303351463969697792 27
303353800180252674 45
303353913409695744 45
303353938579685376 45
303358061614080001 45
303359269565263874 43
303362645988356098 43
303362759230373889 45
303363132506648577 48
303363610661502976 30
303364378202370049 0
303366169170149376 45
303366349558804481 45
303366840283979777 45
303384196318126081 58
303385764954271744 0
303388747116974080 48
303390777151741952 0
303395713864318977 45
303398930903859200 45
303418853831110656 44
303420766421127168 44
303421357830578176 17
303421458510667776 48
303423585031188480 45
303424121864331266 52
303426193867284480 8
303426214855593984 3
303429050209271808 5
303437749170630658 44
303439175254949888 19
303444703326633985 43
303445118550159360 11
303449426133921792 52
303450885751713792 0
303454123750223872 0
303465465123061760 12
303467713290973184 1
303469965632225280 34
303481734857621504 45
303486503777075200 0
303487103562563585 9
303487929840455680 45
303488596734799872 48
303491767624429568 45
303493101413072899 45
303494074483220480 1
303494183522541568 3
303496595259928577 0
303497920672567297 53
303506175071236096 52
303507026502381568 9
303508381258362880 49
303509513716256768 34
303517986210316289 45
303518061716185088 49
303518841856729088 43
303519315821486081 43
303521152930807808 45
303521844990967808 0
303521849176895488 3
303522608320770048 43
303529029795971074 0
303529789002756096 0
303530363584643072 0
303530921464840192 0
303530925646573568 0
303535593915310080 43
303536386634563584 44
303538425041154048 45
303538626401300480 41
303540761285251072 45
