624085298083803136 139
624085872674217984 139
624086313080369152 190
624086338246180865 401
624086380197617664 139
624086757705805825 139
624086766069288960 139
624086967387557889 176
624088062113501184 26
624090121520984064 11
624090192811421696 22
624090285111259136 22
624092503885639680 11
624093372098211840 11
624093627963146240 22
624093766383591424 102
624094827538284545 19
624094949173252096 22
624095918053142528 19
624096438126051328 70
624097297958174720 22
624097713215270912 11
624098187184205824 22
624098757580173313 19
624101383222898688 364
624101391624089604 19
624102033356902400 13
624102184360095744 11
624103685916893184 13
624106596730314752 70
624109411133485056 11
624111856416755713 22
624115425765240832 183
624118147856007168 22
624120177899212800 13
624121230669557760 401
624122111473418241 22
624122941945606144 22
624128126121971712 22
624128189024075776 14
624129355053010944 22
624129602487734272 406
624130281998565376 401
624133729712107520 364
624135277418692608 13
624136451819761664 22
624138645436563456 124
624139547182546944 23
624140419597643777 13
624140453177356288 13
624142835554500608 8
624144131577774080 161
624144198703255553 80
624145389868859392 139
624147134682501121 367
624148858575032321 22
624149424768458753 22
624150720816660480 422
624153984014622720 22
624154575382183936 13
624156282455363585 124
624157083571744768 22
624158413199642624 366
624159860205203456 139
624160111875895296 19
624162204816932864 11
624163807053643776 102
624163853174206464 364
624164092287168513 13
624164562024181760 22
624164780119425024 11
624164943731027968 9
624166311069757440 364
624168416581128192 22
624169603598385152 124
624171235157475328 161
624171717502627840 102
624172862539235328 12
624173793683107840 23
624176859710889985 22
624176981366714368 406
624178365487009792 161
624178424190402561 22
624180424877563904 124
624182010320269312 8
624182710794194944 22
624182828222148608 8
624183256024420352 139
624184703084425216 19
624185881692221441 19
624187261593251840 14
624188305987477504 80
624189862065733636 367
624189920798621698 366
624190008874766337 367
624190440871309312 13
624190549927432192 365
624190667388944386 45
624190805805109248 22
624191254595698688 15
624191808231317504 406
624192248628903936 22
624192760317239296 228
624192764524113920 124
624194823948349440 124
624195696338599936 228
624197277595357184 8
624198896621867009 22
624199156647755776 176
624199303439855616 22
624199961962524672 161
624200591082917888 0
624201052485619717 22
624202562439266304 22
624203254474350592 22
624203573232963584 364
624204542142320640 406
624208962938736640 406
624209529153040384 13
624210359646195712 11
624212242892861440 22
624213069158305792 161
624213375342526465 13
624215086635155456 8
624215812233109504 228
624216219072098304 22
624216286172557313 22
624217007605575680 22
624217431242727424 13
624217708062572546 22
624218152650600448 22
624218156828127232 22
624218307839827968 22
624218525947707392 367
624218559514845184 366
624221264819974146 22
624221696829034496 406
624221944288641028 22
624221998827356161 175
624222103697518592 367
624223299069833216 19
624224066606641157 139
624224452516184064 101
624224691578884097 176
624225882761248768 22
624226390246711298 22
624227061364883456 19
624227589842960384 80
624230181935263744 19
624230848829739009 22
624231729612619776 406
624232136468357120 22
624232820135841792 22
624233008862752768 406
624234267170594816 19
624234946647957504 80
624235563218964481 22
624235823261560833 19
624236003591651328 406
624236641142468608 406
624236662114123776 139
624236804737118208 401
624237018634166272 14
624237308020174848 139
624237408683429888 70
624237547112128514 102
624238054618738688 22
624238193030737920 139
624239572948381696 70
624239707161923584 22
624242047591972864 22
624243838551498753 183
624244778092363778 2
624244807465062400 124
624245038143242240 365
624246694889197569 0
624246791341379584 124
624247370189021184 13
624248360048967680 22
624248733304258560 34
624249077262352384 101
624249618302304256 366
624249752524226561 22
624249890965581824 124
624250092275527680 13
624250335553548288 22
624250394252845056 161
624252319471828992 365
624254148163211264 406
624254391420219392 13
624254966048403456 228
624255247091920896 13
624256601835315200 139
624257193253040131 13
624257503606341632 101
624257725908647937 22
624259051313057793 176
624259542038237184 22
624260603201368064 22
624260812924829697 22
624260833871163393 19
624261018429071360 101
624261114927443968 22
624261366564556800 22
624263753111085057 139
624264667481939968 22
624264680060620800 228
624265850279739392 80
624266076772270080 23
624266437474000896 19
624266844313157632 22
624267830003761153 9
624268027123638272 9
624268408817905665 11
624268584957689858 22
624268664645255168 176
624269302204600320 176
624269818103996416 80
624269901994270721 80
624270476601331712 11
624270757619761153 268
624271906850607104 176
624272015910924288 11
624272032663007232 139
624273743976771584 196
624274964494065665 22
624276814194704385 228
624277392983506948 124
624277497845272576 13
624277858551230465 176
624278496123187200 26
624279636961325056 22
624279716657283074 139
624279846651346944 6
624279859267772417 175
624280232539852802 26
624280245114404866 19
624280882673750016 22
624280886876471298 22
624281847367901185 22
624282036099006464 175
624284099683971073 406
624284363954458624 23
624285374752407552 176
624286075209547776 401
624287983630483456 11
624288751183917056 19
624289283856289792 22
624289543907373056 14
624289913010319360 422
624290449864441857 176
624291456522539009 139
624291909478010880 22
624294098913087488 19
624294174402215937 176
624294228932337664 161
624294258292445185 139
624294329616625664 22
624295088785629184 22
624295424325763074 19
624296879753428992 161
624297596983619584 80
624297819260719106 22
624297915733934082 22
624298809133264897 176
624299484416229376 22
624300004476325888 22
624301774501838848 176
624302286198583297 19
624302718199332864 14
624303062153330688 22
624303695484878848 13
624307025778839552 23
624307231262007300 22
624308875462754304 124
624310960006639616 22
624311303935365120 22
624311408788779008 430
624311492708450304 23
624312545457782784 14
624313984095645697 34
624314755868553216 139
624315842189115392 196
624317184353775616 13
624317373089103873 196
624317792540430336 19
624318874662481920 22
624319457674919936 19
624319835170717696 13
624321202517966848 19
624321714193723393 176
624322028787535872 13
624323605845794816 22
624324050429456384 13
624324243359055873 19
624324532770226180 102
624324729910919168 22
624327024220319745 19
624327502358384644 22
624327787562692609 22
624327879845777408 13
624327917590310913 13
624327959529132032 14
624330694202757121 19
624331734423744512 70
624334167120191488 102
624334355834474496 19
624335018555371520 228
624335064680173568 401
624335068891234304 365
624335094057046016 13
624335857399558144 228
624336734013272064 70
624337098917683200 19
624341880411545601 11
624343734323277824 401
624346137634304000 19
624346989094957056 8
624347114903089152 176
624348012488339456 22
624350134810218496 139
624350713645244421 22
624354333329461248 8
624357210626367488 139
624357927852208128 139
624358217255157760 22
624359047706333184 401
624359148361089024 401
624360243103830016 406
624360859637166080 22
624361107109580800 175
624361744668864512 8
624363535611486209 139
624363703408922624 22
624364429002543104 22
624364491904524288 139
624364907157262336 406
624365183981391872 22
624365985093566464 22
624366161266917377 176
624366727481024512 8
624368405190017025 11
624368782681735168 22
624368971429511168 367
624369462188244993 161
624369600583585792 22
624369772541558785 260
624371118900576260 22
624372599502598144 45
624372695992373248 70
624372704364228608 22
624373031519916032 161
624373035735347200 401
624373895538212864 70
624374596008046592 8
624375069943332865 22
624375099299250176 196
624375313208750080 22
624375321610092544 139
624375392904867840 22
624375506142646272 406
624375640381263876 22
624375950776643584 139
624376210798342144 22
624376340813348864 8
624376496023543808 139
624376772830695424 139
624377611720896512 16
624377737520648192 19
624377813030846464 228
624377964034195460 11
624377964042522624 406
624378077276147712 8
624378698008031232 22
624378706405007360 22
624378752567390209 406
624379813692862464 401
624380413478219776 19
624380912629874688 139
624381776648011778 22
624382389016379393 124
624382670034735104 161
624382720349749248 139
624382913321304064 22
624383022360608769 139
624383307564908544 139
624383349499400193 139
624383391446663168 13
624383420827856896 22
624383861225492481 139
624385006245277696 22
624385052386832384 22
624385396319887361 8
624385480201781248 22
624387443156979713 22
624388323952488448 139
624388579825983488 22
624389590640672768 139
624389771008323584 161
624395244541317122 139
624395605285163008 161
624395949184561152 161
624399136876572675 406
624399476590014464 22
624399845722337280 176
624400076375461889 139
624400453879656448 124
624400579691810816 19
624404467841146881 22
624404975360344064 22
624405117954072576 22
624406871164633088 23
624407286400692225 124
624407399630147584 228
624407487723249664 139
624407743571431424 260
624408595006902272 228
624409488431443968 22
624409790400303105 19
624412181157801985 22
624412411857014784 45
624412877403910144 11
624412919342567424 406
624414165055221760 16
624416136373882880 401
624416211871342592 177
624416983623331840 23
624417621165760512 13
624417784756338689 401
624417939937058816 139
624418787190833152 139
624418954946088960 124
624419743479529473 14
624419911268462592 9
624420695578136576 70
624421257610571776 190
624422004213485572 8
624422071334907904 139
624424239786029056 190
624425749714370561 228
624429126162759680 22
624429205854425088 22
624431055538405376 406
624431596603478016 124
624431751763464192 124
624432762603241472 367
624433714714443776 19
624433790212022273 139
624433861523570688 101
624434964612972544 139
624436847863824384 367
624438026446311424 80
624439016323186688 364
624439234397536256 13
624439968421642240 22
624440085853790208 422
624441147012743168 367
624444213057466368 401
624445144209694720 13
624446444439638017 22
624447572690604033 124
624448210237460480 22
624448478681407488 124
624448675788517376 13
624450173159272449 161
624450735187619840 45
624451880253562880 22
624455390877499392 22
624455663498846208 22
624458461108015105 11
624458817640665088 367
624459631327182848 124
624459744581828608 139
624463636883312640 367
624466304460812288 100
624466606450577409 365
624467155879235584 19
624467462088691712 2
624468300961951744 22
624468846221463552 367
624469206915018752 161
624469374682968064 19
624471966754340865 22
624474135238803456 196
624475263498342400 22
624477138331172864 8
624478144985198592 104
624479789156446210 13
624480900646998017 139
624482033109200896 22
624482041493635072 22
624482486072930304 364
624483656296452096 228
624486315493494784 13
624488177768660993 104
624490643998539776 0
624493852645269504 13
624499405903777792 228
624501570160447488 406
624501993789345792 161
624502610335170560 367
624503239501856768 22
624503902214426624 22
624504183220142080 80
624504854296145921 8
624505378605240320 406
624505793807818752 22
624505793841352704 19
624505827378884609 22
624507962292199424 226
624508637558538240 22
624510139110944768 260
624512311764647936 228
624513129662119936 101
624513955944374272 367
624514958378668032 161
624520478103744512 8
624523388925558784 161
624524018075369472 100
624525033101217792 13
624525951632822272 19
624526022944423936 139
624527058958467072 34
624532855465623552 367
624533002261889024 406
624533132297965568 22
624535166539542529 13
624536571618967553 422
624538207393349632 422
624538723309457408 367
624540182910496768 422
624540694632382464 13
624540744943030272 401
624540849821474819 367
624541835466158080 367
624543676786577408 367
624547170620952576 406
624547426469195776 367
624547946600730624 13
624548219222159360 367
624548714154205184 100
624548831561162756 367
624548974167355392 367
624549414573600768 228
624549624305463296 100
624549871748562944 367
624550177941135360 228
624551117494464516 422
624551201359724544 11
624551251682938880 367
624551771806015488 8
624551813732241409 13
624552791021875200 367
624554124806205440 8
624554665867227136 367
624555089496141824 367
624555261466808320 365
624556159035408384 22
624556704298971136 22
624556922394390528 22
624557534775390208 139
624557555730087936 22
624558226831360001 406
624559401232261120 139
624559757752463361 228
624559787087413248 228
624559820658618368 228
624559866804326400 228
624561074738741248 228
624561884268744704 367
624562190436036608 22
624562517575081984 102
624562668607672320 139
624562924439367683 102
624563218023845888 102
624564467938897920 22
624564967052865536 139
624565755590262784 367
624566288283648000 367
624566405694930946 14
624568205063921664 11
624568209266622465 401
624569022957359104 228
624569790498238464 34
624570310608732161 401
624570721633738754 22
624570910381621248 22
624571690551480320 19
624574295184908288 22
624574710425198592 22
624574764963594240 13
624575016609427456 102
624575406708928512 406
624575465416593409 190
624578753725898752 102
624580901238734848 367
624581626836598785 70
624581928834985984 22
624581983365165057 367
624582058866667520 22
624582142731911169 367
624583359075852289 22
624583875004641280 228
624584734815858688 7
624584923551297536 196
624585309456629760 139
624585334609686528 23
624585506588884992 139
624585770796494849 22
624586966173110272 22
624586966185676800 22
624587662452637697 401
624588014765887488 172
624588467771588608 8
624588799121625088 367
624589273040195584 367
624589486966632448 13
624590233544314880 16
624590657160478720 139
624591110183235584 102
624591873521291264 22
624592100030607360 228
624593270249631744 139
624593303778934784 11
624594838906744833 139
624595212208189442 124
624595530941730816 401
624595765835345921 406
624597523265536000 22
624598534088568832 80
624599624620179456 22
624600329238130688 22
624601235220357120 367
624604938765635584 22
624604947183595520 139
624606184507490304 102
624606624888418304 26
624607056914321408 364
624607979648606208 367
624607988024631296 406
624608524916518913 228
624608592029585408 139
624608847861186560 34
624609787410382848 22
624610043237806081 406
624611091822219265 175
624611871979499521 139
624612522067230720 13
624613239297474560 13
624613738432180224 367
624613809726951424 139
624617098057158657 367
624617991443906560 101
624618020804018176 176
624618507376857089 22
624619463678136321 8
624619971184738305 367
624621858587971585 139
624622500337446914 22
624622873609572352 13
624624081598418944 13
624624337446961153 367
624625079842816000 13
624625503463313408 101
624625692202807296 172
624625721563066368 6
624625746745540608 139
624625864148267008 22
624627126646493184 176
624627126667505664 176
624628238128709632 139
624628829538009088 22
624630385616420864 13
624630549194235904 422
624631128037699584 228
624631199336656896 22
624631534855823361 208
624632050772013056 161
624632180799463424 22
624633212585832448 139
624634051434053632 22
624635209070174208 365
624635347486535680 22
624635469117067264 226
624636542854627328 22
624636622542209024 22
624637029393936384 22
624637620816056320 80
624638254156001280 139
624638388369522688 139
624638551934656512 401
624639143344115712 19
624642595231133696 226
624643203417796608 22
624644050663153664 13
624644713358970880 183
624645342517006337 102
624645472536408064 365
624645669672878080 190
624646441403678720 176
624646516909719553 406
624647188023390208 228
624648320481275905 365
624648710534860800 22
624648974771879936 183
624649775913144320 226
624651650729410560 139
624653840168697856 22
624654171522764801 34
624655115258040322 18
624655194920333314 365
624655329159200768 22
624655387875241985 177
624655962507464704 172
624656981698191360 401
624657065575849984 22
624657451472846848 161
624658617506136064 13
624659124987412480 13
624659410221203460 260
624659703822462976 80
624659850597896194 176
624660718844035072 9
624660727207362560 22
624661540898127872 22
624662245570555908 11
624662841153441792 177
624663088630001664 22
624663608727859200 4
624663961032462337 22
624664141379313664 228
624665332548960256 22
624665416447569921 8
624667333257232384 22
624667786246246400 4
624668067235262464 172
624668558002421761 161
624669065508990976 22
624669417805189120 22
624670252471705600 22
624670386702172161 176
624670504163545088 367
624671586256330752 22
624671745677619200 228
624671758260436992 364
624672039241150464 176
624672953607847936 22
624673096222515201 226
624674601973489665 101
624675168217112576 139
624675692479913984 364
624676065793937408 401
624676938213363712 22
624677659612708865 101
624678548838744064 161
624679136024522752 14
624679232493322240 228
624679983269556224 139
624680536926257152 367
624681296078319616 11
624682306930917377 364
624685456848982016 2
624686115329409024 366
624686140528967680 101
624686174062247936 11
624686241179566080 13
624688560604475392 139
624689172972867585 22
624693296007262208 100
624693384087646209 8
624696815003107328 9
624698173987143680 19
624699541313339392 14
624701328078544896 367
624701516818083840 139
624702049503047680 124
624702095636201472 406
624702129182130176 8
624702175336230913 8
624702544413986818 22
624703299397283840 228
624703483976019968 8
624705744684736512 367
624706411574988800 367
624706570975182848 366
624706906523856896 11
624707208513609728 430
624708533917995008 401
624709414700777472 183
624709448246915073 139
624709620213264384 8
624710324885811200 124
624711750928044032 22
624712728201052160 364
624712728205230080 364
624712728205242368 364
624712887592992769 139
624712891791491072 7
624713403475464192 8
624714338822041600 226
624714695312830464 139
624715039279304704 139
624715651626614784 139
624715852944965632 228
624715890718834688 100
624716549207814144 139
624717841053417473 228
624718134675685376 19
624721062274695168 14
624723121690554368 228
624724048644194304 226
624724958808137728 22
624728775595458560 19
624729899685646336 139
624730344269287424 13
624730512037298176 406
624730759501336577 19
624730805642760193 22
624731560621813764 22
624731774548078593 1
624731996837814272 22
624732177201254400 139
624732584057028608 139
624733309659058176 22
624734228186435584 406
624734588904931328 139
624734802835456000 364
624734807021498368 139
624734832187318272 22
624735255803596800 22
624736295978405888 139
624736476371103744 101
624736610551083008 100
624736878999154688 430
624738871293685761 365
624738942596816896 22
624739081012928512 8
624739240413270016 22
624741668911230976 406
624741698258759680 226
624741928945364992 366
624742981736644608 22
624743275317055490 22
624743707338764288 14
624745070483259392 22
624745770919571456 406
624745942885904385 22
624747016648691712 8
624748149119168512 22
624748648203575296 22
624748664980770819 367
624749533231120384 139
624749583562752000 22
624749705189306368 80
624750061692432384 124
624750489528311808 124
624750858622902272 124
624751454209843200 139
624751504524750848 101
624752662152613888 139
624752750270750720 22
624752863483437056 19
624753240970694656 422
624753295496740864 183
624754184714326016 139
624754281179037697 22
624755585611862016 22
624757846341746688 124
624758613895049216 45
624760123827875840 139
624761734432034816 367
624762262914531328 367
624763584153845760 124
624764519458447361 401
624764909532790784 124
624765022787534848 22
624765345752989697 22
624765526091431937 139
624765584824238080 401
624765622589722624 22
624765723215327233 401
624766088119611392 22
624767115757645824 22
624767514220756992 22
624767568717328384 139
624768130762452993 139
624768558594048000 139
624769456145829888 139
624769732978176004 139
624769854617223168 139
624770194381017088 19
624770722846486528 101
624770739611267073 139
624771343603617793 406
624771431679655936 22
624771465242669056 139
624771557529796609 139
624773805668352000 22
624774455772991488 139
624775001053343744 139
624775823137079297 139
624776267708153856 406
624776460646117377 139
624776942990954496 22
624778222270414848 19
624778352298184704 406
624778486490771456 13
624779207923625984 406
624779358926823424 8
624779669275979777 139
624779702838931456 80
624781011486941184 124
624781200218017792 139
624781607044554752 22
624781988755472385 364
624782496241074177 22
624782978581987328 80
624784018807128064 22
624785776216125440 14
624787273561829376 34
624789458781470720 34
624789576234745856 183
624790327031918593 124
624793242077384706 19
624793288218783744 139
624794928166535168 183
624794961716707328 422
624795582482223104 22
624796513605062656 406
624797381821775873 2
624798778525003776 34
624799378318843904 22
624799890044948480 19
624800670181257218 22
624802826066264064 22
624803241277132801 139
624803648116256768 365
624803799119433729 406
624804621198864385 260
624805896275668993 406
624808198969671681 22
624809612420730880 34
624811361453895681 22
624811466324058112 22
624811902519087104 34
624815983593693184 406
624816126174740480 13
624816524662980608 22
624817304786767872 139
624818479191990272 139
624819120937304065 401
624819733301436416 102
624821394250039296 34
624821574571462656 102
624822186960785408 22
624824435099439104 406
624825278167060480 366
624829979977719808 102
624831355722010624 367
624832785941839872 422
624832794355613696 422
624832836298756100 228
624833935189639168 70
624837055776817153 19
624839140312489984 13
624839215822557184 19
624839333288112128 13
624840121817399296 34
624841036150538240 22
624841195538239488 22
624841782749085696 367
624842839697047552 228
624843691144785920 139
624844236396044288 22
624845582796877824 0
624848049051795456 367
624849185687347200 228
624851035358498816 178
624851882637287424 139
624852578879188992 364
624852968962064385 8
624853237372301312 8
624853451311349765 366
624854118205493248 8
624855682660085760 367
624855766558736384 8
624855829452300288 8
624858044074192896 8
624858782250725376 22
624859000367120384 183
624859197495201792 19
624859981825728512 22
624861487597756416 228
624861709883326464 8
624863828006830080 364
624866583681171456 5
624867145692766209 139
624869108648161280 22
624871272888016896 34
624871482594754560 34
624874678650191872 13
624874938730741760 26
624876025021886464 139
624876528355008512 172
624878428358078464 19
624878919091650561 228
624879292401459200 228
624881486014083072 14
624881511196663808 268
624881762859024384 8
624882064840638464 102
624882337487130624 22
624882983376261122 19
624884153620807680 23
624884963104567296 183
624886707935031296 8
624892152124981253 228
624892152145911808 365
624892407990063104 401
624892487694336002 161
624894266070933504 228
624895046219898880 22
624897600546705408 401
624900045834461184 26
624900599457402881 22
624901790643916800 19
624901966808793088 34
624904219141767168 139
624904487593975809 139
624906324707573760 176
624907016763482113 228
624907054516297728 22
624908925163433984 22
624910355429498881 228
624910732908302336 34
624910867113594880 139
624911865349435392 19
624913023010902016 367
624913908000669696 8
624914025449521152 406
624914025453727745 406
624914763651371008 228
624914847516340224 22
624915283732492288 14
624915778660270080 13
624916411987554304 22
624916885952458752 228
624917640910209024 22
624920304305831937 401
624920971200339968 8
624921168349237248 8
624922334365921280 8
624924314073219072 13
624925069031153664 34
624925186492661760 176
624926050498314240 22
624926834849812480 13
624927212320477184 22
624928097310109696 13
624929519187685376 176
624929670182494208 228
624930458715820032 22
624931847026438144 13
624933541525200896 22
624933629618192385 139
624933675759566848 13
624933763839950849 13
624934288119697409 22
624935424755171328 422
624935508641214465 228
624935827408224256 228
624935953241649152 182
624936452363788289 11
624936855050522624 422
624937249294168064 182
624937253496819713 422
624938700514799617 8
624940143355375616 176
624940365653487616 8
624941716244721664 228
624942626383470592 14
624942878045765633 8
624942878050029568 8
624943901447692288 139
624943905646190593 11
624943968556482561 366
624944291543171072 6
624944455129370624 6
624945071691988992 26
624946262865940480 19
624947273672228864 8
624947525347377154 139
624948808796012544 367
624949836421464064 14
624950197114773505 422
624950314542575616 228
624951010797207552 22
624951887423340544 401
624953670011088896 139
624954412398739462 13
624954424956481537 23
624954781480681472 80
624954869548453888 364
624955213493968896 228
624955314148913152 45
624956119467839488 228
624956127843713024 13
624956660554035201 364
624957298054692864 228
624957335803269120 401
624957914650923010 228
624958002710364161 228
624958610896859136 364
624958682170851329 176
624958766077730816 228
624959143581880320 22
624960108271902720 367
624960959690502145 22
624961169422336001 364
624961244915744768 183
624961723066380288 22
624962419329224704 34
624962582890151936 19
624962956191625216 228
624963908273508352 8
624963958642847744 228
624964780692901890 422
624965288212049920 139
624965548263129088 178
624967108531589120 8
624967150495621120 422
624967318280531968 183
624967486035914753 228
624968127747592192 367
624968916289220608 177
624970342365270016 34
624970501757247488 422
624972309489696768 139
624972649236721664 161
624973353858658304 367
624973521643397120 139
624973634897997824 182
624974821890347008 34
624975086114721792 139
624975258089619456 183
624975610415329280 22
624975753000689664 406
624976067598508032 139
624976713496203264 364
624978076670099456 22
624978361866170368 401
624979112629669888 22
624979435624599556 139
624979569834127360 22
624980651972825088 365
624980853295190016 139
624981104919842816 228
624981411112570880 22
624981809571311616 22
624982023472586752 2
624982585517551617 102
624984842065711104 8
624985769002827776 422
624985819338678272 23
624986008086556673 11
624986347833421824 228
624987035665858560 22
624987174094548992 102
624987333473910784 13
624987958421102592 22
624988243642163202 22
624988621133615104 11
624989652928307200 365
624990248540487680 22
624990684710223872 22
624992203065069568 22
624992727369916417 422
624993138382389248 23
624993272616878080 124
624993792706285568 183
624995298453155840 139
624995411724517377 22
624996162483847168 8
624996506416844800 22
624996883895857153 228
624997181716590592 367
624997252994482176 124
624998494533582848 228
624999031400464384 124
624999215962284032 8
624999484385296384 139
625000948184690688 139
625001661224886273 22
625001745119358976 176
625001791256719360 8
625002110011084801 367
625002617538760705 139
625003125032808448 175
625004425266892800 9
625005524166127616 8
625007310952374272 367
625007633926193152 22
625008099472965632 139
625008401454661633 22
625008883824619524 22
625008887989559297 139
625010666391273472 139
625011689797226496 22
625012713207562245 367
625012893554061313 196
625012910327095296 22
625013413668851712 0
625014424483561472 22
625014504171008000 178
625015779235237888 260
625016030906068992 139
625016093829144576 172
625017775744942080 22
625018736219557888 401
625019453475004416 102
625019893851754496 22
625021588350439424 22
625022024579051520 19
625022070691340288 139
625022204925870080 8
625022204942659585 19
625022511122530304 22
625022586607521792 11
625022888588881920 367
625025245783695362 19
625026873194643456 139
625027015771471872 139
625028295072063492 139
625029196838891520 22
625029586913357824 11
625029674968686592 13
625029830187319298 8
625030866180268032 8
625031218476617729 367
625031226869608450 22
625031805666639872 22
625032288015794177 422
625032799720972288 176
625033999317106688 139
625034292888899585 8
625034842351214592 22
625035345680273409 8
625035890952278017 401
625036503308107776 22
625036658497454080 139
625037711255146496 8
625037732218277888 16
625038789203918848 401
625038998910705664 406
625039091185414145 22
625041326740877312 19
625042215946072065 22
625043679745605632 22
625046678668640256 8
625047584651014144 102
625047777584611329 19
625047781783285760 13
625047987325128704 422
625048813607096320 19
625049774102724608 19
625050696828588032 367
625051783165947904 139
625052479403659264 0
625053037237633024 401
625054429754974208 367
625054752733294592 22
625056157833428992 14
625060243077263360 367
625061983721816064 139
625062394730053632 176
625062940018872320 228
625064617740476416 8
625065594983837696 8
625065687267024896 13
625066152822185984 139
625067746695360514 22
625068329703608320 8
625069831247630336 139
625070468765253636 139
625071760615063553 22
625071961971032064 8
625072331040362496 139
625072834365231104 8
625072926635765760 22
625074738591858689 13
625075631966003200 19
625078085629706240 22
625079171971035136 19
625080547686117376 22
625080614807429120 22
625082330290335744 228
625083076872310785 367
625083802470227968 22
625086335813033984 22
625087250196336641 228
625091176056627200 8
625092342094123008 8
625094447617814528 401
625094456023224320 401
625095009654734848 139
625095122900758528 139
625095177410093056 139
625095877888184320 139
625095965960196096 139
625096565749755904 14
625096800639135744 406
625096955803234305 22
625097261991743488 365
625098323154710529 8
625098356709281792 139
625098478331527168 19
625098637736079360 22
625098809702416384 80
625098935539888128 101
625099443021418496 22
625099644352233473 139
625099732428423168 139
625100231559000064 139
625100634195279872 13
625101116578131969 139
625101426935644161 14
625102924314746881 139
625103155001458688 19
625103356332244992 406
625103951894069248 22
625104211961872384 22
625104832701972481 139
625105075980140544 139
625105600263815168 22
625105839356047362 406
625107311539978240 406
625108045555589120 22
625108720842752000 8
625108838270824448 365
625110415341699073 11
625110696360067074 365
625110889272717312 8
625111455512297476 22
625112176924102656 23
625112265008635904 22
625112315369771008 139
625112428594925568 13
625112999037046784 406
625113242273218560 139
625113552655896580 124
625114827753549826 139
625115528189730818 139
625115595290353664 22
625115666593415168 365
625116014737510401 139
625116304140312576 8
625117482752282624 406
625117654718636032 367
625118069925371905 139
625118363547774976 406
625118871041785856 11
625119567321407489 23
625120372606767104 139
625120544594137088 367
625120712362082304 183
625121240840318976 139
625121681229619200 8
625122222278090752 139
625122352335077376 124
625123484772003841 13
625123610630340608 16
625124344629342208 8
625124344633556992 8
625125418375340032 228
625126487910391808 124
625128190793678848 139
625128526329610240 124
625128861882261504 22
625129503593996288 139
625130308925542401 8
625130837407698944 139
625131038717554689 139
625131814689107968 22
625132884202909696 139
625133840504332288 365
625134020867788801 139
625134905890967553 196
625136835249876992 8
625136864626896897 139
625137191770042369 365
625137967703683072 8
625138068371017729 139
625138391340974082 8
625138928195080192 22
625138991126306816 401
625140400429273088 139
625141004396589056 22
625143839733346304 139
625144473069187072 139
625145697818574848 22
625146243094679552 22
625146578613829632 139
625147719481470976 406
625148071811256320 308
625148310886584321 22
625148612838735873 196
625151565637095425 8
625151624374161408 22
625152857503698945 139
625155948693299200 22
625156246497157120 367
625158100371271680 139
625160465962790912 22
625160679868084226 260
625162516981641216 367
625163020294049792 139
625163825604485120 13
625165171988652032 178
625167550150610944 406
625167684359995392 401
625168607115386880 8
625168992966053889 8
625169907336876032 8
625170075117486080 8
625171681544417280 406
625172927235801088 364
625174525261385728 22
625176207190061056 8
625176236524834816 22
625177708729774081 8
625178748917272576 102
625178778298417152 8
625179097069563904 22
625179138987429888 401
625179378088067072 11
625180263086059522 11
625181257136242688 268
625181634598273024 22
625183945676619776 102
625184113457242112 422
625188257400107008 8
625190329398923264 11
625190622991781888 14
625191780653273088 19
625192757888446464 22
625192875345768448 102
625194280454356992 228
625194662102331392 9
625195941365157888 22
625196687963746305 406
625196872513138688 401
625198701229666304 22
625199938557706240 401
625202488694603776 8
625202757134323712 8
625203063301668864 177
625203193320898560 228
625207182129102848 401
625210080363999232 8
625212173334224896 406
625214178219962368 9
625214811564044288 139
625215927248793600 401
625216325690851328 13
625217370068398080 406
625217730782842880 19
625218200565886976 22
625218359949422592 13
625221535020613632 139
625223577667645440 13
625223980325208064 13
625227386079023104 13
625227797129117696 367
625228015207849984 406
625229751670566912 8
625229768439377920 8
625230473074053120 8
625231328733208576 22
625231425210421248 406
625232150812454912 406
625232956102156289 8
625235116189741057 8
625236038945009664 101
625236076676804608 8
625238748444274688 22
625239172077481984 175
625239406950096896 22
625239528576565249 8
625240740751249408 22
625241818691686400 8
625244758869417984 228
625244825999138817 401
625245664855748608 22
625247778797682688 139
625248496006905856 8
625249829782818816 34
625251180353032192 124
625251633371308032 70
625251637548810240 22
625252988123262976 22
625253139113865216 8
625254430938660864 8
625255378851205120 8
625255890585677824 45
625260403656818688 8
625261976520949760 364
625263083817046016 139
625265285814185984 161
625267345221484544 367
625270033783103488 22
625270058936201216 13
625271522723237888 228
625271707272613888 102
625272143484485632 22
625275012417724416 22
625277491226087425 367
625278573360885760 19
625279760369885184 228
625279991048183808 13
625280460801843201 260
625283447158747136 22
625285292661055488 8
625285829506822148 226
625288782321950720 22
625288849405689856 22
625288887167008768 34
625290745235283968 23
625290782967267328 190
625290858481319936 13
625290900407775232 176
625293580588986368 367
625293949704491008 176
625293953894518785 11
625294830499987456 34
625295375746727936 8
625296160102617088 161
625296436897402880 80
625297057650208768 102
625297921681059840 401
625298966071128064 365
625300304045703168 22
625301767878787073 34
625303760164655104 13
625303953098567680 364
625304678704783360 11
625307375658905600 8
625308009011519488 22
625309061781663744 8
625309212738981888 365
625309372130922496 13
625310143903854592 365
625311108572823552 365
625313390299234304 139
625313398658568192 139
625313398691987456 139
625313402882277376 139
625313407042985984 139
625313407051427840 139
625313411245690880 139
625313411262476288 139
625313415435825153 139
625313415440039937 139
625313415460978689 139
625313423857975296 139
625313428018757632 139
625313428035473409 139
625313436411502592 139
625313440610021376 139
625313444791775232 139
625313444800122880 139
625313444804304896 139
625313444825333760 139
625313444829491200 139
625313444829503488 139
625313448994279424 139
625313449019613189 139
625313453197127681 139
625313453197144064 139
625313453205536768 139
625313457395625984 139
625313457395630080 139
625313465792602112 139
625313469965991936 139
625313469974323201 139
625313469974335488 139
625313474168659968 139
625313474181083136 139
625313474185428992 139
625313482565681152 139
625313490954264577 139
625313495131754496 139
625313499347058688 139
625313507714691072 139
625313507714711552 139
625313507735662592 139
625313511925784577 139
625313520293384192 139
625313541298487297 139
625313549666025476 139
625313562265808896 139
625313566447542272 139
625313574815145984 139
625313579017736192 139
625313579026264064 139
625313583216377856 139
625313587402182656 139
625313587402285056 139
625313587406442496 139
625313587414761472 139
625313599993462784 139
625313600010260480 139
625313600014565376 139
625313612584910848 139
625313616791760896 139
625313616795971588 139
625313641936478208 139
625313646143389697 139
625313696458383361 139
625313755208007680 139
625313771976847360 139
625313801341022209 139
625313855833538560 139
625313906173583360 139
625313952315088896 139
625313981666869248 139
625313985881989120 139
625314032002596864 139
625314040412303360 139
625314069743054848 139
625314086545260544 139
625314145274101760 139
625314157823397888 139
625314166220423170 139
625314237548744704 139
625314354959908864 139
625314388510019584 139
625314682119815168 139
625314698901061633 139
625314749224513536 139
625314757625675776 422
625314761803051008 139
625314770200199168 139
625314782799724544 139
625314799572815872 139
625314803771408384 139
625314887632171008 139
625314933782220800 139
625314937968181248 139
625314950551052288 139
625314967349272576 139
625314967357624320 139
625315038635520004 161
625315055412903936 139
625315055442137088 139
625315084789805057 139
625315088996638720 139
625315114145685505 139
625315139328344064 139
625315223180832768 139
625315227375136768 139
625315294488080384 139
625315302885081088 139
625315332236967936 139
625315445487337472 139
625315617441218560 124
625316162738503680 139
625316242400768001 139
625316250789396480 139
625316301146300416 365
625316418586845185 139
625316460508934144 139
625316552804593664 139
625316565374775296 22
625316770887249921 139
625316838008881152 139
625316988986990593 11
625317043533799424 139
625317152564752384 139
625317169333673984 139
625317395842887680 139
625317421016985600 139
625317559429148672 139
625317584599150592 139
625317748181213184 139
625317802711351296 139
625317945317662721 139
625318092118327296 139
625318108882821120 139
625318423464120321 102
625318457001791488 139
625318733813313536 139
625318993868386304 139
625319132293132288 139
625319262316441600 365
625319568492392448 139
625319597835702272 139
625319920834756609 0
625320394753470464 139
625320482854670336 139
625320491260186624 139
625320516426039296 22
625320608683978752 139
625320671581720576 139
625320990361260033 101
625321233647824896 139
625321250408300545 139
625321271388049408 139
625321938274156544 139
625322387056128000 139
625322529662472192 139
625322634528620544 139
625322789709418496 139
625323330774675456 139
625323372709302272 11
625323574073643009 139
625323972532408322 366
625323976693272576 139
625324769425141760 139
625324878485409792 139
625325251770085376 139
625325390194540544 401
625325486642565120 139
625325515998666752 139
625325901903982592 139
625326107420684289 366
625326510057082881 139
625326623303315458 401
625326807873531904 139
625326933677613056 139
625327185344262144 8
625327223084597248 139
625327424440528897 366
625327478966460416 139
625327520884391936 139
625327550269538304 139
625327671883509760 139
625328099710926848 139
625328108112117761 366
625328758199693312 139
625328938567360512 139
625329102128607232 139
625329118922543108 139
625329144084107266 366
625329412507086848 22
625329508980273152 139
625330029086547968 406
625330050079064064 366
625330104579682304 366
625330599524483072 139
625331086046965760 366
625331270587916288 22
625331362862637056 139
625331505464782848 365
625331652269445120 139
625331790689861632 139
625332210112024576 139
625332486957101057 124
625332562433589249 139
625332616955301888 139
625333032208199680 139
625333111899852800 139
625333204170338305 34
625333250311987200 139
625333497775935488 139
625333690734764032 139
625334303103303680 139
625334378588209152 139
625334521198612483 34
625334785427148802 8
625334789609013248 422
625334818994139136 80
625335188101447680 139
625335209060229121 139
625335246817329152 366
625335318087081986 175
625335414556131328 139
625335418767167488 19
625335687210889216 139
625335733323108353 139
625336068888489985 139
625336165370040320 401
625336521881743360 139
625336677041614848 139
625336857430216704 139
625336886773587968 366
625336890980483073 139
625336924513902592 100
625337339754098688 139
625337369122619394 139
625337406867308544 34
625338434480017408 139
625338719701053440 139
625338887469178880 139
625339600505020421 139
625339613071179776 139
625339793409507329 139
625340170909425664 139
625340246402723840 139
625341957695520768 139
625342331001028608 139
625342477801795584 19
625342528133447680 22
625342930778075136 139
625342972729651200 139
625343056611512321 22
625343119513358337 139
625343161452396545 22
625343438297272320 139
625343505393709061 139
625343811586236417 139
625344214218379264 22
625344679786078208 139
625345048910168064 365
625345459926773761 139
625345476716408832 22
625345560581681153 228
625345665435049984 139
625345669633413120 139
625345854199726080 139
625346776934051840 139
625346936321777665 19
625346999227957248 161
625347435435552768 139
625347716466503680 139
625348085573636096 139
625348223981359104 139
625348941194903552 139
625349117376598016 22
625349276751765504 124
625349431957655552 8
625349520004673536 139
625349671016267776 367
625349683599306752 139
625349700368093188 139
625349985589026816 367
625350245648433152 365
625350631503495168 8
625350988040400896 139
625351382288109569 22
625351432624054273 23
625351436797263872 22
625352154052608000 139
625352330217521152 139
625352401503936513 139
625352510551785476 139
625353672373878784 8
625353760445825024 139
625353894676328448 139
625354431543025664 139
625354486085734402 406
625354548987699200 139
625354867763232768 139
625354926462349312 8
625355001972531200 139
625355413014319104 139
625355442374340608 139
625355572385153024 139
625355643721924608 367
625355740157448193 139
625356184766189568 22
625357430482821120 401
625358692976824320 139
625361029179047936 139
625361842903379968 139
625361876420050944 139
625362132289363968 364
625362639816945665 139
625362677548871680 2
625362899834413056 139
625363487057809408 139
625363587700146176 366
625363705136414720 139
625363772253671424 22
625364032304848896 139
625364997019799553 102
625365013780373504 228
625365118625415168 139
625365579994689536 139
625365991061479425 139
625368096572751872 13
625368167901200385 139
625368180483993600 139
625368616695894016 139
625368864168148992 22
625369229068517376 8
625370109863923712 367
625370185373908996 367
625371426867007488 176
625371795961413632 139
625371984722010112 124
625372567734390784 176
625372974581985280 139
625373712758538241 139
625373867964395520 124
625373943441002496 139
625374358685376513 139
625374618753347584 22
625375071717031936 13
625375243696254976 139
625376057374412800 139
625378238425092097 139
625378372621697024 139
625378515253243909 139
625378817226485760 139
625379844826755073 124
625380046157426689 22
625380578859225088 139
625381040194846720 139
625381468034838528 139
625382348838690816 139
625382952831184897 176
625383259015245824 139
625384542438731776 139
625386404709732352 139
625386476012879872 8
625386786424918016 22
625386895481028610 139
625387059021283328 139
625387486861242370 260
625387537180327936 11
625387616880300032 139
625387633640873984 139
625388128577134592 22
625388426368524297 139
625388476725362692 22
625388501895352320 22
625388715783753728 22
625389147809820672 139
625389277841522688 366
625389609195827200 102
625389852431921152 406
625389961508859904 22
625390745831108608 22
625391333025316864 22
625392041858498560 139
625392138340147200 70
625392444545335297 139
625393161767124992 22
625393312728420352 139
625393895749193728 367
625394948507103233 22
625395309217193984 139
625395875456528384 102
625396257138307072 139
625396684965568512 172
625396819170701312 124
625397288953868288 22
625399004403236866 139
625399126038085634 139
625399214114127873 22
625399230912425984 14
625399398680281088 139
625399407081619456 13
625400153676103680 139
625400426272133120 102
625400656984195072 366
625400791210266624 139
625400942196883456 22
625401223190040577 139
625402179503796225 23
625403332937523200 365
625403366512951296 13
625403655911555072 139
625404092119183360 406
625404415076380674 139
625404482168328193 19
625404792567898116 22
625404960323301376 139
625406126364979200 139
625406344443658240 139
625407183312789504 365
625407581767516164 175
625407753754800128 11
625408068294209536 22
625408454170165248 139
625408793925525504 139
625409314010742784 139
625409859266215936 139
625410442278506496 139
625412531058835456 139
625412891760574464 101
625413306984079365 139
625413428623110144 139
625414217177374724 139
625414770825523200 139
625416368825827329 22
625416456902041600 139
625416528201027584 124
625416935048478720 22
625417056708460544 366
625417593579397121 139
625417778128928768 139
625418067523153921 22
625418709243445248 101
625418830890676225 22
625418864453681152 22
625418948322832384 16
625419107731701765 139
625420458289049600 139
625420475070607360 139
