624085298083803136 127
624085872674217984 76
624086313080369152 74
624086338246180865 126
624086380197617664 76
624086757705805825 127
624086766069288960 127
624086967387557889 0
624088062113501184 16
624090121520984064 45
624090192811421696 85
624090285111259136 37
624092503885639680 45
624093372098211840 45
624093627963146240 37
624093766383591424 48
624094827538284545 125
624094949173252096 37
624095918053142528 125
624096438126051328 125
624097297958174720 37
624097713215270912 45
624098187184205824 37
624098757580173313 28
624101383222898688 131
624101391624089604 4
624102033356902400 1
624102184360095744 45
624103685916893184 1
624106596730314752 57
624109411133485056 7
624111856416755713 37
624115425765240832 76
624118147856007168 37
624120177899212800 1
624121230669557760 126
624122111473418241 37
624122941945606144 37
624128126121971712 37
624128189024075776 31
624129355053010944 37
624129602487734272 37
624130281998565376 126
624133729712107520 126
624135277418692608 1
624136451819761664 37
624138645436563456 125
624139547182546944 69
624140419597643777 1
624140453177356288 1
624142835554500608 119
624144131577774080 5
624144198703255553 50
624145389868859392 127
624147134682501121 45
624148858575032321 37
624149424768458753 85
624150720816660480 127
624153984014622720 37
624154575382183936 1
624156282455363585 125
624157083571744768 85
624158413199642624 37
624159860205203456 76
624160111875895296 37
624162204816932864 45
624163807053643776 15
624163853174206464 126
624164092287168513 1
624164562024181760 37
624164780119425024 7
624164943731027968 78
624166311069757440 87
624168416581128192 37
624169603598385152 67
624171235157475328 127
624171717502627840 48
624172862539235328 28
624173793683107840 69
624176859710889985 37
624176981366714368 37
624178365487009792 48
624178424190402561 37
624180424877563904 125
624182010320269312 119
624182710794194944 37
624182828222148608 119
624183256024420352 127
624184703084425216 28
624185881692221441 28
624187261593251840 126
624188305987477504 92
624189862065733636 45
624189920798621698 126
624190008874766337 45
624190440871309312 1
624190549927432192 57
624190667388944386 139
624190805805109248 85
624191254595698688 78
624191808231317504 37
624192248628903936 37
624192760317239296 0
624192764524113920 125
624194823948349440 125
624195696338599936 0
624197277595357184 14
624198896621867009 37
624199156647755776 0
624199303439855616 37
624199961962524672 92
624200591082917888 94
624201052485619717 37
624202562439266304 37
624203254474350592 37
624203573232963584 139
624204542142320640 37
624208962938736640 37
624209529153040384 1
624210359646195712 45
624212242892861440 37
624213069158305792 5
624213375342526465 1
624215086635155456 119
624215812233109504 57
624216219072098304 37
624216286172557313 37
624217007605575680 37
624217431242727424 1
624217708062572546 37
624218152650600448 37
624218156828127232 85
624218307839827968 37
624218525947707392 45
624218559514845184 37
624221264819974146 37
624221696829034496 37
624221944288641028 37
624221998827356161 0
624222103697518592 45
624223299069833216 16
624224066606641157 64
624224452516184064 7
624224691578884097 0
624225882761248768 37
624226390246711298 85
624227061364883456 28
624227589842960384 50
624230181935263744 37
624230848829739009 85
624231729612619776 85
624232136468357120 37
624232820135841792 85
624233008862752768 85
624234267170594816 28
624234946647957504 119
624235563218964481 37
624235823261560833 28
624236003591651328 37
624236641142468608 37
624236662114123776 76
624236804737118208 126
624237018634166272 126
624237308020174848 76
624237408683429888 15
624237547112128514 48
624238054618738688 85
624238193030737920 76
624239572948381696 16
624239707161923584 37
624242047591972864 85
624243838551498753 14
624244778092363778 92
624244807465062400 125
624245038143242240 16
624246694889197569 94
624246791341379584 67
624247370189021184 14
624248360048967680 37
624248733304258560 13
624249077262352384 125
624249618302304256 126
624249752524226561 85
624249890965581824 125
624250092275527680 14
624250335553548288 37
624250394252845056 127
624252319471828992 127
624254148163211264 85
624254391420219392 1
624254966048403456 127
624255247091920896 1
624256601835315200 76
624257193253040131 1
624257503606341632 125
624257725908647937 37
624259051313057793 0
624259542038237184 37
624260603201368064 37
624260812924829697 37
624260833871163393 28
624261018429071360 125
624261114927443968 37
624261366564556800 37
624263753111085057 76
624264667481939968 37
624264680060620800 0
624265850279739392 50
624266076772270080 125
624266437474000896 37
624266844313157632 37
624267830003761153 13
624268027123638272 13
624268408817905665 7
624268584957689858 85
624268664645255168 0
624269302204600320 0
624269818103996416 50
624269901994270721 50
624270476601331712 7
624270757619761153 28
624271906850607104 0
624272015910924288 7
624272032663007232 64
624273743976771584 63
624274964494065665 37
624276814194704385 0
624277392983506948 125
624277497845272576 14
624277858551230465 0
624278496123187200 28
624279636961325056 37
624279716657283074 127
624279846651346944 50
624279859267772417 13
624280232539852802 16
624280245114404866 28
624280882673750016 37
624280886876471298 37
624281847367901185 37
624282036099006464 13
624284099683971073 37
624284363954458624 69
624285374752407552 0
624286075209547776 126
624287983630483456 45
624288751183917056 28
624289283856289792 37
624289543907373056 23
624289913010319360 125
624290449864441857 0
624291456522539009 76
624291909478010880 37
624294098913087488 28
624294174402215937 0
624294228932337664 126
624294258292445185 76
624294329616625664 85
624295088785629184 119
624295424325763074 119
624296879753428992 126
624297596983619584 50
624297819260719106 37
624297915733934082 37
624298809133264897 0
624299484416229376 37
624300004476325888 37
624301774501838848 0
624302286198583297 28
624302718199332864 10
624303062153330688 37
624303695484878848 14
624307025778839552 69
624307231262007300 37
624308875462754304 67
624310960006639616 37
624311303935365120 37
624311408788779008 119
624311492708450304 69
624312545457782784 0
624313984095645697 67
624314755868553216 76
624315842189115392 78
624317184353775616 14
624317373089103873 67
624317792540430336 28
624318874662481920 37
624319457674919936 28
624319835170717696 14
624321202517966848 119
624321714193723393 0
624322028787535872 14
624323605845794816 37
624324050429456384 1
624324243359055873 28
624324532770226180 48
624324729910919168 37
624327024220319745 28
624327502358384644 37
624327787562692609 37
624327879845777408 14
624327917590310913 1
624327959529132032 6
624330694202757121 119
624331734423744512 125
624334167120191488 48
624334355834474496 14
624335018555371520 0
624335064680173568 31
624335068891234304 57
624335094057046016 14
624335857399558144 0
624336734013272064 31
624337098917683200 119
624341880411545601 77
624343734323277824 15
624346137634304000 37
624346989094957056 119
624347114903089152 0
624348012488339456 85
624350134810218496 76
624350713645244421 37
624354333329461248 119
624357210626367488 76
624357927852208128 76
624358217255157760 37
624359047706333184 67
624359148361089024 126
624360243103830016 37
624360859637166080 37
624361107109580800 0
624361744668864512 119
624363535611486209 76
624363703408922624 37
624364429002543104 37
624364491904524288 76
624364907157262336 37
624365183981391872 37
624365985093566464 37
624366161266917377 0
624366727481024512 119
624368405190017025 45
624368782681735168 37
624368971429511168 92
624369462188244993 66
624369600583585792 37
624369772541558785 37
624371118900576260 37
624372599502598144 13
624372695992373248 31
624372704364228608 37
624373031519916032 92
624373035735347200 126
624373895538212864 7
624374596008046592 119
624375069943332865 37
624375099299250176 63
624375313208750080 37
624375321610092544 63
624375392904867840 37
624375506142646272 37
624375640381263876 37
624375950776643584 76
624376210798342144 37
624376340813348864 119
624376496023543808 76
624376772830695424 64
624377611720896512 85
624377737520648192 28
624377813030846464 15
624377964034195460 45
624377964042522624 37
624378077276147712 119
624378698008031232 37
624378706405007360 85
624378752567390209 37
624379813692862464 92
624380413478219776 28
624380912629874688 76
624381776648011778 37
624382389016379393 67
624382670034735104 127
624382720349749248 76
624382913321304064 37
624383022360608769 76
624383307564908544 76
624383349499400193 76
624383391446663168 1
624383420827856896 37
624383861225492481 127
624385006245277696 37
624385052386832384 37
624385396319887361 119
624385480201781248 37
624387443156979713 37
624388323952488448 76
624388579825983488 37
624389590640672768 76
624389771008323584 1
624395244541317122 76
624395605285163008 127
624395949184561152 127
624399136876572675 37
624399476590014464 37
624399845722337280 29
624400076375461889 76
624400453879656448 125
624400579691810816 28
624404467841146881 37
624404975360344064 37
624405117954072576 37
624406871164633088 69
624407286400692225 125
624407399630147584 0
624407487723249664 76
624407743571431424 37
624408595006902272 31
624409488431443968 37
624409790400303105 28
624412181157801985 37
624412411857014784 13
624412877403910144 45
624412919342567424 85
624414165055221760 85
624416136373882880 126
624416211871342592 125
624416983623331840 69
624417621165760512 14
624417784756338689 126
624417939937058816 127
624418787190833152 76
624418954946088960 125
624419743479529473 126
624419911268462592 28
624420695578136576 31
624421257610571776 92
624422004213485572 119
624422071334907904 76
624424239786029056 92
624425749714370561 15
624429126162759680 37
624429205854425088 37
624431055538405376 37
624431596603478016 125
624431751763464192 125
624432762603241472 87
624433714714443776 28
624433790212022273 76
624433861523570688 69
624434964612972544 76
624436847863824384 87
624438026446311424 125
624439016323186688 126
624439234397536256 1
624439968421642240 37
624440085853790208 131
624441147012743168 45
624444213057466368 126
624445144209694720 1
624446444439638017 37
624447572690604033 125
624448210237460480 37
624448478681407488 125
624448675788517376 1
624450173159272449 48
624450735187619840 13
624451880253562880 85
624455390877499392 37
624455663498846208 37
624458461108015105 45
624458817640665088 45
624459631327182848 37
624459744581828608 76
624463636883312640 87
624466304460812288 39
624466606450577409 127
624467155879235584 28
624467462088691712 85
624468300961951744 37
624468846221463552 87
624469206915018752 5
624469374682968064 28
624471966754340865 37
624474135238803456 63
624475263498342400 37
624477138331172864 119
624478144985198592 25
624479789156446210 1
624480900646998017 127
624482033109200896 37
624482041493635072 37
624482486072930304 126
624483656296452096 0
624486315493494784 1
624488177768660993 25
624490643998539776 48
624493852645269504 1
624499405903777792 13
624501570160447488 85
624501993789345792 127
624502610335170560 87
624503239501856768 37
624503902214426624 37
624504183220142080 92
624504854296145921 119
624505378605240320 37
624505793807818752 37
624505793841352704 28
624505827378884609 37
624507962292199424 7
624508637558538240 37
624510139110944768 125
624512311764647936 0
624513129662119936 119
624513955944374272 92
624514958378668032 127
624520478103744512 11
624523388925558784 127
624524018075369472 25
624525033101217792 1
624525951632822272 28
624526022944423936 76
624527058958467072 64
624532855465623552 45
624533002261889024 37
624533132297965568 37
624535166539542529 1
624536571618967553 126
624538207393349632 0
624538723309457408 87
624540182910496768 0
624540694632382464 1
624540744943030272 126
624540849821474819 87
624541835466158080 87
624543676786577408 87
624547170620952576 37
624547426469195776 87
624547946600730624 1
624548219222159360 87
624548714154205184 57
624548831561162756 87
624548974167355392 87
624549414573600768 0
624549624305463296 57
624549871748562944 87
624550177941135360 0
624551117494464516 0
624551201359724544 5
624551251682938880 87
624551771806015488 119
624551813732241409 1
624552791021875200 87
624554124806205440 119
624554665867227136 87
624555089496141824 87
624555261466808320 0
624556159035408384 37
624556704298971136 37
624556922394390528 37
624557534775390208 76
624557555730087936 37
624558226831360001 37
624559401232261120 64
624559757752463361 16
624559787087413248 16
624559820658618368 16
624559866804326400 16
624561074738741248 16
624561884268744704 87
624562190436036608 37
624562517575081984 48
624562668607672320 64
624562924439367683 48
624563218023845888 48
624564467938897920 85
624564967052865536 76
624565755590262784 87
624566288283648000 87
624566405694930946 4
624568205063921664 119
624568209266622465 126
624569022957359104 0
624569790498238464 64
624570310608732161 126
624570721633738754 37
624570910381621248 37
624571690551480320 28
624574295184908288 37
624574710425198592 37
624574764963594240 1
624575016609427456 15
624575406708928512 85
624575465416593409 57
624578753725898752 48
624580901238734848 87
624581626836598785 57
624581928834985984 37
624581983365165057 87
624582058866667520 37
624582142731911169 87
624583359075852289 37
624583875004641280 119
624584734815858688 16
624584923551297536 67
624585309456629760 76
624585334609686528 69
624585506588884992 76
624585770796494849 37
624586966173110272 37
624586966185676800 37
624587662452637697 126
624588014765887488 12
624588467771588608 16
624588799121625088 87
624589273040195584 87
624589486966632448 13
624590233544314880 69
624590657160478720 127
624591110183235584 48
624591873521291264 37
624592100030607360 16
624593270249631744 76
624593303778934784 45
624594838906744833 76
624595212208189442 57
624595530941730816 67
624595765835345921 37
624597523265536000 37
624598534088568832 76
624599624620179456 85
624600329238130688 37
624601235220357120 87
624604938765635584 37
624604947183595520 127
624606184507490304 15
624606624888418304 28
624607056914321408 126
624607979648606208 45
624607988024631296 85
624608524916518913 0
624608592029585408 76
624608847861186560 64
624609787410382848 37
624610043237806081 64
624611091822219265 0
624611871979499521 76
624612522067230720 1
624613239297474560 1
624613738432180224 87
624613809726951424 64
624617098057158657 45
624617991443906560 119
624618020804018176 0
624618507376857089 37
624619463678136321 119
624619971184738305 45
624621858587971585 64
624622500337446914 37
624622873609572352 1
624624081598418944 1
624624337446961153 45
624625079842816000 1
624625503463313408 87
624625692202807296 0
624625721563066368 50
624625746745540608 127
624625864148267008 37
624627126646493184 0
624627126667505664 0
624628238128709632 76
624628829538009088 85
624630385616420864 1
624630549194235904 50
624631128037699584 16
624631199336656896 37
624631534855823361 5
624632050772013056 119
624632180799463424 37
624633212585832448 76
624634051434053632 37
624635209070174208 127
624635347486535680 37
624635469117067264 78
624636542854627328 37
624636622542209024 37
624637029393936384 37
624637620816056320 50
624638254156001280 76
624638388369522688 127
624638551934656512 126
624639143344115712 119
624642595231133696 78
624643203417796608 37
624644050663153664 1
624644713358970880 13
624645342517006337 48
624645472536408064 127
624645669672878080 92
624646441403678720 0
624646516909719553 37
624647188023390208 0
624648320481275905 127
624648710534860800 37
624648974771879936 63
624649775913144320 126
624651650729410560 127
624653840168697856 37
624654171522764801 13
624655115258040322 21
624655194920333314 57
624655329159200768 37
624655387875241985 126
624655962507464704 12
624656981698191360 92
624657065575849984 37
624657451472846848 5
624658617506136064 1
624659124987412480 1
624659410221203460 85
624659703822462976 50
624659850597896194 0
624660718844035072 126
624660727207362560 37
624661540898127872 85
624662245570555908 119
624662841153441792 65
624663088630001664 37
624663608727859200 131
624663961032462337 37
624664141379313664 0
624665332548960256 37
624665416447569921 64
624667333257232384 37
624667786246246400 131
624668067235262464 0
624668558002421761 1
624669065508990976 37
624669417805189120 85
624670252471705600 37
624670386702172161 0
624670504163545088 45
624671586256330752 37
624671745677619200 0
624671758260436992 119
624672039241150464 0
624672953607847936 37
624673096222515201 125
624674601973489665 77
624675168217112576 76
624675692479913984 126
624676065793937408 126
624676938213363712 37
624677659612708865 69
624678548838744064 1
624679136024522752 6
624679232493322240 0
624679983269556224 76
624680536926257152 45
624681296078319616 45
624682306930917377 126
624685456848982016 4
624686115329409024 65
624686140528967680 7
624686174062247936 45
624686241179566080 1
624688560604475392 76
624689172972867585 37
624693296007262208 57
624693384087646209 11
624696815003107328 119
624698173987143680 28
624699541313339392 69
624701328078544896 87
624701516818083840 76
624702049503047680 67
624702095636201472 85
624702129182130176 119
624702175336230913 119
624702544413986818 85
624703299397283840 0
624703483976019968 126
624705744684736512 87
624706411574988800 45
624706570975182848 37
624706906523856896 45
624707208513609728 125
624708533917995008 126
624709414700777472 119
624709448246915073 76
624709620213264384 11
624710324885811200 125
624711750928044032 37
624712728201052160 126
624712728205230080 126
624712728205242368 126
624712887592992769 76
624712891791491072 7
624713403475464192 11
624714338822041600 126
624714695312830464 76
624715039279304704 76
624715651626614784 76
624715852944965632 0
624715890718834688 57
624716549207814144 76
624717841053417473 0
624718134675685376 14
624721062274695168 23
624723121690554368 16
624724048644194304 126
624724958808137728 37
624728775595458560 28
624729899685646336 76
624730344269287424 1
624730512037298176 37
624730759501336577 28
624730805642760193 37
624731560621813764 37
624731774548078593 37
624731996837814272 37
624732177201254400 76
624732584057028608 76
624733309659058176 37
624734228186435584 37
624734588904931328 76
624734802835456000 126
624734807021498368 76
624734832187318272 85
624735255803596800 37
624736295978405888 76
624736476371103744 125
624736610551083008 39
624736878999154688 119
624738871293685761 127
624738942596816896 37
624739081012928512 119
624739240413270016 37
624741668911230976 85
624741698258759680 78
624741928945364992 65
624742981736644608 37
624743275317055490 37
624743707338764288 10
624745070483259392 37
624745770919571456 85
624745942885904385 37
624747016648691712 119
624748149119168512 37
624748648203575296 37
624748664980770819 87
624749533231120384 76
624749583562752000 37
624749705189306368 50
624750061692432384 67
624750489528311808 125
624750858622902272 125
624751454209843200 76
624751504524750848 64
624752662152613888 76
624752750270750720 37
624752863483437056 28
624753240970694656 125
624753295496740864 125
624754184714326016 76
624754281179037697 37
624755585611862016 85
624757846341746688 4
624758613895049216 13
624760123827875840 76
624761734432034816 45
624762262914531328 87
624763584153845760 125
624764519458447361 76
624764909532790784 125
624765022787534848 37
624765345752989697 37
624765526091431937 76
624765584824238080 126
624765622589722624 37
624765723215327233 126
624766088119611392 85
624767115757645824 37
624767514220756992 37
624767568717328384 127
624768130762452993 76
624768558594048000 127
624769456145829888 76
624769732978176004 76
624769854617223168 76
624770194381017088 119
624770722846486528 69
624770739611267073 76
624771343603617793 85
624771431679655936 37
624771465242669056 76
624771557529796609 64
624773805668352000 37
624774455772991488 76
624775001053343744 127
624775823137079297 76
624776267708153856 37
624776460646117377 76
624776942990954496 37
624778222270414848 14
624778352298184704 37
624778486490771456 1
624779207923625984 37
624779358926823424 64
624779669275979777 127
624779702838931456 48
624781011486941184 67
624781200218017792 76
624781607044554752 37
624781988755472385 126
624782496241074177 37
624782978581987328 92
624784018807128064 37
624785776216125440 23
624787273561829376 64
624789458781470720 64
624789576234745856 63
624790327031918593 125
624793242077384706 119
624793288218783744 76
624794928166535168 125
624794961716707328 125
624795582482223104 37
624796513605062656 85
624797381821775873 4
624798778525003776 21
624799378318843904 85
624799890044948480 28
624800670181257218 37
624802826066264064 37
624803241277132801 76
624803648116256768 69
624803799119433729 85
624804621198864385 85
624805896275668993 37
624808198969671681 37
624809612420730880 64
624811361453895681 37
624811466324058112 37
624811902519087104 64
624815983593693184 85
624816126174740480 1
624816524662980608 37
624817304786767872 127
624818479191990272 127
624819120937304065 67
624819733301436416 94
624821394250039296 64
624821574571462656 48
624822186960785408 37
624824435099439104 85
624825278167060480 13
624829979977719808 48
624831355722010624 45
624832785941839872 92
624832794355613696 92
624832836298756100 0
624833935189639168 12
624837055776817153 14
624839140312489984 1
624839215822557184 119
624839333288112128 1
624840121817399296 13
624841036150538240 37
624841195538239488 37
624841782749085696 45
624842839697047552 0
624843691144785920 127
624844236396044288 37
624845582796877824 48
624848049051795456 45
624849185687347200 0
624851035358498816 12
624851882637287424 76
624852578879188992 126
624852968962064385 11
624853237372301312 11
624853451311349765 126
624854118205493248 11
624855682660085760 45
624855766558736384 11
624855829452300288 11
624858044074192896 11
624858782250725376 37
624859000367120384 39
624859197495201792 28
624859981825728512 37
624861487597756416 0
624861709883326464 11
624863828006830080 126
624866583681171456 74
624867145692766209 76
624869108648161280 37
624871272888016896 64
624871482594754560 64
624874678650191872 1
624874938730741760 14
624876025021886464 127
624876528355008512 4
624878428358078464 77
624878919091650561 13
624879292401459200 0
624881486014083072 23
624881511196663808 29
624881762859024384 11
624882064840638464 48
624882337487130624 37
624882983376261122 77
624884153620807680 69
624884963104567296 6
624886707935031296 11
624892152124981253 0
624892152145911808 59
624892407990063104 126
624892487694336002 1
624894266070933504 13
624895046219898880 37
624897600546705408 126
624900045834461184 28
624900599457402881 37
624901790643916800 77
624901966808793088 64
624904219141767168 76
624904487593975809 76
624906324707573760 0
624907016763482113 0
624907054516297728 37
624908925163433984 85
624910355429498881 0
624910732908302336 64
624910867113594880 76
624911865349435392 77
624913023010902016 87
624913908000669696 11
624914025449521152 85
624914025453727745 85
624914763651371008 13
624914847516340224 37
624915283732492288 13
624915778660270080 1
624916411987554304 37
624916885952458752 0
624917640910209024 37
624920304305831937 126
624920971200339968 64
624921168349237248 11
624922334365921280 64
624924314073219072 1
624925069031153664 125
624925186492661760 0
624926050498314240 37
624926834849812480 1
624927212320477184 37
624928097310109696 1
624929519187685376 29
624929670182494208 0
624930458715820032 37
624931847026438144 1
624933541525200896 37
624933629618192385 76
624933675759566848 1
624933763839950849 1
624934288119697409 37
624935424755171328 92
624935508641214465 0
624935827408224256 15
624935953241649152 125
624936452363788289 45
624936855050522624 92
624937249294168064 125
624937253496819713 92
624938700514799617 11
624940143355375616 0
624940365653487616 11
624941716244721664 0
624942626383470592 0
624942878045765633 11
624942878050029568 11
624943901447692288 76
624943905646190593 7
624943968556482561 37
624944291543171072 15
624944455129370624 15
624945071691988992 16
624946262865940480 77
624947273672228864 11
624947525347377154 76
624948808796012544 87
624949836421464064 23
624950197114773505 92
624950314542575616 0
624951010797207552 37
624951887423340544 126
624953670011088896 64
624954412398739462 1
624954424956481537 69
624954781480681472 11
624954869548453888 119
624955213493968896 0
624955314148913152 13
624956119467839488 0
624956127843713024 1
624956660554035201 119
624957298054692864 15
624957335803269120 126
624957914650923010 0
624958002710364161 0
624958610896859136 119
624958682170851329 0
624958766077730816 0
624959143581880320 37
624960108271902720 87
624960959690502145 37
624961169422336001 119
624961244915744768 119
624961723066380288 37
624962419329224704 64
624962582890151936 28
624962956191625216 0
624963908273508352 119
624963958642847744 0
624964780692901890 92
624965288212049920 64
624965548263129088 67
624967108531589120 119
624967150495621120 92
624967318280531968 76
624967486035914753 0
624968127747592192 87
624968916289220608 125
624970342365270016 15
624970501757247488 131
624972309489696768 76
624972649236721664 126
624973353858658304 87
624973521643397120 76
624973634897997824 119
624974821890347008 64
624975086114721792 11
624975258089619456 119
624975610415329280 37
624975753000689664 85
624976067598508032 76
624976713496203264 119
624978076670099456 37
624978361866170368 126
624979112629669888 37
624979435624599556 76
624979569834127360 37
624980651972825088 127
624980853295190016 127
624981104919842816 0
624981411112570880 37
624981809571311616 37
624982023472586752 16
624982585517551617 14
624984842065711104 119
624985769002827776 69
624985819338678272 69
624986008086556673 45
624986347833421824 0
624987035665858560 37
624987174094548992 14
624987333473910784 1
624987958421102592 37
624988243642163202 37
624988621133615104 131
624989652928307200 57
624990248540487680 37
624990684710223872 37
624992203065069568 37
624992727369916417 48
624993138382389248 69
624993272616878080 125
624993792706285568 127
624995298453155840 76
624995411724517377 37
624996162483847168 119
624996506416844800 37
624996883895857153 13
624997181716590592 87
624997252994482176 125
624998494533582848 0
624999031400464384 125
624999215962284032 119
624999484385296384 76
625000948184690688 125
625001661224886273 37
625001745119358976 0
625001791256719360 11
625002110011084801 87
625002617538760705 76
625003125032808448 13
625004425266892800 37
625005524166127616 11
625007310952374272 45
625007633926193152 37
625008099472965632 76
625008401454661633 37
625008883824619524 37
625008887989559297 76
625010666391273472 76
625011689797226496 37
625012713207562245 87
625012893554061313 48
625012910327095296 37
625013413668851712 94
625014424483561472 37
625014504171008000 67
625015779235237888 37
625016030906068992 76
625016093829144576 28
625017775744942080 37
625018736219557888 126
625019453475004416 14
625019893851754496 37
625021588350439424 37
625022024579051520 28
625022070691340288 76
625022204925870080 11
625022204942659585 28
625022511122530304 37
625022586607521792 45
625022888588881920 87
625025245783695362 77
625026873194643456 76
625027015771471872 76
625028295072063492 76
625029196838891520 37
625029586913357824 45
625029674968686592 1
625029830187319298 11
625030866180268032 11
625031218476617729 87
625031226869608450 37
625031805666639872 85
625032288015794177 17
625032799720972288 0
625033999317106688 76
625034292888899585 119
625034842351214592 37
625035345680273409 11
625035890952278017 67
625036503308107776 37
625036658497454080 127
625037711255146496 11
625037732218277888 85
625038789203918848 92
625038998910705664 85
625039091185414145 37
625041326740877312 16
625042215946072065 37
625043679745605632 37
625046678668640256 11
625047584651014144 94
625047777584611329 28
625047781783285760 1
625047987325128704 17
625048813607096320 77
625049774102724608 28
625050696828588032 87
625051783165947904 76
625052479403659264 94
625053037237633024 67
625054429754974208 87
625054752733294592 37
625056157833428992 23
625060243077263360 92
625061983721816064 76
625062394730053632 0
625062940018872320 0
625064617740476416 11
625065594983837696 11
625065687267024896 14
625066152822185984 76
625067746695360514 37
625068329703608320 119
625069831247630336 127
625070468765253636 76
625071760615063553 37
625071961971032064 11
625072331040362496 76
625072834365231104 11
625072926635765760 37
625074738591858689 1
625075631966003200 77
625078085629706240 37
625079171971035136 28
625080547686117376 37
625080614807429120 37
625082330290335744 0
625083076872310785 87
625083802470227968 37
625086335813033984 37
625087250196336641 0
625091176056627200 11
625092342094123008 119
625094447617814528 126
625094456023224320 126
625095009654734848 76
625095122900758528 76
625095177410093056 76
625095877888184320 76
625095965960196096 76
625096565749755904 23
625096800639135744 85
625096955803234305 37
625097261991743488 127
625098323154710529 11
625098356709281792 76
625098478331527168 28
625098637736079360 37
625098809702416384 12
625098935539888128 119
625099443021418496 37
625099644352233473 127
625099732428423168 76
625100231559000064 76
625100634195279872 14
625101116578131969 76
625101426935644161 92
625102924314746881 76
625103155001458688 119
625103356332244992 37
625103951894069248 37
625104211961872384 37
625104832701972481 76
625105075980140544 76
625105600263815168 37
625105839356047362 37
625107311539978240 85
625108045555589120 37
625108720842752000 11
625108838270824448 10
625110415341699073 126
625110696360067074 127
625110889272717312 119
625111455512297476 37
625112176924102656 37
625112265008635904 37
625112315369771008 127
625112428594925568 1
625112999037046784 37
625113242273218560 76
625113552655896580 125
625114827753549826 76
625115528189730818 76
625115595290353664 37
625115666593415168 127
625116014737510401 76
625116304140312576 119
625117482752282624 37
625117654718636032 87
625118069925371905 76
625118363547774976 85
625118871041785856 45
625119567321407489 69
625120372606767104 76
625120544594137088 87
625120712362082304 48
625121240840318976 76
625121681229619200 11
625122222278090752 76
625122352335077376 125
625123484772003841 1
625123610630340608 87
625124344629342208 11
625124344633556992 11
625125418375340032 0
625126487910391808 125
625128190793678848 76
625128526329610240 125
625128861882261504 37
625129503593996288 76
625130308925542401 11
625130837407698944 76
625131038717554689 76
625131814689107968 37
625132884202909696 76
625133840504332288 127
625134020867788801 76
625134905890967553 125
625136835249876992 11
625136864626896897 76
625137191770042369 127
625137967703683072 11
625138068371017729 76
625138391340974082 11
625138928195080192 37
625138991126306816 126
625140400429273088 76
625141004396589056 37
625143839733346304 76
625144473069187072 76
625145697818574848 37
625146243094679552 37
625146578613829632 76
625147719481470976 85
625148071811256320 9
625148310886584321 37
625148612838735873 78
625151565637095425 119
625151624374161408 37
625152857503698945 127
625155948693299200 85
625156246497157120 87
625158100371271680 76
625160465962790912 37
625160679868084226 4
625162516981641216 87
625163020294049792 76
625163825604485120 1
625165171988652032 7
625167550150610944 37
625167684359995392 126
625168607115386880 11
625168992966053889 11
625169907336876032 119
625170075117486080 11
625171681544417280 37
625172927235801088 126
625174525261385728 37
625176207190061056 11
625176236524834816 85
625177708729774081 11
625178748917272576 14
625178778298417152 11
625179097069563904 37
625179138987429888 92
625179378088067072 131
625180263086059522 7
625181257136242688 77
625181634598273024 37
625183945676619776 48
625184113457242112 92
625188257400107008 11
625190329398923264 7
625190622991781888 23
625191780653273088 119
625192757888446464 37
625192875345768448 15
625194280454356992 0
625194662102331392 15
625195941365157888 37
625196687963746305 37
625196872513138688 126
625198701229666304 37
625199938557706240 126
625202488694603776 11
625202757134323712 11
625203063301668864 125
625203193320898560 0
625207182129102848 67
625210080363999232 11
625212173334224896 85
625214178219962368 15
625214811564044288 76
625215927248793600 126
625216325690851328 1
625217370068398080 37
625217730782842880 28
625218200565886976 37
625218359949422592 1
625221535020613632 76
625223577667645440 1
625223980325208064 1
625227386079023104 1
625227797129117696 87
625228015207849984 85
625229751670566912 11
625229768439377920 11
625230473074053120 11
625231328733208576 37
625231425210421248 85
625232150812454912 85
625232956102156289 11
625235116189741057 11
625236038945009664 69
625236076676804608 11
625238748444274688 37
625239172077481984 12
625239406950096896 37
625239528576565249 11
625240740751249408 37
625241818691686400 11
625244758869417984 0
625244825999138817 126
625245664855748608 37
625247778797682688 76
625248496006905856 11
625249829782818816 64
625251180353032192 67
625251633371308032 125
625251637548810240 37
625252988123262976 37
625253139113865216 11
625254430938660864 11
625255378851205120 11
625255890585677824 14
625260403656818688 119
625261976520949760 125
625263083817046016 76
625265285814185984 5
625267345221484544 87
625270033783103488 37
625270058936201216 1
625271522723237888 13
625271707272613888 48
625272143484485632 37
625275012417724416 37
625277491226087425 87
625278573360885760 28
625279760369885184 65
625279991048183808 1
625280460801843201 85
625283447158747136 37
625285292661055488 11
625285829506822148 126
625288782321950720 92
625288849405689856 37
625288887167008768 63
625290745235283968 85
625290782967267328 57
625290858481319936 64
625290900407775232 0
625293580588986368 87
625293949704491008 0
625293953894518785 45
625294830499987456 64
625295375746727936 11
625296160102617088 48
625296436897402880 50
625297057650208768 48
625297921681059840 126
625298966071128064 126
625300304045703168 37
625301767878787073 64
625303760164655104 1
625303953098567680 37
625304678704783360 14
625307375658905600 11
625308009011519488 37
625309061781663744 11
625309212738981888 127
625309372130922496 14
625310143903854592 127
625311108572823552 127
625313390299234304 76
625313398658568192 76
625313398691987456 76
625313402882277376 76
625313407042985984 76
625313407051427840 76
625313411245690880 76
625313411262476288 76
625313415435825153 76
625313415440039937 76
625313415460978689 76
625313423857975296 76
625313428018757632 76
625313428035473409 76
625313436411502592 76
625313440610021376 76
625313444791775232 76
625313444800122880 76
625313444804304896 76
625313444825333760 76
625313444829491200 76
625313444829503488 76
625313448994279424 76
625313449019613189 76
625313453197127681 76
625313453197144064 76
625313453205536768 76
625313457395625984 76
625313457395630080 76
625313465792602112 76
625313469965991936 76
625313469974323201 76
625313469974335488 76
625313474168659968 76
625313474181083136 76
625313474185428992 76
625313482565681152 76
625313490954264577 76
625313495131754496 76
625313499347058688 76
625313507714691072 76
625313507714711552 76
625313507735662592 76
625313511925784577 76
625313520293384192 76
625313541298487297 76
625313549666025476 76
625313562265808896 76
625313566447542272 76
625313574815145984 76
625313579017736192 76
625313579026264064 76
625313583216377856 76
625313587402182656 76
625313587402285056 76
625313587406442496 76
625313587414761472 76
625313599993462784 76
625313600010260480 76
625313600014565376 76
625313612584910848 76
625313616791760896 76
625313616795971588 76
625313641936478208 76
625313646143389697 76
625313696458383361 76
625313755208007680 76
625313771976847360 76
625313801341022209 76
625313855833538560 76
625313906173583360 76
625313952315088896 76
625313981666869248 76
625313985881989120 76
625314032002596864 76
625314040412303360 76
625314069743054848 76
625314086545260544 76
625314145274101760 76
625314157823397888 76
625314166220423170 76
625314237548744704 76
625314354959908864 76
625314388510019584 76
625314682119815168 76
625314698901061633 76
625314749224513536 76
625314757625675776 7
625314761803051008 76
625314770200199168 76
625314782799724544 76
625314799572815872 76
625314803771408384 76
625314887632171008 76
625314933782220800 76
625314937968181248 76
625314950551052288 76
625314967349272576 76
625314967357624320 76
625315038635520004 48
625315055412903936 76
625315055442137088 76
625315084789805057 76
625315088996638720 76
625315114145685505 76
625315139328344064 76
625315223180832768 76
625315227375136768 76
625315294488080384 76
625315302885081088 76
625315332236967936 76
625315445487337472 76
625315617441218560 76
625316162738503680 76
625316242400768001 76
625316250789396480 76
625316301146300416 127
625316418586845185 76
625316460508934144 76
625316552804593664 76
625316565374775296 85
625316770887249921 76
625316838008881152 76
625316988986990593 45
625317043533799424 76
625317152564752384 76
625317169333673984 76
625317395842887680 76
625317421016985600 76
625317559429148672 76
625317584599150592 76
625317748181213184 76
625317802711351296 76
625317945317662721 76
625318092118327296 76
625318108882821120 76
625318423464120321 48
625318457001791488 76
625318733813313536 76
625318993868386304 76
625319132293132288 76
625319262316441600 127
625319568492392448 76
625319597835702272 76
625319920834756609 28
625320394753470464 76
625320482854670336 76
625320491260186624 76
625320516426039296 37
625320608683978752 76
625320671581720576 76
625320990361260033 125
625321233647824896 76
625321250408300545 76
625321271388049408 76
625321938274156544 76
625322387056128000 76
625322529662472192 76
625322634528620544 76
625322789709418496 76
625323330774675456 76
625323372709302272 14
625323574073643009 76
625323972532408322 37
625323976693272576 76
625324769425141760 76
625324878485409792 76
625325251770085376 76
625325390194540544 126
625325486642565120 76
625325515998666752 76
625325901903982592 76
625326107420684289 37
625326510057082881 76
625326623303315458 126
625326807873531904 76
625326933677613056 76
625327185344262144 11
625327223084597248 76
625327424440528897 37
625327478966460416 76
625327520884391936 76
625327550269538304 76
625327671883509760 76
625328099710926848 76
625328108112117761 37
625328758199693312 76
625328938567360512 76
625329102128607232 76
625329118922543108 76
625329144084107266 37
625329412507086848 37
625329508980273152 76
625330029086547968 85
625330050079064064 37
625330104579682304 37
625330599524483072 76
625331086046965760 37
625331270587916288 37
625331362862637056 76
625331505464782848 127
625331652269445120 76
625331790689861632 76
625332210112024576 76
625332486957101057 76
625332562433589249 76
625332616955301888 76
625333032208199680 76
625333111899852800 76
625333204170338305 64
625333250311987200 76
625333497775935488 76
625333690734764032 76
625334303103303680 76
625334378588209152 76
625334521198612483 64
625334785427148802 119
625334789609013248 57
625334818994139136 92
625335188101447680 76
625335209060229121 76
625335246817329152 37
625335318087081986 13
625335414556131328 76
625335418767167488 28
625335687210889216 76
625335733323108353 76
625336068888489985 76
625336165370040320 92
625336521881743360 76
625336677041614848 76
625336857430216704 76
625336886773587968 37
625336890980483073 76
625336924513902592 125
625337339754098688 76
625337369122619394 76
625337406867308544 64
625338434480017408 76
625338719701053440 76
625338887469178880 76
625339600505020421 76
625339613071179776 76
625339793409507329 76
625340170909425664 76
625340246402723840 76
625341957695520768 76
625342331001028608 76
625342477801795584 14
625342528133447680 37
625342930778075136 76
625342972729651200 76
625343056611512321 37
625343119513358337 76
625343161452396545 37
625343438297272320 76
625343505393709061 76
625343811586236417 76
625344214218379264 37
625344679786078208 76
625345048910168064 76
625345459926773761 76
625345476716408832 37
625345560581681153 13
625345665435049984 76
625345669633413120 76
625345854199726080 76
625346776934051840 76
625346936321777665 28
625346999227957248 127
625347435435552768 76
625347716466503680 76
625348085573636096 76
625348223981359104 76
625348941194903552 76
625349117376598016 37
625349276751765504 76
625349431957655552 11
625349520004673536 76
625349671016267776 87
625349683599306752 76
625349700368093188 76
625349985589026816 87
625350245648433152 76
625350631503495168 11
625350988040400896 76
625351382288109569 37
625351432624054273 69
625351436797263872 37
625352154052608000 76
625352330217521152 76
625352401503936513 76
625352510551785476 64
625353672373878784 11
625353760445825024 76
625353894676328448 76
625354431543025664 76
625354486085734402 85
625354548987699200 76
625354867763232768 76
625354926462349312 119
625355001972531200 76
625355413014319104 76
625355442374340608 76
625355572385153024 76
625355643721924608 87
625355740157448193 76
625356184766189568 85
625357430482821120 92
625358692976824320 76
625361029179047936 76
625361842903379968 76
625361876420050944 76
625362132289363968 126
625362639816945665 76
625362677548871680 7
625362899834413056 76
625363487057809408 76
625363587700146176 37
625363705136414720 76
625363772253671424 37
625364032304848896 76
625364997019799553 48
625365013780373504 0
625365118625415168 76
625365579994689536 76
625365991061479425 76
625368096572751872 1
625368167901200385 76
625368180483993600 76
625368616695894016 76
625368864168148992 37
625369229068517376 64
625370109863923712 87
625370185373908996 87
625371426867007488 0
625371795961413632 76
625371984722010112 76
625372567734390784 0
625372974581985280 76
625373712758538241 76
625373867964395520 125
625373943441002496 76
625374358685376513 76
625374618753347584 85
625375071717031936 1
625375243696254976 76
625376057374412800 76
625378238425092097 76
625378372621697024 76
625378515253243909 76
625378817226485760 76
625379844826755073 125
625380046157426689 37
625380578859225088 76
625381040194846720 76
625381468034838528 76
625382348838690816 76
625382952831184897 0
625383259015245824 76
625384542438731776 76
625386404709732352 76
625386476012879872 11
625386786424918016 37
625386895481028610 76
625387059021283328 76
625387486861242370 85
625387537180327936 45
625387616880300032 76
625387633640873984 76
625388128577134592 37
625388426368524297 76
625388476725362692 37
625388501895352320 37
625388715783753728 37
625389147809820672 76
625389277841522688 37
625389609195827200 48
625389852431921152 37
625389961508859904 37
625390745831108608 37
625391333025316864 37
625392041858498560 76
625392138340147200 57
625392444545335297 76
625393161767124992 37
625393312728420352 76
625393895749193728 87
625394948507103233 37
625395309217193984 76
625395875456528384 15
625396257138307072 76
625396684965568512 92
625396819170701312 67
625397288953868288 37
625399004403236866 76
625399126038085634 76
625399214114127873 37
625399230912425984 23
625399398680281088 76
625399407081619456 1
625400153676103680 76
625400426272133120 48
625400656984195072 37
625400791210266624 76
625400942196883456 37
625401223190040577 76
625402179503796225 69
625403332937523200 127
625403366512951296 1
625403655911555072 76
625404092119183360 37
625404415076380674 76
625404482168328193 28
625404792567898116 37
625404960323301376 76
625406126364979200 76
625406344443658240 76
625407183312789504 67
625407581767516164 13
625407753754800128 9
625408068294209536 37
625408454170165248 76
625408793925525504 76
625409314010742784 76
625409859266215936 76
625410442278506496 76
625412531058835456 76
625412891760574464 7
625413306984079365 76
625413428623110144 76
625414217177374724 76
625414770825523200 76
625416368825827329 37
625416456902041600 76
625416528201027584 67
625416935048478720 37
625417056708460544 37
625417593579397121 76
625417778128928768 76
625418067523153921 37
625418709243445248 125
625418830890676225 37
625418864453681152 37
625418948322832384 131
625419107731701765 76
625420458289049600 76
625420475070607360 76
