314766857880092672 45
314767025664831488 34
314779726000558080 190
314784037757648896 183
314784113250942976 190
314784767558164480 12
314794573853499393 1
314799787381772288 15
314808134038327296 100
314808649946132480 1
314811535610499072 6
314813238493736960 190
314813406249119745 190
314818242310987776 18
314819383136505856 26
314823204164227072 183
314825511010447360 45
314825544577470465 100
314828262478082048 208
314831005565456384 190
314837183762677761 6
314846398669524992 80
314847719866920961 6
314848911053434880 268
314848965579382785 177
314850546811035648 18
314853881320443905 183
314855890383687681 22
314856653738631168 4
314857400337326080 208
314858474074931201 268
314861011612073984 4
314863192645959680 26
314864140588048386 100
314865159791341569 34
314868481684283392 14
314869668651347968 18
314871258288386049 100
314880494175154176 208
314881882468794370 18
314883295940849664 26
314887179870539776 1
314893471347527680 196
314899465012121600 26
314900794593906688 14
314904967918006273 10
314905525747855360 208
314913100690231297 1
314915436888219648 14
314916867150073856 183
314925163479199744 100
314934491632238593 190
314937897407094785 100
314946025972441088 1
314952720090005506 102
314953428902227968 102
314955744174804992 70
314959758119550976 6
314962123707002880 8
314967400145645568 70
314968188653821952 190
314971091145723904 1
314977768439959552 1
314978527625748480 196
314980251505659906 196
314984114430304256 1
314986190602379264 18
314986610066329600 196
314989885784199169 1
314993736193040386 6
314996944802025472 190
315000170230210560 183
315002644886343680 100
315007841612214272 308
315012522472243201 34
315019665350991872 45
315020286128971777 10
315029131911888896 5
315033296830607361 5
315034416743325697 5
315035347866238976 5
315035662439022593 5
315035922469122048 5
315037319197515776 5
315037545681526784 5
315037721825533952 5
315037734433599488 5
315037973504729088 5
315038069956956160 26
315038141272698881 5
315038409703960576 5
315038409716535297 5
315038447473676288 5
315038678156201984 5
315039525372047360 5
315039735099846656 5
315039814816780288 5
315040490095517697 5
315040594936332288 5
315040850788876288 5
315041031164944384 26
315041089847427072 5
315041433813938176 10
315041563816386561 5
315041647702450176 5
315042234913406976 5
315042310427664384 5
315042385891557376 5
315042574643630081 5
315042624971083776 5
315042692096741376 5
315042763387322368 5
315042859881488384 5
315043124097462273 26
315043388330242048 5
315043505791717377 5
315043560317652992 5
315043799367839744 5
315044353045303296 5
315044403364388864 5
315044525015961601 5
315044625662484480 5
315044936057753600 5
315045028303077376 5
315045091226030080 5
315045410005725184 5
315045535830650880 5
315045762323083264 5
315046190142074881 5
315046236266831872 5
315046274032357376 5
315046362121117697 5
315046966071549953 70
315047226143547393 5
315047381324419072 5
315047872066379776 5
315047914009415680 5
315048505410465792 5
315048606052794368 5
315049180659867648 5
315049826620416000 5
315050032111964160 5
315050044686491649 5
315050090828013571 5
315050283791183872 5
315050598368149505 70
315050929705598976 5
315051227509579776 182
315051294601658368 182
315051302998659072 5
315051407856263168 5
315051684667723776 5
315051802133417984 5
315052024427339776 5
315052695503384576 5
315052854907920384 5
315053014262108160 5
315053018456403968 5
315053064610525184 5
315053135905312769 5
315053240754511873 5
315053299478978561 5
315053337215119360 5
315054188679811072 5
315054490673897472 5
315054671033151488 5
315054851396603904 18
315055358869659648 5
315055874802585600 5
315057623798009856 5
315057875460435968 5
315058185868288000 5
315058416538230784 5
315058789822902272 5
315059343487807490 5
315059347686313984 5
315060136207069184 5
315060161360302082 5
315060589196111872 5
315060870222839809 5
315061318996598784 5
315061650350813184 5
315062208168095744 5
315062220755177472 5
315062585663844352 5
315062967349682176 5
315063210636095488 5
315063462264975360 5
315063512613400576 5
315064045298388992 5
315064468914728961 5
315064586372009984 5
315064909329215489 5
315065140007546880 5
315066104689078272 5
315066301808783360 5
315066452824690688 5
315066817708163072 5
315066884825432064 5
315067006451859456 5
315067073577508865 190
315067493028868096 5
315067543331164160 5
315067753050558464 5
315068185084841985 5
315068856144130048 5
315068973597212672 5
315069258814087168 5
315069707604606977 5
315069825049321473 5
315069871178276865 18
315071070736621568 5
315071263703986176 5
315071880254062594 5
315072396166053888 5
315072425530388481 5
315072576512724993 5
315072803000942592 5
315073105007616003 22
315073138541088770 190
315073163719495680 1
315074170323079169 5
315074191319760897 5
315074593956184064 5
315074656891703296 5
315074665288724481 5
315074791084285952 5
315074841411723264 5
315076527534514176 5
315076795961597952 5
315076963763113984 5
315076976316645376 5
315077207011762177 5
315077668372631554 5
315077781635600384 5
315077819388542977 5
315077974581972995 5
315078012305547264 5
315078146531684352 5
315078389818064897 5
315078419178192897 5
315078691820535809 5
315079128028160000 4
315079140611084289 5
315079316734095360 5
315079383863930880 5
315079383872331777 5
315079555813634048 5
315079631344635905 5
315079723581591553 1
315080101089927168 5
315080163983511552 5
315080247894757376 5
315080700879581186 5
315080809944064000 5
315081028035305472 5
315081107718696960 5
315081162244632576 5
315081199989182464 5
315082013696737282 5
315082554757771264 5
315082886111981569 5
315082898699075585 5
315084018557280257 5
315084354097397760 5
315085583028477953 5
315086090547650561 3
315086585479720960 5
315086853910982656 5
315086908432736256 364
315087072006397952 124
315087147520651268 5
315087592121065472 5
315087810212282368 5
315088418403135488 5
315088636498554880 5
315089584407056385 5
315089768952246273 5
315089911583748096 5
315089970299797504 208
315090045780500480 5
315090301637238784 5
315090742051753986 5
315090804970487808 5
315090863657189378 5
315091014673125376 5
315091165659664384 5
315091404730814464 172
315091757060734977 5
315092000338751490 5
315092298134323200 5
315092335874686976 5
315092386185351169 18
315092524609986561 5
315092637860372480 5
315092675630084096 18
315093682254655488 5
315093736772235264 5
315093904552775680 5
315094923764445186 5
315094944740155392 5
315095179621195776 5
315095267697389568 5
315095347389153280 5
315095548724146176 5
315095603229097985 5
315095934566551553 5
315096232366313472 5
315096257544744960 5
315096874099015681 5
315097301918035969 5
315097541001768960 5
315097650053648384 5
315097733943947264 5
315098153357541376 5
315099113878331392 5
315099151622868993 5
315100326019600386 18
315100640579829760 5
315100753859575809 5
315101672382803968 5
315102322495733760 5
315102850994798592 5
315103010386751489 5
315103270416834561 5
315103794704838656 5
315103886996287489 5
315103945716551681 5
315104243516334080 5
315104465797672960 5
315104482562306049 5
315104755208826881 5
315104767774978048 5
315104960729731073 5
315105518559563777 5
315105677934747648 5
315106319671640064 5
315106990781259776 5
315107003334791168 5
315107234021511168 5
315107536049143810 5
315108890788380672 5
315109079527849985 5
315109264094031874 5
315109872255520768 5
315110241350066176 5
315110878871707648 5
315111772266827776 124
315111868765175809 18
315113454212096000 5
315113865245507584 5
315113953300738050 5
315114628583653376 5
315114674750386178 5
315114787963023360 5
315115526164725760 34
315115735900901377 16
315115773624471552 16
315116780274196480 5
315117061300948992 5
315117665284927490 177
315118042755522562 34
315118365737893888 5
315118625755394048 5
315118739026747392 16
315118915187527680 16
315118986473926656 5
315119259120439297 16
315119766614454273 16
315120286733332481 5
315120609665372160 5
315120840360488960 5
315121394021187585 16
315121578557992960 5
315121758896267264 5
315121872167649280 5
315122140582137858 5
315122258035216384 16
315122291581280259 5
315122820080357376 16
315122987865100288 5
315123239498178560 16
315123398881705985 5
315123428262817792 5
315123533091057665 5
315123566679031808 16
315123776360689665 16
315123788956176384 16
315124657172914176 16
315124871082418176 5
315124971733123074 5
315124992742420482 16
315125294711316480 16
315125403784212480 5
315125772870369281 5
315125793820905474 5
315125806412226560 5
315125986763083777 16
315126171320868865 5
315126687232847873 10
315126951444619268 16
315127215698358272 16
315127463166476288 16
315128536891527170 5
315128872444239872 16
315128943764193281 5
315129124106682368 5
315129279295942656 5
315129308677042176 16
315129862320963587 16
315129925227122689 16
315130072023568385 5
315130164294086656 5
315130231415508993 16
315130357240451072 16
315130499850973185 17
315131091247833088 13
315131137368408064 16
315131233854177281 5
315131389047615489 5
315132336968724480 16
315133033223176192 5
315133477798440961 5
315133725249765376 5
315133737866260481 5
315134782243745792 5
315135000334958592 16
315135822418554880 16
315135868555902976 5
315136023753523202 16
315136166364065793 5
315136183107739648 5
315136346706546688 16
315137156219822080 16
315137240072327168 226
315137382712238080 5
315137944723800064 16
315138288665112578 5
315138359968284672 16
315138473218670592 5
315138838135721985 5
315138880066179074 16
315138896835014657 16
315139085566083072 4
315139505025847297 5
315140138365747202 16
315140205445267458 5
315140423553269760 16
315141090451795968 3
315141132394823680 16
315141241476104192 364
315141577020424192 16
315141585379655680 5
315141740598272000 16
315142822728712192 208
315143166623899648 5
315143296672464897 16
315143518970597376 16
315143527338221568 208
315143929999806465 5
315143942607884289 5
315144768864788480 5
315144978567409665 5
315144986968588288 5
315145196671213568 16
315145305723125761 16
315145532219723776 5
315146186547949568 5
315146647925579776 5
315146698240454656 1
315146803123208192 5
315147109273858048 5
315147168023453697 5
315147243516751872 16
315147587449663489 16
315147830710915072 5
315148434694864896 16
315149466468487168 5
315149634244849664 5
315149818815184896 1
315149885932441601 5
315150028509429760 6
315151999836491778 5
315152075338178563 208
315152406709166082 5
315152448635424768 5
315152503161356290 16
315153207804428288 100
315154264790024192 16
315154671608147969 18
315155074282303488 5
315155183330025472 45
315155363697659904 16
315155401429630976 5
315155585983201280 1
315155783102898177 5
315155866993164288 5
315156324184895488 5
315157335016357888 5
315157435654483968 5
315157825724768256 16
315158131929907201 16
315159235031867392 5
315160099066896384 1
315161239900790784 70
315161848079081472 5
315162288472588288 5
315162330398871554 16
315162456227987456 5
315163035067092992 16
315163915870945280 5
315164280771182593 5
315164347875880961 8
315164796670595073 5
315167069970767872 5
315167397122297857 5
315167560700162048 5
315168126960533504 16
315168810619506688 100
315169464922562562 5
315169737577492480 16
315170207339528192 5
315170282828599297 16
315170295382171648 1
315170618347753472 5
315170995860291584 5
315171151045328896 16
315171436241244161 16
315172610650562561 16
315173214626140160 5
315173600506306561 16
315173910884798464 16
315175362118160385 16
315175458582982658 5
315176255513321473 5
315176498787147776 16
315176553321488385 18
315176750416031745 5
315177522205716480 5
315178960814223360 5
315181095719149568 16
315181531956117504 1
315181682917523456 5
315182593110851584 5
315182819582296065 5
315184002405376000 26
315184052703477760 208
315184698622087168 5
315185831100952576 5
315185990488694784 5
315186250543939584 5
315186837746491392 12
315186862903930880 5
315189576631201792 16
315190298051481604 5
315191371797508096 5
315191547937296385 5
315193250841513984 45
315194538463469568 16
315194626539659264 5
315195054396436480 70
315195243127517184 18
315195817742987264 12
315196719522512896 5
315196841140555776 5
315197168317263872 100
315197466087677952 5
315197487080173568 5
315197587722493952 208
315198946681176065 5
315200301445545984 5
315200582455537664 16
315200817344958464 5
315204361527652352 5
315205158474768384 26
315205749854834688 5
315207314309271552 16
315207733739655169 5
315208627159977987 5
315208648123101184 183
315209906422706176 5
315210120332206080 5
315212251021844480 4
315214444638638080 5
315214872445083648 5
315215036043894785 18
315217263210942464 5
315217540043378689 5
315217640698281984 161
315219817537871872 5
315220354417172480 5
315220589285609472 16
315220689953124352 5
315221478490656768 5
315221751141396480 5
315221839184011265 5
315223521104101376 5
315228722041061377 1
315231628718919681 5
315231926489325569 190
315232446587228163 16
315232727597195265 5
315233163838377984 18
315235030278492163 100
315235328082448384 5
315235672011190275 5
315235797844516864 18
315237337166643200 5
315237370729492481 5
315237790147305472 5
315237903372529665 16
315238431871606784 5
315239379771723776 5
315239945994387457 5
315241145582096385 5
315243364377313280 5
315243930620948480 5
315244584923979777 16
315244765283229697 16
315245029507620865 196
315247252509687808 196
315248573711261696 208
315248858902953984 16
315249051840942080 5
315249689400320002 5
315250054283792384 196
315250733752676355 5
315251488752562177 5
315252684116590592 16
315252931580551168 5
315253791412846593 190
315254105973067776 70
315255360074170368 5
315258472268701696 5
315260166763315201 5
315262863709184000 16
315263396348051456 268
315263878726553600 5
315264998605746176 16
315266344956354560 364
315266365936238592 5
315266919601168384 5
315270400860880896 18
315271491375755264 14
315273244599009281 5
315273957618089985 5
315274435756179457 5
315275018785398785 196
315275559846440962 208
315280349737390082 5
315280634937495553 16
315280915985223681 161
315281071145099265 5
315282224616464388 16
315283889750949889 16
315284359504605186 5
315291124925337601 5
315295856096071681 208
315296153895854082 16
315299463184916480 5
315303502316441601 226
315304391479525376 5
315304789934215168 5
315306211807481857 5
315307709203353600 4
315308434788610048 16
315313946104053761 5
315314927566995456 19
315318199149268992 5
315321974006087680 17
315322326336016384 5
315324217971318786 226
315334267511115776 5
315335160910454784 226
315335869764599808 364
315338348594098179 26
315342983279046656 5
315344644231798784 100
315344874910130176 5
315351950709374976 5
315352403690012672 5
315353246753488897 5
315356442808954880 5
315356493123821569 5
315359219450798080 5
315359508845166592 104
315363476669349889 18
315364525220171776 16
315369654858170368 5
315371252913160193 5
315374033711546368 5
315377565328093184 16
315381235335704576 5
315381344400195585 5
315382686560681984 5
315382820786814976 5
315386847297667072 183
315387677790842880 5
315392975213584385 16
315393226846662656 18
315393507865026560 18
315393927316402177 16
315394183152148480 5
315394640339685377 5
315396519396249601 5
315398562013929472 16
315400042615824384 16
315400046772371456 16
315400197775704064 16
315400516572168192 16
315401867112886275 16
315404325000208384 4
315404719239622656 5
315405482598748161 5
315407470707228673 16
315408536064638976 5
315409597219348480 5
315410612257705984 5
315414387114512386 364
315414517125349376 18
315414584259379200 18
315417109226205184 5
315417851622223872 5
315418904400912384 16
315418908570050560 18
315419168616878080 5
315423153193111552 5
315423593607614464 16
315425703338328064 5
315427045540757505 364
315427636912459776 1
315428781965836289 5
315429528539389952 5
315430380012445697 5
315430732317224960 5
315431671862263809 16
315433206939787265 5
315433693500043264 1
315434750443651072 16
315437464187719682 100
315439380963680256 183
315441524278173698 16
315444565123411968 5
315446158971510784 5
315448637817765888 16
315449069818499072 5
315449610879516672 183
315450621723541504 196
315450776896016384 17
315451720618622980 5
315451917759287296 34
315453654188584962 17
315455587762712577 16
315455642271879168 16
315456279810306048 16
315458242740363264 5
315458494423769088 17
315458553127260160 17
315458750255337472 17
315461732434837504 17
315462822937124866 5
315463070413635584 196
315463754076798976 268
315463791838105600 5
315466543272169472 226
315467617039163394 5
315468783055671296 5
315469156344541185 17
315469361865449473 34
315470829867630593 16
315471555473846273 228
315472176247615488 5
315472952202248194 16
315473023476056064 5
315476945162891264 19
315477049999503362 5
315479201690042368 16
315479298179989505 364
315479512085299200 5
315481475006992386 4
315486982111371266 22
315490996064514048 16
315491075789824000 45
315491931415277568 1
315492673794494465 226
315493248405741568 80
315493521052291074 1
315493596553957376 16
315494397653446656 5
315494548635795456 5
315495932768702464 23
315500710101938176 16
315503432201031680 16
315505839710539776 16
315507211264737282 16
315509484581695489 18
315513028756004864 16
315513540448493571 5
315514500969271297 5
315514689717153792 17
315518967903051777 4
315523120259796993 5
315525682966962177 5
315527130010247168 10
315527952077029376 5
315529768206491651 16
315530242196393984 208
315531978625646592 45
315537825485422592 16
315542586012090370 16
315543412298350592 16
315543731061272576 16
315543835906289665 16
315544716739497984 196
315547283640950784 5
315549343044235264 9
315551528259833856 16
315553667371630592 16
315553692524883968 16
315554103579250689 16
315556313981657090 16
315556808884363264 16
315557698097790976 16
315558134288642048 5
315559052870578176 1
315559459713855488 196
315561376502382592 17
315562060161372160 3
315564723565379584 26
315565340107079681 5
315566007026593792 16
315567642788380675 124
315571249873031168 5
315576459207000065 16
315576924766343168 268
315577050603868162 366
315577516175785984 226
315579693006999552 17
315580460589785088 268
315581060387835904 16
315582423507283968 5
315582805197332480 16
315583115592613890 196
315585107866050561 3
315585971905261568 3
315586739437719554 16
315587737686253569 3
315589058900418560 70
315589151166705665 3
315589595758743552 5
315590631768592384 5
315592175259906048 5
315593819431243776 16
315594335360016386 3
315603692827066368 3
315605949387776000 5
315610001085444097 196
315617026540437505 26
315618163163271168 3
315618960110395392 3
315619329179799553 3
315620054794371072 5
315621552165101571 6
315621552190259200 6
315621560570490880 1
315623305384189952 3
315623473173102593 3
315623846449410048 3
315625058632609792 5
315629311635890176 3
315635271750258688 196
315640099406766080 100
315651092660760577 16
315657023419215875 1
315657602228969472 18
315658638226235393 190
315660877971988480 18
315661863616667648 19
315664917082550272 3
315665269429256192 7
315666414461665281 3
315667257520967680 19
315669358842109953 226
315670428414799873 16
315671095300726784 183
315671246299869184 22
315674463339429890 16
315675805495730176 104
315679056102309888 268
315683065827561472 196
315683741110530048 124
315684261220982785 18
315699662688493568 58
315699964682567681 5
315703177540403200 196
315713608778653696 226
315716427355144192 5
315717018718457858 190
315718704853827584 12
315719266861187072 5
315719581438197761 5
315722307765157889 16
315727101842046979 196
315732042727976960 5
315732483134083072 5
315735083594158080 208
315735142339592194 208
315735792444125184 260
315735796646817792 208
315742230675607553 8
315742318768553984 5
315746890555736064 5
315748236948279297 260
315750950646185985 260
315751428801048576 5
315752724836798464 260
315752750002601984 260
315752938758864896 196
315757514723581953 260
315758756258533376 260
315762736636243968 364
315763244168003585 4
315763906851250176 228
315764255003652096 16
315767920787587072 260
315768558326005761 226
315770617754443776 3
315778691798028288 4
315781464232980480 260
315781837509255170 260
315783074824716290 16
315784937087328256 196
315787604656287744 260
315787868897431553 260
315791207601168384 260
315793103388815360 16
315793313141760000 161
315797503234670592 18
315799101247733760 5
315799445197434880 260
315805946356043778 260
315807179481432064 5
315807275971395585 260
315807405969649664 260
315807674400911362 260
315807842189836288 260
315808093869068288 16
315808223863111680 5
315812074234200066 260
315813022151102464 45
315816339845570560 1
315818579624882177 260
315818768364347392 16
315819565252755456 260
315819707892629505 260
315824892052393984 260
315825529578221568 260
315825558938345472 16
315827354087862273 260
315827517690875905 196
315828348146286592 5
315829614826123265 208
315830394954067970 190
315834861908807680 16
315835486834925569 260
315837416218951681 260
315838020202950656 183
315838171189489665 16
315843812549337089 260
315849281913364480 260
315851530068709377 16
315852394103705600 5
315853023240912896 5
315853224542343169 260
315855330091356160 260
315859931247042561 260
315860329693327361 260
315860472299671552 16
315861474742509568 260
315862422663598080 5
315869511049940992 196
315874229629378560 260
315875924149145601 260
315876125463175168 183
315876138033504257 16
315879124394725377 183
315879464129155072 260
315879489303359488 260
315879963238735872 226
315882207195582465 196
315884652470607872 196
315885591994707969 365
315889744359854080 260
315890604217352192 260
315892059632443393 260
315892453901230081 100
315892948824887296 260
315897495433646080 5
315898938278420481 5
315901207401086978 260
315902029476294656 260
315903988203679745 45
315904403469123584 196
315906676756717568 5
315907826000203777 260
315908006376271873 124
315908211905531905 3
315908731999248384 196
315909440824033280 16
315910682338021377 260
315912158737203200 16
315914935366471680 196
315915887469293568 226
315916516610691073 70
315917103821639680 196
315918836069195776 3
315919087719026688 260
315919909811019776 260
315921134543577089 18
315922174714183680 260
315923277824532481 260
315925144273035264 16
315926343864946688 3
315927044305342465 3
315927245627740161 3
315927367287709696 3
315928516501831680 3
315930907250946050 5
315931171525623808 3
315938188558471169 18
315939828543926272 16
315941657268862976 5
315949387350175744 18
315950066831601664 18
315951195132948480 183
315954294698409984 124
315955712373170177 12
315960804283396097 80
315961655693553664 5
315962414866784256 226
315962427449683968 308
315963794784403456 100
315964793041350658 34
315968777642725377 5
315969482277412865 8
315970430185910273 45
315971558453686272 18
315972175024750592 102
315973013877170176 18
315973060022915072 3
315977002647691266 16
315977032028794882 5
315977212400660480 18
315978206429732864 183
315980790108413953 3
315981939381252096 4
315982509806583808 124
315986544701882369 268
315990743191789569 268
316014919164235780 196
316016651407618049 102
316024519947059203 196
316030375195455488 208
316035668402909185 26
316055427781636096 3
316057856279449600 45
316059227808493569 5
316063266898071553 5
316066119037358080 183
316067016622608384 196
316069583557652480 3
316070963466883072 5
316071936553795584 4
316076822922141696 196
316076890005856256 3
316078282527346688 196
316082279678087168 1
316086121664761856 5
316090093699993600 196
316093545582825472 5
316097907667378179 4
316101820944625665 4
316102106169896960 4
316102282330664960 18
316114034791428096 1
316118052930478080 4
316120997302525952 16
316135790621118464 3
316145961820905472 16
316156749545607168 26
316158880277200896 16
316160268570877952 308
316163003252891648 178
316163775042551808 45
316165310145245185 18
316171261871022081 364
316171777774608384 3
316171857445388288 4
316179184915460097 196
316183337276416002 9
316186378146820096 196
316187732873469952 34
316190018785931264 34
316191772021772288 18
316192929628708865 17
316193659437596672 183
316197451096784898 15
316200764605333504 100
316202610090708992 3
316203520246296576 3
316203948077891584 3
316205760025612288 226
316207311892905985 70
316208452756189186 18
316211371995959297 1
316212303135649793 161
316212441514127362 183
316212923896823808 1
316218481332846593 364
316220482011668480 3
316223485129142272 100
316223652926464000 3
316225225773703168 183
316230208585871361 175
316233186571063296 80
316233727640489985 183
316239926817607683 18
316242812486184961 3
316243210953424896 3
316243596833591296 3
316245400384331776 3
316245652013187072 3
316245681390116864 3
316245685596979200 3
316246021132931072 3
316246683816173568 3
316246683845550080 3
316247610761547777 3
316247686259040257 18
316248562872770561 3
316248583844290560 4
316248625791500288 3
316249301070249984 196
316249779216728064 3
316250349667225600 16
316250794242478081 3
316251511485251584 3
316252283207835650 3
316252937536036864 190
316254678172196864 3
316255059862241280 3
316255231841275905 3
316255697375490048 3
316255961620819969 3
316256058094018560 3
316256548823384064 3
316257211552776192 161
316257509344153601 3
316257916158111744 3
316258188796235776 124
316258633421844480 3
316258780209897473 3
316258788577517568 3
316259111559897088 3
316259241574924288 3
316259782627577856 3
316260038501093376 190
316260252402216960 3
316260323717959680 3
316260801839263747 3
316262689305411584 3
316264065020338178 3
316265440743673856 196
316266778751807489 3
316267420463538178 3
316267726647726080 34
316267915378827264 3
316268875899609089 3
316269282742923267 3
316269303693463552 3
316269437940539393 3
316269446303989760 4
316269718967287808 3
316269840597909504 3
316270033506553858 3
316270960460316672 3
316271040139497472 3
316272424276598785 3
316272642359427072 3
316272910803279872 3
316273607070326784 190
316274907300392960 16
316274928280301570 3
316274945061683200 365
316275649700577280 3
316277465817427969 3
316277654577885185 3
316278149509963777 3
316279357469491202 3
316279395197259777 3
316282410918633472 3
316286072546013186 190
316288186454249473 3
316290161971453952 3
316292485615869953 3
316295354524004352 3
316298357649833984 45
316299196527431680 3
316299477533208576 3
316300823888027648 3
316301742461550592 3
316302606484004864 226
316302849766199296 196
316309367723016192 161
316309652935700480 3
316310051369402368 3
316310684709298177 208
316310948950450176 196
316311515185684481 3
316311922028982272 3
316317261390557185 4
316317286564761601 3
316318121201905664 3
316321875108192257 208
316322634281394176 3
316327898153877504 3
316328929952681984 3
316329852678586368 3
316330645393653761 3
316332008567627776 3
316334441234591745 3
316336106385854464 26
316337645712195585 70
316337784120033280 3
316339788993163264 196
316341449933328385 3
316344205603655680 1
316344838947737600 3
316350111166906368 308
316351222644867072 226
316353311441842177 364
316355022709481473 18
316358839505149952 18
316359170876125184 18
316359862915325952 226
316360026505760768 34
316364208243617792 190
316373855142817792 18
316375708991639552 45
316375973262147584 3
316382537318535170 124
316385083282034688 3
316390795903111169 226
316391504757264384 208
316391534121598976 3
316393056666546178 190
316393379594383361 3
316393937449394178 183
316397339029954560 178
316405417276239872 18
316406566523924480 3
316407468299255809 3
316408655249547264 18
316410538492051457 18
316414971904933888 8
316416020464140288 19
316417366818947073 3
316419094909952000 3
316421871530811392 10
316422395810426880 3
316426107786260480 3
316430172041650177 4
316430847337185280 18
316432881578811392 3
316435666592489472 3
316437554041860096 18
316442348101988352 4
316448803144224768 3
316449260323360768 196
316450208240267264 19
316452569625030656 3
316454784221712384 3
316455811834601473 4
316462728229310464 208
316468998709592064 3
316472605815230464 3
316475374047481856 3
316477806756376576 2
316478851142266880 18
316486090494205953 4
316486392509259776 3
316499948499763200 308
316501051597524992 10
316502028866158593 45
316508093846523904 3
316512510431870976 17
316515593249488896 45
316516155269472256 45
316516213998108674 45
316523931534229505 190
316524149642260480 183
316525626037252096 183
316525797982756865 196
316528977286160384 3
316529442845495296 3
316529937781768192 45
316531250569572354 10
316532651458711553 34
316536216633888770 196
316538074710540288 45
316538821284093953 3
316541241401700353 1
316541253976215552 1
316541941854662657 3
316543187575529472 4
316545590903308288 4
316545670590894080 190
316547297980858368 45
316550775054688256 100
316553530724999168 18
316553698501353473 145
316555632062910464 145
316557699867353089 228
316557741818789889 145
316558144450985985 190
316565434172338176 183
316566575010426880 145
316568932226052097 3
316576825897791489 18
316578306461929473 70
316579736732184576 3
316580076466618368 4
316580831441330176 3
316583415140982784 70
316584933462265856 190
316586586047393794 34
316586686710693889 4
316587303248220162 366
316594613920092161 3
316595616354557953 145
316599621914857472 1
316599747752382465 100
316600095883796480 45
316601308037644288 226
316608132161884160 196
316608421568847872 3
316610925559963648 145
316611089171374080 3
316611252745027584 190
316611273720750080 3
316612532016132097 45
316615694496194560 1
316616025833619456 183
316619066708217856 364
316619964310237185 17
316620664750628864 19
316624410251509760 3
316630571692478464 18
316638205313163264 226
316638306005835776 3
316643485967060993 45
316646749123002368 18
316650226217803776 70
316653359358697472 196
316655682977923073 3
316656064697356288 70
316657394258165760 18
316658933563539456 1
316659537547522048 18
316661638902210560 175
316663949972103168 3
316664998548103168 3
316673743655149570 208
316675144582049793 208
316675408806424577 208
316676344123633664 45
316682597864456193 196
316682669142441985 226
316686473401364481 226
316687685530042368 18
316689237435109378 18
316697839956791296 17
316702814409736192 26
316703372252176384 1
316707855950544896 226
316711261700255744 3
316715636388659201 12
316716655596167168 190
316718433972654082 190
316724968698310656 196
316728361894424576 10
316728542257889282 161
316732392607997953 196
316734552703918080 18
316734930182881281 226
316741670442004481 190
316741678801244161 190
316748100276465664 100
316748800737824768 3
316749446652239872 196
316749983514771457 190
316751392817680384 18
316756417606459392 3
316756870599675904 2
316757751386759168 18
316764978155765760 19
316769143124807682 18
316780509697040384 18
316816056415027200 4
316816735888093184 19
316825925582995456 145
316828098257641472 4
316828450562387968 4
316834674905329664 3
316835308270415872 3
316843323555983361 308
316848046346498048 18
316849539539685377 3
316852525863149568 4
316854610444824576 145
316862827069571072 18
316867604394422272 190
316871203132428289 100
316873161872379904 3
316875980427911169 18
316876274024996864 145
316881521082499072 18
316886097068171265 196
316894422799368193 190
316895421014351872 145
316900206706839553 100
316901502780325889 6
316903998374416384 190
316904791081095169 3
316914156974522368 16
316915209753202688 3
316915520110735361 3
316915658556317696 3
316917705368293376 145
316919827669348353 18
316921576719265794 308
316926358192287744 100
316928212095619072 45
316935409538048001 18
316936097370345472 12
316936223195291649 70
316939712868802560 1
316940178436550657 124
316940610475012096 1
316941394784690176 18
316943470977748992 196
316944003633397761 70
316944897049522176 183
316946805424271360 102
316947422012125184 196
316948399272386561 196
316951456936775680 226
316952580985090048 4
316953654739496960 19
316955898704711680 26
316960122356240384 208
316966875189874688 3
316967055540768772 34
316967596614369280 18
316971363095154689 18
316973984539361280 15
316977335763087360 226
316978338222706688 18
316983031657279488 196
316984256373071872 18
316984394806087681 100
316984638054727681 15
316987402130452481 226
316996415681355776 196
316996969321082880 18
316997652984233984 18
316997887869464578 18
316997896279048192 124
316998051438919680 18
317000681296916480 124
317002858123915264 208
317003663417679872 226
317008205878267905 196
317009736778280961 226
317009891971719168 100
317009959093141504 196
317013847212978176 18
317016233767739394 196
317016594469486592 10
317017307513757696 196
317017861128351744 208
317019018777202689 196
317022554579685377 18
317022864937209856 226
317026660807479297 18
317030175604871168 208
317032105014083584 18
317036785861550080 196
317037507260866560 226
317038350315962368 18
317038828483407872 45
317040158077747200 18
317041286337142784 161
317041470899122178 196
317041676403220480 178
317043077317541889 100
317044293648908289 26
317056171909459968 226
317057346335555584 18
317062287234068480 100
317064329830727682 196
317065114173988865 1
317065982411681793 70
317066154348797952 196
317067639165964288 196
317068595450482688 18
317070575149383681 34
317077512540786689 70
317079962022711296 308
317080041689346048 18
317086874239897600 308
317087482384642048 178
317091529900580864 226
317092389753872384 12
317094713364713472 196
317099377430757377 124
317103357833658369 177
317113680003227648 18
317115148034781186 18
317115273868111872 196
317115663917395968 196
317115852661075969 18
317117316489945088 100
317118239236845569 196
317122395796283392 1
317122404184903680 196
317125512134791171 308
317126422328131584 226
317126682349821952 183
317126954992144384 3
317127772898226176 196
317150422127218688 1
317151202259369984 308
317155333669810179 1
317159033016561664 70
317159150452895744 308
317161847398735872 308
317169120342843392 196
317169560715407360 196
317171561415180289 308
317175785087696897 1
317175982199029760 1
317178150662586368 1
317178813383581696 18
317179723534974977 18
317180818252517376 365
317181363507847169 1
317212195853324288 1
317213689021337601 1
317213877744050176 308
317213890331160576 308
317214871789899777 1
317217983992844288 1
317219745575342080 1
317221796606799872 1
317226435494428672 1
317226699739766784 1
317226724905586688 1
317227366642491392 1
317228415197519872 1
317243778958245888 102
317246089994571776 100
317247302140039170 196
317255392960864256 308
317256798052700160 18
317256877773840384 196
317257444004864000 1
317259348202106880 365
317261504065974273 308
317262175162990592 18
317265266348285953 308
317266902131032064 308
317269842354909185 18
317271851434905600 196
317275399782535168 4
317283272507936769 196
317284274942386177 308
317284606317568000 308
317288444105728000 18
317288624448225281 18
317292109889679361 183
317298074215120897 226
317301001835147266 18
317301375144972289 208
317301761016733696 308
317302604071837696 196
317305917551042561 124
317310443209244672 308
317317716136587264 308
317321453274013698 366
317321981752131585 183
317322229195083776 18
317324263445118976 308
317327044247707648 308
317327283360768000 308
317331309884239874 226
317331448287870978 183
317331771266048000 18
317334048768929793 308
317336800223965185 308
317337039286714368 18
317338402435502080 365
317339346149707776 308
317347550212550656 196
317347621507317761 228
317349584454180865 308
317351056642289664 308
317354730848395264 308
317357687832723456 308
317359436857487360 196
317362314179383297 308
317364310647123970 228
317367498322345985 18
317368467214970881 308
317369402523799552 18
317374054011125762 308
317377292047376387 26
317384195842387968 1
317389224808693762 196
317392764797067264 196
317399832232857600 18
317401484792844289 18
317403401577172993 208
317403971998330880 100
317406450823614464 4
317408501834076160 196
317420958921142272 100
317421797794529280 183
317430203162980352 11
317433185329876993 10
317433931928580097 3
317438558241705984 5
317441259360894977 18
317442161119490048 1
317443469763280896 196
317443608187904000 196
317445231370989568 3
317447097832054784 18
317454651786162176 18
317454895022215170 226
317456111387160577 178
317456740532776960 208
317467729609256961 226
317478269878431744 18
317493746889547776 183
317498465456369664 1
317505599963275264 26
317507957170515968 1
317509009957609472 1
317514961662390273 196
317522402378674176 1
317528987419152385 1
317529260048908288 4
317532154131271680 102
317532682584215553 101
317540014244380673 196
317540182033309696 26
317541750703022080 26
317553666687135745 18
317558460776599552 4
317579650429751298 18
317580669616271360 196
317593386746007553 3
317601544692432896 18
317606758187143168 1
317611673936596994 10
317620255470002179 124
317627536794333184 1
317636130919047170 1
317637166907944961 365
317640690119106560 1
317642959258517504 1
317643449966936065 26
317645794595446784 19
317653478572978177 7
317663221907591169 100
317663645561679872 34
317666296370167808 183
317668863280037889 26
317680200462786561 4
317683362963787778 1
317687754391683072 4
317687926391705600 4
317692829512134658 1
317693752254808066 1
317693970354405377 4
317698252747186177 1
317698630226153473 1
317706834280579072 364
317707954168152065 26
317709854200442880 100
317711766815653888 19
317712270098579457 26
317714337923997697 26
317717303292743680 196
317720683910144001 26
317723330503405568 1
317728460141363201 183
317734256669511681 4
317738534867976192 196
317740518761185281 26
317748001412096002 17
317748445983174656 4
317751184888827905 226
317751377801654272 364
317754771010367488 196
317755819557019648 26
317763239284981760 26
317772064125763584 1
317773674709131265 26
317780943454760960 18
317785901122088960 1
317790259016511488 18
317790623895789569 228
317792633000980481 364
317792851100590080 104
317793182421221376 364
317799863968464897 1
317804137964249091 228
317806264472195072 1
317811557671251970 100
317815114470412288 1
317819413615214592 364
317820353143508992 196
317825117868679168 196
317825398866075650 196
317827286319628291 196
317831140901789697 1
317843388235911168 3
317843946107723777 34
317844122243313665 364
317846160691822593 0
317851181256962049 228
317852976448430080 1
317855690129555456 100
317866872152391680 196
317870445728776192 1
317871313932935168 183
317871838229299200 80
317876506489679872 1
317890398028701696 208
317890737767342080 4
317904419574398976 226
317905170371575808 4
317907561124880384 4
317911524716978177 18
317957926306340864 100
317961764098695168 10
317971545207230466 18
317977572413693953 18
317977761169948672 18
317983331205664768 364
317990348288827392 196
317993846338383872 228
317996270646071296 18
317998879473811456 18
317999047250149377 18
318002205565280258 102
318002339803971584 18
318005863006740482 196
318019519664758785 364
318021105094897665 226
318035260900265985 228
318043821466320897 226
318058094674460672 208
318058618958274561 208
318058849640792064 208
318060393174016000 208
318063639527579649 208
318064142848241665 208
318065220780167168 208
318067213095563266 208
318067716399448064 208
318070824370323456 18
318090856395591680 183
318100830433718272 196
318107138658557952 196
318114105410060289 226
318122682749177856 18
318126981940121600 100
318131067175456768 208
318131440468520961 208
318132694557007873 208
318133772518322176 208
318147869565652992 3
318171076645502976 34
318177602995122176 18
318186075484983297 208
318208196235911168 196
318209567769100289 208
318209760719671298 208
318209773310967808 208
318210196910505985 183
318263242298363905 196
318263699460747265 226
318285992178089984 10
318309216043532288 208
318312848302407680 196
318339758956896258 208
318367445586939904 196
318380116566749184 5
318425159210004480 45
318443081445826561 4
318463763571433472 226
622571762501451776 9
622573490537897984 9
622574534932074496 9
622575646443745280 9
622576397207379968 9
622582671881973761 9
622613730690400258 9
622623436309827584 19
622623738308227072 19
622623981602865153 19
622624686245982208 19
622627043436396544 19
622628142340046849 13
622633221658841088 19
622635436251348992 19
622639362086322176 19
622640888829743104 19
622642428147675136 19
622650627986976768 19
622699089004752896 13
622722090563706881 9
622749244471013376 13
622760980120862720 80
622762330707873792 19
622773651134283776 19
622796262643871744 260
622797378320363520 19
622797441234960384 260
622802763785875458 22
622831159223943168 9
622838813828579328 19
622843385628504065 13
622864633993555968 22
622872439559692288 22
622876256397340672 178
622876352845320192 178
622876784888029184 178
622878131234451456 14
622880870123339776 13
622889481029484544 13
622892479948423168 13
622894207993298944 178
622903800379109377 13
622909362026233856 13
622917691926540288 178
622918920844906496 16
622919088612864001 70
622920166570131456 366
622920292374024192 101
622920518866309120 101
622921642944000000 260
622921676498563072 22
622922276279750656 139
622922376968278016 22
622922548909469696 11
622923081586053124 13
622923161311539200 23
622923765286985728 22
622924612532350976 22
622925359122673664 260
622926231537741824 23
622926835496529920 19
622927825373278208 4
622929322714607616 22
622929821853728768 22
622930706860085248 139
622931017213440000 19
622931495380856832 139
622932690753318912 16
622933005305298944 19
622933227603382272 22
622933558974382080 139
622933634484342784 13
622933886113218561 22
622933957424848896 22
622934318143381504 196
622935186372603906 13
622936780204036097 22
622937325438398466 365
622937606473433088 22
622937648433381376 139
622937736517824513 22
622937853933162496 22
622938571155111936 13
622938629879394304 22
622938839582011392 22
622939674248544256 22
622940211144568833 226
622940647343943681 6
622940664137912320 226
622941775615803393 366
622942186649329664 13
622942392174272512 22
622943025535168514 139
622943314942275584 19
622943394617135104 22
622944027961331712 16
622944304760094720 13
622945219126927360 13
622945781184622593 139
622947744089423872 0
622947878340702211 8
622948129994899456 183
622948603942694912 228
622949014980268032 23
622949686068932608 1
622951330240266240 367
622951481251987457 22
622951665784778752 8
622952336852254721 22
622952844388343809 2
622953175721594880 139
622953209288597504 139
622953553234132992 6
622953670645157888 22
622953926506082305 365
622954358544543744 139
622955092510134272 139
622955109312499713 139
622955600045957120 13
622955700700884992 8
622955826517528576 139
622956514416787456 102
622956518590189568 196
622956594100350976 11
622956870899236864 139
622957286168895489 22
622957500049002496 13
622957974017994752 139
622958028552187904 22
622958498305982464 13
622958569596436481 3
622961149097717764 196
622961644038176768 139
622961950209671168 196
622962986207080448 13
622964772980391936 13
622965020456914944 13
622965167236616192 364
622965444069081088 70
622968380077637632 0
622968543668240384 183
622968594012442625 6
622969067947868160 22
622969093117775872 45
622970808571277312 13
622971722942279680 22
622971735512485892 13
622971743926222848 23
622971748124893184 14
622972452751040512 22
622973828487057408 14
622975137109794817 11
622976865146265600 190
622977381075144704 2
622977716590018560 366
622978479949086720 22
622978752599822336 8
622978924545335296 4
622979562100666368 22
622979838924582912 226
622980640049352704 8
622981663455186944 367
622982271625203712 22
622983462794993664 14
622984163252142081 139
622985299912736768 367
622986293966938112 26
622987409655992320 22
622989427103633412 1
622991352276615168 22
622991918532833281 228
622992606398693376 14
622992866449747968 16
622993227159891968 178
622994594465226753 13
622995567547949062 13
622996624533508096 13
622998193186426880 13
622998251927699456 8
622999589889703937 22
623000252606488576 175
623001166943789056 367
623001439590289408 139
623001519273676801 367
623002265880821760 13
