303540765458575361 5
303540773872349185 5
303545089823760384 77
303545094001287168 2
303546247447461888 65
303550978601406464 50
303551423214395393 77
303554631831793665 23
303557135848062977 57
303558201192894467 27
303559056839303172 63
303562064172040194 57
303563548951461888 77
303563947380965378 77
303564308124688386 74
303564551373332480 57
303565121794494465 77
303565176307859456 77
303565469909123072 77
303565608358907904 77
303566258467647489 5
303566266856243200 65
303567453814943744 67
303569077044117504 74
303574068253302784 77
303574714163544064 39
303574865158492161 64
303576865833103360 77
303576920384208896 77
303582742061404160 16
303583010509443072 77
303583778054492161 57
303584767926992896 39
303588735713419264 17
303590795150241794 87
303593240395911170 57
303593404007337984 64
303596939776258048 77
303597501833965568 4
303599271826059264 69
303600664313999360 63
303602857955950592 48
303603705188581376 69
303605911421865984 69
303607299723898880 69
303607371031257088 57
303607421341937664 69
303607488454995968 69
303608193093869569 69
303609417864204288 69
303610592256729088 13
303610852278423552 69
303611384971816960 69
303614941741584384 87
303616678170857472 16
303617504478117890 74
303618133606932481 69
303622000742633472 57
303623728808480768 69
303624458613174272 69
303625008087986176 67
303625150660751360 14
303626144731770880 65
303627537223933952 10
303630708113547264 2
303632541041188864 14
303633497329909760 63
303634466218311680 78
303638564044931072 69
303639721710608385 87
303639935603326976 57
303640279515287553 21
303640799621545984 85
303641210684321793 77
303646155764551680 69
303646713581826049 25
303647598609326081 74
303648890438180865 69
303652510114123776 77
303654095556849666 39
303659313283612672 78
303660177318617089 67
303662433849970689 16
303666384884338689 77
303668716921577473 64
303671950729953280 77
303672693125967872 69
303677189415645184 37
303678472876875777 9
303681572467515393 77
303681849287397379 64
303683745091817472 63
303685762560446464 64
303689667465850882 57
303691995300384769 63
303692402143682560 77
303693522018643968 67
303693568181149696 77
303699373068533761 77
303701298254069762 57
303703147937947649 67
303704888611856385 63
303711150699323393 0
303712455136276481 64
303712912294428673 63
303715416310693888 29
303717727347023872 85
303718725616558080 69
303723968463003648 0
303724589257740288 69
303724660539916289 69
303725654606749697 12
303726459917307904 17
303726719934816256 0
303732109644808192 0
303733841888178176 57
303736593326436352 57
303740640825593857 77
303741475517243392 10
303744268915331072 77
303744591855767552 23
303746668069797888 0
303747280438165505 66
303747360129957889 0
303748769403502592 66
303748882666487808 66
303749339820466176 69
303750082220658688 74
303750275141865472 0
303750342250733569 64
303751160140017664 77
303752271643176960 0
303752271647342593 0
303752913380048896 67
303753433452793856 0
303762652549746688 26
303772370731163648 66
303777416483049472 63
303779639459983360 65
303781187187535872 0
303781694694117376 65
303787709317648384 0
303788564959875072 74
303793908503179266 0
303794151764393986 4
303794315359039489 10
303798404805439489 0
303802880119435264 0
303803303731535872 77
303804209717977088 87
303807409976127489 77
303807854555570177 87
303809339347578880 57
303809582617219072 92
303810647982997504 0
303810899624488960 87
303811021250908162 0
303811507811131392 66
303811633631883264 0
303813307146567680 78
303813978226835457 0
303814716462071808 63
303814729019842560 77
303814951305347072 0
303815014257684482 0
303817660863504384 63
303818440974667776 3
303821188256395264 85
303821452510109697 63
303825537766404096 16
303826083004948480 74
303828490539642880 69
303828696047968257 0
303829597840089088 78
303830524789669888 0
303831007117836288 0
303833162977538048 69
303838640746942464 77
303840846950838273 25
303843132842328064 69
303843418054983680 0
303843573244252161 77
303844647015419904 69
303844764451749889 3
303844898648494080 0
303846177902833664 25
303846366646530049 57
303846471516700673 0
303847524278603776 0
303847817888268288 57
303852175757553664 0
303853102728085504 69
303854537180069888 9
303854876914487296 63
303857053766660096 63
303857418633355265 16
303859469664804864 57
303860677628542977 25
303862166623252480 74
303862833479827456 0
303863353577701376 0
303863403917758465 0
303864112771891200 16
303865450725519360 50
303865547211292672 16
303865832415576066 77
303865844990107648 23
303865844998471680 78
303867266871721984 0
303867577250217984 0
303868357386596352 63
303869020111781890 27
303869909291651073 23
303870416815009793 66
303870425191026688 66
303871658316406784 25
303872098726735872 9
303872337802047488 0
303872513946030081 77
303872824328740864 39
303872895636103169 10
303873038221467649 0
303873067619340288 66
303873411522887680 63
303874174886244352 0
303874288153399296 23
303874871136505856 23
303874921472348160 26
303875219272122369 0
303875491914448897 23
303876364338081794 0
303876607590936576 48
303876842467770368 23
303879631667347456 0
303880235668086785 0
303880273425219584 63
303881074537287680 85
303882156642545664 23
303882412520267777 0
303883343647363073 23
303883662410256384 23
303883809210900480 77
303884190905147393 23
303885189120147457 0
303889333117657088 0
303890163564699648 0
303890394259812352 0
303890754995122177 23
303890788553719808 23
303890826281496576 66
303891019219488769 0
303891765793013760 67
303893149938483200 10
303893154120220672 74
303894018167816194 13
303895620387758080 13
303895830098763776 0
303895897211809792 13
303896698294501376 0
303897889481056256 74
303898183111696386 77
303898661258133504 29
303900389294624768 23
303900619998126080 23
303901018457001986 74
303902276739821569 64
303903874773827584 0
303903979602067456 0
303906366194597888 25
303907108557053952 77
303909599990386688 67
303911143511035906 25
303911852331646976 69
303911923639017472 77
303912020112207872 23
303912628290482176 12
303915618795655168 0
303916482822279168 92
303916503802212354 74
303917904720715777 63
303919368516018176 23
303921176273641472 23
303922791084867584 23
303924774982258688 48
303924875658158080 77
303927115391328256 64
303928218522636288 23
303928499541004288 57
303929309037465601 0
303930038821220352 57
303930043044864000 0
303930890277515264 0
303930928013668352 67
303931024491032576 23
303932140180082689 0
303932580561031168 0
303933759168860161 0
303934778401505282 23
303937257222594560 66
303937404040011776 3
303937525645463552 0
303937655668879361 0
303939773825970176 2
303941757723353089 66
303941900333887488 66
303942034560000002 66
303942156186431488 57
303942290399956992 66
303943481578098688 66
303945964593496064 66
303946455356420097 0
303946883154460672 25
303947151577333762 67
303947503919828995 21
303947680088985603 0
303950226018938881 0
303951324909805568 74
303951584986034176 66
303951928897978368 0
303952407061217280 74
303952851644841984 26
303953405284581376 13
303953724060098560 23
303953841517383680 66
303954105737564161 0
303954432914243585 77
303955296945049601 3
303955573752352768 14
303955867370393600 0
303956928525135873 0
303959692542087170 0
303961374487375872 74
303963391918211072 66
303963639419912194 0
303964939616391170 67
303965254189187073 29
303965501653123073 26
303965950447861760 77
303966009197469696 0
303966457979600896 66
303966567044091907 39
303968899051974656 66
303970509664706560 0
303971138835447808 64
303974490080149505 66
303976658514354177 0
303980148179496961 26
303981251298217987 39
303983210038194178 23
303985353306566656 69
303987949601685505 0
303990449398497280 0
303990533259399169 25
303990822666375168 28
303992131322802176 66
303992693363712000 57
303992957583888386 74
303995641942667264 74
303997634228654080 63
303999353905876993 66
303999534256758785 66
303999689454411776 63
304003707572453377 0
304004848452513793 66
304007125934411776 0
304007201457070080 4
304007335645442049 0
304007541166338049 74
304008405197127680 0
304012255576604672 0
304014256268005377 0
304014797320622080 66
304016491823628288 39
304016491832037376 0
304016630252462080 57
304017330684432384 23
304017431368708098 0
304020627419955200 0
304022535811514368 92
304023492112826368 66
304024578424975362 74
304024968512040960 23
304025564098990080 13
304029460624195585 4
304029766791622656 13
304030429487439872 23
304032648270053377 4
304032799281790976 6
304033365517025280 78
304033927536988161 0
304034770587906048 26
304038776164999169 74
304039120089513985 9
304040470667984897 0
304041456321040384 92
304042345496715264 26
304042806895337472 57
304043255677452289 26
304043633164832768 74
304044186804576257 25
304044631421751296 25
304044912414965760 67
304045587718881280 92
304045801607409664 67
304046992798150657 3
304049073193881600 78
304051363262914560 21
304053825323540480 67
304053900804247552 14
304054781608083458 23
304055394010005504 92
304058585854398464 74
304063195398684673 0
304065883934953472 92
304067410665799681 23
304068618621165569 0
304069000311230464 0
304070459954192384 0
304074306130944001 66
304076357145600000 74
304078248747360256 63
304079448339275778 23
304080102650679297 0
304081121858187264 59
304085542637813760 25
304085848842989568 0
304086977089765376 21
304088713561001985 21
304090059915808768 74
304090282197123072 0
304090559050575872 92
304092341629771776 0
304098188464369664 92
304100713464750081 65
304102013669621760 57
304102156280156160 92
304102156288532481 92
304102479241543680 92
304102898676142080 92
304102949020385280 92
304102990942441473 92
304103414571364353 77
304104488334143488 92
304104605783035905 65
304105306202468352 92
304105394307989504 94
304107910873628672 92
304108183490809857 92
304108275765493760 92
304108821054357504 12
304112923058532353 92
304114336543166464 92
304117704586059776 92
304119998878715904 77
304121181655670786 92
304121341022449664 67
304123081662808064 92
304124562268893184 92
304124600021835776 57
304124667122302976 92
304125317222645761 92
304126370005532673 0
304127477301784578 63
304128966300680194 92
304131281522925568 92
304139095544840192 3
304140647433138176 3
304142727795310592 3
304142740357279745 3
304143252083331072 92
304143612785082369 3
304144950759677952 23
304145261167513600 92
304146074845736960 26
304146427179851776 0
304146838221643777 3
304147911959269376 92
304150055261196288 92
304150864724127744 0
304151070245011457 92
304153452634849280 25
304154308281237504 23
304154622845661184 66
304154815771078656 74
304156938097274880 3
304156967469985792 3
304157282009231360 92
304157525291433984 92
304158997496356864 3
304159714726518784 21
304159786029703168 3
304160062870548481 92
304160645853614081 92
304160872367022080 3
304162466177380352 3
304162571043368961 7
304163107901673472 63
304164454290038784 3
304164731126693888 92
304165649645723648 3
304166383669878784 3
304166643716726785 74
304166677262766080 3
304167130264379393 63
304167503561650176 92
304167847494569984 3
304168300450025472 92
304168438857875456 3
304169558749609985 92
304169793651625984 92
304170439553466368 92
304170632483074049 3
304170963858235392 3
304172771573895168 92
304173144883728384 67
304173585277280256 92
304174004716044288 63
304175229465423872 3
304175632110219265 3
304176470979379201 92
304176789746511872 3
304176819094032385 64
304178597474729984 92
304180359090798592 0
304180824650174464 57
304181730636607488 92
304182007439708160 3
304183269950373888 3
304183328645459968 3
304183538364846080 3
304183760675549184 23
304184343696396288 63
304185622933958656 92
304187426493063168 63
304187682333016064 92
304187799773515778 92
304189448155955200 65
304190840639733760 74
304191813718249472 92
304191817933524992 92
304192468038074368 2
304193269145939968 74
304194200298192897 92
304194334511747072 92
304194766525059073 0
304194787496570881 92
304195961880719360 3
304197316670271488 21
304199149551767552 92
304200357549051904 6
304200902775029760 3
304200919585808384 15
304201502573076482 87
304202463072882688 85
304203436163989504 10
304203478094450689 92
304205701075591168 3
304206611243737088 65
304206661583794176 3
304207307498205185 59
304208049894195202 74
304208532243369984 3
304217365451771905 3
304217755496886272 57
304218871185956865 10
304220825744207872 0
304222415372840960 39
304225053585846273 92
304225888273301505 64
304226077021184000 0
304226513216208896 3
304229885440843776 67
304235832972296192 50
304236030091993089 0
304236101374181377 92
304236822815449088 3
304239838520045569 16
304240018862530562 63
304241440735776769 63
304241679819481089 3
304243856646496256 92
304244288651403265 25
304248986292867074 92
304251037290729473 74
304251037324304384 74
304252173972295680 0
304252853428559873 0
304254459855396865 92
304254669553803264 39
304254908629135362 57
304257475572539392 26
304258138247401472 13
304258465432485889 64
304259576918859776 3
304260810023243776 4
304262605189558273 64
304262802317651969 3
304266468160323585 92
304267344765665280 67
304273506173087744 26
304275968237912064 63
304276496749572098 23
304278652592476160 13
304286617584144386 0
304290669302804480 13
304293219414450177 92
304293861130391552 0
304294087652155392 57
304295039734013952 11
304296662929657856 64
304297195610451968 64
304297594094493696 13
304300391691059200 3
304306200781156352 39
304310290256891904 63
304310457991311360 92
304310483178106880 3
304311967957524481 3
304312387387944960 63
304312995549413377 92
304314669110280192 29
304317663834959875 7
304318821467049985 0
304320536908017665 67
304320671134134272 29
304320943780659200 15
304321052824190977 57
304322407601164288 78
304323674264178689 63
304323732967661570 57
304324815110696962 69
304327566582493186 63
304330871694032896 92
304331316302848000 66
304332687802527744 5
304334579441995776 57
304334965322170368 3
304335435071623168 77
304337452569616384 5
304338681471320064 5
304341529403744256 5
304341567165038594 5
304344641585700864 25
304345262342676482 74
304348030570729473 5
304349108532043779 5
304350501045149697 25
304350832382586880 25
304351046308859904 3
304351172129595392 57
304352489149456384 5
304353873248804864 25
304355492254343168 5
304356800889774081 29
304357287399657472 5
304358801551798272 57
304358973526646785 0
304359871086723072 48
304359908852248577 5
304360764490260480 48
304360814809346048 57
304362786128027648 26
304362861663240192 57
304363817947774978 77
304364447072403458 5
304365223031214080 5
304366141583785984 3
304368423289384961 67
304368570077413376 63
304369778041176064 57
304370419769675776 67
304371036353347585 48
304371464159776768 5
304371724227588096 69
304373443854475266 11
304373443879636993 11
304373926207832064 5
304374383399538689 3
304377864650899457 92
304378858717712384 13
304379286524137472 29
304381962494300160 48
304383053009125376 57
304384810456055808 5
304389709365407744 3
304389910700388352 85
304390900547743744 13
304391387112153089 39
304392746062462977 0
304392934810349570 63
304393937253175296 63
304395296190898176 78
304395589808971776 63
304396906795249664 63
304397288481103872 37
304397452071550976 57
304397716300111872 63
304401189183832064 63
304401768010358784 63
304402619470864384 39
304404028731846657 27
304404859208220673 2
304407027646611456 57
304408164336553984 3
304409649095008257 57
304410399879610368 57
304410542473367553 57
304412417335640064 48
304412845150437377 26
304413319106809856 23
304414220886343680 67
304414271230590976 92
304417622458511362 23
304417819611762688 63
304417945457680384 39
304418276807680001 57
304420801761914880 92
304422659838599168 0
304422735344443392 94
304422743733043200 92
304423268016852992 65
304425952367222785 63
304427982393593856 15
304430704513654784 92
304431346258952193 57
304432394805575680 21
304432860381724673 5
304432868761939968 5
304432877179895809 63
304435330839371776 10
304444315034320898 92
304446865158578176 57
304446898717196288 63
304450707141046272 74
304451957056217088 74
304456755344179202 29
304458328203993088 63
304458395287683072 57
304458621796888576 74
304460500828295168 66
304462136623632384 66
304462371487903744 11
304466578387398656 63
304467736032055296 21
304470781075800064 85
304473113121419264 39
304476275630825472 74
304476422444027904 63
304482143441129472 3
304484064453357568 57
304487491195514880 74
304500720034537472 57
304503416980385792 48
304506181030912000 3
304510228534280192 57
304510232720207872 65
304511239336361985 92
304513227423899648 87
304513764303183872 48
304514653495623680 3
304516830368780288 23
304516922643472384 23
304516960358653952 23
304516981330169856 23
304516998119960576 23
304517186851069952 23
304520131265048576 23
304520471016255488 74
304524757586542592 67
304524883398885376 23
304527366443655169 12
304529736229593088 57
304532173116026880 3
304540154872332288 5
304542239449837569 57
304542688252928001 77
304544265294462976 57
304544504348819456 23
304544579879845888 67
304545339036274688 23
304546375041961984 29
304546601538560000 0
304548677714837504 21
304549994722123777 23
304552490320412673 11
304554193195253763 23
304554230973333504 48
304554772042760192 25
304556206473760770 4
304559008277229569 27
304559725511573504 63
304565253608464384 3
304565975003570176 23
304566293795848193 48
304567958934523904 23
304570592953253888 63
304571737989849089 25
304573528961871872 48
304581376500449281 92
304582517342732288 57
304582748042055680 23
304583586911223809 57
304584627094441984 4
304585549816164353 57
304585721778413568 48
304585755362213888 57
304585851806023680 48
304590884966649856 23
304595045716226048 63
304596144628068352 63
304596517942079488 77
304596656341516288 92
304598237585747969 23
304598891888775168 26
304599474922213376 57
304599604933033984 57
304600024371830786 57
304602268324491264 64
304602410909851649 57
304603287544557568 92
304605154001428480 6
304606445830299649 74
304607100150108160 63
304610396898197506 67
304614675071508480 13
304616713503260673 74
304619045536268289 48
304619343315075072 3
304620417069494272 64
304622124138639360 74
304624103850139648 11
304624749798105088 57
304628147175964672 16
304628495294803969 25
304628876968095744 48
304630659564072960 6
304636330267275264 0
304640038015213568 3
304643242463490048 64
304644811141566465 64
304646698578370561 25
304647872970907648 23
304647935906414594 67
304647982043758592 74
304648900600545281 15
304650498638741504 16
304652629332619265 64
304652730012667904 29
304653782745247744 57
304653875019931649 48
304654755840524288 63
304656009950023681 92
304659944207159296 74
304661097640775680 63
304663253483667456 21
304666810282811392 63
304667586237444096 64
304667703648595968 48
304667921760808961 64
304667959517933568 64
304669976952979456 69
304670039901085696 64
304673143677661185 29
304674221609598977 13
304674800423534592 67
304678457869209600 64
304678856315502592 4
304680668263219200 10
304681192551239680 69
304684317282553856 85
304687974749204481 67
304691200152178689 29
304691527295307776 64
304694077440552963 57
304697017647640576 78
304697625830125568 67
304698439533469698 64
304699534251028480 57
304699903341383680 64
304700389880655872 29
304700528275898370 48
304705808908812288 16
304707738271899650 63
304707809591840768 64
304708002550788096 67
304710108078829568 63
304710309388632064 74
304711093719293952 64
304712003879051264 7
304712142320439296 65
304712939213049856 57
304713509663567872 67
304715158025015297 23
304716953166159873 57
304717301310189570 57
304719096447127553 63
304719503323967488 57
304719826276974592 94
304719838868287489 94
304719838876692480 94
304720270873206784 39
304720337990475777 63
304721906660159490 94
304721961160937472 94
304722208641667072 94
304723164930387970 74
304723685036666880 94
304723869573472256 57
304723919917686784 63
304724670714875904 14
304727107592912896 92
304728340705730561 94
304730345608196096 16
304730458854400000 64
304730626626555907 59
304730781815828480 0
304731037647372288 23
304733856219660288 94
304734036587339777 64
304734099510292480 77
304735307465629696 63
304735357772124161 63
304737345880616960 63
304738046325186560 92
304739120079577089 63
304739799569403906 64
304740500001390592 63
304740722312085505 63
304742114791661568 57
304742412587249664 48
304742420975857664 48
304742953681842176 21
304744195174850560 64
304744790791176193 94
304749085720735744 77
304749266105159680 94
304749857497829376 63
304752436982198273 26
304752567001436160 57
304752638321389569 4
304754005668679682 64
304756488692449280 78
304757025559175168 63
304757281420091393 67
304757814088310784 78
304760179675779073 64
304760234184962048 74
304761345696489472 5
304766378873851904 21
304766777320161281 63
304767016408068096 63
304768190783840256 94
304769931415781376 57
304770292121739264 94
304771328131604481 65
304772527710957568 17
304772653548466177 64
304772921954562050 21
304773513351405568 21
304773911839637504 63
304781318946975745 67
304782531117580289 63
304793604067557379 94
304794006750105600 48
304795910968315906 29
304798536577454080 15
304800705024241666 7
304801736835600384 63
304804249219510272 57
304804261789851649 77
304805801124560896 67
304806514135269377 65
304807931810029568 57
304809689223401472 29
304811534712979458 57
304811769631739905 77
304813095002439680 14
304813740954636288 65
304814005178998784 57
304814768533946368 13
304814961467727872 77
304818920907497472 57
304826109957128193 94
304828949500936192 67
304829897384288256 15
304839217157120000 87
304854257922887681 64
304858913579343872 26
304880723955941377 48
304881021751541760 57
304887040573583361 65
304887074128027648 4
304890777715232768 92
304892094726668288 63
304894158320041984 48
304899296367616001 0
304901464814415872 77
304901611598258177 39
304901901030395904 23
304902391734620160 64
304906128859492354 3
304907055796465664 63
304908708377399296 63
304910348320903168 57
304910553850183680 25
304920917979574273 77
304922142720528384 74
304922260152676352 23
304922520203718656 26
304924936131203072 4
304925431063261185 13
304926752260640769 11
304931995136442369 57
304934817924001793 48
304939947536809984 21
304940098519179264 64
304945555325452288 64
304945639228329984 0
304946855572283392 21
304949648961970177 48
304950441706401792 64
304951913894522880 29
304954766021238785 3
304954958946635777 63
304954996699566080 10
304955206435741697 94
304955801993375744 3
304958813537193984 48
304959186800881665 48
304960159875211264 3
304960516403638274 94
304961288180727810 94
304961338491408385 0
304961493672267777 67
304964048028590080 94
304965616668901376 94
304967873221246977 57
304969387352412160 67
304969961972064258 26
304971388031217664 12
304971870384570369 74
304972453392834560 16
304975255183716352 7
304976102449872897 26
304979428524556288 57
304979915080613889 77
304980791681761281 4
304980976239513602 57
304981026562789376 63
304981949284483072 14
304985204064407554 48
304985355059347456 48
304987146039726080 21
304988605661716480 77
304988983149088769 74
304989696201740288 94
304989838774513664 63
304990321132044288 57
304991227101724672 57
304992581874483200 0
304992762221166592 63
304993814978891778 94
304994393813819392 0
304995064898285568 74
304998571311247361 63
304999846400622592 57
305001889022500864 48
305002136469663744 50
305002916647931904 0
305006641185705984 16
305008205627543554 0
305010025976455168 74
305011095528153088 16
305011858874707969 94
305013519844249602 6
305014845219164160 57
305014878802935808 15
305015407268466688 4
305015927362162688 39
305017416348479488 25
305019110838910976 16
305022562738532352 63
305023980430061568 0
305025855262961664 16
305028531233103873 63
305029164581404673 57
305029282021908480 6
305031987348000768 94
305034675917828097 16
305035300839755777 67
305035367965413378 48
305035900629434368 94
305039973323788288 26
305040375943413760 63
305043517485506560 64
305044004016361472 3
305045660766437376 13
305046705156530176 57
305048038936825856 63
305048152212402176 63
305049301447503872 0
305050899464740865 87
305051834815492096 63
305055370596986880 26
305056675021332480 65
305057039917412355 67
305057232851197952 94
305057669071392768 74
305057966858592256 26
305058143023558657 4
305058486973235200 39
305059304849956866 63
305059632009846784 4
305060386976190464 64
305061393634304001 85
305062077297483776 63
305062198923915266 69
305064971354640385 16
305066351280660480 3
305066988835844096 4
305067219522551809 0
305069006270902272 25
305072760160391168 94
305073850687836162 57
305077520708030464 94
305077768159391745 16
305083120108048385 57
305086219681935360 29
305086353912258561 63
305089113768480768 57
305090078470975489 50
305091596792258563 57
305096051130499072 26
305099427549429760 94
305101482762567680 48
305103261176852480 48
305103428944818176 48
305106314630139905 14
305106394296762369 25
305107413500043264 63
305108931846500352 63
305108965426094080 67
305110722810089474 48
305113029681491968 13
305120151622283264 0
305123985211932673 25
305127185486839808 63
305134416437587968 57
305136006091390976 57
305137398591934466 14
305137654440271873 65
305144747020935168 78
305146043073445889 65
305151248208900096 94
305153785758629888 67
305157640328204288 29
305158152024891392 64
305160731517673473 3
305164229562994688 64
305166465143828480 74
305168906195181568 48
305169115927154688 39
305173301855154176 4
305173566092095488 0
305179240960245761 65
305186337747775488 26
305190896939446272 4
305191777768443905 39
305194097205989376 92
305196378915753984 57
305202179629785088 6
305202846507335681 26
305204247421677569 57
305205765751320576 69
305207875490443264 39
305224161951895552 14
305239756378361856 50
305249499780104192 3
305270823592288256 94
305271691808997377 21
305294437515407361 16
305298921230585857 77
305300238275604480 63
305303077802635264 48
305316906401935360 63
305317132902739968 0
305319271989403648 26
305321625006514176 14
305322933629362176 3
305325072741171202 57
305333205467291648 3
305333364884373505 5
305339002012196864 29
305343116636999680 57
305344915968241664 3
305345146675949568 63
305352042103312385 5
305354462220922882 77
305360967603191809 57
305363182162161664 67
305363953930862592 5
305365451280629760 13
305383159653101568 16
305384682168672256 15
305388746453417984 57
305389136544690176 65
305391133020803075 67
305391669900099586 78
305401065145257984 87
305402784793116672 23
305409009136066560 77
305409285964304384 39
305413069243289601 3
305420375704104960 21
305423622078607360 57
305428017746944001 63
305429745770831872 26
305437094195630082 57
305440583877525505 77
305444417437827072 63
305444522333200385 78
305453586186379264 77
305453745569943553 23
305455821758791680 63
305457050689880068 57
305460318052691968 4
305461123354865664 77
305464839520780289 63
305470107558236162 14
305472036942258176 77
305472221504233472 9
305474113147924480 94
305481528643829760 48
305487291651063808 9
305487807550455808 11
305487845265657856 14
305489879498883073 57
305497756431171586 4
305497844515749888 94
305502235918471169 78
305506216329764864 59
305506535101059072 14
305513208242917376 85
305529385686020096 14
305536352416567297 48
305548192940974081 78
305555700728356866 14
305558498345889792 94
305559005844078592 48
305568979911581696 11
305569659372072961 57
305576043090157568 23
305580577149571072 28
305581395034636288 77
305590547005972480 39
305594787451527168 87
305595567587860481 87
305598335824314368 14
305601603208105984 25
305606120448356352 69
305607315820777472 87
305608414724251649 3
305610251846156288 9
305612047025057792 39
305641109336502272 63
305641247752728576 63
305644540281368576 39
305649707684864000 57
305653474165669889 57
305654501740777472 11
305663410450878464 87
305666505834651648 77
305681492103798785 13
305681508872626176 13
305685136945577984 0
305685136958169091 0
305685367619723264 0
305688819565473793 67
305690535002251264 57
305691122213203968 57
305692816707829760 57
305697841488224256 77
305699502440972288 9
305700286759071744 78
305701251453181952 48
305701654127325184 3
305704774676905984 77
305705198289047556 67
305705756131463168 64
305705877770477569 13
305706729214185473 48
305708708942475265 1
305715386270232576 10
305718192242843650 64
305718334849163264 63
305721119904763906 10
305722080400400384 64
305725792325885952 87
305725851054514176 64
305726165627310080 63
305728824841211904 50
305732100563283968 63
305732809400659970 39
305735657358241792 64
305735799952007169 13
305742569575432192 21
305745417478492160 0
305746671592153090 57
305748982649458688 64
305749645357875200 4
305750513566240769 0
305754477170929665 64
305762068886347776 63
305770772071325697 57
305774219759853568 63
305777046750109697 4
305778124656873474 78
305778355377143808 78
305784034435420161 39
305784927843147776 11
305787696087961600 39
305788820148862976 64
305790502043803649 4
305790569169448961 57
305798181822808064 23
305808222986584065 39
305808285922115585 65
305808621441277952 5
305811263882158080 63
305812916429529088 57
305813449101959169 11
305814032097632256 9
305814468301037568 57
305815202312646656 4
305815449801732096 4
305815479128305664 21
305816825516683264 4
305816888418648065 65
305816934555983872 29
305819711202017280 4
305819967029395456 13
305821762220859392 4
305822009680601088 4
305823586747297792 13
305826275283578880 63
305828091425599488 14
305831425867907072 11
305831530763276288 4
305832738722807808 94
305833262977282048 57
305833883759419392 63
305834282214100992 0
305834705834610689 4
305835909583077376 63
305840854667493376 0
305841534174101504 4
305842784059928576 4
305843169927503872 29
305844159808421888 4
305844306596466689 4
305844914770542594 3
305845950772023296 13
305846596694843392 5
305848052088987648 67
305848165372928001 4
305850090520735744 0
305850233143836672 50
305850233143840770 50
305850233148018691 50
305850233164800001 50
305850593853972480 2
305851613086633984 2
305852695187701760 4
305852711969116160 4
305853110448955392 4
305854276465463297 65
305855501198032896 21
305855622820290560 21
305855627039752192 63
305857686409474050 4
305863650713927680 4
305863873028820993 39
305864149827719168 57
305865886303125505 4
305866553180696576 77
305866922300436481 63
305869338211151873 21
305870441308893185 4
305871074657202176 4
305871477301968897 4
305871808664567809 67
305871846383960064 4
305872253227249665 4
305876611134259200 67
305878469219323904 67
305878519550984192 4
305880356639367170 4
305883208749314048 4
305883259080953857 4
305883288457867264 4
305883292660543489 4
305883317805383682 4
305883422654615553 4
305883498181443584 4
305883615600975874 4
305884412539703296 65
305884508991942656 4
305893178609893377 4
305895464501387264 4
305896181735755777 4
305896202732445697 78
305896349512105984 4
305896353702240256 4
305896391480336385 4
305896647311900672 4
305897024816041985 78
305897284858679297 4
305897628779048960 15
305897859486736384 4
305898354393624577 4
305898421498290177 4
305898471855112192 4
305898551517515776 4
305898694136455169 4
305898752835739648 4
305898790622208000 4
305898803200929794 4
305898903834869760 4
305898929034235905 4
305898987737718785 4
305899054838202371 4
305899193237655553 4
305899327467966464 6
305899973382385665 4
305901101654368257 78
305901416227155968 4
305903186244423681 4
305903391740141569 4
305903777624518657 4
305903890883297280 4
305903890895888384 4
305903911863197696 4
305903936995483648 4
305903949616144385 4
305904004125294592 4
305904012530696193 4
305904016708235264 4
305904029270151169 4
305904041865654273 4
305904046055780352 4
305904050258452480 4
305904054444376064 4
305904054469545985 4
305904092209901569 4
305904134148734977 4
305904134161313792 4
305904150904987648 4
305904150921744384 4
305904155120254978 4
305904163487895552 4
305904163517263873 4
305904176075010048 4
305904180277698561 4
305904188662091777 4
305904192864792576 4
305904209633624064 4
305904213832105984 4
305904247411720192 4
305904268358082561 4
305904280940969984 4
305904289342189568 4
305904293511299072 4
305904301908303872 4
305904306115198977 4
305904310309511168 4
305904327082516483 4
305904335458549760 4
305904356446838784 4
305904360620175360 4
305904369038155776 4
305904373224058880 4
305904373228257280 4
305904394208178177 4
305904398406676480 4
305904419348828160 4
305904419365588992 4
305904423559888896 4
305904427750002689 4
305904448729935872 4
305904503247486977 4
305904520007921664 4
305904520028905472 4
305904549363863552 4
305904557773438976 4
305904557777629185 4
305904578732359681 4
305904578753335297 4
305904582922485760 4
305904637482000384 4
305904645849624577 4
305904708785143809 4
305904721347096576 4
305904729744084992 4
305904759079047168 4
305904767476051969 4
305904801051459584 4
305904830386413568 4
305904855560638466 4
305904880739028993 4
305904884924952576 4
305904998166962176 4
305905014952558592 4
305905035936690176 4
305905094631751681 4
305905103016189952 4
305905161740623872 4
305905165960085504 4
305905174336139265 4
305905245635092480 4
305905472144285696 4
305905530856173568 4
305905535033675776 4
305905568592318464 4
305905589588987904 4
305905694408859648 4
305905702801649664 4
305905803460751360 4
305905807680233473 4
305905807684415488 4
305905837019385856 4
305905891545321473 4
305905904149209088 4
305905958658379776 4
305905962869469184 4
305906025796616192 4
305906084495912961 4
305906118033539073 4
305906218701037568 4
305906302620676096 4
305906407474094080 4
305906621383593984 4
305907074334855168 4
305907464434491392 4
305907472802144256 4
305907833541632000 4
305907846120357889 4
305907921592664064 4
305907942555807744 4
305908034830483456 4
305908080984596481 4
305908366214057986 4
305908403929235456 4
305908781433360384 63
305908844331155456 4
305909267960041472 4
305909297332764672 4
305909439951687681 4
305909632885473280 4
305909968404631553 4
305910236877828096 4
305910383670075392 4
305910387851788290 4
305910769529278465 4
305910958289743872 4
305911025398599680 4
305911130231042048 4
305911323169001473 6
305911335756124160 4
305911365124636673 4
305911721653063681 4
305912002650456064 4
305912271111069696 4
305912996725682176 4
305913307099971585 4
305913340641832960 4
305913365803450368 4
305914762506686466 4
305915626520707072 14
305915911766941697 4
305916792574971904 4
305916805128544257 4
305917706912280577 4
305917878878760960 4
305918352822509568 4
305918558364377089 4
305918814229516288 4
305919195877625858 4
305919959245144065 4
305921704088186880 4
305922052223803392 4
305922488410439681 4
305923981574295552 4
305924635889897473 4
305925327975223296 4
305925512516206592 4
305926183621623808 4
305926221357801472 4
305926615634939904 4
305927060222799873 13
305927232189251584 4
305927580308086784 4
305928087810486272 74
305928117158031361 4
305928679207346176 4
305928922493767681 13
305929631335333888 4
305929635521236992 4
305930981876047872 4
305931640385961985 4
305931652985679873 4
305933016138670080 4
305933406204751872 4
305933666234802176 4
305934358290788352 25
305934685450665984 4
305934853231226881 67
305937889890545664 77
305938695196909568 4
305940041585287169 4
305941165658742784 4
305941610233999363 4
305942029672779776 4
305942029676990464 4
305942029681176576 4
305943166358548480 4
305943321518407680 4
305944751784476672 4
305946123309289472 4
305948853834772481 4
305948950286962688 78
305953639510470656 4
305954503532888064 4
305954541277429760 4
305957397606825984 4
305958311956725760 16
305958991442370560 4
305959289237942273 4
305959998066929664 6
305961566745010178 4
305962514670297089 13
305963282215346176 4
305964527911051264 4
305964880232595456 4
305965073187348480 4
305965194813771776 4
305966172099194880 4
305972790715117568 4
305973151400083456 78
305975160501071872 4
305975470862766081 4
305976968254459904 4
305979082145951744 4
305979124118323200 29
305979782603104256 4
305979925238796288 4
305980491436277761 4
305981108007362561 67
305981976236675072 4
305983834304946177 4
305983918216212480 4
305984312443015168 4
305985151320612864 39
305988519363477504 4
305990511645302784 4
305992768180867073 4
305992956916166656 4
305993204367519744 64
305993552519888896 64
305994148090114049 4
305996517888638977 4
306006210908389376 78
306006663914213376 4
306007595062280192 4
306009771897655296 4
306010921141166081 4
306011227321143297 4
306012015837720576 4
306012145869545472 63
306013899076034560 4
306014771482882048 63
306015228674572289 4
306015652282507264 63
306017585881812992 4
306018370220859392 94
306018953216548864 50
306020224094834688 4
306020404437344256 0
306020995842576384 4
306021146820751361 4
306023520813596672 50
306024355496869888 39
306025227878543360 4
306025462780555264 4
306027098546524160 4
306028591727120385 4
306030659502215168 0
306035512349712384 4
306039723426721792 4
306043015946973184 4
306043221463683073 4
306044387476004864 14
306045398286475265 26
306045616428048384 77
306045889020047363 4
306046132302274560 4
306046560138055680 4
306047474500513792 26
306048380470165504 69
306048435000336384 26
306048585965924352 2
306050288865918977 4
306050657943691264 4
306051165467070464 13
306052788658520064 4
306054214713483264 3
306054269252030464 39
306054655128006657 63
306056341225611264 77
306057175925669888 4
306059348541595648 4
306059596026507264 74
306059621209100288 4
306059793146208258 4
306059801555787776 4
306059814147072001 4
306060191617658880 4
306060237742419969 26
306062104211898369 13
306062313948078081 94
306062519435411456 4
306063584813793280 4
306064910218051585 4
306065308668542977 48
306066466300645378 77
306067598754324481 25
306068177576673280 4
306068966089035776 4
306069431681970177 13
306072745148563456 23
306074649362567169 4
306076687811104768 7
306077266608263169 13
306077908366155776 64
306078382309920768 57
306079141495713792 23
306080961794297858 57
306082043937296384 4
306082979262906369 0
306083016999043072 26
306083327381741569 64
306083604201631744 4
306084707341316097 16
306085399363723266 4
306085537805111297 23
306085575537065984 48
306086150165131265 23
306087232312320003 23
306088498966966272 23
306089040040562689 23
306089346220580864 65
306089505595719680 23
306090529026879488 23
306090604532748288 23
306090755523481602 23
306091204309827584 63
306092554867331072 16
306093460836982785 23
306093804761526272 4
306094224187719680 23
306094610072088576 15
306096069689872386 4
306096405246787585 23
306096593969487872 4
306097965506912256 63
306100784091774976 4
306102428267335680 87
306102826722021377 4
306103363601313792 4
306104932237463553 64
306105364263337984 4
306106794512637952 4
306107968938725379 23
306107985694965760 94
306108195439538176 4
306108287680667648 4
306110607139143680 4
306110779126595584 57
306111823508299776 0
306112490394238976 23
306113920639332352 63
306117229957754881 23
306117963956768768 15
306118525989302272 63
306118697955782656 26
306118798644219904 23
306119578763808770 13
306120161759461376 4
306120660906823680 23
306120912552464384 16
306122049221427200 4
306122640588951552 23
306123110359388161 74
306125157179748352 23
306125807322034177 65
306127644402020352 65
306127812178374656 23
306127849935491072 13
306129687044825088 50
306130492338626560 11
306131226341826561 15
306131297640787969 23
306131356390408195 4
306132019073675265 65
306132480426115072 65
306132530782941184 65
306132547539197952 65
306133097022361601 23
306134007173746688 65
306136490180747264 23
306136653758603264 78
306137941439303680 15
306139245863632896 65
306139526856839168 15
306139677851787264 4
306139686269771776 4
306140361535942656 2
306140877452111872 26
306141292675624960 23
306141624042389504 57
306141645005529088 23
306141858898272257 4
306142005694697472 65
306142416736501760 64
306142777467625473 4
306144832663998464 15
306145319199047680 65
306146443272548352 77
306146472645246977 15
306146682339483649 67
306147873551171584 63
306148171329990657 67
306148959846559745 4
306149526115348481 15
306150172012969985 65
306150180393197568 65
306154009817931776 25
306155221971767298 65
306155754648383488 7
306156119552843776 3
306158267011313664 13
306158321562447872 85
306158363509661696 23
306158736769155073 4
306159210750676992 4
306160309645737984 4
306160477417897984 23
306161177875083264 4
306163518275735553 77
306163887374495744 65
306164822725234688 23
306165212791320577 15
306165489607012352 39
306165523153039361 15
306165728707481600 78
306166542389895168 4
306169205768720384 57
306170065605242880 65
306170350801154048 4
306171118367150080 26
306171521032925184 23
306171638456655873 78
306172112425603073 78
306172728975687680 65
306172733178400768 65
306173286813941760 12
306174238929321984 0
306174238941908993 0
306174243148800000 0
306174331216613377 4
306174704522235905 23
306176990405341185 21
306177112048558081 16
306180190671876096 65
306180232610709505 65
306180584911298560 4
306182048723369984 57
306182048748539904 57
306183638385565698 4
306187874624217088 4
306188646376157184 67
306189644633079808 65
306189673976442880 4
306189963400183808 23
306193490805661696 57
306194195431960576 12
306197940949635073 4
306199677378904064 13
306204748305031169 39
306206275010707456 4
306206371488100352 15
306206656696569856 4
306208602857811968 15
306211853472768000 26
306212163826106369 15
306214390988935168 15
306222154645643264 74
306223069016518656 63
306226353156534272 4
306226973926117376 4
306227200414318594 4
306229725376962560 15
306230723642273792 29
306234989224288256 78
306238197887803392 15
306238453740359680 15
306240563458482178 74
306242106970755072 0
306243172332339200 65
306243222651412480 65
306243671437750272 39
306247467308032000 23
306248939491975168 11
306250961150689280 65
306252324278530048 63
306255629394276352 65
306256380174692353 4
306256745104297984 10
306258284409663488 57
306263418208399361 65
306263455957147648 23
306263921550045184 16
306266882724462592 4
306267197305671680 39
306267855815602178 4
306268988256710656 65
306272339518173184 65
306277544641056768 37
306278622560403456 2
306282544238837761 57
306282976268931073 65
306290186285891584 28
306290542772367361 57
306294275723894785 23
306297425658781698 63
306300772704985089 65
306305268986302464 4
306309870141988865 63
306310268613431296 57
306310696415670272 3
306312944550023168 65
306318455865503744 4
306320838246924289 69
306322226574159872 64
306327989531074562 4
306333068854194178 48
306334360695611394 4
306337237971369984 23
306338756301053952 65
306342736703922178 26
306345043571138560 77
306348675846782976 48
306348789109760000 23
306348931678351360 39
306350118678962177 4
306351699919003648 39
306356804395339778 39
306361938252812288 23
306368632353607680 85
306369131479957504 4
306371085996265472 23
306374307221762048 57
306374974128680961 21
306375322239127554 0
306375926231465984 0
306379483018039296 74
306380233773293568 64
306382733591052288 23
306384654586486784 77
306388542702120963 4
306389054428180480 74
306391264805396480 57
306397166199513088 65
306398235759620097 63
306399909270151168 15
306401989661712385 64
306404254585872385 23
306406267822415873 23
306409673601458176 77
306411955319615488 57
306413599461625856 57
306413876298280960 77
306419492467113984 4
306419660264456192 4
306419790283677696 64
306420641731592193 57
306420864021311488 63
306421275050524672 77
306421434442469377 39
306422822752907264 16
306423372215099393 13
