298913684791640064 163
298913798037860352 167
298914439791521792 167
298916314641211392 165
298916906025488384 175
298918432773111809 167
298918483096391681 168
298918495670919169 167
298918600524300288 82
298918676021796864 82
298920106296221696 165
298920701853847554 165
298921624617488384 76
298921632989343744 114
298921708490997761 167
298922379583827968 167
298923017147400192 167
298923067466448897 167
298923281371762688 114
298923742753587201 167
298923977643016192 167
298924535456096257 167
298924539675566080 53
298927429534228480 167
298929124033036288 82
298929480548888578 114
298930910793981953 10
298930982097141760 11
298931888091963393 167
298932315902586881 167
298933167346311168 167
298933523853754368 165
298933825852026881 114
298935277081198592 82
298935495180840960 82
298935717487325184 1
298937126756691969 167
298938557010165761 105
298938607358586881 167
298939114877755392 114
298942856180142080 82
298942856180142081 167
298943493726941184 167
298945414705606656 165
298945536352976897 114
298947134395408384 114
298949529309417474 167
298949600641941504 167
298949814538883073 167
298950754067156992 116
298952142394372096 197
298954042380537856 165
298955506205208576 167
298955715912036352 167
298957347492093953 82
298957758567424000 167
298958324773289984 165
298959276901277696 82
298961936090005505 163
298962661683642368 167
298964012257910786 114
298964058412032002 114
298964486193307648 1
298967598387826689 165
298968881832275968 167
298971532644995073 167
298971901726973953 167
298972040139005952 167
298972400882708481 76
298975118762336256 114
298975311712903168 191
298975500456570880 175
298977396265189376 76
298978541335367680 114
298979585700270081 76
298980969828982784 114
298980969837391872 77
298980986597814274 10
298981317956218880 165
298981527688212480 221
298982379115147264 114
298982479778422785 167
298982978879635457 114
298985222836453376 167
298987181572235264 191
298990142755053569 167
298992239919628288 167
298992596418715648 175
298992940360011777 116
298993926050824192 116
298994609701392384 114
298994999784243200 165
298996069302407168 163
298996073509302272 163
298999210848694273 163
298999856796680193 10
298999923871989760 10
299000309752135680 163
299000968262082560 167
299003346445037568 163
299003887514431488 10
299007771423170560 167
299008782254616576 82
299010699034771457 167
299011378516201472 114
299012519362715649 165
299014071280357376 198
299015291827003392 10
299015350526304257 163
299015509926617090 163
299015577014517760 165
299016877261336576 164
299016894059540481 114
299017837752770560 175
299019179921653761 167
299020882821664768 167
299027203658760192 30
299032178086535168 1
299032392012800000 175
299033218252959744 114
299036007465095168 191
299037139939762177 167
299038297559293954 163
299039727825346560 1
299039790748295169 1
299039807512907776 1
299041741103845376 116
299042328281247745 165
299042512851570688 9
299044857484288000 167
299045771809009664 10
299046405144731648 53
299046530978029568 76
299049022398795777 1
299049265672630272 76
299051434119413760 1
299051610292768768 114
299052897965064192 198
299054588261171200 167
299056345682964481 10
299056404399005696 114
299056521831137281 167
299056588927418368 163
299059940201492481 167
299060758061408256 167
299062372893609984 163
299064390320287744 30
299065854140743680 167
299067749970362368 167
299068307800223744 167
299070593733623808 16
299079309497356288 167
299080454529765376 10
299082677515075584 163
299084371988725760 167
299085303136808960 167
299087140241948673 167
299087626777022464 167
299088474022219777 10
299089820385431553 76
299090558620688384 196
299091103855046657 167
299091703632101376 167
299093238764171264 33
299093742080626688 167
299093939196141569 76
299094392201957377 163
299096879420018688 167
299097022034767873 167
299097122693853184 167
299098682958159873 197
299099123389448192 10
299099622486462464 1
299101337973571584 5
299104596939374593 165
299107717501562880 10
299110640918872064 76
299113207858085889 114
299114067673620480 82
299115523109691393 0
299116114506551297 167
299119163769774082 33
299122015871311873 221
299126885487611904 167
299128076657364995 167
299130136056442880 167
299130631001079808 167
299130819736371200 116
299130953954099200 82
299134183547224064 1
299134569452556288 82
299134586192027648 84
299134611391401984 167
299135127290785793 167
299138424009527296 175
299141246776119297 114
299141498442768385 167
299141620077588480 105
299146573546405888 167
299147303355285504 167
299147638882832384 167
299147735335063552 167
299150650409902080 167
299151883501723649 3
299153116631269376 197
299156438528450560 1
299156526613032962 10
299157013160685568 165
299157025726812161 166
299158674100854786 114
299158833484402688 175
299160347623948289 163
299162285384011777 76
299162314739953665 76
299162692252479489 164
299163040354553857 175
299163216515309568 165
299164223152480256 175
299166118977880064 76
299166148363157504 167
299166366454398977 114
299166722957639680 10
299166760706379776 1
299167960294096896 76
299170132951977984 1
299170141323792385 1
299170258772717569 1
299171114410729472 165
299172259468288001 167
299172880208510976 175
299174151091007489 163
299176625734565888 84
299177246462193664 114
299177552675749888 1
299179226190471168 197
299181289804800000 76
299181923144704002 165
299182208332214273 16
299183118483603456 76
299186373280284673 7
299187279266713602 114
299188260712886273 76
299188545938137089 76
299188944371863552 165
299190915728289794 163
299192719258054656 151
299193008665026560 1
299193050629029888 163
299194417946963968 76
299195588178767872 114
299197450428768256 105
299199916696297474 163
299200713605664768 116
299201451803176962 1
299202911412555776 175
299203980989456384 76
299204022915702784 168
299205205726216192 84
299209400030220289 1
299210251469725696 167
299211811738243072 1
299211828498673664 114
299212428309299200 76
299212663169372161 76
299212877095632897 76
299213380403744769 76
299213833392779264 76
299214168941273088 165
299215578231607297 82
299215641137795072 1
299215964078223361 105
299216089919922177 167
299217167872827393 167
299218098999934977 191
299218551980568577 7
299218849797136385 3
299219411796111360 53
299219806081650691 198
299220091294347264 105
299220812727214081 164
299221592838393856 10
299222519787970562 167
299223337677250560 191
299225292235489280 114
299226076574527488 164
299228458914037760 168
299228760908120064 163
299230010835881984 114
299230618988969985 196
299231759856459777 163
299231982154571777 114
299231998915010561 76
299232212816101376 165
299232506413211648 114
299233387254804480 77
299233521472532481 76
299234221921284096 163
299234695860875264 76
299235144651374592 84
299235224334774272 197
299235287274491904 168
299236121920016385 191
299236436484448256 10
299237015310987264 175
299238298776379393 191
299241322865381377 114
299241780052901888 167
299243805868175360 163
299245831733780481 7
299245861098106880 15
299248084062457856 116
299248277029793792 15
299248432214851585 166
299248788705517568 76
299248885199687680 164
299249799545372673 15
299250193809956867 164
299250323850158080 163
299250802000789504 168
299252123206553600 165
299253985464971264 15
299254237135781888 54
299254555894480896 15
299254723641495552 191
299254878830747649 15
299256539800301569 15
299256980189626370 165
299257168933298176 114
299257454154358785 175
299258066539540480 175
299258817315741696 175
299259454820610049 1
299260411126091778 15
299261216449245184 7
299262839628128257 167
299263288418635776 114
299264135672250369 7
299265381405700096 7
299266157339365376 165
299266417361051648 116
299268883636969472 15
299269340799307777 15
299269835739770880 15
299273933553823744 15
299275556753653760 164
299275883913560065 76
299276139761897472 15
299276668240015363 165
299277104447647745 167
299277465170366465 1
299277758796816384 84
299278274691997696 15
299279600058507264 53
299279612662403072 53
299281059701473281 82
299281957295112192 82
299282007605784577 164
299282380907225089 165
299283312021733378 168
299283790180790273 114
299287246295683073 164
299287325979054080 15
299287871242776577 175
299290433945747458 175
299290782072971265 15
299293500011343872 82
299294213026226176 7
299295307764748288 164
299296834462023680 167
299297446834622464 164
299298528969240577 76
299298633831034880 82
299299992777146368 197
299300215079448576 196
299300663861575680 82
299300949095235585 198
299300986848165888 84
299301297201483776 116
299301452394950657 196
299301972505403394 82
299304157712629761 82
299306858865373184 191
299307035034525696 116
299309098627891201 116
299310432408182784 3
299310948320178178 164
299312466645643265 116
299315671098093568 53
299316199571980288 191
299316199580368896 191
299316472184971264 10
299316602225188864 82
299316975501451265 116
299317373981306880 175
299318552584921088 116
299320070910394368 166
299320603591180288 7
299320972706734080 191
299322126119346177 53
299325120873390080 175
299325913580044288 166
299326131667099648 196
299326718869647360 10
299327192842776576 7
299327201231380481 196
299327402562183168 164
299327763280707584 116
299330518909083648 116
299331429081427968 163
299331949196091392 16
299332267942232066 30
299332737725259776 116
299334390289424384 116
299334599996227584 114
299334801306025984 116
299334901960933376 168
299335313023709184 1
299337464705855488 116
299338001547423744 116
299338983027126272 7
299339238875484160 7
299341302485635072 15
299343068283428864 116
299343252828594177 105
299343638704582657 175
299343705800855552 10
299343831650934784 116
299345517740183552 221
299346444719108096 114
299347845578895361 84
299349535900192769 114
299350714520580098 20
299351066837929984 114
299353432408596480 163
299353440793001986 163
299354288067592192 116
299354564891660289 163
299355055625211905 164
299355097543110656 167
299355290481074176 164
299355575693754369 196
299356926280597504 116
299357521859182592 196
299358142603616257 116
299358289404256256 163
299359107301908480 114
299359916794195968 7
299360642421366784 164
299363838489399296 116
299364178198663168 116
299369911849992192 116
299370297721774081 116
299371442762563585 76
299371874750693376 164
299372059304284161 30
299372562612359169 196
299373556674994177 116
299374416498921472 163
299374424921088001 16
299375452492013568 10
299376983438131201 168
299377272824147968 116
299378782781972482 114
299379051225829376 116
299382037570281473 116
299383694311976962 23
299384197628456961 116
299386345116286977 10
299389411148324864 165
299389897683369985 116
299395845223227392 82
299396763750629376 16
299398458262028288 116
299401700471623680 165
299406234510032896 114
299408742678675458 116
299409891926343680 116
299410776937078786 116
299412270113492993 116
299412655964307456 116
299415768137871360 116
299416103698964480 116
299416799966019585 116
299416829330341888 116
299417487823470592 164
299417953399619585 116
299419043897679872 116
299419735949455360 116
299426560082063360 116
299427411534176256 114
299428745335435264 76
299428774708142081 114
299429131198808065 116
299434940314054656 116
299436131487977472 116
299437775680311297 116
299439025591308288 168
299445526737334272 114
299449842667761664 1
299451193267208192 116
299455601480695808 116
299457019130290176 116
299458378088996864 116
299459313427161088 116
299462530458349568 1
299463826489896960 116
299464195605405696 116
299464438845693952 165
299465793639432195 116
299470684160139264 165
299470805794975744 175
299471690805690368 116
299472584209203201 7
299474350019588096 15
299475889316564992 82
299480419160711168 196
299482797326860288 76
299484584121335808 15
299487725634080768 15
299488145077047296 167
299489487250145280 168
299490204463534080 84
299490519032135680 1
299493350208315392 76
299494071632805889 221
299495761933135872 1
299497796141203456 1
299500266603024388 175
299500514062766080 165
299500572791435265 167
299500740559388672 54
299512396534382592 196
299515617772441601 18
299515949101510658 166
299519476498567168 168
299521200391081984 197
299521233920352259 76
299521917617057792 165
299521921798787072 168
299525189165789184 196
299526992695545856 196
299528196460797952 76
299528532034453504 164
299530138448715777 164
299532000728068096 7
299532504015179777 7
299534504698200064 198
299538086629609473 165
299539214922571777 7
299539349123526656 196
299539403657863168 1
299540745826750465 84
299540984927227904 196
299541253341728771 7
299542423569321984 168
299550447268683776 20
299551189643714560 15
299554167595352064 7
299554171789647872 7
299554486383427584 82
299557376229523456 7
299558064133140481 84
299558550659792896 114
299558789739319296 196
299559993496186881 165
299560207405707264 7
299562564604555265 116
299562719810572288 7
299562883354861568 82
299563701248339969 165
299563759997968387 196
299564623986835456 7
299564733063888896 15
299564938593177601 196
299566725366697984 221
299566733730136064 15
299568268862189568 175
299568390492798977 116
299569707487477760 116
299570386994094080 165
299572354110091264 175
299574614844137472 163
299574803600404480 33
299575512429387777 166
299576749740675072 196
299578574258720768 7
299579664794529792 76
299580608483586048 7
299583636804628480 168
299583955563323394 168
299584349811126272 168
299585239020355584 168
299589705933156352 165
299590163141636096 164
299591555621199872 116
299591983436021760 116
299592109294501888 7
299592251879866368 9
299592960734003200 9
299594508436402178 76
299598866293071872 198
299600560796086272 7
299601227682041856 196
299604595712335872 168
299604855767592960 196
299607414288826368 7
299608643215712256 167
299609561759899648 7
299609788260696064 165
299611931541663744 168
299615094063632385 7
299617015050694657 7
299619422589554688 7
299620651533221888 116
299621393904066560 167
299621876244832257 7
299622278889619456 7
299624111829831683 7
299625382678769664 7
299626066367090689 7
299626594861998080 7
299628331270291456 165
299628641686536192 84
299628817817931776 7
299629950305198080 175
299630797521039360 15
299631342809919489 7
299632001311457281 15
299637026075054080 166
299639219687653376 18
299639471341719552 7
299639475565391872 7
299639731396964352 7
299640616386695168 84
299641123897503744 7
299641421705641987 82
299642315113373696 53
299644487729299456 7
299646052225675265 82
299648333939617793 175
299648455566053376 7
299648619143892993 7
299649709675524097 82
299650225553960961 164
299651852943892481 18
299653102833893376 168
299653341938589696 7
299653539054112768 168
299657087418499072 54
299658467344523264 165
299659415286583296 114
299660371566923777 165
299660396728573952 165
299663093674426370 165
299663647335133187 168
299663924150812672 168
299665757061652480 7
299667543851925504 10
299667954885349376 7
299669003465547776 7
299670232371441666 7
299673373905137664 165
299674166624411649 7
299675248792571906 15
299675840176865280 116
299678218334662656 7
299682068701523968 16
299682555240792064 82
299682605589225472 168
299683821912195072 7
299684178449035264 116
299684199399559169 7
299684694327439360 7
299686523073355776 7
299686581764255744 7
299688074957430784 10
299688532119781376 114
299689022853365760 164
299693288481517568 165
299693573677383684 7
299693951164755969 7
299694047663116288 7
299694865544011776 7
299695104606756865 7
299695696016191488 7
299697176576139264 7
299697885451280385 7
299700028723847168 7
299700490093096960 196
299702486594363392 7
299702494974599170 7
299703631639371777 7
299704147547144192 7
299704650838446080 7
299707817558941696 116
299708509598142466 7
299708580909678593 7
299710258639683585 168
299710652874911744 168
299710678070083585 7
299712594875387904 84
299713647633108992 7
299714318700797952 7
299715472130199554 165
299716835308363776 168
299717682557751296 175
299719007957815298 7
299721075741302784 7
299722619228397570 7
299725819499134978 7
299726188614647808 168
299726809367453696 196
299729040724615168 7
299729149759741952 7
299731431465287680 7
299732559737282562 191
299732803006910466 84
299732865942429697 105
299735852274298881 168
299738305933750273 168
299739312591863808 165
299744198930882560 7
299744630931599360 116
299750708503277569 7
299754139452309505 7
299755041219301376 7
299760346992877568 7
299762897146482689 166
299764235137851393 175
299768853066551296 7
299773408076496896 175
299779737281236992 7
299784707518898176 1
299786729190219776 196
299797571470254080 166
299798175424847872 167
299798720675991552 3
299799475667468288 166
299805058273513472 1
299808745062539264 175
299809030275203072 9
299811093872791552 197
299813312676376576 76
299816752009850881 1
299824339509997568 84
299828261167452161 9
299832086364299264 1
299832203809013760 197
299832614871785472 197
299834443571552256 175
299835089519529984 168
299835802555412480 76
299839434818457600 7
299843008361295873 191
299843989836795904 197
299850360951021569 196
299852902716022785 197
299855775801683968 197
299858606965268480 7
299859022205575169 82
299859655537094657 7
299860062384562177 7
299863975695355905 116
299864931967311873 7
299865242358403072 7
299865963778691072 7
299866454499655680 25
299868664902062080 7
299871265378951168 196
299871777088212992 168
299872603370311680 7
299873886802157568 175
299874054599495681 76
299876055269920768 116
299880308277399552 165
299882334130409472 7
299883860873854976 191
299885542798155778 7
299886780113645568 165
299887199518863361 116
299889149870215168 7
299889720320720896 7
299890030711824385 7
299890236224307200 168
299890441741017088 7
299891628703879168 7
299891683246632960 7
299892123669508096 7
299892970918907904 165
299893000279052288 221
299893189005950976 7
299894359220969473 7
299894434697469953 7
299894535377522688 7
299894640239341570 168
299895953031323648 7
299897249100619777 175
299897706271363073 166
299897848886067202 168
299898561921970177 7
299899061039947776 82
299900101227339777 168
299900910736404480 165
299902072529223682 7
299902424875950080 7
299904094204723200 7
299904341656088577 82
299904635253161984 168
299904681411477504 168
299906271027539968 76
299906824705028096 7
299908494025437184 168
299908544331931649 7
299909068636700673 168
299910385648168960 7
299913065812619264 7
299914802237681666 168
299914827411910656 168
299915469148786690 7
299916723254091776 9
299916765188734978 168
299916928754003968 165
299917352387092480 165
299917423673499648 9
299917775995031552 168
299917939589672961 116
299918270935482368 197
299919466299523072 7
299920812671115264 114
299921366352789504 168
299924159742476289 7
299925543846047745 20
299926043005960192 165
299926500172513280 168
299926797963907072 7
299926999286304771 168
299928442114301952 168
299928823808524291 168
299928911909892097 7
299931067748589568 168
299931424285413376 7
299932833558962177 7
299934129594720257 116
299934666461437952 168
299934754566987776 7
299936868483624960 165
299939485720907776 7
299939976475447296 198
299940056142073858 7
299940391719956480 7
299941238956765184 30
299941939413921792 53
299944690864754688 7
299945122873876480 168
299945756197015553 197
299945848475897856 168
299946376970788865 168
299947048071991296 7
299947970793717760 166
299948130210807808 7
299948855808651265 168
299950105690259456 16
299950160220397568 116
299951003300667392 7
299951431090323456 7
299951737299664898 7
299953763161100289 7
299954388108210177 54
299954895614787585 175
299955872862457859 84
299956963381506048 7
299957043090034688 116
299957563183755264 168
299957584138481664 7
299957680632647680 84
299957684831154177 168
299958498521919488 84
299958506881183744 7
299958636908802049 116
299958934733746177 7
299960037827309568 4
299961698780082176 168
299962571191103488 7
299962810258051072 196
299963271618895872 168
299963808506605570 163
299966593528627201 114
299969542111780865 165
299972536828043264 175
299972868186460161 7
299975103754682368 7
299976122991534081 7
299977070891646976 114
299977729405763584 7
299977859412418562 7
299977934935060480 9
299980371813101568 7
299980384375033856 7
299980506030817280 7
299980543758585856 168
299980556349865984 168
299981034517303297 168
299981240046587904 168
299981516853899264 84
299981869179604992 7
299982544470933505 7
299982825480912897 7
299983685292269569 7
299983974720233472 7
299984897458724865 77
299985677586677760 168
299985803449344001 168
299985807610093568 7
299986155754110977 168
299986159956811776 7
299986495488536577 7
299987946738688000 84
299987997070348288 175
299988668158988288 18
299988726845693952 165
299989171462881280 168
299990505255735296 7
299991264399609856 7
299991696438083584 7
299992292012462080 168
299992392679952384 7
299993193800413184 7
299993328026525697 10
299993378341388288 7
299993470607687680 196
299994833785864192 7
299995915899510784 7
300000462541819906 165
300001477534048256 7
300001687270211584 7
300001796292759553 116
300002014396567552 7
300002479985270784 54
300002484187967489 7
300003310474252288 168
300003339834363904 7
300004212216041472 196
300004409365131264 168
300004430349217793 7
300004669424562176 168
300004723916951552 7
300004736537604099 168
300006787531280384 82
300006955290853376 7
300007429255593985 116
300007823536947200 76
300009358660628481 191
300010944082350080 7
300011816501788672 168
300012684743700480 7
300013083185786880 168
300014081442717696 168
300014404395732992 114
300015394243112960 105
300015473926492160 7
300016941932879872 165
300017667568439296 7
300018061828825088 116
300018313478688768 7
300019697611579392 7
300020272239624194 116
300022155452760064 7
300022344196452354 7
300022407127764992 116
300023103365476352 168
300023459910676481 7
300024235840114688 165
300024705581215746 168
300025011782184960 168
300025603191631872 191
300028325303304193 7
300028845392814080 165
300030049137078273 168
300030804120186880 105
300031122874699777 7
300031181586587649 168
300033970815524865 76
300034507678040064 168
300034994238271489 7
300035015184629761 168
300035845652631552 168
300038416781959169 168
300039532483579904 7
300039809278291969 7
300042011300478977 7
300044460753043456 114
300049007407939584 168
300049699463917570 168
300051922449231872 7
300055470801047552 7
300059430224019456 7
300060910813327360 7
300062232040062977 7
300064157242376192 166
300064861868675072 7
300065436475727872 7
300069995709333505 7
300071606313701376 168
300072583582318592 7
300074265481445376 53
300075460870672385 168
300077457359376385 7
300077843226980352 116
300078547886809089 168
300078635971395584 82
300081504871133184 168
300082289218555908 7
300082893173166080 7
300083916579147776 7
300084730303488000 13
300084935799238656 168
300085036458319873 7
300085149712928768 165
300086424798101504 3
300086588354994176 7
300088735855411200 7
300088920375427072 7
300090203840864257 30
300091793490468867 114
300099393577684992 13
300100177891557376 7
300100207247499265 168
300100282753368064 7
300102090519367680 116
300105752129961984 168
300110617514233856 168
300118867714392065 175
300120381858148353 168
300120679662116864 105
300122931999154176 164
300122961363496961 168
300124349682311168 7
300129579970998272 114
300134428586430464 163
300136383123701760 25
300141542121816064 168
300145518326206465 168
300151851721035776 221
300161465074216960 76
300170411524620288 116
300172181508354048 168
300174710690435072 165
300180846936211456 191
300189923435216896 167
300193719263563776 164
300194092560834560 6
300195904512724992 116
300208122520289280 168
300208458072997889 116
300215953269084160 116
300220487324278784 191
300221854667399169 168
300223654028001280 168
300225075880267777 168
300226124468854785 168
300226413880033281 15
300227403739971584 168
300230469772009472 168
300234617938653184 7
300235725213954048 168
300239068082630656 7
300240011809402880 168
300240263459270656 168
300242520003186688 7
300243153359867906 7
300243602133622784 168
300243711193923586 168
300243837031432192 168
300243975405715456 168
300250325611335680 13
300251382571757569 168
300253785907929088 76
300255560090136576 168
300257548194443264 168
300260631024648194 168
300261268542070785 105
300262048674234369 7
300262170321637377 168
300262468121403392 7
300263587979616256 116
300263759954468865 82
300264783385616385 168
300265005683720192 168
300266196828299264 168
300266662404423680 168
300267702604414976 168
300269124473462784 7
300269996897095680 7
300270068208660481 168
300272987410673664 168
300273000014557187 84
300274220557037568 7
300274514149920768 168
300275101369262081 168
300275386577743876 168
300275785028206592 168
300276477071601664 168
300277932528640001 168
300279467618742273 168
300280717538127872 7
300282261046169600 168
300282793697611777 168
300282823070343170 168
300282974048485377 7
300282995015831552 7
300287269024169984 168
300287529062641664 168
300288183369887745 7
300289672356167682 76
300292134408441856 168
300292646126116864 168
300292943913308160 168
300296869773471744 7
300298321027809280 168
300298652382015488 7
300301181555703808 7
300302330757267456 168
300302913769730050 168
300303551312302080 1
300305329709785088 163
300306856444833792 7
300308236345700352 168
300308362195775488 168
300309037482921986 105
300310631314227200 164
300312388702461953 168
300312405492252672 105
300312418079363072 168
300312782983794689 168
300315182104727552 116
300317153461157888 168
300318696965017601 165
300320513098670080 168
300320857010622466 168
300323205812461568 116
300323407147442177 168
300326921995182080 7
300329438544015360 84
300331107885408257 116
300331393119055872 116
300331955151589376 168
300332701741899779 7
300333901300260865 76
300337248367419392 168
300338636665282560 166
300341845320429568 168
300342256370585600 168
300343363654283265 168
300344668061855745 168
300347268551278593 168
300348493279686657 54
300349772554960897 191
300350611419963392 76
300352243004239872 167
300353161535832064 16
300357854957821953 168
300363152363773952 168
300367166316871681 7
300368936321572864 7
300369452233547776 168
300369938772811776 82
300370270093451264 165
300373067727765505 7
300380885910421505 165
300390130122891264 7
300392600588922880 7
300392659296608256 175
300393414271332352 168
300394920026464256 84
300394982936825857 191
300395930866311168 168
300396903940624384 168
300397151400374272 7
300402167813120001 221
300402687890051072 165
300408836718735360 165
300409444926377984 168
300417984499970050 196
300424997384646656 196
300425123205378048 168
300428625465995264 191
300436485574885376 168
300441669743017984 221
300445314597412864 114
300446782620577792 7
300448711987822593 6
300455699677339649 175
300481482076610560 7
300486947258896384 166
300491527443058688 116
300498179609214976 197
300512524116299776 191
300516345131458561 9
300519012700418048 114
300524394005012480 198
300527095124226049 114
300536465224519680 168
300548393820889088 114
300550709059919872 15
300551380152770560 77
300552114151776256 175
300559101874823168 166
300560171434930176 76
300562268574339072 114
300562381803753472 7
300563916944179202 164
300575988142727168 33
300577863004983296 76
300581839201001472 16
300589548323352576 76
300595701384093696 165
300598054359277568 116
300598771581059072 9
300602110259630080 82
300607135056797697 168
300612155621904384 22
300612214354767872 165
300624386224955392 2
300624684007960576 2
300624751129419778 168
300625782936576000 2
300626454021029888 2
300626659529338885 2
300627594875895809 2
300627984921014273 2
300628488262676482 2
300628966375563265 168
300630069481717761 196
300630077878714369 196
300631675929522176 166
300632418300346368 2
300633743717199875 168
300635056504975361 2
300636138656387073 196
300636734239145984 105
300637413708034052 2
300638168695324675 114
300638814601371649 164
300638877524303872 2
300639498285510656 163
300640026771984385 2
300640282611945474 2
300640320373276672 2
300640328745111552 2
300640593003020288 2
300641100526403584 2
300641478013759489 196
300641628996124673 2
300642581086359552 2
300644057506533377 2
300646582473330688 168
300647006085455872 168
300647534584541185 2
300649375892381699 2
300649631711363072 175
300649791115894786 2
300649984049684481 2
300650252485152770 18
300650395108253696 2
300650789377015809 168
300653087847231489 2
300653113021440000 164
300653431759192064 116
300654119646031873 114
300657340863086592 2
300659022758035456 18
300661979775909888 2
300662520824344576 221
300662915072151554 50
300667004547919872 53
300669898596691969 164
300672268370063360 2
300673904186380289 191
300674080313573376 163
300674206159470592 22
300674646540443649 164
300675393134948354 2
300678543048839170 2
300678589194579969 2
300681000936144896 76
300682829656883201 2
300684192780541953 197
300686147342966784 165
300686516454293504 2
300686977810968576 2
300687086883835905 2
300688131265552384 2
300692593988235266 2
300694326214815745 2
300695811019395075 2
300696209461501953 2
300700819035136001 2
300701087466389504 2
300701666263592960 2
300701674635411459 2
300702408638623744 2
300702731629367298 2
300702966510391297 2
300703700509401089 164
300705617314738176 196
300705717969616896 168
300705847984672770 54
300708901446352896 164
300710625301114880 196
300711829074747393 2
300711833264852992 2
300712965739524098 114
300714073014812672 2
300714572157947905 2
300715696214642688 196
300715733971787776 196
300716333748871169 2
300719152329535488 3
300722348359815168 16
300727729677025284 196
300728526573817856 164
300731890422386688 164
300733702370107393 2
300733916254457856 3
300734713205764097 2
300736873242951681 164
300738152522461184 84
300741432476594177 175
300742908871589888 2
300744607547944961 163
300746302042542080 2
300749779128954881 114
300750131446284288 168
300754036326539264 168
300761288303333376 116
300762085204295680 2
300771778249244674 175
300776048050708480 84
300776144532295680 84
300776165499604992 84
300776173892423680 84
300776220021379073 11
300776240988692480 84
300776257749123072 53
300776261977001985 84
300776266158706688 84
300776350040612865 84
300776408769257472 84
300776551350419456 84
300777138582327297 7
300777339883753473 175
300782029132423168 82
300783220314750978 114
300784226939326465 164
300785862726262787 168
300786085003423744 116
300786588328284160 2
300786932257013760 165
300788324799508480 9
300790212219531264 175
300790287716978688 175
300790799409500160 168
300791726342295552 191
300792728818696194 114
300792791733260289 114
300792863007055872 114
300795237004099586 114
300798672113897473 76
300799418720997377 84
300801205481906176 53
300805240419127297 2
300822466400501760 13
300823108145799170 2
300823787635613696 175
300825360466063361 191
300826115440783360 3
300827872879316992 168
300827960968110080 84
300830783722106880 2
300837037408415744 196
300837880471887872 165
300838903903047681 175
300844704596119552 2
300851176440750080 116
300853063881719808 2
300854791914016768 116
300855165194473472 76
300858017354743808 2
300864757563551744 168
300864975679918080 116
300870499582476289 164
300871984357732352 84
300872273768898560 164
300873066513326080 175
300873406230982657 168
300877172720160768 2
300878871413280769 191
300880901448024065 1
300882931512119296 196
300884353368612864 2
300885926224211969 16
300886911902416896 116
300901134770520064 2
300904691569655808 166
300916427228069889 196
300917110870274049 76
300920000741535744 3
300924488671961088 76
300926019605520384 76
300933498020171776 163
300934458519977985 16
300935163184033792 2
300935238677299200 76
300937142878748672 76
300938833179058177 76
300940150182137857 76
300943119770324992 76
300943950225747968 168
300946479395262464 76
300950178796535808 76
300952678568185857 175
300955971126181888 165
300956885459283970 76
300957191635079168 2
300957317497749504 7
300957783044526080 84
300958106014339072 165
300959548871692288 164
300963042726916097 196
300967597736869888 165
300969480975171584 76
300969854264045569 163
300970747642404864 76
300971372602089472 76
300971678773686272 76
300972073055031296 76
300976397357289473 196
300976426725806080 116
300978892993343488 2
300983141810728960 53
300985515807752193 76
300986413359448064 164
300992658682286080 1
300994198000259072 1
300996362252738560 163
301000543961227264 116
301001206686420993 175
301001340912549889 76
301004054606270465 221
301005791069085696 76
301013282100228096 15
301013546312028162 76
301013563118612480 191
301014066422493184 116
301015068840173568 164
301016100651548674 166
301018281706389504 116
301018415898972161 76
301018478838706176 7
301021117030748160 166
301021209301241858 2
301021624558301185 76
301021674889957376 114
301024170475675649 33
301024531223564288 2
301026397688823808 84
301028931027484672 168
301029165916909568 116
301033934815363072 2
301036023578779649 114
301036845666533376 9
301037772616122369 2
301037961380786179 76
301038192050724864 197
301038535975260160 2
301039546794119168 2
301039773303312384 76
301040729592049664 197
301043049063124993 2
301044017943150592 164
301044185702744064 164
301048417759678464 196
301049164358365185 76
301049969639579648 76
301052666614804480 2
301053065048510464 221
301054612763443200 2
301055107695529984 168
301055829115813888 166
301057678803877889 84
301057808797954048 116
301058677027258369 114
301058886750851072 116
301062724543213568 82
301065815741054976 196
301066637837205504 76
301070567900073985 2
301071159288545281 2
301071884907327488 196
301074544070889473 165
301076267959218177 164
301082026734387200 2
301082345488936960 197
301082404192395267 164
301083201122729984 196
301084300055552001 76
301085398950625280 76
301087630320357377 168
301088611762307072 167
301088762769854465 18
301088884400455681 18
301089496773033985 2
301090557944541184 7
301092407628423168 221
301092743185305600 84
301092797711273985 164
301093024195309571 165
301094907421016064 22
301096274793484288 18
301097801482375168 114
301099349193138176 114
301101190513565696 164
301109608464936960 2
301112548655263744 167
301116050899103744 76
301116587774210048 165
301120597537218561 2
301122124272242688 84
301123105751973888 2
301125546811731969 2
301126733808164864 114
301129254580670465 22
301129531404742656 18
301129544000221184 82
301143087399464960 163
301143259357540353 76
301145100682133504 175
301145968873713665 18
301146442830065665 76
301150070903013376 76
301150679106457600 76
301153304740773889 105
301155632571117569 105
301157952021217280 196
301160774800396288 22
301161445851287552 22
301163970847453184 18
301164658704932864 2
301167359840878592 2
301168202912759810 221
301169477964398592 164
301175626822475777 33
301175966548504580 163
301176318857474049 33
301176771859062785 165
301178013352091649 76
301179129049513984 16
301180546745237505 33
301181150725013506 9
301182924911439872 54
301184250319888384 76
301184627769499648 33
301185735065739264 33
301187471541141504 33
301188373316521984 191
301188713038376960 33
301188721447952384 2
301189241533239296 33
301189270864007168 168
301190025855504384 84
301190730498572289 33
301195813982437376 33
301198657724751872 33
301199790207799296 196
301202608750751744 16
301205385392574466 167
301206769500315648 33
301207306408976384 33
301207457399717888 33
301208661139783680 114
301209214787919872 196
301210477298606081 33
301211592979267584 33
301212196929691650 33
301212880638988288 164
301214126347272192 33
301214562529710080 33
301216047330103298 105
301216588386934784 33
301217645334765568 33
301217678918578177 33
301218039611936768 175
301221483143905280 196
301224062649237505 198
301227007038087168 76
301230333116956672 33
301230849024724992 33
301231411040505856 33
301231738221383681 33
301232023408885760 33
301233021686800384 33
301234032480514048 166
301234703590125568 165
301235303383957505 33
301236653937270785 33
301236893029388288 33
301238142923571200 116
301239317307736065 114
301240089068044288 33
301240932106399744 33
301242777600135168 16
301244937670885376 16
301245537477328896 33
301246695109435392 33
301249920525029377 33
301250683896737793 33
301250864247619584 76
301252248346955777 33
301252458074734592 54
301253401805717504 3
301254928519794688 116
301256966955741185 165
301257977766232064 33
301258015531741185 33
301259177362337792 76
301259663872241666 33
301260171399806976 33
301260326597435392 33
301261912040153091 33
301262562132099073 168
301263593943494656 33
301264470548815872 33
301267289116901376 76
301267977016332289 33
301268195090776065 33
301270124474818561 33
301270682325635073 33
301271374381600768 76
301271890285195264 175
301273563791495168 33
301276596277485568 16
301277351281577984 33
301278236283924481 76
301278383050985472 76
301279070929432577 16
301279356142104577 16
301280517976887297 16
301281851748794368 116
301282061472395265 16
301284028613550080 33
301284401906585600 16
301285358178537473 16
301285769228713985 33
301285895049457666 33
301286276743716865 33
301286486463090688 116
301286851363356672 33
301286926852448256 16
301287522460389376 16
301288290001240065 16
301289430881292290 16
301290059993346048 33
301290529767968768 33
301291028881739776 33
301291238592761856 16
301292136190603264 33
301292236845481984 16
301292412997890048 16
301292501090856963 16
301292765344591872 16
301292777935863808 16
301293692260593664 16
301293704864477184 33
301293721620713472 33
301293990051995648 16
301294006833410048 16
301294405288075266 16
301294459830824960 16
301295617441927168 16
301296217265164288 16
301296728936701952 33
301298113073778689 16
301298377327525888 33
301300159898345472 33
301301028110864384 33
301301292352040960 16
301301749514379264 16
301302965891907584 16
301303024586985473 16
301303095915339776 76
301304337433493504 16
301304526173007872 16
301304706502905856 16
301305000099971072 16
301305130127605760 16
301305453114175491 16
301305708949950464 16
301305855746383873 16
301306325537796097 16
301306371662548992 2
301306430378614784 76
301306887549382656 33
301307097281347584 84
301307344724316160 16
301307814490550272 76
301308460438548480 2
301308833723187200 16
301310331064565760 16
301310343655849984 16
301310389784825856 76
301310448509276162 116
301310515618119680 33
301310637244551168 16
301310725354319872 33
301311446766202881 16
301311564185747457 33
301311589389303809 16
301312461766791168 16
301312482776055808 1
301313598456750080 16
301314089190318080 16
301314139526144001 16
301314919666708480 16
301315569754443776 196
301315628487303169 168
301316169531543553 16
301316211478769664 16
301316219879948291 16
301316819661225984 16
301317490758262784 16
301317553660256257 76
301319004889427968 16
301319063634862080 16
301319285928779776 16
301319390777987072 16
301319441118019584 168
301319558550155265 16
301320095425236993 33
301320170914328576 196
301320657466187776 16
301321852826030080 168
301321869620043776 33
301322209346072576 16
301322452598927360 16
301322742043643905 16
301322742043664384 175
301322888823312385 33
301323123721113603 16
301323161465671681 16
301323627041804288 16
301324650447773696 16
301325044678811648 16
301325317316939776 163
301325724172832769 168
301326055531241472 76
301327494164914176 16
301327544488177664 16
301328404324679680 16
301328643395825664 33
301329209647845376 16
301329591308521473 16
301329712943357952 16
301329842970955777 16
301330090439102464 16
301330149155164160 16
301331080294854656 84
301331143234576384 16
301331260645707777 33
301331914969718784 33
301331990479773696 33
301332388917690369 16
301332544123715585 16
301333135524786176 33
301334452502659072 16
301334691590586368 16
301335165546946560 16
301335496901132289 16
301336004395155457 16
301336520311308288 16
301336918786985984 16
301337086542348288 16
301337405296893953 16
301338210620022784 151
301338701341028353 105
301338982376169472 16
301339007529385985 164
301339083022688256 16
301339091411296256 16
301339510866866177 16
301339632472301568 16
301340106437046272 165
301340198720110592 16
301340672672284672 16
301340999815397376 76
301341062763536386 16
301341180166283264 16
301341637358010368 16
301342656578064386 33
301342685938192384 33
301342954382053376 166
301343084392890368 16
301343604503351296 33
301344032305594369 16
301344078468100096 18
301344225264549889 16
301344254595305474 33
301344489505710080 16
301344887947800576 16
301345059918467072 114
301345236070846465 16
301345298981195776 16
301345303167123456 16
301345806487801856 2
301346032984412161 16
301346284651044864 16
301346636968370176 16
301346800563011584 16
301347538731151360 16
301347693945561088 16
301347765248724992 16
301347891077857280 16
301348461494800384 16
301348654445391872 16
301348717330591744 16
301349258416758784 16
301349417817079808 2
301349568791076864 16
301350063714738176 2
301350147596636160 14
301350751576399873 16
301351129059557376 33
301351523349327872 2
301351561081286656 16
301351829529300994 16
301352009859231744 16
301352991330549760 16
301353079444492288 16
301353104589340672 16
301353398199001089 2
301353477899165696 16
301353549172973568 16
301353725354729472 16
301353767310344193 16
301353989583282176 18
301354115433373697 16
301354287399829504 16
301354564211335168 33
301354815877947392 16
301355990262108160 221
301356829122912256 16
301357839966949376 2
301358250987757570 16
301358590751551488 16
301358796280852481 16
301358829818490880 16
301359005991858176 16
301359219876192257 53
301359333147566080 16
301359500919701504 16
301359547052875777 16
301360784355762177 16
301360947941998593 16
301361057010683904 16
301361090552528896 16
301361291858149376 16
301361358992179200 16
301361488998854656 2
301361572872347648 33
301361681945198592 16
301361694519750657 165
301361929413337090 16
301362072032251905 16
301362101379813376 175
301362235597549568 16
301363070272417792 16
301363279962439680 16
301363456131612674 33
301363531629068288 16
301364047528472576 33
301364097872695297 33
301364265632280576 2
301364274041847808 16
301365272248479747 16
301365498749276160 77
301365574259331072 16
301365930754203650 16
301366111147028480 16
301366438281752576 16
301366664765796353 16
301367008694525952 16
301367168090656768 16
301367264576425984 16
301367780463214593 33
301368069866008576 16
301368212468154369 2
301368552202575873 16
301368665473970177 76
301368711598710785 2
301369042940338176 16
301369219092713472 33
301369273631272961 33
301369357504761856 16
301369378497241088 2
301369521116176384 16
301369718214901761 16
301369936343859201 16
301370506752430080 2
301371358187769856 16
301371454656757761 16
301371517604872192 16
301371567915532289 16
301371827958206464 16
301372276769714176 33
301372314510041089 16
301372360626405376 16
301373069463789568 16
301373472146333696 16
301373644079247360 76
301373778330525696 16
301373887361474560 16
301373992206487553 16
301374084493758464 16
301374105477869570 16
301374784955117568 16
301374944313487361 16
301375527325945856 16
301375795773988864 16
301375812551200768 16
301375867093921792 16
301375921603100672 16
301376382976536577 16
301376877904420865 16
301376945009078272 16
301376999543435264 16
301377326686547968 18
301377339261063169 33
301377502843109377 16
301377519624544256 16
301377553170587648 16
301377985209057280 16
301378144600997888 16
301378740196360193 16
301379029569769472 16
301379197367099392 16
301379314795028480 16
301379314816004096 175
301379323175260160 16
301379730018553856 16
301380128494194689 16
301381458088570880 168
301381692986380289 16
301382632476930048 16
301383005799329793 16
301384482177568768 16
301384746401923072 2
301384830288031744 16
301384859685892097 16
301384981287141376 16
301384989705113601 16
301385170047602689 76
301385170051805184 33
301385279116296192 16
301385774010617856 33
301385803391696896 16
301385828557533184 33
301386398966108160 33
301386684182953984 16
301387032331177984 16
301387229463453696 2
301389142057697280 16
301389632782872576 16
301389880234225664 16
301390249328799744 2
301390408733298688 16
301390626828734464 16
301390681363079170 16
301390685569949698 16
301390790406569984 16
301390886883950592 16
301391222419910657 165
301391486652657664 16
301391784477589505 16
301392082239639552 16
301392094856089601 16
301393181168259073 16
301393294393487361 16
301393327973093377 16
301393520894300160 16
301394150039908352 16
301394447856455682 16
301394980512096256 30
301395190227275776 33
301395676762349568 16
301395790033723392 16
301395840365375490 16
301395890697023488 76
301395903279927297 16
301396092023611392 33
301396188484235265 16
301396305916350465 2
