314766857880092672 10
314767025664831488 96
314779726000558080 145
314784037757648896 95
314784113250942976 145
314784767558164480 233
314794573853499393 2
314799787381772288 96
314808134038327296 16
314808649946132480 2
314811535610499072 126
314813238493736960 145
314813406249119745 145
314818242310987776 16
314819383136505856 96
314823204164227072 131
314825511010447360 10
314825544577470465 70
314828262478082048 25
314831005565456384 145
314837183762677761 25
314846398669524992 161
314847719866920961 126
314848911053434880 96
314848965579382785 96
314850546811035648 16
314853881320443905 131
314855890383687681 22
314856653738631168 68
314857400337326080 25
314858474074931201 96
314861011612073984 68
314863192645959680 96
314864140588048386 70
314865159791341569 14
314868481684283392 14
314869668651347968 16
314871258288386049 70
314880494175154176 25
314881882468794370 16
314883295940849664 96
314887179870539776 2
314893471347527680 137
314899465012121600 15
314900794593906688 68
314904967918006273 181
314905525747855360 25
314913100690231297 2
314915436888219648 14
314916867150073856 95
314925163479199744 70
314934491632238593 145
314937897407094785 70
314946025972441088 2
314952720090005506 69
314953428902227968 69
314955744174804992 204
314959758119550976 126
314962123707002880 145
314967400145645568 11
314968188653821952 145
314971091145723904 6
314977768439959552 2
314978527625748480 137
314980251505659906 137
314984114430304256 2
314986190602379264 16
314986610066329600 137
314989885784199169 6
314993736193040386 126
314996944802025472 145
315000170230210560 95
315002644886343680 70
315007841612214272 5
315012522472243201 96
315019665350991872 124
315020286128971777 144
315029131911888896 267
315033296830607361 267
315034416743325697 267
315035347866238976 267
315035662439022593 267
315035922469122048 267
315037319197515776 267
315037545681526784 267
315037721825533952 267
315037734433599488 267
315037973504729088 267
315038069956956160 267
315038141272698881 267
315038409703960576 267
315038409716535297 267
315038447473676288 267
315038678156201984 267
315039525372047360 267
315039735099846656 267
315039814816780288 267
315040490095517697 267
315040594936332288 267
315040850788876288 267
315041031164944384 267
315041089847427072 267
315041433813938176 181
315041563816386561 267
315041647702450176 267
315042234913406976 267
315042310427664384 267
315042385891557376 267
315042574643630081 267
315042624971083776 267
315042692096741376 267
315042763387322368 267
315042859881488384 267
315043124097462273 267
315043388330242048 267
315043505791717377 267
315043560317652992 267
315043799367839744 267
315044353045303296 267
315044403364388864 267
315044525015961601 267
315044625662484480 267
315044936057753600 267
315045028303077376 267
315045091226030080 267
315045410005725184 267
315045535830650880 267
315045762323083264 267
315046190142074881 267
315046236266831872 267
315046274032357376 267
315046362121117697 267
315046966071549953 204
315047226143547393 267
315047381324419072 267
315047872066379776 267
315047914009415680 267
315048505410465792 267
315048606052794368 267
315049180659867648 267
315049826620416000 267
315050032111964160 267
315050044686491649 267
315050090828013571 267
315050283791183872 267
315050598368149505 75
315050929705598976 267
315051227509579776 9
315051294601658368 9
315051302998659072 267
315051407856263168 267
315051684667723776 267
315051802133417984 267
315052024427339776 267
315052695503384576 267
315052854907920384 267
315053014262108160 267
315053018456403968 267
315053064610525184 267
315053135905312769 267
315053240754511873 267
315053299478978561 267
315053337215119360 267
315054188679811072 267
315054490673897472 267
315054671033151488 267
315054851396603904 181
315055358869659648 267
315055874802585600 267
315057623798009856 267
315057875460435968 267
315058185868288000 267
315058416538230784 267
315058789822902272 267
315059343487807490 267
315059347686313984 267
315060136207069184 267
315060161360302082 267
315060589196111872 267
315060870222839809 267
315061318996598784 267
315061650350813184 267
315062208168095744 267
315062220755177472 267
315062585663844352 267
315062967349682176 267
315063210636095488 267
315063462264975360 267
315063512613400576 267
315064045298388992 267
315064468914728961 267
315064586372009984 267
315064909329215489 267
315065140007546880 267
315066104689078272 267
315066301808783360 267
315066452824690688 267
315066817708163072 267
315066884825432064 267
315067006451859456 267
315067073577508865 145
315067493028868096 267
315067543331164160 267
315067753050558464 267
315068185084841985 267
315068856144130048 267
315068973597212672 267
315069258814087168 267
315069707604606977 267
315069825049321473 267
315069871178276865 16
315071070736621568 267
315071263703986176 267
315071880254062594 267
315072396166053888 267
315072425530388481 267
315072576512724993 267
315072803000942592 267
315073105007616003 22
315073138541088770 145
315073163719495680 6
315074170323079169 267
315074191319760897 267
315074593956184064 267
315074656891703296 267
315074665288724481 267
315074791084285952 267
315074841411723264 267
315076527534514176 267
315076795961597952 267
315076963763113984 267
315076976316645376 267
315077207011762177 267
315077668372631554 267
315077781635600384 267
315077819388542977 267
315077974581972995 267
315078012305547264 267
315078146531684352 267
315078389818064897 267
315078419178192897 267
315078691820535809 267
315079128028160000 68
315079140611084289 267
315079316734095360 267
315079383863930880 267
315079383872331777 267
315079555813634048 267
315079631344635905 267
315079723581591553 2
315080101089927168 267
315080163983511552 267
315080247894757376 267
315080700879581186 267
315080809944064000 267
315081028035305472 267
315081107718696960 267
315081162244632576 267
315081199989182464 267
315082013696737282 267
315082554757771264 267
315082886111981569 267
315082898699075585 267
315084018557280257 267
315084354097397760 267
315085583028477953 267
315086090547650561 25
315086585479720960 267
315086853910982656 267
315086908432736256 17
315087072006397952 126
315087147520651268 267
315087592121065472 267
315087810212282368 267
315088418403135488 267
315088636498554880 267
315089584407056385 267
315089768952246273 267
315089911583748096 267
315089970299797504 25
315090045780500480 267
315090301637238784 267
315090742051753986 267
315090804970487808 267
315090863657189378 267
315091014673125376 267
315091165659664384 267
315091404730814464 69
315091757060734977 267
315092000338751490 267
315092298134323200 267
315092335874686976 267
315092386185351169 16
315092524609986561 267
315092637860372480 267
315092675630084096 16
315093682254655488 267
315093736772235264 267
315093904552775680 267
315094923764445186 267
315094944740155392 267
315095179621195776 267
315095267697389568 267
315095347389153280 267
315095548724146176 267
315095603229097985 267
315095934566551553 267
315096232366313472 267
315096257544744960 267
315096874099015681 267
315097301918035969 267
315097541001768960 267
315097650053648384 267
315097733943947264 267
315098153357541376 267
315099113878331392 267
315099151622868993 267
315100326019600386 16
315100640579829760 267
315100753859575809 267
315101672382803968 267
315102322495733760 267
315102850994798592 267
315103010386751489 267
315103270416834561 267
315103794704838656 267
315103886996287489 267
315103945716551681 267
315104243516334080 267
315104465797672960 267
315104482562306049 267
315104755208826881 267
315104767774978048 267
315104960729731073 267
315105518559563777 267
315105677934747648 267
315106319671640064 267
315106990781259776 267
315107003334791168 267
315107234021511168 267
315107536049143810 267
315108890788380672 267
315109079527849985 267
315109264094031874 267
315109872255520768 267
315110241350066176 267
315110878871707648 267
315111772266827776 126
315111868765175809 16
315113454212096000 267
315113865245507584 267
315113953300738050 267
315114628583653376 267
315114674750386178 267
315114787963023360 267
315115526164725760 14
315115735900901377 5
315115773624471552 5
315116780274196480 267
315117061300948992 267
315117665284927490 8
315118042755522562 96
315118365737893888 267
315118625755394048 267
315118739026747392 5
315118915187527680 5
315118986473926656 267
315119259120439297 5
315119766614454273 5
315120286733332481 267
315120609665372160 267
315120840360488960 267
315121394021187585 5
315121578557992960 267
315121758896267264 267
315121872167649280 267
315122140582137858 267
315122258035216384 5
315122291581280259 267
315122820080357376 5
315122987865100288 267
315123239498178560 5
315123398881705985 267
315123428262817792 267
315123533091057665 267
315123566679031808 5
315123776360689665 5
315123788956176384 5
315124657172914176 5
315124871082418176 267
315124971733123074 267
315124992742420482 5
315125294711316480 5
315125403784212480 267
315125772870369281 267
315125793820905474 267
315125806412226560 267
315125986763083777 5
315126171320868865 267
315126687232847873 181
315126951444619268 5
315127215698358272 5
315127463166476288 5
315128536891527170 267
315128872444239872 5
315128943764193281 267
315129124106682368 267
315129279295942656 267
315129308677042176 5
315129862320963587 5
315129925227122689 5
315130072023568385 267
315130164294086656 267
315130231415508993 5
315130357240451072 5
315130499850973185 118
315131091247833088 204
315131137368408064 5
315131233854177281 267
315131389047615489 267
315132336968724480 5
315133033223176192 267
315133477798440961 267
315133725249765376 267
315133737866260481 267
315134782243745792 267
315135000334958592 5
315135822418554880 5
315135868555902976 267
315136023753523202 5
315136166364065793 267
315136183107739648 267
315136346706546688 5
315137156219822080 5
315137240072327168 95
315137382712238080 267
315137944723800064 5
315138288665112578 267
315138359968284672 5
315138473218670592 267
315138838135721985 267
315138880066179074 5
315138896835014657 5
315139085566083072 68
315139505025847297 267
315140138365747202 5
315140205445267458 267
315140423553269760 5
315141090451795968 25
315141132394823680 5
315141241476104192 17
315141577020424192 5
315141585379655680 267
315141740598272000 5
315142822728712192 204
315143166623899648 267
315143296672464897 5
315143518970597376 5
315143527338221568 204
315143929999806465 267
315143942607884289 267
315144768864788480 267
315144978567409665 267
315144986968588288 267
315145196671213568 5
315145305723125761 5
315145532219723776 267
315146186547949568 267
315146647925579776 267
315146698240454656 2
315146803123208192 267
315147109273858048 267
315147168023453697 267
315147243516751872 5
315147587449663489 5
315147830710915072 267
315148434694864896 5
315149466468487168 267
315149634244849664 267
315149818815184896 2
315149885932441601 267
315150028509429760 126
315151999836491778 267
315152075338178563 25
315152406709166082 267
315152448635424768 267
315152503161356290 5
315153207804428288 70
315154264790024192 5
315154671608147969 16
315155074282303488 267
315155183330025472 10
315155363697659904 5
315155401429630976 267
315155585983201280 2
315155783102898177 267
315155866993164288 267
315156324184895488 267
315157335016357888 267
315157435654483968 267
315157825724768256 5
315158131929907201 5
315159235031867392 267
315160099066896384 2
315161239900790784 204
315161848079081472 267
315162288472588288 267
315162330398871554 5
315162456227987456 267
315163035067092992 5
315163915870945280 267
315164280771182593 267
315164347875880961 309
315164796670595073 267
315167069970767872 267
315167397122297857 267
315167560700162048 267
315168126960533504 5
315168810619506688 70
315169464922562562 267
315169737577492480 5
315170207339528192 267
315170282828599297 5
315170295382171648 2
315170618347753472 267
315170995860291584 267
315171151045328896 5
315171436241244161 5
315172610650562561 5
315173214626140160 267
315173600506306561 5
315173910884798464 5
315175362118160385 5
315175458582982658 267
315176255513321473 267
315176498787147776 5
315176553321488385 16
315176750416031745 267
315177522205716480 267
315178960814223360 267
315181095719149568 5
315181531956117504 2
315181682917523456 267
315182593110851584 267
315182819582296065 267
315184002405376000 15
315184052703477760 25
315184698622087168 267
315185831100952576 267
315185990488694784 267
315186250543939584 267
315186837746491392 145
315186862903930880 267
315189576631201792 5
315190298051481604 267
315191371797508096 267
315191547937296385 267
315193250841513984 10
315194538463469568 5
315194626539659264 267
315195054396436480 70
315195243127517184 16
315195817742987264 145
315196719522512896 267
315196841140555776 267
315197168317263872 70
315197466087677952 267
315197487080173568 267
315197587722493952 25
315198946681176065 267
315200301445545984 267
315200582455537664 5
315200817344958464 267
315204361527652352 267
315205158474768384 15
315205749854834688 267
315207314309271552 5
315207733739655169 267
315208627159977987 267
315208648123101184 131
315209906422706176 267
315210120332206080 267
315212251021844480 68
315214444638638080 267
315214872445083648 267
315215036043894785 16
315217263210942464 267
315217540043378689 267
315217640698281984 19
315219817537871872 267
315220354417172480 267
315220589285609472 5
315220689953124352 267
315221478490656768 267
315221751141396480 267
315221839184011265 267
315223521104101376 267
315228722041061377 2
315231628718919681 267
315231926489325569 145
315232446587228163 5
315232727597195265 267
315233163838377984 7
315235030278492163 70
315235328082448384 267
315235672011190275 267
315235797844516864 16
315237337166643200 267
315237370729492481 267
315237790147305472 267
315237903372529665 5
315238431871606784 267
315239379771723776 267
315239945994387457 15
315241145582096385 267
315243364377313280 267
315243930620948480 267
315244584923979777 5
315244765283229697 5
315245029507620865 181
315247252509687808 137
315248573711261696 25
315248858902953984 5
315249051840942080 267
315249689400320002 267
315250054283792384 137
315250733752676355 267
315251488752562177 267
315252684116590592 5
315252931580551168 267
315253791412846593 145
315254105973067776 204
315255360074170368 267
315258472268701696 267
315260166763315201 267
315262863709184000 5
315263396348051456 96
315263878726553600 267
315264998605746176 5
315266344956354560 25
315266365936238592 267
315266919601168384 267
315270400860880896 16
315271491375755264 14
315273244599009281 267
315273957618089985 267
315274435756179457 267
315275018785398785 137
315275559846440962 25
315280349737390082 267
315280634937495553 5
315280915985223681 19
315281071145099265 267
315282224616464388 5
315283889750949889 5
315284359504605186 267
315291124925337601 267
315295856096071681 204
315296153895854082 5
315299463184916480 267
315303502316441601 181
315304391479525376 267
315304789934215168 267
315306211807481857 267
315307709203353600 95
315308434788610048 5
315313946104053761 267
315314927566995456 62
315318199149268992 267
315321974006087680 16
315322326336016384 267
315324217971318786 181
315334267511115776 267
315335160910454784 181
315335869764599808 17
315338348594098179 7
315342983279046656 267
315344644231798784 70
315344874910130176 267
315351950709374976 267
315352403690012672 267
315353246753488897 267
315356442808954880 267
315356493123821569 267
315359219450798080 267
315359508845166592 40
315363476669349889 16
315364525220171776 5
315369654858170368 267
315371252913160193 267
315374033711546368 267
315377565328093184 5
315381235335704576 267
315381344400195585 267
315382686560681984 267
315382820786814976 267
315386847297667072 16
315387677790842880 267
315392975213584385 1
315393226846662656 16
315393507865026560 16
315393927316402177 5
315394183152148480 267
315394640339685377 267
315396519396249601 267
315398562013929472 5
315400042615824384 5
315400046772371456 5
315400197775704064 5
315400516572168192 5
315401867112886275 5
315404325000208384 68
315404719239622656 267
315405482598748161 267
315407470707228673 5
315408536064638976 267
315409597219348480 267
315410612257705984 267
315414387114512386 17
315414517125349376 16
315414584259379200 16
315417109226205184 267
315417851622223872 267
315418904400912384 5
315418908570050560 16
315419168616878080 267
315423153193111552 267
315423593607614464 1
315425703338328064 267
315427045540757505 233
315427636912459776 309
315428781965836289 267
315429528539389952 267
315430380012445697 267
315430732317224960 267
315431671862263809 5
315433206939787265 267
315433693500043264 2
315434750443651072 5
315437464187719682 70
315439380963680256 131
315441524278173698 5
315444565123411968 267
315446158971510784 267
315448637817765888 5
315449069818499072 267
315449610879516672 95
315450621723541504 137
315450776896016384 145
315451720618622980 267
315451917759287296 96
315453654188584962 5
315455587762712577 5
315455642271879168 5
315456279810306048 5
315458242740363264 267
315458494423769088 5
315458553127260160 5
315458750255337472 5
315461732434837504 5
315462822937124866 267
315463070413635584 137
315463754076798976 96
315463791838105600 267
315466543272169472 137
315467617039163394 267
315468783055671296 267
315469156344541185 5
315469361865449473 96
315470829867630593 5
315471555473846273 204
315472176247615488 267
315472952202248194 5
315473023476056064 267
315476945162891264 62
315477049999503362 267
315479201690042368 5
315479298179989505 25
315479512085299200 267
315481475006992386 124
315486982111371266 40
315490996064514048 5
315491075789824000 124
315491931415277568 2
315492673794494465 137
315493248405741568 95
315493521052291074 2
315493596553957376 5
315494397653446656 267
315494548635795456 267
315495932768702464 12
315500710101938176 5
315503432201031680 5
315505839710539776 5
315507211264737282 5
315509484581695489 16
315513028756004864 5
315513540448493571 267
315514500969271297 267
315514689717153792 145
315518967903051777 68
315523120259796993 267
315525682966962177 267
315527130010247168 14
315527952077029376 267
315529768206491651 5
315530242196393984 25
315531978625646592 10
315537825485422592 5
315542586012090370 5
315543412298350592 5
315543731061272576 5
315543835906289665 5
315544716739497984 137
315547283640950784 267
315549343044235264 7
315551528259833856 5
315553667371630592 5
315553692524883968 5
315554103579250689 5
315556313981657090 5
315556808884363264 5
315557698097790976 5
315558134288642048 267
315559052870578176 2
315559459713855488 137
315561376502382592 5
315562060161372160 25
315564723565379584 15
315565340107079681 267
315566007026593792 5
315567642788380675 126
315571249873031168 267
315576459207000065 5
315576924766343168 96
315577050603868162 145
315577516175785984 137
315579693006999552 13
315580460589785088 96
315581060387835904 5
315582423507283968 267
315582805197332480 5
315583115592613890 137
315585107866050561 25
315585971905261568 25
315586739437719554 5
315587737686253569 25
315589058900418560 11
315589151166705665 25
315589595758743552 267
315590631768592384 267
315592175259906048 267
315593819431243776 5
315594335360016386 25
315603692827066368 25
315605949387776000 267
315610001085444097 137
315617026540437505 15
315618163163271168 25
315618960110395392 25
315619329179799553 25
315620054794371072 267
315621552165101571 126
315621552190259200 126
315621560570490880 2
315623305384189952 25
315623473173102593 25
315623846449410048 25
315625058632609792 267
315629311635890176 25
315635271750258688 137
315640099406766080 69
315651092660760577 1
315657023419215875 2
315657602228969472 16
315658638226235393 145
315660877971988480 16
315661863616667648 62
315664917082550272 25
315665269429256192 2
315666414461665281 25
315667257520967680 62
315669358842109953 95
315670428414799873 5
315671095300726784 131
315671246299869184 22
315674463339429890 5
315675805495730176 40
315679056102309888 96
315683065827561472 7
315683741110530048 2
315684261220982785 7
315699662688493568 40
315699964682567681 267
315703177540403200 137
315713608778653696 137
315716427355144192 267
315717018718457858 145
315718704853827584 233
315719266861187072 267
315719581438197761 267
315722307765157889 5
315727101842046979 137
315732042727976960 267
315732483134083072 267
315735083594158080 25
315735142339592194 25
315735792444125184 1
315735796646817792 25
315742230675607553 145
315742318768553984 267
315746890555736064 267
315748236948279297 1
315750950646185985 1
315751428801048576 267
315752724836798464 1
315752750002601984 1
315752938758864896 137
315757514723581953 1
315758756258533376 1
315762736636243968 17
315763244168003585 124
315763906851250176 11
315764255003652096 5
315767920787587072 1
315768558326005761 95
315770617754443776 25
315778691798028288 68
315781464232980480 1
315781837509255170 1
315783074824716290 5
315784937087328256 137
315787604656287744 1
315787868897431553 1
315791207601168384 1
315793103388815360 5
315793313141760000 19
315797503234670592 16
315799101247733760 267
315799445197434880 1
315805946356043778 1
315807179481432064 267
315807275971395585 1
315807405969649664 1
315807674400911362 1
315807842189836288 1
315808093869068288 5
315808223863111680 267
315812074234200066 1
315813022151102464 10
315816339845570560 2
315818579624882177 1
315818768364347392 5
315819565252755456 1
315819707892629505 1
315824892052393984 1
315825529578221568 1
315825558938345472 5
315827354087862273 1
315827517690875905 309
315828348146286592 267
315829614826123265 25
315830394954067970 145
315834861908807680 5
315835486834925569 1
315837416218951681 1
315838020202950656 131
315838171189489665 5
315843812549337089 1
315849281913364480 1
315851530068709377 5
315852394103705600 267
315853023240912896 267
315853224542343169 1
315855330091356160 1
315859931247042561 1
315860329693327361 1
315860472299671552 5
315861474742509568 1
315862422663598080 267
315869511049940992 137
315874229629378560 1
315875924149145601 1
315876125463175168 95
315876138033504257 5
315879124394725377 131
315879464129155072 1
315879489303359488 1
315879963238735872 137
315882207195582465 137
315884652470607872 137
315885591994707969 95
315889744359854080 1
315890604217352192 1
315892059632443393 1
315892453901230081 70
315892948824887296 1
315897495433646080 267
315898938278420481 95
315901207401086978 1
315902029476294656 1
315903988203679745 10
315904403469123584 137
315906676756717568 267
315907826000203777 1
315908006376271873 126
315908211905531905 25
315908731999248384 137
315909440824033280 5
315910682338021377 1
315912158737203200 5
315914935366471680 137
315915887469293568 95
315916516610691073 70
315917103821639680 137
315918836069195776 25
315919087719026688 1
315919909811019776 1
315921134543577089 16
315922174714183680 1
315923277824532481 1
315925144273035264 5
315926343864946688 25
315927044305342465 25
315927245627740161 25
315927367287709696 25
315928516501831680 25
315930907250946050 267
315931171525623808 25
315938188558471169 16
315939828543926272 5
315941657268862976 267
315949387350175744 16
315950066831601664 7
315951195132948480 131
315954294698409984 126
315955712373170177 145
315960804283396097 2
315961655693553664 267
315962414866784256 137
315962427449683968 5
315963794784403456 70
315964793041350658 96
315968777642725377 267
315969482277412865 40
315970430185910273 10
315971558453686272 16
315972175024750592 69
315973013877170176 16
315973060022915072 25
315977002647691266 5
315977032028794882 267
315977212400660480 16
315978206429732864 131
315980790108413953 25
315981939381252096 68
315982509806583808 126
315986544701882369 96
315990743191789569 96
316014919164235780 137
316016651407618049 69
316024519947059203 96
316030375195455488 25
316035668402909185 96
316055427781636096 25
316057856279449600 10
316059227808493569 267
316063266898071553 267
316066119037358080 131
316067016622608384 96
316069583557652480 25
316070963466883072 267
316071936553795584 68
316076822922141696 137
316076890005856256 25
316078282527346688 137
316082279678087168 6
316086121664761856 267
316090093699993600 137
316093545582825472 267
316097907667378179 68
316101820944625665 68
316102106169896960 68
316102282330664960 16
316114034791428096 2
316118052930478080 68
316120997302525952 5
316135790621118464 25
316145961820905472 5
316156749545607168 19
316158880277200896 5
316160268570877952 204
316163003252891648 68
316163775042551808 10
316165310145245185 16
316171261871022081 5
316171777774608384 25
316171857445388288 68
316179184915460097 137
316183337276416002 10
316186378146820096 137
316187732873469952 96
316190018785931264 96
316191772021772288 16
316192929628708865 145
316193659437596672 289
316197451096784898 95
316200764605333504 96
316202610090708992 25
316203520246296576 25
316203948077891584 25
316205760025612288 95
316207311892905985 70
316208452756189186 16
316211371995959297 2
316212303135649793 19
316212441514127362 131
316212923896823808 2
316218481332846593 5
316220482011668480 25
316223485129142272 70
316223652926464000 97
316225225773703168 131
316230208585871361 22
316233186571063296 161
316233727640489985 131
316239926817607683 16
316242812486184961 25
316243210953424896 25
316243596833591296 25
316245400384331776 25
316245652013187072 25
316245681390116864 25
316245685596979200 25
316246021132931072 25
316246683816173568 25
316246683845550080 25
316247610761547777 25
316247686259040257 16
316248562872770561 25
316248583844290560 68
316248625791500288 25
316249301070249984 137
316249779216728064 25
316250349667225600 5
316250794242478081 25
316251511485251584 25
316252283207835650 25
316252937536036864 145
316254678172196864 25
316255059862241280 25
316255231841275905 25
316255697375490048 25
316255961620819969 25
316256058094018560 25
316256548823384064 25
316257211552776192 19
316257509344153601 25
316257916158111744 25
316258188796235776 126
316258633421844480 25
316258780209897473 25
316258788577517568 25
316259111559897088 25
316259241574924288 25
316259782627577856 25
316260038501093376 145
316260252402216960 25
316260323717959680 25
316260801839263747 25
316262689305411584 25
316264065020338178 25
316265440743673856 137
316266778751807489 25
316267420463538178 25
316267726647726080 96
316267915378827264 25
316268875899609089 25
316269282742923267 25
316269303693463552 25
316269437940539393 25
316269446303989760 68
316269718967287808 25
316269840597909504 25
316270033506553858 25
316270960460316672 25
316271040139497472 25
316272424276598785 25
316272642359427072 25
316272910803279872 25
316273607070326784 145
316274907300392960 5
316274928280301570 25
316274945061683200 21
316275649700577280 25
316277465817427969 25
316277654577885185 25
316278149509963777 25
316279357469491202 25
316279395197259777 25
316282410918633472 25
316286072546013186 145
316288186454249473 25
316290161971453952 25
316292485615869953 25
316295354524004352 25
316298357649833984 124
316299196527431680 25
316299477533208576 25
316300823888027648 25
316301742461550592 25
316302606484004864 95
316302849766199296 137
316309367723016192 19
316309652935700480 25
316310051369402368 25
316310684709298177 25
316310948950450176 137
316311515185684481 25
316311922028982272 25
316317261390557185 68
316317286564761601 25
316318121201905664 25
316321875108192257 25
316322634281394176 25
316327898153877504 25
316328929952681984 25
316329852678586368 25
316330645393653761 25
316332008567627776 25
316334441234591745 25
316336106385854464 15
316337645712195585 70
316337784120033280 25
316339788993163264 137
316341449933328385 25
316344205603655680 2
316344838947737600 25
316350111166906368 204
316351222644867072 10
316353311441842177 289
316355022709481473 16
316358839505149952 10
316359170876125184 10
316359862915325952 10
316360026505760768 96
316364208243617792 145
316373855142817792 10
316375708991639552 124
316375973262147584 25
316382537318535170 126
316385083282034688 25
316390795903111169 95
316391504757264384 25
316391534121598976 25
316393056666546178 145
316393379594383361 25
316393937449394178 95
316397339029954560 161
316405417276239872 16
316406566523924480 97
316407468299255809 25
316408655249547264 16
316410538492051457 16
316414971904933888 145
316416020464140288 62
316417366818947073 25
316419094909952000 25
316421871530811392 131
316422395810426880 25
316426107786260480 25
316430172041650177 68
316430847337185280 16
316432881578811392 25
316435666592489472 25
316437554041860096 10
316442348101988352 68
316448803144224768 25
316449260323360768 137
316450208240267264 62
316452569625030656 25
316454784221712384 25
316455811834601473 68
316462728229310464 204
316468998709592064 25
316472605815230464 25
316475374047481856 25
316477806756376576 137
316478851142266880 16
316486090494205953 68
316486392509259776 25
316499948499763200 204
316501051597524992 309
316502028866158593 10
316508093846523904 25
316512510431870976 22
316515593249488896 10
316516155269472256 10
316516213998108674 10
316523931534229505 145
316524149642260480 131
316525626037252096 131
316525797982756865 137
316528977286160384 25
316529442845495296 25
316529937781768192 10
316531250569572354 144
316532651458711553 96
316536216633888770 137
316538074710540288 10
316538821284093953 25
316541241401700353 2
316541253976215552 2
316541941854662657 25
316543187575529472 68
316545590903308288 68
316545670590894080 145
316547297980858368 10
316550775054688256 70
316553530724999168 16
316553698501353473 124
316555632062910464 124
316557699867353089 21
316557741818789889 124
316558144450985985 145
316565434172338176 131
316566575010426880 124
316568932226052097 25
316576825897791489 16
316578306461929473 19
316579736732184576 25
316580076466618368 68
316580831441330176 25
316583415140982784 0
316584933462265856 145
316586586047393794 96
316586686710693889 68
316587303248220162 95
316594613920092161 25
316595616354557953 124
316599621914857472 6
316599747752382465 70
316600095883796480 10
316601308037644288 137
316608132161884160 137
316608421568847872 25
316610925559963648 124
316611089171374080 25
316611252745027584 145
316611273720750080 25
316612532016132097 10
316615694496194560 2
316616025833619456 137
316619066708217856 289
316619964310237185 13
316620664750628864 15
316624410251509760 25
316630571692478464 95
316638205313163264 95
316638306005835776 25
316643485967060993 10
316646749123002368 16
316650226217803776 204
316653359358697472 7
316655682977923073 25
316656064697356288 70
316657394258165760 16
316658933563539456 2
316659537547522048 16
316661638902210560 70
316663949972103168 25
316664998548103168 25
316673743655149570 25
316675144582049793 25
316675408806424577 25
316676344123633664 10
316682597864456193 137
316682669142441985 10
316686473401364481 137
316687685530042368 16
316689237435109378 16
316697839956791296 13
316702814409736192 15
316703372252176384 2
316707855950544896 10
316711261700255744 25
316715636388659201 118
316716655596167168 145
316718433972654082 145
316724968698310656 137
316728361894424576 7
316728542257889282 19
316732392607997953 96
316734552703918080 10
316734930182881281 10
316741670442004481 145
316741678801244161 145
316748100276465664 70
316748800737824768 25
316749446652239872 137
316749983514771457 145
316751392817680384 10
316756417606459392 25
316756870599675904 137
316757751386759168 16
316764978155765760 289
316769143124807682 16
316780509697040384 16
316816056415027200 68
316816735888093184 62
316825925582995456 124
316828098257641472 68
316828450562387968 68
316834674905329664 25
316835308270415872 25
316843323555983361 5
316848046346498048 16
316849539539685377 25
316852525863149568 68
316854610444824576 124
316862827069571072 16
316867604394422272 145
316871203132428289 70
316873161872379904 25
316875980427911169 16
316876274024996864 124
316881521082499072 16
316886097068171265 96
316894422799368193 145
316895421014351872 124
316900206706839553 70
316901502780325889 126
316903998374416384 145
316904791081095169 25
316914156974522368 5
316915209753202688 25
316915520110735361 25
316915658556317696 25
316917705368293376 124
316919827669348353 16
316921576719265794 5
316926358192287744 70
316928212095619072 10
316935409538048001 16
316936097370345472 118
316936223195291649 70
316939712868802560 2
316940178436550657 126
316940610475012096 2
316941394784690176 16
316943470977748992 137
316944003633397761 70
316944897049522176 137
316946805424271360 95
316947422012125184 137
316948399272386561 137
316951456936775680 95
316952580985090048 68
316953654739496960 15
316955898704711680 15
316960122356240384 25
316966875189874688 25
316967055540768772 7
316967596614369280 10
316971363095154689 16
316973984539361280 96
316977335763087360 95
316978338222706688 16
316983031657279488 137
316984256373071872 16
316984394806087681 70
316984638054727681 95
316987402130452481 95
316996415681355776 137
316996969321082880 16
316997652984233984 16
316997887869464578 16
316997896279048192 126
316998051438919680 16
317000681296916480 126
317002858123915264 25
317003663417679872 137
317008205878267905 137
317009736778280961 95
317009891971719168 70
317009959093141504 137
317013847212978176 16
317016233767739394 137
317016594469486592 40
317017307513757696 137
317017861128351744 71
317019018777202689 137
317022554579685377 16
317022864937209856 137
317026660807479297 16
317030175604871168 25
317032105014083584 16
317036785861550080 137
317037507260866560 95
317038350315962368 16
317038828483407872 10
317040158077747200 10
317041286337142784 131
317041470899122178 137
317041676403220480 161
317043077317541889 16
317044293648908289 15
317056171909459968 137
317057346335555584 16
317062287234068480 69
317064329830727682 137
317065114173988865 2
317065982411681793 70
317066154348797952 137
317067639165964288 137
317068595450482688 16
317070575149383681 96
317077512540786689 70
317079962022711296 5
317080041689346048 16
317086874239897600 5
317087482384642048 161
317091529900580864 10
317092389753872384 137
317094713364713472 137
317099377430757377 126
317103357833658369 40
317113680003227648 16
317115148034781186 16
317115273868111872 137
317115663917395968 137
317115852661075969 16
317117316489945088 70
317118239236845569 137
317122395796283392 6
317122404184903680 137
317125512134791171 5
317126422328131584 95
317126682349821952 131
317126954992144384 25
317127772898226176 137
317150422127218688 6
317151202259369984 5
317155333669810179 6
317159033016561664 70
317159150452895744 5
317161847398735872 5
317169120342843392 137
317169560715407360 137
317171561415180289 5
317175785087696897 6
317175982199029760 6
317178150662586368 6
317178813383581696 16
317179723534974977 16
317180818252517376 11
317181363507847169 6
317212195853324288 6
317213689021337601 6
317213877744050176 5
317213890331160576 5
317214871789899777 6
317217983992844288 6
317219745575342080 6
317221796606799872 6
317226435494428672 6
317226699739766784 6
317226724905586688 6
317227366642491392 6
317228415197519872 6
317243778958245888 69
317246089994571776 70
317247302140039170 137
317255392960864256 5
317256798052700160 16
317256877773840384 137
317257444004864000 2
317259348202106880 11
317261504065974273 5
317262175162990592 16
317265266348285953 21
317266902131032064 5
317269842354909185 16
317271851434905600 137
317275399782535168 68
317283272507936769 137
317284274942386177 5
317284606317568000 5
317288444105728000 16
317288624448225281 16
317292109889679361 95
317298074215120897 2
317301001835147266 16
317301375144972289 71
317301761016733696 5
317302604071837696 137
317305917551042561 126
317310443209244672 5
317317716136587264 21
317321453274013698 95
317321981752131585 95
317322229195083776 16
317324263445118976 5
317327044247707648 5
317327283360768000 5
317331309884239874 2
317331448287870978 95
317331771266048000 16
317334048768929793 5
317336800223965185 5
317337039286714368 16
317338402435502080 144
317339346149707776 5
317347550212550656 137
317347621507317761 21
317349584454180865 5
317351056642289664 5
317354730848395264 5
317357687832723456 5
317359436857487360 137
317362314179383297 5
317364310647123970 15
317367498322345985 16
317368467214970881 5
317369402523799552 16
317374054011125762 5
317377292047376387 96
317384195842387968 2
317389224808693762 137
317392764797067264 137
317399832232857600 16
317401484792844289 16
317403401577172993 25
317403971998330880 70
317406450823614464 68
317408501834076160 137
317420958921142272 70
317421797794529280 131
317430203162980352 70
317433185329876993 181
317433931928580097 25
317438558241705984 7
317441259360894977 16
317442161119490048 2
317443469763280896 137
317443608187904000 7
317445231370989568 25
317447097832054784 16
317454651786162176 10
317454895022215170 137
317456111387160577 161
317456740532776960 25
317467729609256961 10
317478269878431744 16
317493746889547776 131
317498465456369664 2
317505599963275264 8
317507957170515968 2
317509009957609472 2
317514961662390273 96
317522402378674176 2
317528987419152385 2
317529260048908288 68
317532154131271680 69
317532682584215553 62
317540014244380673 137
317540182033309696 19
317541750703022080 21
317553666687135745 16
317558460776599552 68
317579650429751298 16
317580669616271360 137
317593386746007553 25
317601544692432896 16
317606758187143168 2
317611673936596994 14
317620255470002179 126
317627536794333184 2
317636130919047170 2
317637166907944961 11
317640690119106560 2
317642959258517504 2
317643449966936065 15
317645794595446784 62
317653478572978177 2
317663221907591169 70
317663645561679872 96
317666296370167808 131
317668863280037889 309
317680200462786561 68
317683362963787778 2
317687754391683072 68
317687926391705600 68
317692829512134658 2
317693752254808066 2
317693970354405377 68
317698252747186177 2
317698630226153473 2
317706834280579072 25
317707954168152065 15
317709854200442880 70
317711766815653888 233
317712270098579457 15
317714337923997697 15
317717303292743680 137
317720683910144001 15
317723330503405568 2
317728460141363201 181
317734256669511681 68
317738534867976192 137
317740518761185281 15
317748001412096002 16
317748445983174656 68
317751184888827905 10
317751377801654272 25
317754771010367488 137
317755819557019648 21
317763239284981760 19
317772064125763584 2
317773674709131265 15
317780943454760960 16
317785901122088960 2
317790259016511488 16
317790623895789569 21
317792633000980481 289
317792851100590080 40
317793182421221376 289
317799863968464897 2
317804137964249091 21
317806264472195072 2
317811557671251970 70
317815114470412288 2
317819413615214592 17
317820353143508992 137
317825117868679168 137
317825398866075650 137
317827286319628291 137
317831140901789697 2
317843388235911168 97
317843946107723777 14
317844122243313665 289
317846160691822593 181
317851181256962049 21
317852976448430080 2
317855690129555456 70
317866872152391680 137
317870445728776192 2
317871313932935168 131
317871838229299200 2
317876506489679872 2
317890398028701696 25
317890737767342080 68
317904419574398976 137
317905170371575808 68
317907561124880384 68
317911524716978177 16
317957926306340864 70
317961764098695168 181
317971545207230466 16
317977572413693953 16
317977761169948672 16
317983331205664768 289
317990348288827392 7
317993846338383872 21
317996270646071296 16
317998879473811456 16
317999047250149377 16
318002205565280258 69
318002339803971584 16
318005863006740482 137
318019519664758785 289
318021105094897665 10
318035260900265985 21
318043821466320897 10
318058094674460672 71
318058618958274561 71
318058849640792064 71
318060393174016000 71
318063639527579649 71
318064142848241665 71
318065220780167168 71
318067213095563266 71
318067716399448064 71
318070824370323456 16
318090856395591680 131
318100830433718272 137
318107138658557952 137
318114105410060289 10
318122682749177856 16
318126981940121600 70
318131067175456768 71
318131440468520961 71
318132694557007873 71
318133772518322176 71
318147869565652992 97
318171076645502976 96
318177602995122176 16
318186075484983297 71
318208196235911168 137
318209567769100289 71
318209760719671298 71
318209773310967808 71
318210196910505985 131
318263242298363905 7
318263699460747265 181
318285992178089984 181
318309216043532288 71
318312848302407680 137
318339758956896258 71
318367445586939904 137
318380116566749184 95
318425159210004480 10
318443081445826561 95
318463763571433472 7
622571762501451776 7
622573490537897984 7
622574534932074496 7
622575646443745280 7
622576397207379968 7
622582671881973761 7
622613730690400258 7
622623436309827584 62
622623738308227072 62
622623981602865153 62
622624686245982208 62
622627043436396544 62
622628142340046849 15
622633221658841088 62
622635436251348992 62
622639362086322176 62
622640888829743104 62
622642428147675136 62
622650627986976768 62
622699089004752896 15
622722090563706881 7
622749244471013376 15
622760980120862720 95
622762330707873792 62
622773651134283776 62
622796262643871744 95
622797378320363520 62
622797441234960384 95
622802763785875458 1
622831159223943168 7
622838813828579328 62
622843385628504065 11
622864633993555968 289
622872439559692288 1
622876256397340672 7
622876352845320192 7
622876784888029184 7
622878131234451456 2
622880870123339776 15
622889481029484544 15
622892479948423168 15
622894207993298944 7
622903800379109377 15
622909362026233856 15
622917691926540288 7
622918920844906496 17
622919088612864001 70
622920166570131456 21
622920292374024192 131
622920518866309120 12
622921642944000000 289
622921676498563072 289
622922276279750656 290
622922376968278016 22
622922548909469696 309
622923081586053124 11
622923161311539200 69
622923765286985728 1
622924612532350976 289
622925359122673664 95
622926231537741824 289
622926835496529920 62
622927825373278208 19
622929322714607616 1
622929821853728768 1
622930706860085248 290
622931017213440000 62
622931495380856832 290
622932690753318912 15
622933005305298944 62
622933227603382272 289
622933558974382080 290
622933634484342784 11
622933886113218561 289
622933957424848896 1
622934318143381504 137
622935186372603906 11
622936780204036097 1
622937325438398466 290
622937606473433088 1
622937648433381376 290
622937736517824513 1
622937853933162496 1
622938571155111936 15
622938629879394304 289
622938839582011392 289
622939674248544256 1
622940211144568833 7
622940647343943681 181
622940664137912320 204
622941775615803393 21
622942186649329664 42
622942392174272512 1
622943025535168514 290
622943314942275584 62
622943394617135104 1
622944027961331712 1
622944304760094720 11
622945219126927360 11
622945781184622593 290
622947744089423872 181
622947878340702211 289
622948129994899456 137
622948603942694912 22
622949014980268032 289
622949686068932608 161
622951330240266240 290
622951481251987457 289
622951665784778752 289
622952336852254721 22
622952844388343809 3
622953175721594880 290
622953209288597504 290
622953553234132992 22
622953670645157888 40
622953926506082305 11
622954358544543744 290
622955092510134272 290
622955109312499713 290
622955600045957120 10
622955700700884992 309
622955826517528576 290
622956514416787456 131
622956518590189568 96
622956594100350976 309
622956870899236864 290
622957286168895489 1
622957500049002496 11
622957974017994752 290
622958028552187904 22
622958498305982464 15
622958569596436481 9
622961149097717764 96
622961644038176768 290
622961950209671168 96
622962986207080448 15
622964772980391936 315
622965020456914944 11
622965167236616192 12
622965444069081088 13
622968380077637632 181
622968543668240384 131
622968594012442625 181
622969067947868160 22
622969093117775872 131
622970808571277312 11
622971722942279680 289
622971735512485892 11
622971743926222848 69
622971748124893184 14
622972452751040512 289
622973828487057408 2
622975137109794817 309
622976865146265600 289
622977381075144704 3
622977716590018560 21
622978479949086720 289
622978752599822336 289
622978924545335296 42
622979562100666368 1
622979838924582912 42
622980640049352704 309
622981663455186944 42
622982271625203712 1
622983462794993664 2
622984163252142081 290
622985299912736768 42
622986293966938112 62
622987409655992320 289
622989427103633412 75
622991352276615168 11
622991918532833281 10
622992606398693376 2
622992866449747968 15
622993227159891968 131
622994594465226753 11
622995567547949062 11
622996624533508096 11
622998193186426880 11
622998251927699456 42
622999589889703937 69
623000252606488576 289
623001166943789056 42
623001439590289408 96
623001519273676801 42
623002265880821760 11
